3.191300650599358857e+00 7.508232649269052317e+00 1.424239100933328839e+00 2.477840775108463567e-01 3.788620500910414535e+01 1.549994700000000059e+01 7.954442999999999930e-01 3.681439999999999824e+00 2.571441828855053973e+04 -2.525034024274345340e-04
3.191300698153444415e+00 7.508232649269052317e+00 1.424239100933328839e+00 2.477840775108463567e-01 3.788620500910414535e+01 1.549994700000000059e+01 7.954442999999999930e-01 3.681439999999999824e+00 2.571441828855053973e+04 -2.525034024274345340e-04
3.191300650599358857e+00 7.508232761150437362e+00 1.424239100933328839e+00 2.477840775108463567e-01 3.788620500910414535e+01 1.549994700000000059e+01 7.954442999999999930e-01 3.681439999999999824e+00 2.571441828855053973e+04 -2.525034024274345340e-04
3.191300650599358857e+00 7.508232649269052317e+00 1.424239122156145232e+00 2.477840775108463567e-01 3.788620500910414535e+01 1.549994700000000059e+01 7.954442999999999930e-01 3.681439999999999824e+00 2.571441828855053973e+04 -2.525034024274345340e-04
3.191300650599358857e+00 7.508232649269052317e+00 1.424239100933328839e+00 2.477840924120075505e-01 3.788620500910414535e+01 1.549994700000000059e+01 7.954442999999999930e-01 3.681439999999999824e+00 2.571441828855053973e+04 -2.525034024274345340e-04
3.191300650599358857e+00 7.508232649269052317e+00 1.424239100933328839e+00 2.477840775108463567e-01 3.788620557365259600e+01 1.549994700000000059e+01 7.954442999999999930e-01 3.681439999999999824e+00 2.571441828855053973e+04 -2.525034024274345340e-04
3.191300650599358857e+00 7.508232649269052317e+00 1.424239100933328839e+00 2.477840775108463567e-01 3.788620500910414535e+01 1.549994723096720861e+01 7.954442999999999930e-01 3.681439999999999824e+00 2.571441828855053973e+04 -2.525034024274345340e-04
3.191300650599358857e+00 7.508232649269052317e+00 1.424239100933328839e+00 2.477840775108463567e-01 3.788620500910414535e+01 1.549994700000000059e+01 7.954443149011611869e-01 3.681439999999999824e+00 2.571441828855053973e+04 -2.525034024274345340e-04
3.191300650599358857e+00 7.508232649269052317e+00 1.424239100933328839e+00 2.477840775108463567e-01 3.788620500910414535e+01 1.549994700000000059e+01 7.954442999999999930e-01 3.681439999999999824e+00 2.571441867172523052e+04 -2.525034024274345340e-04
3.191300650599358857e+00 7.508232649269052317e+00 1.424239100933328839e+00 2.477840775108463567e-01 3.788620500910414535e+01 1.549994700000000059e+01 7.954442999999999930e-01 3.681439999999999824e+00 2.571441828855053973e+04 -2.525183035886283817e-04
3.190011168982046286e+00 7.508234170163169630e+00 1.427122724459458869e+00 3.201396767939512777e-04 3.814674394460829632e+01 1.550392383841414023e+01 7.948531948455959117e-01 3.681439999999999824e+00 2.570958182893235789e+04 -2.464912581266765499e-04
3.190168682053433180e+00 7.458139311150618234e+00 1.428433278887944802e+00 1.640072376942359744e-01 3.788627860859064356e+01 1.548492004317000692e+01 7.944243568284697909e-01 3.681439999999999824e+00 2.571836117393671884e+04 -3.891827687615244521e-04
3.190454245575390146e+00 7.474969054334317242e+00 1.427787208904125915e+00 2.303461849458237620e-01 3.788617062536998503e+01 1.549690296832294756e+01 7.924725306908003697e-01 3.681439999999999824e+00 2.571523531833928428e+04 -3.638698482739548311e-04
3.190454293116863127e+00 7.474969054334317242e+00 1.427787208904125915e+00 2.303461849458237620e-01 3.788617062536998503e+01 1.549690296832294756e+01 7.924725306908003697e-01 3.681439999999999824e+00 2.571523531833928428e+04 -3.638698482739548311e-04
3.190454245575390146e+00 7.474969165720035669e+00 1.427787208904125915e+00 2.303461849458237620e-01 3.788617062536998503e+01 1.549690296832294756e+01 7.924725306908003697e-01 3.681439999999999824e+00 2.571523531833928428e+04 -3.638698482739548311e-04
3.190454245575390146e+00 7.474969054334317242e+00 1.427787230179813349e+00 2.303461849458237620e-01 3.788617062536998503e+01 1.549690296832294756e+01 7.924725306908003697e-01 3.681439999999999824e+00 2.571523531833928428e+04 -3.638698482739548311e-04
3.190454245575390146e+00 7.474969054334317242e+00 1.427787208904125915e+00 2.303461998469849559e-01 3.788617062536998503e+01 1.549690296832294756e+01 7.924725306908003697e-01 3.681439999999999824e+00 2.571523531833928428e+04 -3.638698482739548311e-04
3.190454245575390146e+00 7.474969054334317242e+00 1.427787208904125915e+00 2.303461849458237620e-01 3.788617118991791699e+01 1.549690296832294756e+01 7.924725306908003697e-01 3.681439999999999824e+00 2.571523531833928428e+04 -3.638698482739548311e-04
3.190454245575390146e+00 7.474969054334317242e+00 1.427787208904125915e+00 2.303461849458237620e-01 3.788617062536998503e+01 1.549690319924479631e+01 7.924725306908003697e-01 3.681439999999999824e+00 2.571523531833928428e+04 -3.638698482739548311e-04
3.190454245575390146e+00 7.474969054334317242e+00 1.427787208904125915e+00 2.303461849458237620e-01 3.788617062536998503e+01 1.549690296832294756e+01 7.924725455919615635e-01 3.681439999999999824e+00 2.571523531833928428e+04 -3.638698482739548311e-04
3.190454245575390146e+00 7.474969054334317242e+00 1.427787208904125915e+00 2.303461849458237620e-01 3.788617062536998503e+01 1.549690296832294756e+01 7.924725306908003697e-01 3.681439999999999824e+00 2.571523570152615139e+04 -3.638698482739548311e-04
3.190454245575390146e+00 7.474969054334317242e+00 1.427787208904125915e+00 2.303461849458237620e-01 3.788617062536998503e+01 1.549690296832294756e+01 7.924725306908003697e-01 3.681439999999999824e+00 2.571523531833928428e+04 -3.638847494351486788e-04
3.190879408331060763e+00 7.474560646632683714e+00 1.427838511110733011e+00 2.081693116489893303e-01 3.788627351560434420e+01 1.549477961013242044e+01 7.931697980084105870e-01 3.681439999999999824e+00 2.571575793694977983e+04 -3.683495788106052595e-04
3.190700865356541183e+00 7.475316542073796811e+00 1.427484720913618332e+00 2.249703331243129711e-01 3.788619968510393221e+01 1.549636146450114893e+01 7.930934724879949993e-01 3.681439999999999824e+00 2.571536234327654893e+04 -3.672901795319013238e-04
3.190700912901689001e+00 7.475316542073796811e+00 1.427484720913618332e+00 2.249703331243129711e-01 3.788619968510393221e+01 1.549636146450114893e+01 7.930934724879949993e-01 3.681439999999999824e+00 2.571536234327654893e+04 -3.672901795319013238e-04
3.190700865356541183e+00 7.475316653464693317e+00 1.427484720913618332e+00 2.249703331243129711e-01 3.788619968510393221e+01 1.549636146450114893e+01 7.930934724879949993e-01 3.681439999999999824e+00 2.571536234327654893e+04 -3.672901795319013238e-04
3.190700865356541183e+00 7.475316542073796811e+00 1.427484742184798261e+00 2.249703331243129711e-01 3.788619968510393221e+01 1.549636146450114893e+01 7.930934724879949993e-01 3.681439999999999824e+00 2.571536234327654893e+04 -3.672901795319013238e-04
3.190700865356541183e+00 7.475316542073796811e+00 1.427484720913618332e+00 2.249703480254741650e-01 3.788619968510393221e+01 1.549636146450114893e+01 7.930934724879949993e-01 3.681439999999999824e+00 2.571536234327654893e+04 -3.672901795319013238e-04
3.190700865356541183e+00 7.475316542073796811e+00 1.427484720913618332e+00 2.249703331243129711e-01 3.788620024965229760e+01 1.549636146450114893e+01 7.930934724879949993e-01 3.681439999999999824e+00 2.571536234327654893e+04 -3.672901795319013238e-04
3.190700865356541183e+00 7.475316542073796811e+00 1.427484720913618332e+00 2.249703331243129711e-01 3.788619968510393221e+01 1.549636169541492947e+01 7.930934724879949993e-01 3.681439999999999824e+00 2.571536234327654893e+04 -3.672901795319013238e-04
3.190700865356541183e+00 7.475316542073796811e+00 1.427484720913618332e+00 2.249703331243129711e-01 3.788619968510393221e+01 1.549636146450114893e+01 7.930934873891561931e-01 3.681439999999999824e+00 2.571536234327654893e+04 -3.672901795319013238e-04
3.190700865356541183e+00 7.475316542073796811e+00 1.427484720913618332e+00 2.249703331243129711e-01 3.788619968510393221e+01 1.549636146450114893e+01 7.930934724879949993e-01 3.681439999999999824e+00 2.571536272646530779e+04 -3.672901795319013238e-04
3.190700865356541183e+00 7.475316542073796811e+00 1.427484720913618332e+00 2.249703331243129711e-01 3.788619968510393221e+01 1.549636146450114893e+01 7.930934724879949993e-01 3.681439999999999824e+00 2.571536234327654893e+04 -3.673050806930951715e-04
3.190568571579072810e+00 7.473981936948609572e+00 1.427469472584352861e+00 2.224025502784001129e-01 3.788704916816090673e+01 1.549585699170911823e+01 7.934153678984138258e-01 3.681439999999999824e+00 2.571536235772554937e+04 -3.680351989126504661e-04
3.190568619122249316e+00 7.473981936948609572e+00 1.427469472584352861e+00 2.224025502784001129e-01 3.788704916816090673e+01 1.549585699170911823e+01 7.934153678984138258e-01 3.681439999999999824e+00 2.571536235772554937e+04 -3.680351989126504661e-04
3.190568571579072810e+00 7.473982048319618876e+00 1.427469472584352861e+00 2.224025502784001129e-01 3.788704916816090673e+01 1.549585699170911823e+01 7.934153678984138258e-01 3.681439999999999824e+00 2.571536235772554937e+04 -3.680351989126504661e-04
3.190568571579072810e+00 7.473981936948609572e+00 1.427469493855305638e+00 2.224025502784001129e-01 3.788704916816090673e+01 1.549585699170911823e+01 7.934153678984138258e-01 3.681439999999999824e+00 2.571536235772554937e+04 -3.680351989126504661e-04
3.190568571579072810e+00 7.473981936948609572e+00 1.427469472584352861e+00 2.224025651795613068e-01 3.788704916816090673e+01 1.549585699170911823e+01 7.934153678984138258e-01 3.681439999999999824e+00 2.571536235772554937e+04 -3.680351989126504661e-04
3.190568571579072810e+00 7.473981936948609572e+00 1.427469472584352861e+00 2.224025502784001129e-01 3.788704973272193399e+01 1.549585699170911823e+01 7.934153678984138258e-01 3.681439999999999824e+00 2.571536235772554937e+04 -3.680351989126504661e-04
3.190568571579072810e+00 7.473981936948609572e+00 1.427469472584352861e+00 2.224025502784001129e-01 3.788704916816090673e+01 1.549585722261538123e+01 7.934153678984138258e-01 3.681439999999999824e+00 2.571536235772554937e+04 -3.680351989126504661e-04
3.190568571579072810e+00 7.473981936948609572e+00 1.427469472584352861e+00 2.224025502784001129e-01 3.788704916816090673e+01 1.549585699170911823e+01 7.934153827995750197e-01 3.681439999999999824e+00 2.571536235772554937e+04 -3.680351989126504661e-04
3.190568571579072810e+00 7.473981936948609572e+00 1.427469472584352861e+00 2.224025502784001129e-01 3.788704916816090673e+01 1.549585699170911823e+01 7.934153678984138258e-01 3.681439999999999824e+00 2.571536274091430823e+04 -3.680351989126504661e-04
3.190568571579072810e+00 7.473981936948609572e+00 1.427469472584352861e+00 2.224025502784001129e-01 3.788704916816090673e+01 1.549585699170911823e+01 7.934153678984138258e-01 3.681439999999999824e+00 2.571536235772554937e+04 -3.680501000738443137e-04
3.190586300165467737e+00 7.472400849682568236e+00 1.427574472941906425e+00 2.169163839607324007e-01 3.788706683012821230e+01 1.549532426565904863e+01 7.937258183329748418e-01 3.681439999999999824e+00 2.571549164090264821e+04 -3.711121606292302338e-04
3.190593588325151497e+00 7.473630780400852380e+00 1.427499895368045113e+00 2.210473186241569410e-01 3.788705416487494659e+01 1.549572290587230405e+01 7.935421912970054281e-01 3.681439999999999824e+00 2.571539434642547712e+04 -3.693338608170892230e-04
3.190593635868701039e+00 7.473630780400852380e+00 1.427499895368045113e+00 2.210473186241569410e-01 3.788705416487494659e+01 1.549572290587230405e+01 7.935421912970054281e-01 3.681439999999999824e+00 2.571539434642547712e+04 -3.693338608170892230e-04
3.190593588325151497e+00 7.473630891766629425e+00 1.427499895368045113e+00 2.210473186241569410e-01 3.788705416487494659e+01 1.549572290587230405e+01 7.935421912970054281e-01 3.681439999999999824e+00 2.571539434642547712e+04 -3.693338608170892230e-04
3.190593588325151497e+00 7.473630780400852380e+00 1.427499916639451083e+00 2.210473186241569410e-01 3.788705416487494659e+01 1.549572290587230405e+01 7.935421912970054281e-01 3.681439999999999824e+00 2.571539434642547712e+04 -3.693338608170892230e-04
3.190593588325151497e+00 7.473630780400852380e+00 1.427499895368045113e+00 2.210473335253181348e-01 3.788705416487494659e+01 1.549572290587230405e+01 7.935421912970054281e-01 3.681439999999999824e+00 2.571539434642547712e+04 -3.693338608170892230e-04
3.190593588325151497e+00 7.473630780400852380e+00 1.427499895368045113e+00 2.210473186241569410e-01 3.788705472943604491e+01 1.549572290587230405e+01 7.935421912970054281e-01 3.681439999999999824e+00 2.571539434642547712e+04 -3.693338608170892230e-04
3.190593588325151497e+00 7.473630780400852380e+00 1.427499895368045113e+00 2.210473186241569410e-01 3.788705416487494659e+01 1.549572313677656865e+01 7.935421912970054281e-01 3.681439999999999824e+00 2.571539434642547712e+04 -3.693338608170892230e-04
3.190593588325151497e+00 7.473630780400852380e+00 1.427499895368045113e+00 2.210473186241569410e-01 3.788705416487494659e+01 1.549572290587230405e+01 7.935422061981666220e-01 3.681439999999999824e+00 2.571539434642547712e+04 -3.693338608170892230e-04
3.190593588325151497e+00 7.473630780400852380e+00 1.427499895368045113e+00 2.210473186241569410e-01 3.788705416487494659e+01 1.549572290587230405e+01 7.935421912970054281e-01 3.681439999999999824e+00 2.571539472961471256e+04 -3.693338608170892230e-04
3.190593588325151497e+00 7.473630780400852380e+00 1.427499895368045113e+00 2.210473186241569410e-01 3.788705416487494659e+01 1.549572290587230405e+01 7.935421912970054281e-01 3.681439999999999824e+00 2.571539434642547712e+04 -3.693487619782830707e-04
3.190534039676785838e+00 7.472520953158888979e+00 1.427462182288027570e+00 2.198549257278659685e-01 3.788771381668938432e+01 1.549536826939220013e+01 7.936341935713258078e-01 3.681439999999999824e+00 2.571539435676793801e+04 -3.701527555215439300e-04
3.190534087219447645e+00 7.472520953158888979e+00 1.427462182288027570e+00 2.198549257278659685e-01 3.788771381668938432e+01 1.549536826939220013e+01 7.936341935713258078e-01 3.681439999999999824e+00 2.571539435676793801e+04 -3.701527555215439300e-04
3.190534039676785838e+00 7.472521064508128141e+00 1.427462182288027570e+00 2.198549257278659685e-01 3.788771381668938432e+01 1.549536826939220013e+01 7.936341935713258078e-01 3.681439999999999824e+00 2.571539435676793801e+04 -3.701527555215439300e-04
3.190534039676785838e+00 7.472520953158888979e+00 1.427462203558871545e+00 2.198549257278659685e-01 3.788771381668938432e+01 1.549536826939220013e+01 7.936341935713258078e-01 3.681439999999999824e+00 2.571539435676793801e+04 -3.701527555215439300e-04
3.190534039676785838e+00 7.472520953158888979e+00 1.427462182288027570e+00 2.198549406290271624e-01 3.788771381668938432e+01 1.549536826939220013e+01 7.936341935713258078e-01 3.681439999999999824e+00 2.571539435676793801e+04 -3.701527555215439300e-04
3.190534039676785838e+00 7.472520953158888979e+00 1.427462182288027570e+00 2.198549257278659685e-01 3.788771438126031654e+01 1.549536826939220013e+01 7.936341935713258078e-01 3.681439999999999824e+00 2.571539435676793801e+04 -3.701527555215439300e-04
3.190534039676785838e+00 7.472520953158888979e+00 1.427462182288027570e+00 2.198549257278659685e-01 3.788771381668938432e+01 1.549536850029118007e+01 7.936341935713258078e-01 3.681439999999999824e+00 2.571539435676793801e+04 -3.701527555215439300e-04
3.190534039676785838e+00 7.472520953158888979e+00 1.427462182288027570e+00 2.198549257278659685e-01 3.788771381668938432e+01 1.549536826939220013e+01 7.936342084724870016e-01 3.681439999999999824e+00 2.571539435676793801e+04 -3.701527555215439300e-04
3.190534039676785838e+00 7.472520953158888979e+00 1.427462182288027570e+00 2.198549257278659685e-01 3.788771381668938432e+01 1.549536826939220013e+01 7.936341935713258078e-01 3.681439999999999824e+00 2.571539473995717344e+04 -3.701527555215439300e-04
3.190534039676785838e+00 7.472520953158888979e+00 1.427462182288027570e+00 2.198549257278659685e-01 3.788771381668938432e+01 1.549536826939220013e+01 7.936341935713258078e-01 3.681439999999999824e+00 2.571539435676793801e+04 -3.701676566827377776e-04
3.190372956757636658e+00 7.467460880172603233e+00 1.427471475492251507e+00 2.148491121538650406e-01 3.788773430510833862e+01 1.549442062959079891e+01 7.939659066629718431e-01 3.681439999999999824e+00 2.571562704433625549e+04 -3.784605190010281403e-04
3.190489425053556261e+00 7.471066661250667984e+00 1.427468652209264111e+00 2.186362447725218316e-01 3.788771835585737335e+01 1.549513795150126860e+01 7.937397808374223596e-01 3.681439999999999824e+00 2.571545096781677785e+04 -3.727014354656179597e-04
3.190489472595553266e+00 7.471066661250667984e+00 1.427468652209264111e+00 2.186362447725218316e-01 3.788771835585737335e+01 1.549513795150126860e+01 7.937397808374223596e-01 3.681439999999999824e+00 2.571545096781677785e+04 -3.727014354656179597e-04
3.190489425053556261e+00 7.471066772578236481e+00 1.427468652209264111e+00 2.186362447725218316e-01 3.788771835585737335e+01 1.549513795150126860e+01 7.937397808374223596e-01 3.681439999999999824e+00 2.571545096781677785e+04 -3.727014354656179597e-04
3.190489425053556261e+00 7.471066661250667984e+00 1.427468673480204675e+00 2.186362447725218316e-01 3.788771835585737335e+01 1.549513795150126860e+01 7.937397808374223596e-01 3.681439999999999824e+00 2.571545096781677785e+04 -3.727014354656179597e-04
3.190489425053556261e+00 7.471066661250667984e+00 1.427468652209264111e+00 2.186362596736830255e-01 3.788771835585737335e+01 1.549513795150126860e+01 7.937397808374223596e-01 3.681439999999999824e+00 2.571545096781677785e+04 -3.727014354656179597e-04
3.190489425053556261e+00 7.471066661250667984e+00 1.427468652209264111e+00 2.186362447725218316e-01 3.788771892042836953e+01 1.549513795150126860e+01 7.937397808374223596e-01 3.681439999999999824e+00 2.571545096781677785e+04 -3.727014354656179597e-04
3.190489425053556261e+00 7.471066661250667984e+00 1.427468652209264111e+00 2.186362447725218316e-01 3.788771835585737335e+01 1.549513818239681662e+01 7.937397808374223596e-01 3.681439999999999824e+00 2.571545096781677785e+04 -3.727014354656179597e-04
3.190489425053556261e+00 7.471066661250667984e+00 1.427468652209264111e+00 2.186362447725218316e-01 3.788771835585737335e+01 1.549513795150126860e+01 7.937397957385835534e-01 3.681439999999999824e+00 2.571545096781677785e+04 -3.727014354656179597e-04
3.190489425053556261e+00 7.471066661250667984e+00 1.427468652209264111e+00 2.186362447725218316e-01 3.788771835585737335e+01 1.549513795150126860e+01 7.937397808374223596e-01 3.681439999999999824e+00 2.571545135100685729e+04 -3.727014354656179597e-04
3.190489425053556261e+00 7.471066661250667984e+00 1.427468652209264111e+00 2.186362447725218316e-01 3.788771835585737335e+01 1.549513795150126860e+01 7.937397808374223596e-01 3.681439999999999824e+00 2.571545096781677785e+04 -3.727163366268118074e-04
3.190473618118093047e+00 7.470286000078633748e+00 1.427488737858025880e+00 2.172859608187187319e-01 3.788772110434044293e+01 1.549500967694084075e+01 7.938173329604933937e-01 3.681439999999999824e+00 2.571548252783654243e+04 -3.740269360935400442e-04
3.190473665659854685e+00 7.470286000078633748e+00 1.427488737858025880e+00 2.172859608187187319e-01 3.788772110434044293e+01 1.549500967694084075e+01 7.938173329604933937e-01 3.681439999999999824e+00 2.571548252783654243e+04 -3.740269360935400442e-04
3.190473618118093047e+00 7.470286111394569772e+00 1.427488737858025880e+00 2.172859608187187319e-01 3.788772110434044293e+01 1.549500967694084075e+01 7.938173329604933937e-01 3.681439999999999824e+00 2.571548252783654243e+04 -3.740269360935400442e-04
3.190473618118093047e+00 7.470286000078633748e+00 1.427488759129265761e+00 2.172859608187187319e-01 3.788772110434044293e+01 1.549500967694084075e+01 7.938173329604933937e-01 3.681439999999999824e+00 2.571548252783654243e+04 -3.740269360935400442e-04
3.190473618118093047e+00 7.470286000078633748e+00 1.427488737858025880e+00 2.172859757198799258e-01 3.788772110434044293e+01 1.549500967694084075e+01 7.938173329604933937e-01 3.681439999999999824e+00 2.571548252783654243e+04 -3.740269360935400442e-04
3.190473618118093047e+00 7.470286000078633748e+00 1.427488737858025880e+00 2.172859608187187319e-01 3.788772166891148174e+01 1.549500967694084075e+01 7.938173329604933937e-01 3.681439999999999824e+00 2.571548252783654243e+04 -3.740269360935400442e-04
3.190473618118093047e+00 7.470286000078633748e+00 1.427488737858025880e+00 2.172859608187187319e-01 3.788772110434044293e+01 1.549500990783447740e+01 7.938173329604933937e-01 3.681439999999999824e+00 2.571548252783654243e+04 -3.740269360935400442e-04
3.190473618118093047e+00 7.470286000078633748e+00 1.427488737858025880e+00 2.172859608187187319e-01 3.788772110434044293e+01 1.549500967694084075e+01 7.938173478616545875e-01 3.681439999999999824e+00 2.571548252783654243e+04 -3.740269360935400442e-04
3.190473618118093047e+00 7.470286000078633748e+00 1.427488737858025880e+00 2.172859608187187319e-01 3.788772110434044293e+01 1.549500967694084075e+01 7.938173329604933937e-01 3.681439999999999824e+00 2.571548291102709118e+04 -3.740269360935400442e-04
3.190473618118093047e+00 7.470286000078633748e+00 1.427488737858025880e+00 2.172859608187187319e-01 3.788772110434044293e+01 1.549500967694084075e+01 7.938173329604933937e-01 3.681439999999999824e+00 2.571548252783654243e+04 -3.740418372547338918e-04
3.190454295037469912e+00 7.469714077252023188e+00 1.427493476081574064e+00 2.160183513676321165e-01 3.788812387222399991e+01 1.549445644706777436e+01 7.938881279194653917e-01 3.681439999999999824e+00 2.571548253321610900e+04 -3.746581220233060542e-04
3.190454342578943780e+00 7.469714077252023188e+00 1.427493476081574064e+00 2.160183513676321165e-01 3.788812387222399991e+01 1.549445644706777436e+01 7.938881279194653917e-01 3.681439999999999824e+00 2.571548253321610900e+04 -3.746581220233060542e-04
3.190454295037469912e+00 7.469714188559437140e+00 1.427493476081574064e+00 2.160183513676321165e-01 3.788812387222399991e+01 1.549445644706777436e+01 7.938881279194653917e-01 3.681439999999999824e+00 2.571548253321610900e+04 -3.746581220233060542e-04
3.190454295037469912e+00 7.469714077252023188e+00 1.427493497352884555e+00 2.160183513676321165e-01 3.788812387222399991e+01 1.549445644706777436e+01 7.938881279194653917e-01 3.681439999999999824e+00 2.571548253321610900e+04 -3.746581220233060542e-04
3.190454295037469912e+00 7.469714077252023188e+00 1.427493476081574064e+00 2.160183662687933104e-01 3.788812387222399991e+01 1.549445644706777436e+01 7.938881279194653917e-01 3.681439999999999824e+00 2.571548253321610900e+04 -3.746581220233060542e-04
3.190454295037469912e+00 7.469714077252023188e+00 1.427493476081574064e+00 2.160183513676321165e-01 3.788812443680104280e+01 1.549445644706777436e+01 7.938881279194653917e-01 3.681439999999999824e+00 2.571548253321610900e+04 -3.746581220233060542e-04
3.190454295037469912e+00 7.469714077252023188e+00 1.427493476081574064e+00 2.160183513676321165e-01 3.788812387222399991e+01 1.549445667795316695e+01 7.938881279194653917e-01 3.681439999999999824e+00 2.571548253321610900e+04 -3.746581220233060542e-04
3.190454295037469912e+00 7.469714077252023188e+00 1.427493476081574064e+00 2.160183513676321165e-01 3.788812387222399991e+01 1.549445644706777436e+01 7.938881428206265856e-01 3.681439999999999824e+00 2.571548253321610900e+04 -3.746581220233060542e-04
3.190454295037469912e+00 7.469714077252023188e+00 1.427493476081574064e+00 2.160183513676321165e-01 3.788812387222399991e+01 1.549445644706777436e+01 7.938881279194653917e-01 3.681439999999999824e+00 2.571548291640665775e+04 -3.746581220233060542e-04
3.190454295037469912e+00 7.469714077252023188e+00 1.427493476081574064e+00 2.160183513676321165e-01 3.788812387222399991e+01 1.549445644706777436e+01 7.938881279194653917e-01 3.681439999999999824e+00 2.571548253321610900e+04 -3.746730231844999019e-04
3.190434276875384167e+00 7.469140687449572269e+00 1.427504790252680511e+00 2.147440444497233925e-01 3.788849563476415483e+01 1.549426428752749452e+01 7.939960143291936445e-01 3.681439999999999824e+00 2.571548253870321423e+04 -3.756005067596486437e-04
3.190434324416559608e+00 7.469140687449572269e+00 1.427504790252680511e+00 2.147440444497233925e-01 3.788849563476415483e+01 1.549426428752749452e+01 7.939960143291936445e-01 3.681439999999999824e+00 2.571548253870321423e+04 -3.756005067596486437e-04
3.190434276875384167e+00 7.469140798748441945e+00 1.427504790252680511e+00 2.147440444497233925e-01 3.788849563476415483e+01 1.549426428752749452e+01 7.939960143291936445e-01 3.681439999999999824e+00 2.571548253870321423e+04 -3.756005067596486437e-04
3.190434276875384167e+00 7.469140687449572269e+00 1.427504811524159534e+00 2.147440444497233925e-01 3.788849563476415483e+01 1.549426428752749452e+01 7.939960143291936445e-01 3.681439999999999824e+00 2.571548253870321423e+04 -3.756005067596486437e-04
3.190434276875384167e+00 7.469140687449572269e+00 1.427504790252680511e+00 2.147440593508845863e-01 3.788849563476415483e+01 1.549426428752749452e+01 7.939960143291936445e-01 3.681439999999999824e+00 2.571548253870321423e+04 -3.756005067596486437e-04
3.190434276875384167e+00 7.469140687449572269e+00 1.427504790252680511e+00 2.147440444497233925e-01 3.788849619934673285e+01 1.549426428752749452e+01 7.939960143291936445e-01 3.681439999999999824e+00 2.571548253870321423e+04 -3.756005067596486437e-04
3.190434276875384167e+00 7.469140687449572269e+00 1.427504790252680511e+00 2.147440444497233925e-01 3.788849563476415483e+01 1.549426451841002361e+01 7.939960143291936445e-01 3.681439999999999824e+00 2.571548253870321423e+04 -3.756005067596486437e-04
3.190434276875384167e+00 7.469140687449572269e+00 1.427504790252680511e+00 2.147440444497233925e-01 3.788849563476415483e+01 1.549426428752749452e+01 7.939960292303548384e-01 3.681439999999999824e+00 2.571548253870321423e+04 -3.756005067596486437e-04
3.190434276875384167e+00 7.469140687449572269e+00 1.427504790252680511e+00 2.147440444497233925e-01 3.788849563476415483e+01 1.549426428752749452e+01 7.939960143291936445e-01 3.681439999999999824e+00 2.571548292189376298e+04 -3.756005067596486437e-04
3.190434276875384167e+00 7.469140687449572269e+00 1.427504790252680511e+00 2.147440444497233925e-01 3.788849563476415483e+01 1.549426428752749452e+01 7.939960143291936445e-01 3.681439999999999824e+00 2.571548253870321423e+04 -3.756154079208424913e-04
3.190428303858029668e+00 7.468991579777032541e+00 1.427498211353295243e+00 2.144266681124361307e-01 3.788858288827130139e+01 1.549421719674610110e+01 7.939841264917057995e-01 3.681439999999999824e+00 2.571548254005690251e+04 -3.757616199263120625e-04
3.190428351399116291e+00 7.468991579777032541e+00 1.427498211353295243e+00 2.144266681124361307e-01 3.788858288827130139e+01 1.549421719674610110e+01 7.939841264917057995e-01 3.681439999999999824e+00 2.571548254005690251e+04 -3.757616199263120625e-04
3.190428303858029668e+00 7.468991691073679995e+00 1.427498211353295243e+00 2.144266681124361307e-01 3.788858288827130139e+01 1.549421719674610110e+01 7.939841264917057995e-01 3.681439999999999824e+00 2.571548254005690251e+04 -3.757616199263120625e-04
3.190428303858029668e+00 7.468991579777032541e+00 1.427498232624676122e+00 2.144266681124361307e-01 3.788858288827130139e+01 1.549421719674610110e+01 7.939841264917057995e-01 3.681439999999999824e+00 2.571548254005690251e+04 -3.757616199263120625e-04
3.190428303858029668e+00 7.468991579777032541e+00 1.427498211353295243e+00 2.144266830135973245e-01 3.788858288827130139e+01 1.549421719674610110e+01 7.939841264917057995e-01 3.681439999999999824e+00 2.571548254005690251e+04 -3.757616199263120625e-04
3.190428303858029668e+00 7.468991579777032541e+00 1.427498211353295243e+00 2.144266681124361307e-01 3.788858345285517970e+01 1.549421719674610110e+01 7.939841264917057995e-01 3.681439999999999824e+00 2.571548254005690251e+04 -3.757616199263120625e-04
3.190428303858029668e+00 7.468991579777032541e+00 1.427498211353295243e+00 2.144266681124361307e-01 3.788858288827130139e+01 1.549421742762792853e+01 7.939841264917057995e-01 3.681439999999999824e+00 2.571548254005690251e+04 -3.757616199263120625e-04
3.190428303858029668e+00 7.468991579777032541e+00 1.427498211353295243e+00 2.144266681124361307e-01 3.788858288827130139e+01 1.549421719674610110e+01 7.939841413928669933e-01 3.681439999999999824e+00 2.571548254005690251e+04 -3.757616199263120625e-04
3.190428303858029668e+00 7.468991579777032541e+00 1.427498211353295243e+00 2.144266681124361307e-01 3.788858288827130139e+01 1.549421719674610110e+01 7.939841264917057995e-01 3.681439999999999824e+00 2.571548292324745125e+04 -3.757616199263120625e-04
3.190428303858029668e+00 7.468991579777032541e+00 1.427498211353295243e+00 2.144266681124361307e-01 3.788858288827130139e+01 1.549421719674610110e+01 7.939841264917057995e-01 3.681439999999999824e+00 2.571548254005690251e+04 -3.757765210875059101e-04
3.190409520903095153e+00 7.468467601072307005e+00 1.427494948601053304e+00 2.138529056287041541e-01 3.788890059806324473e+01 1.549371537701118839e+01 7.940348023645561470e-01 3.681439999999999824e+00 2.571548254489749161e+04 -3.766366007115266000e-04
3.190409568443901556e+00 7.468467601072307005e+00 1.427494948601053304e+00 2.138529056287041541e-01 3.788890059806324473e+01 1.549371537701118839e+01 7.940348023645561470e-01 3.681439999999999824e+00 2.571548254489749161e+04 -3.766366007115266000e-04
3.190409520903095153e+00 7.468467712361146482e+00 1.427494948601053304e+00 2.138529056287041541e-01 3.788890059806324473e+01 1.549371537701118839e+01 7.940348023645561470e-01 3.681439999999999824e+00 2.571548254489749161e+04 -3.766366007115266000e-04
3.190409520903095153e+00 7.468467601072307005e+00 1.427494969872385555e+00 2.138529056287041541e-01 3.788890059806324473e+01 1.549371537701118839e+01 7.940348023645561470e-01 3.681439999999999824e+00 2.571548254489749161e+04 -3.766366007115266000e-04
3.190409520903095153e+00 7.468467601072307005e+00 1.427494948601053304e+00 2.138529205298653479e-01 3.788890059806324473e+01 1.549371537701118839e+01 7.940348023645561470e-01 3.681439999999999824e+00 2.571548254489749161e+04 -3.766366007115266000e-04
3.190409520903095153e+00 7.468467601072307005e+00 1.427494948601053304e+00 2.138529056287041541e-01 3.788890116265186236e+01 1.549371537701118839e+01 7.940348023645561470e-01 3.681439999999999824e+00 2.571548254489749161e+04 -3.766366007115266000e-04
3.190409520903095153e+00 7.468467601072307005e+00 1.427494948601053304e+00 2.138529056287041541e-01 3.788890059806324473e+01 1.549371560788553914e+01 7.940348023645561470e-01 3.681439999999999824e+00 2.571548254489749161e+04 -3.766366007115266000e-04
3.190409520903095153e+00 7.468467601072307005e+00 1.427494948601053304e+00 2.138529056287041541e-01 3.788890059806324473e+01 1.549371537701118839e+01 7.940348172657173409e-01 3.681439999999999824e+00 2.571548254489749161e+04 -3.766366007115266000e-04
3.190409520903095153e+00 7.468467601072307005e+00 1.427494948601053304e+00 2.138529056287041541e-01 3.788890059806324473e+01 1.549371537701118839e+01 7.940348023645561470e-01 3.681439999999999824e+00 2.571548292808804399e+04 -3.766366007115266000e-04
3.190409520903095153e+00 7.468467601072307005e+00 1.427494948601053304e+00 2.138529056287041541e-01 3.788890059806324473e+01 1.549371537701118839e+01 7.940348023645561470e-01 3.681439999999999824e+00 2.571548254489749161e+04 -3.766515018727204477e-04
3.190368598251271504e+00 7.467414696994698176e+00 1.427494658469011579e+00 2.127077689917272196e-01 3.788956361611949575e+01 1.549270649234159514e+01 7.940866149015205488e-01 3.681439999999999824e+00 2.571548255463116948e+04 -3.782736320931243037e-04
3.190368645791468172e+00 7.467414696994698176e+00 1.427494658469011579e+00 2.127077689917272196e-01 3.788956361611949575e+01 1.549270649234159514e+01 7.940866149015205488e-01 3.681439999999999824e+00 2.571548255463116948e+04 -3.782736320931243037e-04
3.190368598251271504e+00 7.467414808267847981e+00 1.427494658469011579e+00 2.127077689917272196e-01 3.788956361611949575e+01 1.549270649234159514e+01 7.940866149015205488e-01 3.681439999999999824e+00 2.571548255463116948e+04 -3.782736320931243037e-04
3.190368598251271504e+00 7.467414696994698176e+00 1.427494679740339611e+00 2.127077689917272196e-01 3.788956361611949575e+01 1.549270649234159514e+01 7.940866149015205488e-01 3.681439999999999824e+00 2.571548255463116948e+04 -3.782736320931243037e-04
3.190368598251271504e+00 7.467414696994698176e+00 1.427494658469011579e+00 2.127077838928884135e-01 3.788956361611949575e+01 1.549270649234159514e+01 7.940866149015205488e-01 3.681439999999999824e+00 2.571548255463116948e+04 -3.782736320931243037e-04
3.190368598251271504e+00 7.467414696994698176e+00 1.427494658469011579e+00 2.127077689917272196e-01 3.788956418071798993e+01 1.549270649234159514e+01 7.940866149015205488e-01 3.681439999999999824e+00 2.571548255463116948e+04 -3.782736320931243037e-04
3.190368598251271504e+00 7.467414696994698176e+00 1.427494658469011579e+00 2.127077689917272196e-01 3.788956361611949575e+01 1.549270672320091258e+01 7.940866149015205488e-01 3.681439999999999824e+00 2.571548255463116948e+04 -3.782736320931243037e-04
3.190368598251271504e+00 7.467414696994698176e+00 1.427494658469011579e+00 2.127077689917272196e-01 3.788956361611949575e+01 1.549270649234159514e+01 7.940866298026817427e-01 3.681439999999999824e+00 2.571548255463116948e+04 -3.782736320931243037e-04
3.190368598251271504e+00 7.467414696994698176e+00 1.427494658469011579e+00 2.127077689917272196e-01 3.788956361611949575e+01 1.549270649234159514e+01 7.940866149015205488e-01 3.681439999999999824e+00 2.571548293782172186e+04 -3.782736320931243037e-04
3.190368598251271504e+00 7.467414696994698176e+00 1.427494658469011579e+00 2.127077689917272196e-01 3.788956361611949575e+01 1.549270649234159514e+01 7.940866149015205488e-01 3.681439999999999824e+00 2.571548255463116948e+04 -3.782885332543181513e-04
3.190202484597210120e+00 7.462215170801866471e+00 1.427498937148745206e+00 2.077249484359954546e-01 3.788958350860659863e+01 1.549175175480030120e+01 7.944149028390014022e-01 3.681439999999999824e+00 2.571571710623384570e+04 -3.868070353423914737e-04
3.190323561722293810e+00 7.465938141610620526e+00 1.427498130814252475e+00 2.114906683607817584e-01 3.788956799745912463e+01 1.549247395899988256e+01 7.941832556091337203e-01 3.681439999999999824e+00 2.571553980458961087e+04 -3.808480038528558429e-04
3.190323609261819460e+00 7.465938141610620526e+00 1.427498130814252475e+00 2.114906683607817584e-01 3.788956799745912463e+01 1.549247395899988256e+01 7.941832556091337203e-01 3.681439999999999824e+00 2.571553980458961087e+04 -3.808480038528558429e-04
3.190323561722293810e+00 7.465938252861768376e+00 1.427498130814252475e+00 2.114906683607817584e-01 3.788956799745912463e+01 1.549247395899988256e+01 7.941832556091337203e-01 3.681439999999999824e+00 2.571553980458961087e+04 -3.808480038528558429e-04
3.190323561722293810e+00 7.465938141610620526e+00 1.427498152085632244e+00 2.114906683607817584e-01 3.788956799745912463e+01 1.549247395899988256e+01 7.941832556091337203e-01 3.681439999999999824e+00 2.571553980458961087e+04 -3.808480038528558429e-04
3.190323561722293810e+00 7.465938141610620526e+00 1.427498130814252475e+00 2.114906832619429522e-01 3.788956799745912463e+01 1.549247395899988256e+01 7.941832556091337203e-01 3.681439999999999824e+00 2.571553980458961087e+04 -3.808480038528558429e-04
3.190323561722293810e+00 7.465938141610620526e+00 1.427498130814252475e+00 2.114906683607817584e-01 3.788956856205768275e+01 1.549247395899988256e+01 7.941832556091337203e-01 3.681439999999999824e+00 2.571553980458961087e+04 -3.808480038528558429e-04
3.190323561722293810e+00 7.465938141610620526e+00 1.427498130814252475e+00 2.114906683607817584e-01 3.788956799745912463e+01 1.549247418985573432e+01 7.941832556091337203e-01 3.681439999999999824e+00 2.571553980458961087e+04 -3.808480038528558429e-04
3.190323561722293810e+00 7.465938141610620526e+00 1.427498130814252475e+00 2.114906683607817584e-01 3.788956799745912463e+01 1.549247395899988256e+01 7.941832705102949141e-01 3.681439999999999824e+00 2.571553980458961087e+04 -3.808480038528558429e-04
3.190323561722293810e+00 7.465938141610620526e+00 1.427498130814252475e+00 2.114906683607817584e-01 3.788956799745912463e+01 1.549247395899988256e+01 7.941832556091337203e-01 3.681439999999999824e+00 2.571554018778101454e+04 -3.808480038528558429e-04
3.190323561722293810e+00 7.465938141610620526e+00 1.427498130814252475e+00 2.114906683607817584e-01 3.788956799745912463e+01 1.549247395899988256e+01 7.941832556091337203e-01 3.681439999999999824e+00 2.571553980458961087e+04 -3.808629050140496905e-04
3.190297218986688943e+00 7.464888928507511068e+00 1.427510901185619963e+00 2.102419912828376036e-01 3.788957403295473370e+01 1.549222959282012546e+01 7.943290594436062113e-01 3.681439999999999824e+00 2.571559840910106141e+04 -3.828849932635957232e-04
3.190297266525822018e+00 7.464888928507511068e+00 1.427510901185619963e+00 2.102419912828376036e-01 3.788957403295473370e+01 1.549222959282012546e+01 7.943290594436062113e-01 3.681439999999999824e+00 2.571559840910106141e+04 -3.828849932635957232e-04
3.190297218986688943e+00 7.464889039743024313e+00 1.427510901185619963e+00 2.102419912828376036e-01 3.788957403295473370e+01 1.549222959282012546e+01 7.943290594436062113e-01 3.681439999999999824e+00 2.571559840910106141e+04 -3.828849932635957232e-04
3.190297218986688943e+00 7.464888928507511068e+00 1.427510922457190023e+00 2.102419912828376036e-01 3.788957403295473370e+01 1.549222959282012546e+01 7.943290594436062113e-01 3.681439999999999824e+00 2.571559840910106141e+04 -3.828849932635957232e-04
3.190297218986688943e+00 7.464888928507511068e+00 1.427510901185619963e+00 2.102420061839987975e-01 3.788957403295473370e+01 1.549222959282012546e+01 7.943290594436062113e-01 3.681439999999999824e+00 2.571559840910106141e+04 -3.828849932635957232e-04
3.190297218986688943e+00 7.464888928507511068e+00 1.427510901185619963e+00 2.102419912828376036e-01 3.788957459755338419e+01 1.549222959282012546e+01 7.943290594436062113e-01 3.681439999999999824e+00 2.571559840910106141e+04 -3.828849932635957232e-04
3.190297218986688943e+00 7.464888928507511068e+00 1.427510901185619963e+00 2.102419912828376036e-01 3.788957403295473370e+01 1.549222982367233570e+01 7.943290594436062113e-01 3.681439999999999824e+00 2.571559840910106141e+04 -3.828849932635957232e-04
3.190297218986688943e+00 7.464888928507511068e+00 1.427510901185619963e+00 2.102419912828376036e-01 3.788957403295473370e+01 1.549222959282012546e+01 7.943290743447674052e-01 3.681439999999999824e+00 2.571559840910106141e+04 -3.828849932635957232e-04
3.190297218986688943e+00 7.464888928507511068e+00 1.427510901185619963e+00 2.102419912828376036e-01 3.788957403295473370e+01 1.549222959282012546e+01 7.943290594436062113e-01 3.681439999999999824e+00 2.571559879229333819e+04 -3.828849932635957232e-04
3.190297218986688943e+00 7.464888928507511068e+00 1.427510901185619963e+00 2.102419912828376036e-01 3.788957403295473370e+01 1.549222959282012546e+01 7.943290594436062113e-01 3.681439999999999824e+00 2.571559840910106141e+04 -3.828998944247895709e-04
3.190277893320720537e+00 7.464306413873464940e+00 1.427517986606248401e+00 2.089851080297716046e-01 3.788992803685879807e+01 1.549203467402870515e+01 7.943979280733662884e-01 3.681439999999999824e+00 2.571559841462113400e+04 -3.832755340548837908e-04
3.190287201525795702e+00 7.464743544103213502e+00 1.427503036739816489e+00 2.099276909109759615e-01 3.788965971874809213e+01 1.549218151262821408e+01 7.943439164826802124e-01 3.681439999999999824e+00 2.571559841046354268e+04 -3.825615698717375933e-04
3.190287249064779562e+00 7.464743544103213502e+00 1.427503036739816489e+00 2.099276909109759615e-01 3.788965971874809213e+01 1.549218151262821408e+01 7.943439164826802124e-01 3.681439999999999824e+00 2.571559841046354268e+04 -3.825615698717375933e-04
3.190287201525795702e+00 7.464743655336560479e+00 1.427503036739816489e+00 2.099276909109759615e-01 3.788965971874809213e+01 1.549218151262821408e+01 7.943439164826802124e-01 3.681439999999999824e+00 2.571559841046354268e+04 -3.825615698717375933e-04
3.190287201525795702e+00 7.464743544103213502e+00 1.427503058011269310e+00 2.099276909109759615e-01 3.788965971874809213e+01 1.549218151262821408e+01 7.943439164826802124e-01 3.681439999999999824e+00 2.571559841046354268e+04 -3.825615698717375933e-04
3.190287201525795702e+00 7.464743544103213502e+00 1.427503036739816489e+00 2.099277058121371553e-01 3.788965971874809213e+01 1.549218151262821408e+01 7.943439164826802124e-01 3.681439999999999824e+00 2.571559841046354268e+04 -3.825615698717375933e-04
3.190287201525795702e+00 7.464743544103213502e+00 1.427503036739816489e+00 2.099276909109759615e-01 3.788966028334802161e+01 1.549218151262821408e+01 7.943439164826802124e-01 3.681439999999999824e+00 2.571559841046354268e+04 -3.825615698717375933e-04
3.190287201525795702e+00 7.464743544103213502e+00 1.427503036739816489e+00 2.099276909109759615e-01 3.788965971874809213e+01 1.549218174347970844e+01 7.943439164826802124e-01 3.681439999999999824e+00 2.571559841046354268e+04 -3.825615698717375933e-04
3.190287201525795702e+00 7.464743544103213502e+00 1.427503036739816489e+00 2.099276909109759615e-01 3.788965971874809213e+01 1.549218151262821408e+01 7.943439313838414062e-01 3.681439999999999824e+00 2.571559841046354268e+04 -3.825615698717375933e-04
3.190287201525795702e+00 7.464743544103213502e+00 1.427503036739816489e+00 2.099276909109759615e-01 3.788965971874809213e+01 1.549218151262821408e+01 7.943439164826802124e-01 3.681439999999999824e+00 2.571559879365581946e+04 -3.825615698717375933e-04
3.190287201525795702e+00 7.464743544103213502e+00 1.427503036739816489e+00 2.099276909109759615e-01 3.788965971874809213e+01 1.549218151262821408e+01 7.943439164826802124e-01 3.681439999999999824e+00 2.571559841046354268e+04 -3.825764710329314410e-04
3.190282153395027187e+00 7.464586700200904978e+00 1.427504838549051636e+00 2.096147767184949051e-01 3.788974707786065466e+01 1.549213322630513723e+01 7.943585842484550685e-01 3.681439999999999824e+00 2.571559841181983211e+04 -3.828391925420237185e-04
3.190282200933935997e+00 7.464586700200904978e+00 1.427504838549051636e+00 2.096147767184949051e-01 3.788974707786065466e+01 1.549213322630513723e+01 7.943585842484550685e-01 3.681439999999999824e+00 2.571559841181983211e+04 -3.828391925420237185e-04
3.190282153395027187e+00 7.464586811431914271e+00 1.427504838549051636e+00 2.096147767184949051e-01 3.788974707786065466e+01 1.549213322630513723e+01 7.943585842484550685e-01 3.681439999999999824e+00 2.571559841181983211e+04 -3.828391925420237185e-04
3.190282153395027187e+00 7.464586700200904978e+00 1.427504859820531324e+00 2.096147767184949051e-01 3.788974707786065466e+01 1.549213322630513723e+01 7.943585842484550685e-01 3.681439999999999824e+00 2.571559841181983211e+04 -3.828391925420237185e-04
3.190282153395027187e+00 7.464586700200904978e+00 1.427504838549051636e+00 2.096147916196560990e-01 3.788974707786065466e+01 1.549213322630513723e+01 7.943585842484550685e-01 3.681439999999999824e+00 2.571559841181983211e+04 -3.828391925420237185e-04
3.190282153395027187e+00 7.464586700200904978e+00 1.427504838549051636e+00 2.096147767184949051e-01 3.788974764246188442e+01 1.549213322630513723e+01 7.943585842484550685e-01 3.681439999999999824e+00 2.571559841181983211e+04 -3.828391925420237185e-04
3.190282153395027187e+00 7.464586700200904978e+00 1.427504838549051636e+00 2.096147767184949051e-01 3.788974707786065466e+01 1.549213345715591217e+01 7.943585842484550685e-01 3.681439999999999824e+00 2.571559841181983211e+04 -3.828391925420237185e-04
3.190282153395027187e+00 7.464586700200904978e+00 1.427504838549051636e+00 2.096147767184949051e-01 3.788974707786065466e+01 1.549213322630513723e+01 7.943585991496162624e-01 3.681439999999999824e+00 2.571559841181983211e+04 -3.828391925420237185e-04
3.190282153395027187e+00 7.464586700200904978e+00 1.427504838549051636e+00 2.096147767184949051e-01 3.788974707786065466e+01 1.549213322630513723e+01 7.943585842484550685e-01 3.681439999999999824e+00 2.571559879501210889e+04 -3.828391925420237185e-04
3.190282153395027187e+00 7.464586700200904978e+00 1.427504838549051636e+00 2.096147767184949051e-01 3.788974707786065466e+01 1.549213322630513723e+01 7.943585842484550685e-01 3.681439999999999824e+00 2.571559841181983211e+04 -3.828540937032175661e-04
3.190270516775229215e+00 7.464315454658298599e+00 1.427502408635481945e+00 2.093232269125293588e-01 3.788991768173656283e+01 1.549204320446533245e+01 7.943722604397081000e-01 3.681439999999999824e+00 2.571559841436401257e+04 -3.832211399680248505e-04
3.190270564313964385e+00 7.464315454658298599e+00 1.427502408635481945e+00 2.093232269125293588e-01 3.788991768173656283e+01 1.549204320446533245e+01 7.943722604397081000e-01 3.681439999999999824e+00 2.571559841436401257e+04 -3.832211399680248505e-04
3.190270516775229215e+00 7.464315565885266679e+00 1.427502408635481945e+00 2.093232269125293588e-01 3.788991768173656283e+01 1.549204320446533245e+01 7.943722604397081000e-01 3.681439999999999824e+00 2.571559841436401257e+04 -3.832211399680248505e-04
3.190270516775229215e+00 7.464315454658298599e+00 1.427502429906925441e+00 2.093232269125293588e-01 3.788991768173656283e+01 1.549204320446533245e+01 7.943722604397081000e-01 3.681439999999999824e+00 2.571559841436401257e+04 -3.832211399680248505e-04
3.190270516775229215e+00 7.464315454658298599e+00 1.427502408635481945e+00 2.093232418136905526e-01 3.788991768173656283e+01 1.549204320446533245e+01 7.943722604397081000e-01 3.681439999999999824e+00 2.571559841436401257e+04 -3.832211399680248505e-04
3.190270516775229215e+00 7.464315454658298599e+00 1.427502408635481945e+00 2.093232269125293588e-01 3.788991824634033634e+01 1.549204320446533245e+01 7.943722604397081000e-01 3.681439999999999824e+00 2.571559841436401257e+04 -3.832211399680248505e-04
3.190270516775229215e+00 7.464315454658298599e+00 1.427502408635481945e+00 2.093232269125293588e-01 3.788991768173656283e+01 1.549204343531476624e+01 7.943722604397081000e-01 3.681439999999999824e+00 2.571559841436401257e+04 -3.832211399680248505e-04
3.190270516775229215e+00 7.464315454658298599e+00 1.427502408635481945e+00 2.093232269125293588e-01 3.788991768173656283e+01 1.549204320446533245e+01 7.943722753408692938e-01 3.681439999999999824e+00 2.571559841436401257e+04 -3.832211399680248505e-04
3.190270516775229215e+00 7.464315454658298599e+00 1.427502408635481945e+00 2.093232269125293588e-01 3.788991768173656283e+01 1.549204320446533245e+01 7.943722604397081000e-01 3.681439999999999824e+00 2.571559879755628936e+04 -3.832211399680248505e-04
3.190270516775229215e+00 7.464315454658298599e+00 1.427502408635481945e+00 2.093232269125293588e-01 3.788991768173656283e+01 1.549204320446533245e+01 7.943722604397081000e-01 3.681439999999999824e+00 2.571559841436401257e+04 -3.832360411292186982e-04
3.190156492462711491e+00 7.461957688810219480e+00 1.427481564087177857e+00 2.089334209626892425e-01 3.788992392244166041e+01 1.549167065335369031e+01 7.945239889909676556e-01 3.681439999999999824e+00 2.571568555222991199e+04 -3.875577675454380312e-04
3.190244231774191697e+00 7.463700935109355505e+00 1.427499612568969178e+00 2.092277604007959091e-01 3.788991912252203065e+01 1.549195227717946999e+01 7.944072985199309711e-01 3.681439999999999824e+00 2.571561973654136091e+04 -3.844923025907114977e-04
3.190266472859770275e+00 7.464155681228658246e+00 1.427503026926824292e+00 2.092995965711717254e-01 3.788991804717042555e+01 1.549202076301274289e+01 7.943790982426970348e-01 3.681439999999999824e+00 2.571560368931164703e+04 -3.836515488544213742e-04
3.190266520398445049e+00 7.464155681228658246e+00 1.427503026926824292e+00 2.092995965711717254e-01 3.788991804717042555e+01 1.549202076301274289e+01 7.943790982426970348e-01 3.681439999999999824e+00 2.571560368931164703e+04 -3.836515488544213742e-04
3.190266472859770275e+00 7.464155792453245120e+00 1.427503026926824292e+00 2.092995965711717254e-01 3.788991804717042555e+01 1.549202076301274289e+01 7.943790982426970348e-01 3.681439999999999824e+00 2.571560368931164703e+04 -3.836515488544213742e-04
3.190266472859770275e+00 7.464155681228658246e+00 1.427503048198276892e+00 2.092995965711717254e-01 3.788991804717042555e+01 1.549202076301274289e+01 7.943790982426970348e-01 3.681439999999999824e+00 2.571560368931164703e+04 -3.836515488544213742e-04
3.190266472859770275e+00 7.464155681228658246e+00 1.427503026926824292e+00 2.092996114723329193e-01 3.788991804717042555e+01 1.549202076301274289e+01 7.943790982426970348e-01 3.681439999999999824e+00 2.571560368931164703e+04 -3.836515488544213742e-04
3.190266472859770275e+00 7.464155681228658246e+00 1.427503026926824292e+00 2.092995965711717254e-01 3.788991861177419906e+01 1.549202076301274289e+01 7.943790982426970348e-01 3.681439999999999824e+00 2.571560368931164703e+04 -3.836515488544213742e-04
3.190266472859770275e+00 7.464155681228658246e+00 1.427503026926824292e+00 2.092995965711717254e-01 3.788991804717042555e+01 1.549202099386184095e+01 7.943790982426970348e-01 3.681439999999999824e+00 2.571560368931164703e+04 -3.836515488544213742e-04
3.190266472859770275e+00 7.464155681228658246e+00 1.427503026926824292e+00 2.092995965711717254e-01 3.788991804717042555e+01 1.549202076301274289e+01 7.943791131438582287e-01 3.681439999999999824e+00 2.571560368931164703e+04 -3.836515488544213742e-04
3.190266472859770275e+00 7.464155681228658246e+00 1.427503026926824292e+00 2.092995965711717254e-01 3.788991804717042555e+01 1.549202076301274289e+01 7.943790982426970348e-01 3.681439999999999824e+00 2.571560407250400385e+04 -3.836515488544213742e-04
3.190266472859770275e+00 7.464155681228658246e+00 1.427503026926824292e+00 2.092995965711717254e-01 3.788991804717042555e+01 1.549202076301274289e+01 7.943790982426970348e-01 3.681439999999999824e+00 2.571560368931164703e+04 -3.836664500156152218e-04
3.190267538186604135e+00 7.464131416496726956e+00 1.427503668373288015e+00 2.092805752110109552e-01 3.788991812546061766e+01 1.549201712844326195e+01 7.943798955532521688e-01 3.681439999999999824e+00 2.571560457171475355e+04 -3.837056013384976868e-04
3.190267585725294897e+00 7.464131416496726956e+00 1.427503668373288015e+00 2.092805752110109552e-01 3.788991812546061766e+01 1.549201712844326195e+01 7.943798955532521688e-01 3.681439999999999824e+00 2.571560457171475355e+04 -3.837056013384976868e-04
3.190267538186604135e+00 7.464131527720952342e+00 1.427503668373288015e+00 2.092805752110109552e-01 3.788991812546061766e+01 1.549201712844326195e+01 7.943798955532521688e-01 3.681439999999999824e+00 2.571560457171475355e+04 -3.837056013384976868e-04
3.190267538186604135e+00 7.464131416496726956e+00 1.427503689644750384e+00 2.092805752110109552e-01 3.788991812546061766e+01 1.549201712844326195e+01 7.943798955532521688e-01 3.681439999999999824e+00 2.571560457171475355e+04 -3.837056013384976868e-04
3.190267538186604135e+00 7.464131416496726956e+00 1.427503668373288015e+00 2.092805901121721490e-01 3.788991812546061766e+01 1.549201712844326195e+01 7.943798955532521688e-01 3.681439999999999824e+00 2.571560457171475355e+04 -3.837056013384976868e-04
3.190267538186604135e+00 7.464131416496726956e+00 1.427503668373288015e+00 2.092805752110109552e-01 3.788991869006439828e+01 1.549201712844326195e+01 7.943798955532521688e-01 3.681439999999999824e+00 2.571560457171475355e+04 -3.837056013384976868e-04
3.190267538186604135e+00 7.464131416496726956e+00 1.427503668373288015e+00 2.092805752110109552e-01 3.788991812546061766e+01 1.549201735929230672e+01 7.943798955532521688e-01 3.681439999999999824e+00 2.571560457171475355e+04 -3.837056013384976868e-04
3.190267538186604135e+00 7.464131416496726956e+00 1.427503668373288015e+00 2.092805752110109552e-01 3.788991812546061766e+01 1.549201712844326195e+01 7.943799104544133627e-01 3.681439999999999824e+00 2.571560457171475355e+04 -3.837056013384976868e-04
3.190267538186604135e+00 7.464131416496726956e+00 1.427503668373288015e+00 2.092805752110109552e-01 3.788991812546061766e+01 1.549201712844326195e+01 7.943798955532521688e-01 3.681439999999999824e+00 2.571560495490712128e+04 -3.837056013384976868e-04
3.190267538186604135e+00 7.464131416496726956e+00 1.427503668373288015e+00 2.092805752110109552e-01 3.788991812546061766e+01 1.549201712844326195e+01 7.943798955532521688e-01 3.681439999999999824e+00 2.571560457171475355e+04 -3.837205024996915344e-04
3.190265562016146195e+00 7.464052074771937662e+00 1.427504247341055521e+00 2.092667008890239932e-01 3.788991838529783251e+01 1.549200435024163625e+01 7.943834345652796003e-01 3.681439999999999824e+00 2.571560457183625476e+04 -3.838899775081216982e-04
3.190265609554807646e+00 7.464052074771937662e+00 1.427504247341055521e+00 2.092667008890239932e-01 3.788991838529783251e+01 1.549200435024163625e+01 7.943834345652796003e-01 3.681439999999999824e+00 2.571560457183625476e+04 -3.838899775081216982e-04
3.190265562016146195e+00 7.464052185994980881e+00 1.427504247341055521e+00 2.092667008890239932e-01 3.788991838529783251e+01 1.549200435024163625e+01 7.943834345652796003e-01 3.681439999999999824e+00 2.571560457183625476e+04 -3.838899775081216982e-04
3.190265562016146195e+00 7.464052074771937662e+00 1.427504268612526328e+00 2.092667008890239932e-01 3.788991838529783251e+01 1.549200435024163625e+01 7.943834345652796003e-01 3.681439999999999824e+00 2.571560457183625476e+04 -3.838899775081216982e-04
3.190265562016146195e+00 7.464052074771937662e+00 1.427504247341055521e+00 2.092667157901851871e-01 3.788991838529783251e+01 1.549200435024163625e+01 7.943834345652796003e-01 3.681439999999999824e+00 2.571560457183625476e+04 -3.838899775081216982e-04
3.190265562016146195e+00 7.464052074771937662e+00 1.427504247341055521e+00 2.092667008890239932e-01 3.788991894990161313e+01 1.549200435024163625e+01 7.943834345652796003e-01 3.681439999999999824e+00 2.571560457183625476e+04 -3.838899775081216982e-04
3.190265562016146195e+00 7.464052074771937662e+00 1.427504247341055521e+00 2.092667008890239932e-01 3.788991838529783251e+01 1.549200458109049094e+01 7.943834345652796003e-01 3.681439999999999824e+00 2.571560457183625476e+04 -3.838899775081216982e-04
3.190265562016146195e+00 7.464052074771937662e+00 1.427504247341055521e+00 2.092667008890239932e-01 3.788991838529783251e+01 1.549200435024163625e+01 7.943834494664407941e-01 3.681439999999999824e+00 2.571560457183625476e+04 -3.838899775081216982e-04
3.190265562016146195e+00 7.464052074771937662e+00 1.427504247341055521e+00 2.092667008890239932e-01 3.788991838529783251e+01 1.549200435024163625e+01 7.943834345652796003e-01 3.681439999999999824e+00 2.571560495502862250e+04 -3.838899775081216982e-04
3.190265562016146195e+00 7.464052074771937662e+00 1.427504247341055521e+00 2.092667008890239932e-01 3.788991838529783251e+01 1.549200435024163625e+01 7.943834345652796003e-01 3.681439999999999824e+00 2.571560457183625476e+04 -3.839048786693155459e-04
