3.304101558757426726e+00 1.054408959586532468e+01 2.926741468025249482e+00 1.671997953915209578e+01 3.571839342309390264e-01 1.530525399999999969e+01 7.001581000000000055e-01 3.097326999999999941e+00 3.016286871572873861e+04 3.254033620048480291e+00 8.825800910825085666e+00 1.059745478135501573e+00 1.834474672982083732e+01 2.191357434727126474e+01 1.500000000000000000e+01 7.234983000000000386e-01 3.013116999999999823e+00 1.906309482265408951e+04 6.089591930187408970e-03
3.304101607992376621e+00 1.054408959586532468e+01 2.926741468025249482e+00 1.671997953915209578e+01 3.571839342309390264e-01 1.530525399999999969e+01 7.001581000000000055e-01 3.097326999999999941e+00 3.016286871572873861e+04 3.254033620048480291e+00 8.825800910825085666e+00 1.059745478135501573e+00 1.834474672982083732e+01 2.191357434727126474e+01 1.500000000000000000e+01 7.234983000000000386e-01 3.013116999999999823e+00 1.906309482265408951e+04 6.089591930187408970e-03
3.304101558757426726e+00 1.054408975298450279e+01 2.926741468025249482e+00 1.671997953915209578e+01 3.571839342309390264e-01 1.530525399999999969e+01 7.001581000000000055e-01 3.097326999999999941e+00 3.016286871572873861e+04 3.254033620048480291e+00 8.825800910825085666e+00 1.059745478135501573e+00 1.834474672982083732e+01 2.191357434727126474e+01 1.500000000000000000e+01 7.234983000000000386e-01 3.013116999999999823e+00 1.906309482265408951e+04 6.089591930187408970e-03
3.304101558757426726e+00 1.054408959586532468e+01 2.926741511637096060e+00 1.671997953915209578e+01 3.571839342309390264e-01 1.530525399999999969e+01 7.001581000000000055e-01 3.097326999999999941e+00 3.016286871572873861e+04 3.254033620048480291e+00 8.825800910825085666e+00 1.059745478135501573e+00 1.834474672982083732e+01 2.191357434727126474e+01 1.500000000000000000e+01 7.234983000000000386e-01 3.013116999999999823e+00 1.906309482265408951e+04 6.089591930187408970e-03
3.304101558757426726e+00 1.054408959586532468e+01 2.926741468025249482e+00 1.671997978829920584e+01 3.571839342309390264e-01 1.530525399999999969e+01 7.001581000000000055e-01 3.097326999999999941e+00 3.016286871572873861e+04 3.254033620048480291e+00 8.825800910825085666e+00 1.059745478135501573e+00 1.834474672982083732e+01 2.191357434727126474e+01 1.500000000000000000e+01 7.234983000000000386e-01 3.013116999999999823e+00 1.906309482265408951e+04 6.089591930187408970e-03
3.304101558757426726e+00 1.054408959586532468e+01 2.926741468025249482e+00 1.671997953915209578e+01 3.571839491321002202e-01 1.530525399999999969e+01 7.001581000000000055e-01 3.097326999999999941e+00 3.016286871572873861e+04 3.254033620048480291e+00 8.825800910825085666e+00 1.059745478135501573e+00 1.834474672982083732e+01 2.191357434727126474e+01 1.500000000000000000e+01 7.234983000000000386e-01 3.013116999999999823e+00 1.906309482265408951e+04 6.089591930187408970e-03
3.304101558757426726e+00 1.054408959586532468e+01 2.926741468025249482e+00 1.671997953915209578e+01 3.571839342309390264e-01 1.530525422806605640e+01 7.001581000000000055e-01 3.097326999999999941e+00 3.016286871572873861e+04 3.254033620048480291e+00 8.825800910825085666e+00 1.059745478135501573e+00 1.834474672982083732e+01 2.191357434727126474e+01 1.500000000000000000e+01 7.234983000000000386e-01 3.013116999999999823e+00 1.906309482265408951e+04 6.089591930187408970e-03
3.304101558757426726e+00 1.054408959586532468e+01 2.926741468025249482e+00 1.671997953915209578e+01 3.571839342309390264e-01 1.530525399999999969e+01 7.001581149011611993e-01 3.097326999999999941e+00 3.016286871572873861e+04 3.254033620048480291e+00 8.825800910825085666e+00 1.059745478135501573e+00 1.834474672982083732e+01 2.191357434727126474e+01 1.500000000000000000e+01 7.234983000000000386e-01 3.013116999999999823e+00 1.906309482265408951e+04 6.089591930187408970e-03
3.304101558757426726e+00 1.054408959586532468e+01 2.926741468025249482e+00 1.671997953915209578e+01 3.571839342309390264e-01 1.530525399999999969e+01 7.001581000000000055e-01 3.097326999999999941e+00 3.016286916519050646e+04 3.254033620048480291e+00 8.825800910825085666e+00 1.059745478135501573e+00 1.834474672982083732e+01 2.191357434727126474e+01 1.500000000000000000e+01 7.234983000000000386e-01 3.013116999999999823e+00 1.906309482265408951e+04 6.089591930187408970e-03
3.304101558757426726e+00 1.054408959586532468e+01 2.926741468025249482e+00 1.671997953915209578e+01 3.571839342309390264e-01 1.530525399999999969e+01 7.001581000000000055e-01 3.097326999999999941e+00 3.016286871572873861e+04 3.254033668537359869e+00 8.825800910825085666e+00 1.059745478135501573e+00 1.834474672982083732e+01 2.191357434727126474e+01 1.500000000000000000e+01 7.234983000000000386e-01 3.013116999999999823e+00 1.906309482265408951e+04 6.089591930187408970e-03
3.304101558757426726e+00 1.054408959586532468e+01 2.926741468025249482e+00 1.671997953915209578e+01 3.571839342309390264e-01 1.530525399999999969e+01 7.001581000000000055e-01 3.097326999999999941e+00 3.016286871572873861e+04 3.254033620048480291e+00 8.825801042339767477e+00 1.059745478135501573e+00 1.834474672982083732e+01 2.191357434727126474e+01 1.500000000000000000e+01 7.234983000000000386e-01 3.013116999999999823e+00 1.906309482265408951e+04 6.089591930187408970e-03
3.304101558757426726e+00 1.054408959586532468e+01 2.926741468025249482e+00 1.671997953915209578e+01 3.571839342309390264e-01 1.530525399999999969e+01 7.001581000000000055e-01 3.097326999999999941e+00 3.016286871572873861e+04 3.254033620048480291e+00 8.825800910825085666e+00 1.059745493926939730e+00 1.834474672982083732e+01 2.191357434727126474e+01 1.500000000000000000e+01 7.234983000000000386e-01 3.013116999999999823e+00 1.906309482265408951e+04 6.089591930187408970e-03
3.304101558757426726e+00 1.054408959586532468e+01 2.926741468025249482e+00 1.671997953915209578e+01 3.571839342309390264e-01 1.530525399999999969e+01 7.001581000000000055e-01 3.097326999999999941e+00 3.016286871572873861e+04 3.254033620048480291e+00 8.825800910825085666e+00 1.059745478135501573e+00 1.834474700317886686e+01 2.191357434727126474e+01 1.500000000000000000e+01 7.234983000000000386e-01 3.013116999999999823e+00 1.906309482265408951e+04 6.089591930187408970e-03
3.304101558757426726e+00 1.054408959586532468e+01 2.926741468025249482e+00 1.671997953915209578e+01 3.571839342309390264e-01 1.530525399999999969e+01 7.001581000000000055e-01 3.097326999999999941e+00 3.016286871572873861e+04 3.254033620048480291e+00 8.825800910825085666e+00 1.059745478135501573e+00 1.834474672982083732e+01 2.191357467380897006e+01 1.500000000000000000e+01 7.234983000000000386e-01 3.013116999999999823e+00 1.906309482265408951e+04 6.089591930187408970e-03
3.304101558757426726e+00 1.054408959586532468e+01 2.926741468025249482e+00 1.671997953915209578e+01 3.571839342309390264e-01 1.530525399999999969e+01 7.001581000000000055e-01 3.097326999999999941e+00 3.016286871572873861e+04 3.254033620048480291e+00 8.825800910825085666e+00 1.059745478135501573e+00 1.834474672982083732e+01 2.191357434727126474e+01 1.500000022351741791e+01 7.234983000000000386e-01 3.013116999999999823e+00 1.906309482265408951e+04 6.089591930187408970e-03
3.304101558757426726e+00 1.054408959586532468e+01 2.926741468025249482e+00 1.671997953915209578e+01 3.571839342309390264e-01 1.530525399999999969e+01 7.001581000000000055e-01 3.097326999999999941e+00 3.016286871572873861e+04 3.254033620048480291e+00 8.825800910825085666e+00 1.059745478135501573e+00 1.834474672982083732e+01 2.191357434727126474e+01 1.500000000000000000e+01 7.234983149011612324e-01 3.013116999999999823e+00 1.906309482265408951e+04 6.089591930187408970e-03
3.304101558757426726e+00 1.054408959586532468e+01 2.926741468025249482e+00 1.671997953915209578e+01 3.571839342309390264e-01 1.530525399999999969e+01 7.001581000000000055e-01 3.097326999999999941e+00 3.016286871572873861e+04 3.254033620048480291e+00 8.825800910825085666e+00 1.059745478135501573e+00 1.834474672982083732e+01 2.191357434727126474e+01 1.500000000000000000e+01 7.234983000000000386e-01 3.013116999999999823e+00 1.906309510671633689e+04 6.089591930187408970e-03
3.304101558757426726e+00 1.054408959586532468e+01 2.926741468025249482e+00 1.671997953915209578e+01 3.571839342309390264e-01 1.530525399999999969e+01 7.001581000000000055e-01 3.097326999999999941e+00 3.016286871572873861e+04 3.254033620048480291e+00 8.825800910825085666e+00 1.059745478135501573e+00 1.834474672982083732e+01 2.191357434727126474e+01 1.500000000000000000e+01 7.234983000000000386e-01 3.013116999999999823e+00 1.906309482265408951e+04 6.089606831348602818e-03
3.410110929776431377e+00 1.054408959586532468e+01 4.161185294353941799e-03 1.090738119773982362e+01 6.552332235404694227e-01 1.530525400000000147e+01 7.001581000000000055e-01 3.097326999999999941e+00 3.016286871572873861e+04 3.227860762816278761e+00 8.825800910825085666e+00 1.006895261851556533e+00 1.998646101078619708e+01 2.269431046527348173e+01 1.500000000000000000e+01 7.234983000000000386e-01 3.013116999999999823e+00 1.906309482265408951e+04 5.996831815669403758e-03
3.842861154473566465e+00 1.054408959586185368e+01 2.927587908433070485e+00 1.672497541361369500e+01 3.640741571079169070e-01 1.530525400000029634e+01 7.001580999999250654e-01 3.097326999999999941e+00 3.016286871572653763e+04 2.931310934046341909e+00 8.825800910825314816e+00 5.998330920631289587e-06 1.835476507029121862e+01 2.190076322181502633e+01 1.500000000000021849e+01 7.234982999999416409e-01 3.013116999999999823e+00 1.906309482265271072e+04 1.037799392047755731e-02
3.503202129803417719e+00 1.054617761879852189e+01 2.926760052570807069e+00 1.672362436274379505e+01 3.663436845213424720e-01 1.530522865742075034e+01 7.002852765199171214e-01 3.097326999999999941e+00 3.016279100687891696e+04 3.033031545549338848e+00 8.828185780071544642e+00 1.138751808091858164e+00 1.834703915613077641e+01 2.190836423039871406e+01 1.499999857101867917e+01 7.235090552858768342e-01 3.013116999999999823e+00 1.906305099419041653e+04 8.832239587801087727e-03
3.358364019871773021e+00 1.054681948687632342e+01 2.926751210395188263e+00 1.672097115609395601e+01 3.596490291558824826e-01 1.530524701323783887e+01 7.002224580553541022e-01 3.097326999999999941e+00 3.016284721037237614e+04 3.203584977718555660e+00 8.830162722056805080e+00 1.080420444027701432e+00 1.834538617483260481e+01 2.191229153837133126e+01 1.499999950527857706e+01 7.235031129714483145e-01 3.013116999999999823e+00 1.906308258695913173e+04 6.226574044145252035e-03
3.320976986741225989e+00 1.054502142681090504e+01 2.926748550583707420e+00 1.672028642487338956e+01 3.579234644104373197e-01 1.530525188444675777e+01 7.001789559314481881e-01 3.097326999999999941e+00 3.016286191614113704e+04 3.246820519670259308e+00 8.827465644866329342e+00 1.065432543705758128e+00 1.834495830690714158e+01 2.191329422802393267e+01 1.499999975734098534e+01 7.235007761354870226e-01 3.013116999999999823e+00 1.906309086131423828e+04 5.595321712727375704e-03
3.308343947075789160e+00 1.054420608169444940e+01 2.926745044850326050e+00 1.672005602214806430e+01 3.573578340845814938e-01 1.530525349490516440e+01 7.001631906223064750e-01 3.097326999999999941e+00 3.016286695874839279e+04 3.255977250808089529e+00 8.825806318389068039e+00 1.060845950431716034e+00 1.834480555347935393e+01 2.191355659637428488e+01 1.499999989966111968e+01 7.234993477031665954e-01 3.013116999999999823e+00 1.906309375863088644e+04 5.726261954637067164e-03
3.308343996373955598e+00 1.054420608169444940e+01 2.926745044850326050e+00 1.672005602214806430e+01 3.573578340845814938e-01 1.530525349490516440e+01 7.001631906223064750e-01 3.097326999999999941e+00 3.016286695874839279e+04 3.255977250808089529e+00 8.825806318389068039e+00 1.060845950431716034e+00 1.834480555347935393e+01 2.191355659637428488e+01 1.499999989966111968e+01 7.234993477031665954e-01 3.013116999999999823e+00 1.906309375863088644e+04 5.726261954637067164e-03
3.308343947075789160e+00 1.054420623881536301e+01 2.926745044850326050e+00 1.672005602214806430e+01 3.573578340845814938e-01 1.530525349490516440e+01 7.001631906223064750e-01 3.097326999999999941e+00 3.016286695874839279e+04 3.255977250808089529e+00 8.825806318389068039e+00 1.060845950431716034e+00 1.834480555347935393e+01 2.191355659637428488e+01 1.499999989966111968e+01 7.234993477031665954e-01 3.013116999999999823e+00 1.906309375863088644e+04 5.726261954637067164e-03
3.308343947075789160e+00 1.054420608169444940e+01 2.926745088462225919e+00 1.672005602214806430e+01 3.573578340845814938e-01 1.530525349490516440e+01 7.001631906223064750e-01 3.097326999999999941e+00 3.016286695874839279e+04 3.255977250808089529e+00 8.825806318389068039e+00 1.060845950431716034e+00 1.834480555347935393e+01 2.191355659637428488e+01 1.499999989966111968e+01 7.234993477031665954e-01 3.013116999999999823e+00 1.906309375863088644e+04 5.726261954637067164e-03
3.308343947075789160e+00 1.054420608169444940e+01 2.926745044850326050e+00 1.672005627129631478e+01 3.573578340845814938e-01 1.530525349490516440e+01 7.001631906223064750e-01 3.097326999999999941e+00 3.016286695874839279e+04 3.255977250808089529e+00 8.825806318389068039e+00 1.060845950431716034e+00 1.834480555347935393e+01 2.191355659637428488e+01 1.499999989966111968e+01 7.234993477031665954e-01 3.013116999999999823e+00 1.906309375863088644e+04 5.726261954637067164e-03
3.308343947075789160e+00 1.054420608169444940e+01 2.926745044850326050e+00 1.672005602214806430e+01 3.573578489857426876e-01 1.530525349490516440e+01 7.001631906223064750e-01 3.097326999999999941e+00 3.016286695874839279e+04 3.255977250808089529e+00 8.825806318389068039e+00 1.060845950431716034e+00 1.834480555347935393e+01 2.191355659637428488e+01 1.499999989966111968e+01 7.234993477031665954e-01 3.013116999999999823e+00 1.906309375863088644e+04 5.726261954637067164e-03
3.308343947075789160e+00 1.054420608169444940e+01 2.926745044850326050e+00 1.672005602214806430e+01 3.573578340845814938e-01 1.530525372297121400e+01 7.001631906223064750e-01 3.097326999999999941e+00 3.016286695874839279e+04 3.255977250808089529e+00 8.825806318389068039e+00 1.060845950431716034e+00 1.834480555347935393e+01 2.191355659637428488e+01 1.499999989966111968e+01 7.234993477031665954e-01 3.013116999999999823e+00 1.906309375863088644e+04 5.726261954637067164e-03
3.308343947075789160e+00 1.054420608169444940e+01 2.926745044850326050e+00 1.672005602214806430e+01 3.573578340845814938e-01 1.530525349490516440e+01 7.001632055234676688e-01 3.097326999999999941e+00 3.016286695874839279e+04 3.255977250808089529e+00 8.825806318389068039e+00 1.060845950431716034e+00 1.834480555347935393e+01 2.191355659637428488e+01 1.499999989966111968e+01 7.234993477031665954e-01 3.013116999999999823e+00 1.906309375863088644e+04 5.726261954637067164e-03
3.308343947075789160e+00 1.054420608169444940e+01 2.926745044850326050e+00 1.672005602214806430e+01 3.573578340845814938e-01 1.530525349490516440e+01 7.001631906223064750e-01 3.097326999999999941e+00 3.016286740821013518e+04 3.255977250808089529e+00 8.825806318389068039e+00 1.060845950431716034e+00 1.834480555347935393e+01 2.191355659637428488e+01 1.499999989966111968e+01 7.234993477031665954e-01 3.013116999999999823e+00 1.906309375863088644e+04 5.726261954637067164e-03
3.308343947075789160e+00 1.054420608169444940e+01 2.926745044850326050e+00 1.672005602214806430e+01 3.573578340845814938e-01 1.530525349490516440e+01 7.001631906223064750e-01 3.097326999999999941e+00 3.016286695874839279e+04 3.255977299325931273e+00 8.825806318389068039e+00 1.060845950431716034e+00 1.834480555347935393e+01 2.191355659637428488e+01 1.499999989966111968e+01 7.234993477031665954e-01 3.013116999999999823e+00 1.906309375863088644e+04 5.726261954637067164e-03
3.308343947075789160e+00 1.054420608169444940e+01 2.926745044850326050e+00 1.672005602214806430e+01 3.573578340845814938e-01 1.530525349490516440e+01 7.001631906223064750e-01 3.097326999999999941e+00 3.016286695874839279e+04 3.255977250808089529e+00 8.825806449903829787e+00 1.060845950431716034e+00 1.834480555347935393e+01 2.191355659637428488e+01 1.499999989966111968e+01 7.234993477031665954e-01 3.013116999999999823e+00 1.906309375863088644e+04 5.726261954637067164e-03
3.308343947075789160e+00 1.054420608169444940e+01 2.926745044850326050e+00 1.672005602214806430e+01 3.573578340845814938e-01 1.530525349490516440e+01 7.001631906223064750e-01 3.097326999999999941e+00 3.016286695874839279e+04 3.255977250808089529e+00 8.825806318389068039e+00 1.060845966239552629e+00 1.834480555347935393e+01 2.191355659637428488e+01 1.499999989966111968e+01 7.234993477031665954e-01 3.013116999999999823e+00 1.906309375863088644e+04 5.726261954637067164e-03
3.308343947075789160e+00 1.054420608169444940e+01 2.926745044850326050e+00 1.672005602214806430e+01 3.573578340845814938e-01 1.530525349490516440e+01 7.001631906223064750e-01 3.097326999999999941e+00 3.016286695874839279e+04 3.255977250808089529e+00 8.825806318389068039e+00 1.060845950431716034e+00 1.834480582683825745e+01 2.191355659637428488e+01 1.499999989966111968e+01 7.234993477031665954e-01 3.013116999999999823e+00 1.906309375863088644e+04 5.726261954637067164e-03
3.308343947075789160e+00 1.054420608169444940e+01 2.926745044850326050e+00 1.672005602214806430e+01 3.573578340845814938e-01 1.530525349490516440e+01 7.001631906223064750e-01 3.097326999999999941e+00 3.016286695874839279e+04 3.255977250808089529e+00 8.825806318389068039e+00 1.060845950431716034e+00 1.834480555347935393e+01 2.191355692291172375e+01 1.499999989966111968e+01 7.234993477031665954e-01 3.013116999999999823e+00 1.906309375863088644e+04 5.726261954637067164e-03
3.308343947075789160e+00 1.054420608169444940e+01 2.926745044850326050e+00 1.672005602214806430e+01 3.573578340845814938e-01 1.530525349490516440e+01 7.001631906223064750e-01 3.097326999999999941e+00 3.016286695874839279e+04 3.255977250808089529e+00 8.825806318389068039e+00 1.060845950431716034e+00 1.834480555347935393e+01 2.191355659637428488e+01 1.500000012317853582e+01 7.234993477031665954e-01 3.013116999999999823e+00 1.906309375863088644e+04 5.726261954637067164e-03
3.308343947075789160e+00 1.054420608169444940e+01 2.926745044850326050e+00 1.672005602214806430e+01 3.573578340845814938e-01 1.530525349490516440e+01 7.001631906223064750e-01 3.097326999999999941e+00 3.016286695874839279e+04 3.255977250808089529e+00 8.825806318389068039e+00 1.060845950431716034e+00 1.834480555347935393e+01 2.191355659637428488e+01 1.499999989966111968e+01 7.234993626043277892e-01 3.013116999999999823e+00 1.906309375863088644e+04 5.726261954637067164e-03
3.308343947075789160e+00 1.054420608169444940e+01 2.926745044850326050e+00 1.672005602214806430e+01 3.573578340845814938e-01 1.530525349490516440e+01 7.001631906223064750e-01 3.097326999999999941e+00 3.016286695874839279e+04 3.255977250808089529e+00 8.825806318389068039e+00 1.060845950431716034e+00 1.834480555347935393e+01 2.191355659637428488e+01 1.499999989966111968e+01 7.234993477031665954e-01 3.013116999999999823e+00 1.906309404269311926e+04 5.726261954637067164e-03
3.308343947075789160e+00 1.054420608169444940e+01 2.926745044850326050e+00 1.672005602214806430e+01 3.573578340845814938e-01 1.530525349490516440e+01 7.001631906223064750e-01 3.097326999999999941e+00 3.016286695874839279e+04 3.255977250808089529e+00 8.825806318389068039e+00 1.060845950431716034e+00 1.834480555347935393e+01 2.191355659637428488e+01 1.499999989966111968e+01 7.234993477031665954e-01 3.013116999999999823e+00 1.906309375863088644e+04 5.726276855798261012e-03
3.310307850291245746e+00 1.054421035817168928e+01 2.926747767635246245e+00 1.672036144344405884e+01 3.573727069822256741e-01 1.530525342927727372e+01 7.001689250720135593e-01 3.097326999999999941e+00 3.016286695873467033e+04 3.256375430933326154e+00 8.825810401247981218e+00 1.061307779935811046e+00 1.834506342145982671e+01 2.191339160057772517e+01 1.499999987784148026e+01 7.234999330805260698e-01 3.013116999999999823e+00 1.906309375861786975e+04 5.582076085581583538e-03
3.308827737419103077e+00 1.054420665360882836e+01 2.926745518462249951e+00 1.672010390952398495e+01 3.573601661103691374e-01 1.530525348482959558e+01 7.001640774534461098e-01 3.097326999999999941e+00 3.016286695874626093e+04 3.256164948519988833e+00 8.825806538576591365e+00 1.060931408826764510e+00 1.834484680852780514e+01 2.191353953440265556e+01 1.499999989598475914e+01 7.234994472200829696e-01 3.013116999999999823e+00 1.906309375862884917e+04 5.684332869528784318e-03
3.308827786724478415e+00 1.054420665360882836e+01 2.926745518462249951e+00 1.672010390952398495e+01 3.573601661103691374e-01 1.530525348482959558e+01 7.001640774534461098e-01 3.097326999999999941e+00 3.016286695874626093e+04 3.256164948519988833e+00 8.825806538576591365e+00 1.060931408826764510e+00 1.834484680852780514e+01 2.191353953440265556e+01 1.499999989598475914e+01 7.234994472200829696e-01 3.013116999999999823e+00 1.906309375862884917e+04 5.684332869528784318e-03
3.308827737419103077e+00 1.054420681072975086e+01 2.926745518462249951e+00 1.672010390952398495e+01 3.573601661103691374e-01 1.530525348482959558e+01 7.001640774534461098e-01 3.097326999999999941e+00 3.016286695874626093e+04 3.256164948519988833e+00 8.825806538576591365e+00 1.060931408826764510e+00 1.834484680852780514e+01 2.191353953440265556e+01 1.499999989598475914e+01 7.234994472200829696e-01 3.013116999999999823e+00 1.906309375862884917e+04 5.684332869528784318e-03
3.308827737419103077e+00 1.054420665360882836e+01 2.926745562074156481e+00 1.672010390952398495e+01 3.573601661103691374e-01 1.530525348482959558e+01 7.001640774534461098e-01 3.097326999999999941e+00 3.016286695874626093e+04 3.256164948519988833e+00 8.825806538576591365e+00 1.060931408826764510e+00 1.834484680852780514e+01 2.191353953440265556e+01 1.499999989598475914e+01 7.234994472200829696e-01 3.013116999999999823e+00 1.906309375862884917e+04 5.684332869528784318e-03
3.308827737419103077e+00 1.054420665360882836e+01 2.926745518462249951e+00 1.672010415867294952e+01 3.573601661103691374e-01 1.530525348482959558e+01 7.001640774534461098e-01 3.097326999999999941e+00 3.016286695874626093e+04 3.256164948519988833e+00 8.825806538576591365e+00 1.060931408826764510e+00 1.834484680852780514e+01 2.191353953440265556e+01 1.499999989598475914e+01 7.234994472200829696e-01 3.013116999999999823e+00 1.906309375862884917e+04 5.684332869528784318e-03
3.308827737419103077e+00 1.054420665360882836e+01 2.926745518462249951e+00 1.672010390952398495e+01 3.573601810115303312e-01 1.530525348482959558e+01 7.001640774534461098e-01 3.097326999999999941e+00 3.016286695874626093e+04 3.256164948519988833e+00 8.825806538576591365e+00 1.060931408826764510e+00 1.834484680852780514e+01 2.191353953440265556e+01 1.499999989598475914e+01 7.234994472200829696e-01 3.013116999999999823e+00 1.906309375862884917e+04 5.684332869528784318e-03
3.308827737419103077e+00 1.054420665360882836e+01 2.926745518462249951e+00 1.672010390952398495e+01 3.573601661103691374e-01 1.530525371289564518e+01 7.001640774534461098e-01 3.097326999999999941e+00 3.016286695874626093e+04 3.256164948519988833e+00 8.825806538576591365e+00 1.060931408826764510e+00 1.834484680852780514e+01 2.191353953440265556e+01 1.499999989598475914e+01 7.234994472200829696e-01 3.013116999999999823e+00 1.906309375862884917e+04 5.684332869528784318e-03
3.308827737419103077e+00 1.054420665360882836e+01 2.926745518462249951e+00 1.672010390952398495e+01 3.573601661103691374e-01 1.530525348482959558e+01 7.001640923546073036e-01 3.097326999999999941e+00 3.016286695874626093e+04 3.256164948519988833e+00 8.825806538576591365e+00 1.060931408826764510e+00 1.834484680852780514e+01 2.191353953440265556e+01 1.499999989598475914e+01 7.234994472200829696e-01 3.013116999999999823e+00 1.906309375862884917e+04 5.684332869528784318e-03
3.308827737419103077e+00 1.054420665360882836e+01 2.926745518462249951e+00 1.672010390952398495e+01 3.573601661103691374e-01 1.530525348482959558e+01 7.001640774534461098e-01 3.097326999999999941e+00 3.016286740820800333e+04 3.256164948519988833e+00 8.825806538576591365e+00 1.060931408826764510e+00 1.834484680852780514e+01 2.191353953440265556e+01 1.499999989598475914e+01 7.234994472200829696e-01 3.013116999999999823e+00 1.906309375862884917e+04 5.684332869528784318e-03
3.308827737419103077e+00 1.054420665360882836e+01 2.926745518462249951e+00 1.672010390952398495e+01 3.573601661103691374e-01 1.530525348482959558e+01 7.001640774534461098e-01 3.097326999999999941e+00 3.016286695874626093e+04 3.256164997040627451e+00 8.825806538576591365e+00 1.060931408826764510e+00 1.834484680852780514e+01 2.191353953440265556e+01 1.499999989598475914e+01 7.234994472200829696e-01 3.013116999999999823e+00 1.906309375862884917e+04 5.684332869528784318e-03
3.308827737419103077e+00 1.054420665360882836e+01 2.926745518462249951e+00 1.672010390952398495e+01 3.573601661103691374e-01 1.530525348482959558e+01 7.001640774534461098e-01 3.097326999999999941e+00 3.016286695874626093e+04 3.256164948519988833e+00 8.825806670091356665e+00 1.060931408826764510e+00 1.834484680852780514e+01 2.191353953440265556e+01 1.499999989598475914e+01 7.234994472200829696e-01 3.013116999999999823e+00 1.906309375862884917e+04 5.684332869528784318e-03
3.308827737419103077e+00 1.054420665360882836e+01 2.926745518462249951e+00 1.672010390952398495e+01 3.573601661103691374e-01 1.530525348482959558e+01 7.001640774534461098e-01 3.097326999999999941e+00 3.016286695874626093e+04 3.256164948519988833e+00 8.825806538576591365e+00 1.060931424635874532e+00 1.834484680852780514e+01 2.191353953440265556e+01 1.499999989598475914e+01 7.234994472200829696e-01 3.013116999999999823e+00 1.906309375862884917e+04 5.684332869528784318e-03
3.308827737419103077e+00 1.054420665360882836e+01 2.926745518462249951e+00 1.672010390952398495e+01 3.573601661103691374e-01 1.530525348482959558e+01 7.001640774534461098e-01 3.097326999999999941e+00 3.016286695874626093e+04 3.256164948519988833e+00 8.825806538576591365e+00 1.060931408826764510e+00 1.834484708188732327e+01 2.191353953440265556e+01 1.499999989598475914e+01 7.234994472200829696e-01 3.013116999999999823e+00 1.906309375862884917e+04 5.684332869528784318e-03
3.308827737419103077e+00 1.054420665360882836e+01 2.926745518462249951e+00 1.672010390952398495e+01 3.573601661103691374e-01 1.530525348482959558e+01 7.001640774534461098e-01 3.097326999999999941e+00 3.016286695874626093e+04 3.256164948519988833e+00 8.825806538576591365e+00 1.060931408826764510e+00 1.834484680852780514e+01 2.191353986093984219e+01 1.499999989598475914e+01 7.234994472200829696e-01 3.013116999999999823e+00 1.906309375862884917e+04 5.684332869528784318e-03
3.308827737419103077e+00 1.054420665360882836e+01 2.926745518462249951e+00 1.672010390952398495e+01 3.573601661103691374e-01 1.530525348482959558e+01 7.001640774534461098e-01 3.097326999999999941e+00 3.016286695874626093e+04 3.256164948519988833e+00 8.825806538576591365e+00 1.060931408826764510e+00 1.834484680852780514e+01 2.191353953440265556e+01 1.500000011950217527e+01 7.234994472200829696e-01 3.013116999999999823e+00 1.906309375862884917e+04 5.684332869528784318e-03
3.308827737419103077e+00 1.054420665360882836e+01 2.926745518462249951e+00 1.672010390952398495e+01 3.573601661103691374e-01 1.530525348482959558e+01 7.001640774534461098e-01 3.097326999999999941e+00 3.016286695874626093e+04 3.256164948519988833e+00 8.825806538576591365e+00 1.060931408826764510e+00 1.834484680852780514e+01 2.191353953440265556e+01 1.499999989598475914e+01 7.234994621212441634e-01 3.013116999999999823e+00 1.906309375862884917e+04 5.684332869528784318e-03
3.308827737419103077e+00 1.054420665360882836e+01 2.926745518462249951e+00 1.672010390952398495e+01 3.573601661103691374e-01 1.530525348482959558e+01 7.001640774534461098e-01 3.097326999999999941e+00 3.016286695874626093e+04 3.256164948519988833e+00 8.825806538576591365e+00 1.060931408826764510e+00 1.834484680852780514e+01 2.191353953440265556e+01 1.499999989598475914e+01 7.234994472200829696e-01 3.013116999999999823e+00 1.906309404269108200e+04 5.684332869528784318e-03
3.308827737419103077e+00 1.054420665360882836e+01 2.926745518462249951e+00 1.672010390952398495e+01 3.573601661103691374e-01 1.530525348482959558e+01 7.001640774534461098e-01 3.097326999999999941e+00 3.016286695874626093e+04 3.256164948519988833e+00 8.825806538576591365e+00 1.060931408826764510e+00 1.834484680852780514e+01 2.191353953440265556e+01 1.499999989598475914e+01 7.234994472200829696e-01 3.013116999999999823e+00 1.906309375862884917e+04 5.684347770689978166e-03
3.309099804943603118e+00 1.054421683681848343e+01 2.926745738510683648e+00 1.672010883909852197e+01 3.573658008718614831e-01 1.530525345276920746e+01 7.001644035484658746e-01 3.097326999999999941e+00 3.016286684751163921e+04 3.256268439740886755e+00 8.825809941258887292e+00 1.061003589474129205e+00 1.834485053232235430e+01 2.191353807164775702e+01 1.499999988976033727e+01 7.234995129013146453e-01 3.013116999999999823e+00 1.906309369148953192e+04 5.663276400636229994e-03
3.309099854253032547e+00 1.054421683681848343e+01 2.926745738510683648e+00 1.672010883909852197e+01 3.573658008718614831e-01 1.530525345276920746e+01 7.001644035484658746e-01 3.097326999999999941e+00 3.016286684751163921e+04 3.256268439740886755e+00 8.825809941258887292e+00 1.061003589474129205e+00 1.834485053232235430e+01 2.191353807164775702e+01 1.499999988976033727e+01 7.234995129013146453e-01 3.013116999999999823e+00 1.906309369148953192e+04 5.663276400636229994e-03
3.309099804943603118e+00 1.054421699393955869e+01 2.926745738510683648e+00 1.672010883909852197e+01 3.573658008718614831e-01 1.530525345276920746e+01 7.001644035484658746e-01 3.097326999999999941e+00 3.016286684751163921e+04 3.256268439740886755e+00 8.825809941258887292e+00 1.061003589474129205e+00 1.834485053232235430e+01 2.191353807164775702e+01 1.499999988976033727e+01 7.234995129013146453e-01 3.013116999999999823e+00 1.906309369148953192e+04 5.663276400636229994e-03
3.309099804943603118e+00 1.054421683681848343e+01 2.926745782122593731e+00 1.672010883909852197e+01 3.573658008718614831e-01 1.530525345276920746e+01 7.001644035484658746e-01 3.097326999999999941e+00 3.016286684751163921e+04 3.256268439740886755e+00 8.825809941258887292e+00 1.061003589474129205e+00 1.834485053232235430e+01 2.191353807164775702e+01 1.499999988976033727e+01 7.234995129013146453e-01 3.013116999999999823e+00 1.906309369148953192e+04 5.663276400636229994e-03
3.309099804943603118e+00 1.054421683681848343e+01 2.926745738510683648e+00 1.672010908824755759e+01 3.573658008718614831e-01 1.530525345276920746e+01 7.001644035484658746e-01 3.097326999999999941e+00 3.016286684751163921e+04 3.256268439740886755e+00 8.825809941258887292e+00 1.061003589474129205e+00 1.834485053232235430e+01 2.191353807164775702e+01 1.499999988976033727e+01 7.234995129013146453e-01 3.013116999999999823e+00 1.906309369148953192e+04 5.663276400636229994e-03
3.309099804943603118e+00 1.054421683681848343e+01 2.926745738510683648e+00 1.672010883909852197e+01 3.573658157730226770e-01 1.530525345276920746e+01 7.001644035484658746e-01 3.097326999999999941e+00 3.016286684751163921e+04 3.256268439740886755e+00 8.825809941258887292e+00 1.061003589474129205e+00 1.834485053232235430e+01 2.191353807164775702e+01 1.499999988976033727e+01 7.234995129013146453e-01 3.013116999999999823e+00 1.906309369148953192e+04 5.663276400636229994e-03
3.309099804943603118e+00 1.054421683681848343e+01 2.926745738510683648e+00 1.672010883909852197e+01 3.573658008718614831e-01 1.530525368083525706e+01 7.001644035484658746e-01 3.097326999999999941e+00 3.016286684751163921e+04 3.256268439740886755e+00 8.825809941258887292e+00 1.061003589474129205e+00 1.834485053232235430e+01 2.191353807164775702e+01 1.499999988976033727e+01 7.234995129013146453e-01 3.013116999999999823e+00 1.906309369148953192e+04 5.663276400636229994e-03
3.309099804943603118e+00 1.054421683681848343e+01 2.926745738510683648e+00 1.672010883909852197e+01 3.573658008718614831e-01 1.530525345276920746e+01 7.001644184496270684e-01 3.097326999999999941e+00 3.016286684751163921e+04 3.256268439740886755e+00 8.825809941258887292e+00 1.061003589474129205e+00 1.834485053232235430e+01 2.191353807164775702e+01 1.499999988976033727e+01 7.234995129013146453e-01 3.013116999999999823e+00 1.906309369148953192e+04 5.663276400636229994e-03
3.309099804943603118e+00 1.054421683681848343e+01 2.926745738510683648e+00 1.672010883909852197e+01 3.573658008718614831e-01 1.530525345276920746e+01 7.001644035484658746e-01 3.097326999999999941e+00 3.016286729697338160e+04 3.256268439740886755e+00 8.825809941258887292e+00 1.061003589474129205e+00 1.834485053232235430e+01 2.191353807164775702e+01 1.499999988976033727e+01 7.234995129013146453e-01 3.013116999999999823e+00 1.906309369148953192e+04 5.663276400636229994e-03
3.309099804943603118e+00 1.054421683681848343e+01 2.926745738510683648e+00 1.672010883909852197e+01 3.573658008718614831e-01 1.530525345276920746e+01 7.001644035484658746e-01 3.097326999999999941e+00 3.016286684751163921e+04 3.256268488263067695e+00 8.825809941258887292e+00 1.061003589474129205e+00 1.834485053232235430e+01 2.191353807164775702e+01 1.499999988976033727e+01 7.234995129013146453e-01 3.013116999999999823e+00 1.906309369148953192e+04 5.663276400636229994e-03
3.309099804943603118e+00 1.054421683681848343e+01 2.926745738510683648e+00 1.672010883909852197e+01 3.573658008718614831e-01 1.530525345276920746e+01 7.001644035484658746e-01 3.097326999999999941e+00 3.016286684751163921e+04 3.256268439740886755e+00 8.825810072773704107e+00 1.061003589474129205e+00 1.834485053232235430e+01 2.191353807164775702e+01 1.499999988976033727e+01 7.234995129013146453e-01 3.013116999999999823e+00 1.906309369148953192e+04 5.663276400636229994e-03
3.309099804943603118e+00 1.054421683681848343e+01 2.926745738510683648e+00 1.672010883909852197e+01 3.573658008718614831e-01 1.530525345276920746e+01 7.001644035484658746e-01 3.097326999999999941e+00 3.016286684751163921e+04 3.256268439740886755e+00 8.825809941258887292e+00 1.061003605284314810e+00 1.834485053232235430e+01 2.191353807164775702e+01 1.499999988976033727e+01 7.234995129013146453e-01 3.013116999999999823e+00 1.906309369148953192e+04 5.663276400636229994e-03
3.309099804943603118e+00 1.054421683681848343e+01 2.926745738510683648e+00 1.672010883909852197e+01 3.573658008718614831e-01 1.530525345276920746e+01 7.001644035484658746e-01 3.097326999999999941e+00 3.016286684751163921e+04 3.256268439740886755e+00 8.825809941258887292e+00 1.061003589474129205e+00 1.834485080568192927e+01 2.191353807164775702e+01 1.499999988976033727e+01 7.234995129013146453e-01 3.013116999999999823e+00 1.906309369148953192e+04 5.663276400636229994e-03
3.309099804943603118e+00 1.054421683681848343e+01 2.926745738510683648e+00 1.672010883909852197e+01 3.573658008718614831e-01 1.530525345276920746e+01 7.001644035484658746e-01 3.097326999999999941e+00 3.016286684751163921e+04 3.256268439740886755e+00 8.825809941258887292e+00 1.061003589474129205e+00 1.834485053232235430e+01 2.191353839818491878e+01 1.499999988976033727e+01 7.234995129013146453e-01 3.013116999999999823e+00 1.906309369148953192e+04 5.663276400636229994e-03
3.309099804943603118e+00 1.054421683681848343e+01 2.926745738510683648e+00 1.672010883909852197e+01 3.573658008718614831e-01 1.530525345276920746e+01 7.001644035484658746e-01 3.097326999999999941e+00 3.016286684751163921e+04 3.256268439740886755e+00 8.825809941258887292e+00 1.061003589474129205e+00 1.834485053232235430e+01 2.191353807164775702e+01 1.500000011327775340e+01 7.234995129013146453e-01 3.013116999999999823e+00 1.906309369148953192e+04 5.663276400636229994e-03
3.309099804943603118e+00 1.054421683681848343e+01 2.926745738510683648e+00 1.672010883909852197e+01 3.573658008718614831e-01 1.530525345276920746e+01 7.001644035484658746e-01 3.097326999999999941e+00 3.016286684751163921e+04 3.256268439740886755e+00 8.825809941258887292e+00 1.061003589474129205e+00 1.834485053232235430e+01 2.191353807164775702e+01 1.499999988976033727e+01 7.234995278024758392e-01 3.013116999999999823e+00 1.906309369148953192e+04 5.663276400636229994e-03
3.309099804943603118e+00 1.054421683681848343e+01 2.926745738510683648e+00 1.672010883909852197e+01 3.573658008718614831e-01 1.530525345276920746e+01 7.001644035484658746e-01 3.097326999999999941e+00 3.016286684751163921e+04 3.256268439740886755e+00 8.825809941258887292e+00 1.061003589474129205e+00 1.834485053232235430e+01 2.191353807164775702e+01 1.499999988976033727e+01 7.234995129013146453e-01 3.013116999999999823e+00 1.906309397555176474e+04 5.663276400636229994e-03
3.309099804943603118e+00 1.054421683681848343e+01 2.926745738510683648e+00 1.672010883909852197e+01 3.573658008718614831e-01 1.530525345276920746e+01 7.001644035484658746e-01 3.097326999999999941e+00 3.016286684751163921e+04 3.256268439740886755e+00 8.825809941258887292e+00 1.061003589474129205e+00 1.834485053232235430e+01 2.191353807164775702e+01 1.499999988976033727e+01 7.234995129013146453e-01 3.013116999999999823e+00 1.906309369148953192e+04 5.663291301797423842e-03
