3.166802658494115352e+00 7.017525303400565129e+00 1.268388876844950275e+00 1.578682602826169746e-07 3.705956313117831513e+01 1.549994700000000059e+01 7.954442999999999930e-01 3.681439999999999824e+00 2.686989155409976956e+04 3.204884284122583391e-03
3.166802705683152031e+00 7.017525303400565129e+00 1.268388876844950275e+00 1.578682602826169746e-07 3.705956313117831513e+01 1.549994700000000059e+01 7.954442999999999930e-01 3.681439999999999824e+00 2.686989155409976956e+04 3.204884284122583391e-03
3.166802658494115352e+00 7.017525407969841034e+00 1.268388876844950275e+00 1.578682602826169746e-07 3.705956313117831513e+01 1.549994700000000059e+01 7.954442999999999930e-01 3.681439999999999824e+00 2.686989155409976956e+04 3.204884284122583391e-03
3.166802658494115352e+00 7.017525303400565129e+00 1.268388895745417466e+00 1.578682602826169746e-07 3.705956313117831513e+01 1.549994700000000059e+01 7.954442999999999930e-01 3.681439999999999824e+00 2.686989155409976956e+04 3.204884284122583391e-03
3.166802658494115352e+00 7.017525303400565129e+00 1.268388876844950275e+00 1.727694214764646308e-07 3.705956313117831513e+01 1.549994700000000059e+01 7.954442999999999930e-01 3.681439999999999824e+00 2.686989155409976956e+04 3.204884284122583391e-03
3.166802658494115352e+00 7.017525303400565129e+00 1.268388876844950275e+00 1.578682602826169746e-07 3.705956368340883955e+01 1.549994700000000059e+01 7.954442999999999930e-01 3.681439999999999824e+00 2.686989155409976956e+04 3.204884284122583391e-03
3.166802658494115352e+00 7.017525303400565129e+00 1.268388876844950275e+00 1.578682602826169746e-07 3.705956313117831513e+01 1.549994723096720861e+01 7.954442999999999930e-01 3.681439999999999824e+00 2.686989155409976956e+04 3.204884284122583391e-03
3.166802658494115352e+00 7.017525303400565129e+00 1.268388876844950275e+00 1.578682602826169746e-07 3.705956313117831513e+01 1.549994700000000059e+01 7.954443149011611869e-01 3.681439999999999824e+00 2.686989155409976956e+04 3.204884284122583391e-03
3.166802658494115352e+00 7.017525303400565129e+00 1.268388876844950275e+00 1.578682602826169746e-07 3.705956313117831513e+01 1.549994700000000059e+01 7.954442999999999930e-01 3.681439999999999824e+00 2.686989195449235558e+04 3.204884284122583391e-03
3.166802658494115352e+00 7.017525303400565129e+00 1.268388876844950275e+00 1.578682602826169746e-07 3.705956313117831513e+01 1.549994700000000059e+01 7.954442999999999930e-01 3.681439999999999824e+00 2.686989155409976956e+04 3.204899185283777239e-03
3.594801797212920924e+00 7.979201659868687457e+00 1.273950843252818155e+00 1.567253787839352563e-07 8.436497097363826470e-05 1.551851310216353141e+01 7.924643511486857417e-01 3.681439999999999824e+00 2.714205637281245799e+04 3.384169641229626928e-03
3.177976828966116774e+00 7.273333772962377708e+00 1.274294082550732954e+00 5.989486570531698448e-09 3.684834546856914272e+01 1.599999997964333254e+01 7.788626070787174616e-01 3.681439999999999824e+00 2.693405776938404233e+04 3.677152547181216508e-03
3.175431593284999021e+00 7.268094074333870225e+00 1.273321500720577815e+00 6.915654319993849923e-09 3.701523361227378217e+01 1.599999997662764173e+01 7.792898947859151493e-01 3.681439999999999824e+00 2.688490803318048711e+04 3.647756996980014866e-03
3.174839126477029261e+00 7.267036428709341855e+00 1.273094875968136419e+00 7.230340261231030861e-09 3.705436664406566649e+01 1.599999997561069698e+01 7.793778020324846345e-01 3.681439999999999824e+00 2.687333926559011161e+04 3.641165936185991169e-03
3.174736436758851088e+00 7.268687888205841219e+00 1.273060463430677469e+00 8.399033968361213968e-09 3.706481843639767959e+01 1.599999997186761469e+01 7.792586438850529484e-01 3.681439999999999824e+00 2.687026133656465390e+04 3.643102876200426943e-03
3.171559168945293550e+00 7.176084948660784946e+00 1.270885868780870842e+00 8.930330764079396813e-08 3.706366453361393098e+01 1.559590665852278590e+01 7.839111544345946925e-01 3.681439999999999824e+00 2.686989258440069534e+04 3.492558938371872600e-03
3.168492444187130719e+00 7.065589965906565517e+00 1.269422229457810802e+00 1.444637450541542215e-07 3.706080989014396465e+01 1.551403094650512138e+01 7.911460471275799655e-01 3.681439999999999824e+00 2.686989168718816290e+04 3.275126051428762890e-03
3.167521773960883191e+00 7.029665462568025269e+00 1.268987194088436743e+00 1.548342597531050222e-07 3.705988140244269857e+01 1.550296284758102239e+01 7.935679042803495120e-01 3.681439999999999824e+00 2.686989158241765836e+04 3.203050884316432836e-03
3.167260499673628438e+00 7.020264399699586377e+00 1.268857991109271222e+00 1.571848195422749856e-07 3.705963832407552161e+01 1.550061946500764876e+01 7.942334385579310485e-01 3.681439999999999824e+00 2.686989156038370857e+04 3.184817363694988999e-03
3.167070767574427848e+00 7.017630932169613089e+00 1.268625121317760840e+00 1.578282855585772307e-07 3.705956889705910839e+01 1.549998766592727506e+01 7.947978182952440962e-01 3.681439999999999824e+00 2.686989155445859069e+04 3.188545639982096058e-03
3.166885643126944760e+00 7.017529075429018270e+00 1.268437611379268359e+00 1.578635904088297280e-07 3.705956417721396434e+01 1.549995196673181752e+01 7.952837836670368921e-01 3.681439999999999824e+00 2.686989155414057677e+04 3.199919732497788407e-03
3.166885690317218227e+00 7.017529075429018270e+00 1.268437611379268359e+00 1.578635904088297280e-07 3.705956417721396434e+01 1.549995196673181752e+01 7.952837836670368921e-01 3.681439999999999824e+00 2.686989155414057677e+04 3.199919732497788407e-03
3.166885643126944760e+00 7.017529179998350131e+00 1.268437611379268359e+00 1.578635904088297280e-07 3.705956417721396434e+01 1.549995196673181752e+01 7.952837836670368921e-01 3.681439999999999824e+00 2.686989155414057677e+04 3.199919732497788407e-03
3.166885643126944760e+00 7.017529075429018270e+00 1.268437630280461637e+00 1.578635904088297280e-07 3.705956417721396434e+01 1.549995196673181752e+01 7.952837836670368921e-01 3.681439999999999824e+00 2.686989155414057677e+04 3.199919732497788407e-03
3.166885643126944760e+00 7.017529075429018270e+00 1.268437611379268359e+00 1.727647516026773842e-07 3.705956417721396434e+01 1.549995196673181752e+01 7.952837836670368921e-01 3.681439999999999824e+00 2.686989155414057677e+04 3.199919732497788407e-03
3.166885643126944760e+00 7.017529075429018270e+00 1.268437611379268359e+00 1.578635904088297280e-07 3.705956472944450297e+01 1.549995196673181752e+01 7.952837836670368921e-01 3.681439999999999824e+00 2.686989155414057677e+04 3.199919732497788407e-03
3.166885643126944760e+00 7.017529075429018270e+00 1.268437611379268359e+00 1.578635904088297280e-07 3.705956417721396434e+01 1.549995219769910015e+01 7.952837836670368921e-01 3.681439999999999824e+00 2.686989155414057677e+04 3.199919732497788407e-03
3.166885643126944760e+00 7.017529075429018270e+00 1.268437611379268359e+00 1.578635904088297280e-07 3.705956417721396434e+01 1.549995196673181752e+01 7.952837985681980859e-01 3.681439999999999824e+00 2.686989155414057677e+04 3.199919732497788407e-03
3.166885643126944760e+00 7.017529075429018270e+00 1.268437611379268359e+00 1.578635904088297280e-07 3.705956417721396434e+01 1.549995196673181752e+01 7.952837836670368921e-01 3.681439999999999824e+00 2.686989195453316279e+04 3.199919732497788407e-03
3.166885643126944760e+00 7.017529075429018270e+00 1.268437611379268359e+00 1.578635904088297280e-07 3.705956417721396434e+01 1.549995196673181752e+01 7.952837836670368921e-01 3.681439999999999824e+00 2.686989155414057677e+04 3.199934633658982255e-03
