3.205843000000000220e+00 7.511125999999999969e+00 1.235333999999999932e+00 1.528337999999999867e-05 3.753042800000000057e+01 1.549994700000000059e+01 7.954442999999999930e-01 3.681439999999999824e+00 2.571453499999999985e+04 0.000000000000000000e+00
3.205843047770783549e+00 7.511125999999999969e+00 1.235333999999999932e+00 1.528337999999999867e-05 3.753042800000000057e+01 1.549994700000000059e+01 7.954442999999999930e-01 3.681439999999999824e+00 2.571453499999999985e+04 0.000000000000000000e+00
3.205843000000000220e+00 7.511126111924498971e+00 1.235333999999999932e+00 1.528337999999999867e-05 3.753042800000000057e+01 1.549994700000000059e+01 7.954442999999999930e-01 3.681439999999999824e+00 2.571453499999999985e+04 0.000000000000000000e+00
3.205843000000000220e+00 7.511125999999999969e+00 1.235334018407910905e+00 1.528337999999999867e-05 3.753042800000000057e+01 1.549994700000000059e+01 7.954442999999999930e-01 3.681439999999999824e+00 2.571453499999999985e+04 0.000000000000000000e+00
3.205843000000000220e+00 7.511125999999999969e+00 1.235333999999999932e+00 1.529828116119384633e-05 3.753042800000000057e+01 1.549994700000000059e+01 7.954442999999999930e-01 3.681439999999999824e+00 2.571453499999999985e+04 0.000000000000000000e+00
3.205843000000000220e+00 7.511125999999999969e+00 1.235333999999999932e+00 1.528337999999999867e-05 3.753042855924695687e+01 1.549994700000000059e+01 7.954442999999999930e-01 3.681439999999999824e+00 2.571453499999999985e+04 0.000000000000000000e+00
3.205843000000000220e+00 7.511125999999999969e+00 1.235333999999999932e+00 1.528337999999999867e-05 3.753042800000000057e+01 1.549994700000000059e+01 7.954442999999999930e-01 3.681439999999999824e+00 2.571453538317642960e+04 0.000000000000000000e+00
3.205843000000000220e+00 7.511125999999999969e+00 1.235333999999999932e+00 1.528337999999999867e-05 3.753042800000000057e+01 1.549994700000000059e+01 7.954442999999999930e-01 3.681439999999999824e+00 2.571453499999999985e+04 1.490116119384765625e-08
3.189608204273449488e+00 7.511125771871789425e+00 1.425556077790769427e+00 1.302020167233111474e-02 3.723749021588920272e+01 1.549994700000000059e+01 7.954442999999999930e-01 3.681439999999999824e+00 2.571447342751604810e+04 -2.376093689980828840e-04
3.189608251802315664e+00 7.511125771871789425e+00 1.425556077790769427e+00 1.302020167233111474e-02 3.723749021588920272e+01 1.549994700000000059e+01 7.954442999999999930e-01 3.681439999999999824e+00 2.571447342751604810e+04 -2.376093689980828840e-04
3.189608204273449488e+00 7.511125883796284874e+00 1.425556077790769427e+00 1.302020167233111474e-02 3.723749021588920272e+01 1.549994700000000059e+01 7.954442999999999930e-01 3.681439999999999824e+00 2.571447342751604810e+04 -2.376093689980828840e-04
3.189608204273449488e+00 7.511125771871789425e+00 1.425556099033210344e+00 1.302020167233111474e-02 3.723749021588920272e+01 1.549994700000000059e+01 7.954442999999999930e-01 3.681439999999999824e+00 2.571447342751604810e+04 -2.376093689980828840e-04
3.189608204273449488e+00 7.511125771871789425e+00 1.425556077790769427e+00 1.302021657349230858e-02 3.723749021588920272e+01 1.549994700000000059e+01 7.954442999999999930e-01 3.681439999999999824e+00 2.571447342751604810e+04 -2.376093689980828840e-04
3.189608204273449488e+00 7.511125771871789425e+00 1.425556077790769427e+00 1.302020167233111474e-02 3.723749077077104630e+01 1.549994700000000059e+01 7.954442999999999930e-01 3.681439999999999824e+00 2.571447342751604810e+04 -2.376093689980828840e-04
3.189608204273449488e+00 7.511125771871789425e+00 1.425556077790769427e+00 1.302020167233111474e-02 3.723749021588920272e+01 1.549994700000000059e+01 7.954442999999999930e-01 3.681439999999999824e+00 2.571447381069156108e+04 -2.376093689980828840e-04
3.189608204273449488e+00 7.511125771871789425e+00 1.425556077790769427e+00 1.302020167233111474e-02 3.723749021588920272e+01 1.549994700000000059e+01 7.954442999999999930e-01 3.681439999999999824e+00 2.571447342751604810e+04 -2.376242701592767316e-04
3.191497598903740407e+00 7.511125782616332458e+00 1.432847294589484122e+00 2.871563706879575184e-01 3.737267259970057154e+01 1.549994700000000059e+01 7.954442999999999930e-01 3.681439999999999824e+00 2.571446881454905815e+04 -2.372717963228652591e-04
3.191497646460760507e+00 7.511125782616332458e+00 1.432847294589484122e+00 2.871563706879575184e-01 3.737267259970057154e+01 1.549994700000000059e+01 7.954442999999999930e-01 3.681439999999999824e+00 2.571446881454905815e+04 -2.372717963228652591e-04
3.191497598903740407e+00 7.511125894540828796e+00 1.432847294589484122e+00 2.871563706879575184e-01 3.737267259970057154e+01 1.549994700000000059e+01 7.954442999999999930e-01 3.681439999999999824e+00 2.571446881454905815e+04 -2.372717963228652591e-04
3.191497598903740407e+00 7.511125782616332458e+00 1.432847315940572575e+00 2.871563706879575184e-01 3.737267259970057154e+01 1.549994700000000059e+01 7.954442999999999930e-01 3.681439999999999824e+00 2.571446881454905815e+04 -2.372717963228652591e-04
3.191497598903740407e+00 7.511125782616332458e+00 1.432847294589484122e+00 2.871563855891187123e-01 3.737267259970057154e+01 1.549994700000000059e+01 7.954442999999999930e-01 3.681439999999999824e+00 2.571446881454905815e+04 -2.372717963228652591e-04
3.191497598903740407e+00 7.511125782616332458e+00 1.432847294589484122e+00 2.871563706879575184e-01 3.737267315659678957e+01 1.549994700000000059e+01 7.954442999999999930e-01 3.681439999999999824e+00 2.571446881454905815e+04 -2.372717963228652591e-04
3.191497598903740407e+00 7.511125782616332458e+00 1.432847294589484122e+00 2.871563706879575184e-01 3.737267259970057154e+01 1.549994700000000059e+01 7.954442999999999930e-01 3.681439999999999824e+00 2.571446919772450201e+04 -2.372717963228652591e-04
3.191497598903740407e+00 7.511125782616332458e+00 1.432847294589484122e+00 2.871563706879575184e-01 3.737267259970057154e+01 1.549994700000000059e+01 7.954442999999999930e-01 3.681439999999999824e+00 2.571446881454905815e+04 -2.372866974840591068e-04
3.193408203315369231e+00 7.511125624534142453e+00 1.437794133438167421e+00 3.111953991471888559e-02 3.751185670979644726e+01 1.549994700000000059e+01 7.954442999999999930e-01 3.681439999999999824e+00 2.571442854151831125e+04 -2.370276466252026616e-04
3.193408250900859446e+00 7.511125624534142453e+00 1.437794133438167421e+00 3.111953991471888559e-02 3.751185670979644726e+01 1.549994700000000059e+01 7.954442999999999930e-01 3.681439999999999824e+00 2.571442854151831125e+04 -2.370276466252026616e-04
3.193408203315369231e+00 7.511125736458636126e+00 1.437794133438167421e+00 3.111953991471888559e-02 3.751185670979644726e+01 1.549994700000000059e+01 7.954442999999999930e-01 3.681439999999999824e+00 2.571442854151831125e+04 -2.370276466252026616e-04
3.193408203315369231e+00 7.511125624534142453e+00 1.437794154862969576e+00 3.111953991471888559e-02 3.751185670979644726e+01 1.549994700000000059e+01 7.954442999999999930e-01 3.681439999999999824e+00 2.571442854151831125e+04 -2.370276466252026616e-04
3.193408203315369231e+00 7.511125624534142453e+00 1.437794133438167421e+00 3.111955481588007943e-02 3.751185670979644726e+01 1.549994700000000059e+01 7.954442999999999930e-01 3.681439999999999824e+00 2.571442854151831125e+04 -2.370276466252026616e-04
3.193408203315369231e+00 7.511125624534142453e+00 1.437794133438167421e+00 3.111953991471888559e-02 3.751185726876666848e+01 1.549994700000000059e+01 7.954442999999999930e-01 3.681439999999999824e+00 2.571442854151831125e+04 -2.370276466252026616e-04
3.193408203315369231e+00 7.511125624534142453e+00 1.437794133438167421e+00 3.111953991471888559e-02 3.751185670979644726e+01 1.549994700000000059e+01 7.954442999999999930e-01 3.681439999999999824e+00 2.571442892469315484e+04 -2.370276466252026616e-04
3.193408203315369231e+00 7.511125624534142453e+00 1.437794133438167421e+00 3.111953991471888559e-02 3.751185670979644726e+01 1.549994700000000059e+01 7.954442999999999930e-01 3.681439999999999824e+00 2.571442854151831125e+04 -2.370425477863965093e-04
3.196119595322319373e+00 7.439218085777629774e+00 1.431514821433326867e+00 3.099033246284195464e-02 3.754915424552202552e+01 1.549994700000000059e+01 7.954442999999999930e-01 3.681439999999999824e+00 2.587917797973659981e+04 -3.524676385153999755e-04
3.195032929703967906e+00 7.451405592717259552e+00 1.430169970017579839e+00 3.097061938660010741e-02 3.753431223702446573e+01 1.549994700000000059e+01 7.954442999999999930e-01 3.681439999999999824e+00 2.575561586107830590e+04 -3.994314040941269258e-04
3.194761263765624193e+00 7.454452551497280588e+00 1.429833755804646556e+00 3.096569120065496145e-02 3.753060169868687979e+01 1.549994700000000059e+01 7.954442999999999930e-01 3.681439999999999824e+00 2.572472522377582573e+04 -4.111721762456844011e-04
3.194693349103352453e+00 7.455214621398371655e+00 1.429749697094872873e+00 3.096445949214335011e-02 3.752967391860608615e+01 1.549994700000000059e+01 7.954442999999999930e-01 3.681439999999999824e+00 2.571700213383775917e+04 -4.141066858953378364e-04
3.194676377637968745e+00 7.455406473056219951e+00 1.429728662783078086e+00 3.096415294452449160e-02 3.752944138695897891e+01 1.549994700000000059e+01 7.954442999999999930e-01 3.681439999999999824e+00 2.571506963470092887e+04 -4.148375414044579807e-04
3.194672170744770057e+00 7.455460127052410790e+00 1.429723310158990568e+00 3.096408212859614803e-02 3.752938076546257662e+01 1.549994700000000059e+01 7.954442999999999930e-01 3.681439999999999824e+00 2.571457931136357729e+04 -4.150083407651726660e-04
3.194985760474581937e+00 7.471543334548629289e+00 1.429687870672997851e+00 3.099043400631353723e-02 3.752413296515099717e+01 1.549994700000000059e+01 7.954442999999999930e-01 3.681439999999999824e+00 2.571442858389455796e+04 -3.677727927329882364e-04
3.195494710043700781e+00 7.503573390995955883e+00 1.429971112235210562e+00 3.108228544468787102e-02 3.751382130604164900e+01 1.549994700000000059e+01 7.954442999999999930e-01 3.681439999999999824e+00 2.571442854375822208e+04 -2.728100959101620402e-04
3.195494757660282570e+00 7.503573390995955883e+00 1.429971112235210562e+00 3.108228544468787102e-02 3.751382130604164900e+01 1.549994700000000059e+01 7.954442999999999930e-01 3.681439999999999824e+00 2.571442854375822208e+04 -2.728100959101620402e-04
3.195494710043700781e+00 7.503573502807912909e+00 1.429971112235210562e+00 3.108228544468787102e-02 3.751382130604164900e+01 1.549994700000000059e+01 7.954442999999999930e-01 3.681439999999999824e+00 2.571442854375822208e+04 -2.728100959101620402e-04
3.195494710043700781e+00 7.503573390995955883e+00 1.429971133543440631e+00 3.108228544468787102e-02 3.751382130604164900e+01 1.549994700000000059e+01 7.954442999999999930e-01 3.681439999999999824e+00 2.571442854375822208e+04 -2.728100959101620402e-04
3.195494710043700781e+00 7.503573390995955883e+00 1.429971112235210562e+00 3.108230034584906487e-02 3.751382130604164900e+01 1.549994700000000059e+01 7.954442999999999930e-01 3.681439999999999824e+00 2.571442854375822208e+04 -2.728100959101620402e-04
3.195494710043700781e+00 7.503573390995955883e+00 1.429971112235210562e+00 3.108228544468787102e-02 3.751382186504114458e+01 1.549994700000000059e+01 7.954442999999999930e-01 3.681439999999999824e+00 2.571442854375822208e+04 -2.728100959101620402e-04
3.195494710043700781e+00 7.503573390995955883e+00 1.429971112235210562e+00 3.108228544468787102e-02 3.751382130604164900e+01 1.549994700000000059e+01 7.954442999999999930e-01 3.681439999999999824e+00 2.571442892693306567e+04 -2.728100959101620402e-04
3.195494710043700781e+00 7.503573390995955883e+00 1.429971112235210562e+00 3.108228544468787102e-02 3.751382130604164900e+01 1.549994700000000059e+01 7.954442999999999930e-01 3.681439999999999824e+00 2.571442854375822208e+04 -2.728249970713558879e-04
3.198783641202150640e+00 7.495296456283581321e+00 1.420973513299442992e+00 3.063887310722962498e-02 3.751380828833395498e+01 1.549994700000000059e+01 7.954442999999999930e-01 3.681439999999999824e+00 2.571444531615515007e+04 -3.137120360590396053e-04
3.196526348485277946e+00 7.501546256053545747e+00 1.427802372556251198e+00 3.101969887902788353e-02 3.751382468095798117e+01 1.549994700000000059e+01 7.954442999999999930e-01 3.681439999999999824e+00 2.571443083183356430e+04 -2.825124794824047437e-04
3.196526396117232327e+00 7.501546256053545747e+00 1.427802372556251198e+00 3.101969887902788353e-02 3.751382468095798117e+01 1.549994700000000059e+01 7.954442999999999930e-01 3.681439999999999824e+00 2.571443083183356430e+04 -2.825124794824047437e-04
3.196526348485277946e+00 7.501546367835295825e+00 1.427802372556251198e+00 3.101969887902788353e-02 3.751382468095798117e+01 1.549994700000000059e+01 7.954442999999999930e-01 3.681439999999999824e+00 2.571443083183356430e+04 -2.825124794824047437e-04
3.196526348485277946e+00 7.501546256053545747e+00 1.427802393832164451e+00 3.101969887902788353e-02 3.751382468095798117e+01 1.549994700000000059e+01 7.954442999999999930e-01 3.681439999999999824e+00 2.571443083183356430e+04 -2.825124794824047437e-04
3.196526348485277946e+00 7.501546256053545747e+00 1.427802372556251198e+00 3.101971378018907738e-02 3.751382468095798117e+01 1.549994700000000059e+01 7.954442999999999930e-01 3.681439999999999824e+00 2.571443083183356430e+04 -2.825124794824047437e-04
3.196526348485277946e+00 7.501546256053545747e+00 1.427802372556251198e+00 3.101969887902788353e-02 3.751382523995752649e+01 1.549994700000000059e+01 7.954442999999999930e-01 3.681439999999999824e+00 2.571443083183356430e+04 -2.825124794824047437e-04
3.196526348485277946e+00 7.501546256053545747e+00 1.427802372556251198e+00 3.101969887902788353e-02 3.751382468095798117e+01 1.549994700000000059e+01 7.954442999999999930e-01 3.681439999999999824e+00 2.571443121500844427e+04 -2.825124794824047437e-04
3.196526348485277946e+00 7.501546256053545747e+00 1.427802372556251198e+00 3.101969887902788353e-02 3.751382468095798117e+01 1.549994700000000059e+01 7.954442999999999930e-01 3.681439999999999824e+00 2.571443083183356430e+04 -2.825273806435985914e-04
3.198075830139333942e+00 7.496439773649653304e+00 1.423401387278549368e+00 3.084538103351704141e-02 3.751382194405051962e+01 1.549994700000000059e+01 7.954442999999999930e-01 3.681439999999999824e+00 2.571443742838674734e+04 -3.061223655906203660e-04
3.196987694337723340e+00 7.500402180334796221e+00 1.426710900894621048e+00 3.098560962526017426e-02 3.751382553222266125e+01 1.549994700000000059e+01 7.954442999999999930e-01 3.681439999999999824e+00 2.571443209166057204e+04 -2.883807094814810792e-04
3.196987741976552222e+00 7.500402180334796221e+00 1.426710900894621048e+00 3.098560962526017426e-02 3.751382553222266125e+01 1.549994700000000059e+01 7.954442999999999930e-01 3.681439999999999824e+00 2.571443209166057204e+04 -2.883807094814810792e-04
3.196987694337723340e+00 7.500402292099497714e+00 1.426710900894621048e+00 3.098560962526017426e-02 3.751382553222266125e+01 1.549994700000000059e+01 7.954442999999999930e-01 3.681439999999999824e+00 2.571443209166057204e+04 -2.883807094814810792e-04
3.196987694337723340e+00 7.500402180334796221e+00 1.426710922154270200e+00 3.098560962526017426e-02 3.751382553222266125e+01 1.549994700000000059e+01 7.954442999999999930e-01 3.681439999999999824e+00 2.571443209166057204e+04 -2.883807094814810792e-04
3.196987694337723340e+00 7.500402180334796221e+00 1.426710900894621048e+00 3.098562452642136811e-02 3.751382553222266125e+01 1.549994700000000059e+01 7.954442999999999930e-01 3.681439999999999824e+00 2.571443209166057204e+04 -2.883807094814810792e-04
3.196987694337723340e+00 7.500402180334796221e+00 1.426710900894621048e+00 3.098560962526017426e-02 3.751382609122222078e+01 1.549994700000000059e+01 7.954442999999999930e-01 3.681439999999999824e+00 2.571443209166057204e+04 -2.883807094814810792e-04
3.196987694337723340e+00 7.500402180334796221e+00 1.426710900894621048e+00 3.098560962526017426e-02 3.751382553222266125e+01 1.549994700000000059e+01 7.954442999999999930e-01 3.681439999999999824e+00 2.571443247483547020e+04 -2.883807094814810792e-04
3.196987694337723340e+00 7.500402180334796221e+00 1.426710900894621048e+00 3.098560962526017426e-02 3.751382553222266125e+01 1.549994700000000059e+01 7.954442999999999930e-01 3.681439999999999824e+00 2.571443209166057204e+04 -2.883956106426749269e-04
3.197761309386460749e+00 7.497845176937397049e+00 1.424510366057411659e+00 3.090484044002474520e-02 3.751382464839591080e+01 1.549994700000000059e+01 7.954442999999999930e-01 3.681439999999999824e+00 2.571443512568227379e+04 -3.002161008899398623e-04
3.197214094379226879e+00 7.499803929332157004e+00 1.426167158333217166e+00 3.096781254025919930e-02 3.751382584060830538e+01 1.549994700000000059e+01 7.954442999999999930e-01 3.681439999999999824e+00 2.571443275198019182e+04 -2.913643591836815065e-04
3.197214142021429506e+00 7.499803929332157004e+00 1.426167158333217166e+00 3.096781254025919930e-02 3.751382584060830538e+01 1.549994700000000059e+01 7.954442999999999930e-01 3.681439999999999824e+00 2.571443275198019182e+04 -2.913643591836815065e-04
3.197214094379226879e+00 7.499804041087943851e+00 1.426167158333217166e+00 3.096781254025919930e-02 3.751382584060830538e+01 1.549994700000000059e+01 7.954442999999999930e-01 3.681439999999999824e+00 2.571443275198019182e+04 -2.913643591836815065e-04
3.197214094379226879e+00 7.499803929332157004e+00 1.426167179584763911e+00 3.096781254025919930e-02 3.751382584060830538e+01 1.549994700000000059e+01 7.954442999999999930e-01 3.681439999999999824e+00 2.571443275198019182e+04 -2.913643591836815065e-04
3.197214094379226879e+00 7.499803929332157004e+00 1.426167158333217166e+00 3.096782744142039315e-02 3.751382584060830538e+01 1.549994700000000059e+01 7.954442999999999930e-01 3.681439999999999824e+00 2.571443275198019182e+04 -2.913643591836815065e-04
3.197214094379226879e+00 7.499803929332157004e+00 1.426167158333217166e+00 3.096781254025919930e-02 3.751382639960787202e+01 1.549994700000000059e+01 7.954442999999999930e-01 3.681439999999999824e+00 2.571443275198019182e+04 -2.913643591836815065e-04
3.197214094379226879e+00 7.499803929332157004e+00 1.426167158333217166e+00 3.096781254025919930e-02 3.751382584060830538e+01 1.549994700000000059e+01 7.954442999999999930e-01 3.681439999999999824e+00 2.571443313515510090e+04 -2.913643591836815065e-04
3.197214094379226879e+00 7.499803929332157004e+00 1.426167158333217166e+00 3.096781254025919930e-02 3.751382584060830538e+01 1.549994700000000059e+01 7.954442999999999930e-01 3.681439999999999824e+00 2.571443275198019182e+04 -2.913792603448753541e-04
3.197602492982436484e+00 7.498540292610238467e+00 1.425067240582404970e+00 3.088910358255956071e-02 3.751382551232826756e+01 1.549994700000000059e+01 7.954442999999999930e-01 3.681439999999999824e+00 2.571443421048314121e+04 -2.972694472871205526e-04
3.197602540630426482e+00 7.498540292610238467e+00 1.425067240582404970e+00 3.088910358255956071e-02 3.751382551232826756e+01 1.549994700000000059e+01 7.954442999999999930e-01 3.681439999999999824e+00 2.571443421048314121e+04 -2.972694472871205526e-04
3.197602492982436484e+00 7.498540404347195931e+00 1.425067240582404970e+00 3.088910358255956071e-02 3.751382551232826756e+01 1.549994700000000059e+01 7.954442999999999930e-01 3.681439999999999824e+00 2.571443421048314121e+04 -2.972694472871205526e-04
3.197602492982436484e+00 7.498540292610238467e+00 1.425067261817561715e+00 3.088910358255956071e-02 3.751382551232826756e+01 1.549994700000000059e+01 7.954442999999999930e-01 3.681439999999999824e+00 2.571443421048314121e+04 -2.972694472871205526e-04
3.197602492982436484e+00 7.498540292610238467e+00 1.425067240582404970e+00 3.088911848372075455e-02 3.751382551232826756e+01 1.549994700000000059e+01 7.954442999999999930e-01 3.681439999999999824e+00 2.571443421048314121e+04 -2.972694472871205526e-04
3.197602492982436484e+00 7.498540292610238467e+00 1.425067240582404970e+00 3.088910358255956071e-02 3.751382607132782709e+01 1.549994700000000059e+01 7.954442999999999930e-01 3.681439999999999824e+00 2.571443421048314121e+04 -2.972694472871205526e-04
3.197602492982436484e+00 7.498540292610238467e+00 1.425067240582404970e+00 3.088910358255956071e-02 3.751382551232826756e+01 1.549994700000000059e+01 7.954442999999999930e-01 3.681439999999999824e+00 2.571443459365807212e+04 -2.972694472871205526e-04
3.197602492982436484e+00 7.498540292610238467e+00 1.425067240582404970e+00 3.088910358255956071e-02 3.751382551232826756e+01 1.549994700000000059e+01 7.954442999999999930e-01 3.681439999999999824e+00 2.571443421048314121e+04 -2.972843484483144003e-04
3.197729566901466480e+00 7.498213427376833273e+00 1.424806552534897852e+00 3.086956945574187774e-02 3.751382571757932993e+01 1.549994700000000059e+01 7.954442999999999930e-01 3.681439999999999824e+00 2.571443457244258389e+04 -2.988285111548175891e-04
3.197729614551350075e+00 7.498213427376833273e+00 1.424806552534897852e+00 3.086956945574187774e-02 3.751382571757932993e+01 1.549994700000000059e+01 7.954442999999999930e-01 3.681439999999999824e+00 2.571443457244258389e+04 -2.988285111548175891e-04
3.197729566901466480e+00 7.498213539108919967e+00 1.424806552534897852e+00 3.086956945574187774e-02 3.751382571757932993e+01 1.549994700000000059e+01 7.954442999999999930e-01 3.681439999999999824e+00 2.571443457244258389e+04 -2.988285111548175891e-04
3.197729566901466480e+00 7.498213427376833273e+00 1.424806573766169926e+00 3.086956945574187774e-02 3.751382571757932993e+01 1.549994700000000059e+01 7.954442999999999930e-01 3.681439999999999824e+00 2.571443457244258389e+04 -2.988285111548175891e-04
3.197729566901466480e+00 7.498213427376833273e+00 1.424806552534897852e+00 3.086958435690307159e-02 3.751382571757932993e+01 1.549994700000000059e+01 7.954442999999999930e-01 3.681439999999999824e+00 2.571443457244258389e+04 -2.988285111548175891e-04
3.197729566901466480e+00 7.498213427376833273e+00 1.424806552534897852e+00 3.086956945574187774e-02 3.751382627657889657e+01 1.549994700000000059e+01 7.954442999999999930e-01 3.681439999999999824e+00 2.571443457244258389e+04 -2.988285111548175891e-04
3.197729566901466480e+00 7.498213427376833273e+00 1.424806552534897852e+00 3.086956945574187774e-02 3.751382571757932993e+01 1.549994700000000059e+01 7.954442999999999930e-01 3.681439999999999824e+00 2.571443495561751843e+04 -2.988285111548175891e-04
3.197729566901466480e+00 7.498213427376833273e+00 1.424806552534897852e+00 3.086956945574187774e-02 3.751382571757932993e+01 1.549994700000000059e+01 7.954442999999999930e-01 3.681439999999999824e+00 2.571443457244258389e+04 -2.988434123160114367e-04
3.197959854102518928e+00 7.497513435239920199e+00 1.424281080024790258e+00 3.084859729131849554e-02 3.751382633246029741e+01 1.549994700000000059e+01 7.954442999999999930e-01 3.681439999999999824e+00 2.571443534557591192e+04 -3.018633855288744292e-04
3.197959901755834000e+00 7.497513435239920199e+00 1.424281080024790258e+00 3.084859729131849554e-02 3.751382633246029741e+01 1.549994700000000059e+01 7.954442999999999930e-01 3.681439999999999824e+00 2.571443534557591192e+04 -3.018633855288744292e-04
3.197959854102518928e+00 7.497513546961576125e+00 1.424281080024790258e+00 3.084859729131849554e-02 3.751382633246029741e+01 1.549994700000000059e+01 7.954442999999999930e-01 3.681439999999999824e+00 2.571443534557591192e+04 -3.018633855288744292e-04
3.197959854102518928e+00 7.497513435239920199e+00 1.424281101248232151e+00 3.084859729131849554e-02 3.751382633246029741e+01 1.549994700000000059e+01 7.954442999999999930e-01 3.681439999999999824e+00 2.571443534557591192e+04 -3.018633855288744292e-04
3.197959854102518928e+00 7.497513435239920199e+00 1.424281080024790258e+00 3.084861219247968939e-02 3.751382633246029741e+01 1.549994700000000059e+01 7.954442999999999930e-01 3.681439999999999824e+00 2.571443534557591192e+04 -3.018633855288744292e-04
3.197959854102518928e+00 7.497513435239920199e+00 1.424281080024790258e+00 3.084859729131849554e-02 3.751382689145987115e+01 1.549994700000000059e+01 7.954442999999999930e-01 3.681439999999999824e+00 2.571443534557591192e+04 -3.018633855288744292e-04
3.197959854102518928e+00 7.497513435239920199e+00 1.424281080024790258e+00 3.084859729131849554e-02 3.751382633246029741e+01 1.549994700000000059e+01 7.954442999999999930e-01 3.681439999999999824e+00 2.571443572875085738e+04 -3.018633855288744292e-04
3.197959854102518928e+00 7.497513435239920199e+00 1.424281080024790258e+00 3.084859729131849554e-02 3.751382633246029741e+01 1.549994700000000059e+01 7.954442999999999930e-01 3.681439999999999824e+00 2.571443534557591192e+04 -3.018782866900682768e-04
3.198004323658865111e+00 7.497493503771708312e+00 1.424097495889150355e+00 3.084844280068617384e-02 3.751381198154182073e+01 1.549994700000000059e+01 7.954442999999999930e-01 3.681439999999999824e+00 2.571443534558326064e+04 -3.026935591551844855e-04
3.198004371312843208e+00 7.497493503771708312e+00 1.424097495889150355e+00 3.084844280068617384e-02 3.751381198154182073e+01 1.549994700000000059e+01 7.954442999999999930e-01 3.681439999999999824e+00 2.571443534558326064e+04 -3.026935591551844855e-04
3.198004323658865111e+00 7.497493615493067587e+00 1.424097495889150355e+00 3.084844280068617384e-02 3.751381198154182073e+01 1.549994700000000059e+01 7.954442999999999930e-01 3.681439999999999824e+00 2.571443534558326064e+04 -3.026935591551844855e-04
3.198004323658865111e+00 7.497493503771708312e+00 1.424097517109856659e+00 3.084844280068617384e-02 3.751381198154182073e+01 1.549994700000000059e+01 7.954442999999999930e-01 3.681439999999999824e+00 2.571443534558326064e+04 -3.026935591551844855e-04
3.198004323658865111e+00 7.497493503771708312e+00 1.424097495889150355e+00 3.084845770184736768e-02 3.751381198154182073e+01 1.549994700000000059e+01 7.954442999999999930e-01 3.681439999999999824e+00 2.571443534558326064e+04 -3.026935591551844855e-04
3.198004323658865111e+00 7.497493503771708312e+00 1.424097495889150355e+00 3.084844280068617384e-02 3.751381254054118131e+01 1.549994700000000059e+01 7.954442999999999930e-01 3.681439999999999824e+00 2.571443534558326064e+04 -3.026935591551844855e-04
3.198004323658865111e+00 7.497493503771708312e+00 1.424097495889150355e+00 3.084844280068617384e-02 3.751381198154182073e+01 1.549994700000000059e+01 7.954442999999999930e-01 3.681439999999999824e+00 2.571443572875820610e+04 -3.026935591551844855e-04
3.198004323658865111e+00 7.497493503771708312e+00 1.424097495889150355e+00 3.084844280068617384e-02 3.751381198154182073e+01 1.549994700000000059e+01 7.954442999999999930e-01 3.681439999999999824e+00 2.571443534558326064e+04 -3.027084603163783332e-04
