3.205843000000000220e+00 7.511125999999999969e+00 1.235333999999999932e+00 1.528337999999999867e-05 3.753042800000000057e+01 1.549994700000000059e+01 7.954442999999999930e-01 3.681439999999999824e+00 2.571453499999999985e+04 0.000000000000000000e+00
3.205843047770783549e+00 7.511125999999999969e+00 1.235333999999999932e+00 1.528337999999999867e-05 3.753042800000000057e+01 1.549994700000000059e+01 7.954442999999999930e-01 3.681439999999999824e+00 2.571453499999999985e+04 0.000000000000000000e+00
3.205843000000000220e+00 7.511126111924498971e+00 1.235333999999999932e+00 1.528337999999999867e-05 3.753042800000000057e+01 1.549994700000000059e+01 7.954442999999999930e-01 3.681439999999999824e+00 2.571453499999999985e+04 0.000000000000000000e+00
3.205843000000000220e+00 7.511125999999999969e+00 1.235334018407910905e+00 1.528337999999999867e-05 3.753042800000000057e+01 1.549994700000000059e+01 7.954442999999999930e-01 3.681439999999999824e+00 2.571453499999999985e+04 0.000000000000000000e+00
3.205843000000000220e+00 7.511125999999999969e+00 1.235333999999999932e+00 1.529828116119384633e-05 3.753042800000000057e+01 1.549994700000000059e+01 7.954442999999999930e-01 3.681439999999999824e+00 2.571453499999999985e+04 0.000000000000000000e+00
3.205843000000000220e+00 7.511125999999999969e+00 1.235333999999999932e+00 1.528337999999999867e-05 3.753042855924695687e+01 1.549994700000000059e+01 7.954442999999999930e-01 3.681439999999999824e+00 2.571453499999999985e+04 0.000000000000000000e+00
3.205843000000000220e+00 7.511125999999999969e+00 1.235333999999999932e+00 1.528337999999999867e-05 3.753042800000000057e+01 1.549994700000000059e+01 7.954442999999999930e-01 3.681439999999999824e+00 2.571453538317642960e+04 0.000000000000000000e+00
3.205843000000000220e+00 7.511125999999999969e+00 1.235333999999999932e+00 1.528337999999999867e-05 3.753042800000000057e+01 1.549994700000000059e+01 7.954442999999999930e-01 3.681439999999999824e+00 2.571453499999999985e+04 1.490116119384765625e-08
3.205850304073679435e+00 7.511117960923984427e+00 1.235336607491543059e+00 1.541401316290713357e-05 3.753042805041262397e+01 1.549994700000000059e+01 7.954442999999999930e-01 3.681439999999999824e+00 2.571453499055728025e+04 3.314770348227219607e-04
3.205850351844571566e+00 7.511117960923984427e+00 1.235336607491543059e+00 1.541401316290713357e-05 3.753042805041262397e+01 1.549994700000000059e+01 7.954442999999999930e-01 3.681439999999999824e+00 2.571453499055728025e+04 3.314770348227219607e-04
3.205850304073679435e+00 7.511118072848363525e+00 1.235336607491543059e+00 1.541401316290713357e-05 3.753042805041262397e+01 1.549994700000000059e+01 7.954442999999999930e-01 3.681439999999999824e+00 2.571453499055728025e+04 3.314770348227219607e-04
3.205850304073679435e+00 7.511117960923984427e+00 1.235336625899492891e+00 1.541401316290713357e-05 3.753042805041262397e+01 1.549994700000000059e+01 7.954442999999999930e-01 3.681439999999999824e+00 2.571453499055728025e+04 3.314770348227219607e-04
3.205850304073679435e+00 7.511117960923984427e+00 1.235336607491543059e+00 1.542891432410098122e-05 3.753042805041262397e+01 1.549994700000000059e+01 7.954442999999999930e-01 3.681439999999999824e+00 2.571453499055728025e+04 3.314770348227219607e-04
3.205850304073679435e+00 7.511117960923984427e+00 1.235336607491543059e+00 1.541401316290713357e-05 3.753042860965958027e+01 1.549994700000000059e+01 7.954442999999999930e-01 3.681439999999999824e+00 2.571453499055728025e+04 3.314770348227219607e-04
3.205850304073679435e+00 7.511117960923984427e+00 1.235336607491543059e+00 1.541401316290713357e-05 3.753042805041262397e+01 1.549994700000000059e+01 7.954442999999999930e-01 3.681439999999999824e+00 2.571453537373371000e+04 3.314770348227219607e-04
3.205850304073679435e+00 7.511117960923984427e+00 1.235336607491543059e+00 1.541401316290713357e-05 3.753042805041262397e+01 1.549994700000000059e+01 7.954442999999999930e-01 3.681439999999999824e+00 2.571453499055728025e+04 3.314919359839158084e-04
3.168103466876655894e+00 7.218320661567304342e+00 1.235588588402191323e+00 1.517907784802939731e-05 3.706020641737468679e+01 1.549994700000000059e+01 7.954442999999999930e-01 3.681439999999999824e+00 2.587928439078116207e+04 3.059579468314361887e-03
3.168103514085076178e+00 7.218320661567304342e+00 1.235588588402191323e+00 1.517907784802939731e-05 3.706020641737468679e+01 1.549994700000000059e+01 7.954442999999999930e-01 3.681439999999999824e+00 2.587928439078116207e+04 3.059579468314361887e-03
3.168103466876655894e+00 7.218320769128664161e+00 1.235588588402191323e+00 1.517907784802939731e-05 3.706020641737468679e+01 1.549994700000000059e+01 7.954442999999999930e-01 3.681439999999999824e+00 2.587928439078116207e+04 3.059579468314361887e-03
3.168103466876655894e+00 7.218320661567304342e+00 1.235588606813896151e+00 1.517907784802939731e-05 3.706020641737468679e+01 1.549994700000000059e+01 7.954442999999999930e-01 3.681439999999999824e+00 2.587928439078116207e+04 3.059579468314361887e-03
3.168103466876655894e+00 7.218320661567304342e+00 1.235588588402191323e+00 1.519397900922324496e-05 3.706020641737468679e+01 1.549994700000000059e+01 7.954442999999999930e-01 3.681439999999999824e+00 2.587928439078116207e+04 3.059579468314361887e-03
3.168103466876655894e+00 7.218320661567304342e+00 1.235588588402191323e+00 1.517907784802939731e-05 3.706020696961479644e+01 1.549994700000000059e+01 7.954442999999999930e-01 3.681439999999999824e+00 2.587928439078116207e+04 3.059579468314361887e-03
3.168103466876655894e+00 7.218320661567304342e+00 1.235588588402191323e+00 1.517907784802939731e-05 3.706020641737468679e+01 1.549994700000000059e+01 7.954442999999999930e-01 3.681439999999999824e+00 2.587928477641255085e+04 3.059579468314361887e-03
3.168103466876655894e+00 7.218320661567304342e+00 1.235588588402191323e+00 1.517907784802939731e-05 3.706020641737468679e+01 1.549994700000000059e+01 7.954442999999999930e-01 3.681439999999999824e+00 2.587928439078116207e+04 3.059594369475555735e-03
3.164566224972474195e+00 7.015433146587328750e+00 1.244957021811224473e+00 1.512597883878546572e-05 3.701475451193744703e+01 1.549994700000000059e+01 7.954442999999999930e-01 3.681439999999999824e+00 2.620878323634971821e+04 2.740273094891694430e-03
3.164566272128185531e+00 7.015433146587328750e+00 1.244957021811224473e+00 1.512597883878546572e-05 3.701475451193744703e+01 1.549994700000000059e+01 7.954442999999999930e-01 3.681439999999999824e+00 2.620878323634971821e+04 2.740273094891694430e-03
3.164566224972474195e+00 7.015433251125428704e+00 1.244957021811224473e+00 1.512597883878546572e-05 3.701475451193744703e+01 1.549994700000000059e+01 7.954442999999999930e-01 3.681439999999999824e+00 2.620878323634971821e+04 2.740273094891694430e-03
3.164566224972474195e+00 7.015433146587328750e+00 1.244957040362529632e+00 1.512597883878546572e-05 3.701475451193744703e+01 1.549994700000000059e+01 7.954442999999999930e-01 3.681439999999999824e+00 2.620878323634971821e+04 2.740273094891694430e-03
3.164566224972474195e+00 7.015433146587328750e+00 1.244957021811224473e+00 1.514087999997931338e-05 3.701475451193744703e+01 1.549994700000000059e+01 7.954442999999999930e-01 3.681439999999999824e+00 2.620878323634971821e+04 2.740273094891694430e-03
3.164566224972474195e+00 7.015433146587328750e+00 1.244957021811224473e+00 1.512597883878546572e-05 3.701475506350026734e+01 1.549994700000000059e+01 7.954442999999999930e-01 3.681439999999999824e+00 2.620878323634971821e+04 2.740273094891694430e-03
3.164566224972474195e+00 7.015433146587328750e+00 1.244957021811224473e+00 1.512597883878546572e-05 3.701475451193744703e+01 1.549994700000000059e+01 7.954442999999999930e-01 3.681439999999999824e+00 2.620878362689102141e+04 2.740273094891694430e-03
3.164566224972474195e+00 7.015433146587328750e+00 1.244957021811224473e+00 1.512597883878546572e-05 3.701475451193744703e+01 1.549994700000000059e+01 7.954442999999999930e-01 3.681439999999999824e+00 2.620878323634971821e+04 2.740287996052888277e-03
3.164612455445087402e+00 7.015433166618268324e+00 1.245352232965054151e+00 3.526119593610797104e-02 3.703014255694362333e+01 1.549994700000000059e+01 7.954442999999999930e-01 3.681439999999999824e+00 2.620864089425912971e+04 2.741177826144122753e-03
3.164612502601487520e+00 7.015433166618268324e+00 1.245352232965054151e+00 3.526119593610797104e-02 3.703014255694362333e+01 1.549994700000000059e+01 7.954442999999999930e-01 3.681439999999999824e+00 2.620864089425912971e+04 2.741177826144122753e-03
3.164612455445087402e+00 7.015433271156369166e+00 1.245352232965054151e+00 3.526119593610797104e-02 3.703014255694362333e+01 1.549994700000000059e+01 7.954442999999999930e-01 3.681439999999999824e+00 2.620864089425912971e+04 2.741177826144122753e-03
3.164612455445087402e+00 7.015433166618268324e+00 1.245352251522248599e+00 3.526119593610797104e-02 3.703014255694362333e+01 1.549994700000000059e+01 7.954442999999999930e-01 3.681439999999999824e+00 2.620864089425912971e+04 2.741177826144122753e-03
3.164612455445087402e+00 7.015433166618268324e+00 1.245352232965054151e+00 3.526121083726916489e-02 3.703014255694362333e+01 1.549994700000000059e+01 7.954442999999999930e-01 3.681439999999999824e+00 2.620864089425912971e+04 2.741177826144122753e-03
3.164612455445087402e+00 7.015433166618268324e+00 1.245352232965054151e+00 3.526119593610797104e-02 3.703014310873574999e+01 1.549994700000000059e+01 7.954442999999999930e-01 3.681439999999999824e+00 2.620864089425912971e+04 2.741177826144122753e-03
3.164612455445087402e+00 7.015433166618268324e+00 1.245352232965054151e+00 3.526119593610797104e-02 3.703014255694362333e+01 1.549994700000000059e+01 7.954442999999999930e-01 3.681439999999999824e+00 2.620864128479831197e+04 2.741177826144122753e-03
3.164612455445087402e+00 7.015433166618268324e+00 1.245352232965054151e+00 3.526119593610797104e-02 3.703014255694362333e+01 1.549994700000000059e+01 7.954442999999999930e-01 3.681439999999999824e+00 2.620864089425912971e+04 2.741192727305316601e-03
3.165764466504418451e+00 6.912916406507328304e+00 1.266815266804943274e+00 3.132055102191929480e-02 3.705188897381531632e+01 1.549994700000000059e+01 7.954442999999999930e-01 3.681439999999999824e+00 2.686763870212158508e+04 2.936319754107288502e-03
3.165764513677985281e+00 6.912916406507328304e+00 1.266815266804943274e+00 3.132055102191929480e-02 3.705188897381531632e+01 1.549994700000000059e+01 7.954442999999999930e-01 3.681439999999999824e+00 2.686763870212158508e+04 2.936319754107288502e-03
3.165764466504418451e+00 6.912916509517810226e+00 1.266815266804943274e+00 3.132055102191929480e-02 3.705188897381531632e+01 1.549994700000000059e+01 7.954442999999999930e-01 3.681439999999999824e+00 2.686763870212158508e+04 2.936319754107288502e-03
3.165764466504418451e+00 6.912916406507328304e+00 1.266815285681961667e+00 3.132055102191929480e-02 3.705188897381531632e+01 1.549994700000000059e+01 7.954442999999999930e-01 3.681439999999999824e+00 2.686763870212158508e+04 2.936319754107288502e-03
3.165764466504418451e+00 6.912916406507328304e+00 1.266815266804943274e+00 3.132056592308048865e-02 3.705188897381531632e+01 1.549994700000000059e+01 7.954442999999999930e-01 3.681439999999999824e+00 2.686763870212158508e+04 2.936319754107288502e-03
3.165764466504418451e+00 6.912916406507328304e+00 1.266815266804943274e+00 3.132055102191929480e-02 3.705188952593148599e+01 1.549994700000000059e+01 7.954442999999999930e-01 3.681439999999999824e+00 2.686763870212158508e+04 2.936319754107288502e-03
3.165764466504418451e+00 6.912916406507328304e+00 1.266815266804943274e+00 3.132055102191929480e-02 3.705188897381531632e+01 1.549994700000000059e+01 7.954442999999999930e-01 3.681439999999999824e+00 2.686763910248059983e+04 2.936319754107288502e-03
3.165764466504418451e+00 6.912916406507328304e+00 1.266815266804943274e+00 3.132055102191929480e-02 3.705188897381531632e+01 1.549994700000000059e+01 7.954442999999999930e-01 3.681439999999999824e+00 2.686763870212158508e+04 2.936334655268482349e-03
3.165865598696771865e+00 6.912916162285325683e+00 1.267591390665431694e+00 4.927964183213423555e-03 3.708524056712133188e+01 1.549994700000000059e+01 7.954442999999999930e-01 3.681439999999999824e+00 2.686674225768476754e+04 2.937819899689015062e-03
3.165865645871845491e+00 6.912916162285325683e+00 1.267591390665431694e+00 4.927964183213423555e-03 3.708524056712133188e+01 1.549994700000000059e+01 7.954442999999999930e-01 3.681439999999999824e+00 2.686674225768476754e+04 2.937819899689015062e-03
3.165865598696771865e+00 6.912916265295804052e+00 1.267591390665431694e+00 4.927964183213423555e-03 3.708524056712133188e+01 1.549994700000000059e+01 7.954442999999999930e-01 3.681439999999999824e+00 2.686674225768476754e+04 2.937819899689015062e-03
3.165865598696771865e+00 6.912916162285325683e+00 1.267591409554015280e+00 4.927964183213423555e-03 3.708524056712133188e+01 1.549994700000000059e+01 7.954442999999999930e-01 3.681439999999999824e+00 2.686674225768476754e+04 2.937819899689015062e-03
3.165865598696771865e+00 6.912916162285325683e+00 1.267591390665431694e+00 4.927979084374617402e-03 3.708524056712133188e+01 1.549994700000000059e+01 7.954442999999999930e-01 3.681439999999999824e+00 2.686674225768476754e+04 2.937819899689015062e-03
3.165865598696771865e+00 6.912916162285325683e+00 1.267591390665431694e+00 4.927964183213423555e-03 3.708524111973447646e+01 1.549994700000000059e+01 7.954442999999999930e-01 3.681439999999999824e+00 2.686674225768476754e+04 2.937819899689015062e-03
3.165865598696771865e+00 6.912916162285325683e+00 1.267591390665431694e+00 4.927964183213423555e-03 3.708524056712133188e+01 1.549994700000000059e+01 7.954442999999999930e-01 3.681439999999999824e+00 2.686674265803042363e+04 2.937819899689015062e-03
3.165865598696771865e+00 6.912916162285325683e+00 1.267591390665431694e+00 4.927964183213423555e-03 3.708524056712133188e+01 1.549994700000000059e+01 7.954442999999999930e-01 3.681439999999999824e+00 2.686674225768476754e+04 2.937834800850208910e-03
3.177700439052081549e+00 6.818490188231861815e+00 1.290162281185526005e+00 4.419125511542456274e-03 3.724376368221886935e+01 1.549994700000000059e+01 7.954442999999999930e-01 3.681439999999999824e+00 2.818473788677844641e+04 3.498038776720579102e-03
3.177700486403507885e+00 6.818490188231861815e+00 1.290162281185526005e+00 4.419125511542456274e-03 3.724376368221886935e+01 1.549994700000000059e+01 7.954442999999999930e-01 3.681439999999999824e+00 2.818473788677844641e+04 3.498038776720579102e-03
3.177700439052081549e+00 6.818490289835283491e+00 1.290162281185526005e+00 4.419125511542456274e-03 3.724376368221886935e+01 1.549994700000000059e+01 7.954442999999999930e-01 3.681439999999999824e+00 2.818473788677844641e+04 3.498038776720579102e-03
3.177700439052081549e+00 6.818490188231861815e+00 1.290162300410442109e+00 4.419125511542456274e-03 3.724376368221886935e+01 1.549994700000000059e+01 7.954442999999999930e-01 3.681439999999999824e+00 2.818473788677844641e+04 3.498038776720579102e-03
3.177700439052081549e+00 6.818490188231861815e+00 1.290162281185526005e+00 4.419140412703650121e-03 3.724376368221886935e+01 1.549994700000000059e+01 7.954442999999999930e-01 3.681439999999999824e+00 2.818473788677844641e+04 3.498038776720579102e-03
3.177700439052081549e+00 6.818490188231861815e+00 1.290162281185526005e+00 4.419125511542456274e-03 3.724376423719419194e+01 1.549994700000000059e+01 7.954442999999999930e-01 3.681439999999999824e+00 2.818473788677844641e+04 3.498038776720579102e-03
3.177700439052081549e+00 6.818490188231861815e+00 1.290162281185526005e+00 4.419125511542456274e-03 3.724376368221886935e+01 1.549994700000000059e+01 7.954442999999999930e-01 3.681439999999999824e+00 2.818473830676376747e+04 3.498038776720579102e-03
3.177700439052081549e+00 6.818490188231861815e+00 1.290162281185526005e+00 4.419125511542456274e-03 3.724376368221886935e+01 1.549994700000000059e+01 7.954442999999999930e-01 3.681439999999999824e+00 2.818473788677844641e+04 3.498053677881772950e-03
3.177803544541615288e+00 6.818490184024683209e+00 1.290591303461945838e+00 3.506595760437041659e-02 3.725771496669736393e+01 1.549994700000000059e+01 7.954442999999999930e-01 3.681439999999999824e+00 2.818461980607457372e+04 3.498758987957276134e-03
3.177803591894578172e+00 6.818490184024683209e+00 1.290591303461945838e+00 3.506595760437041659e-02 3.725771496669736393e+01 1.549994700000000059e+01 7.954442999999999930e-01 3.681439999999999824e+00 2.818461980607457372e+04 3.498758987957276134e-03
3.177803544541615288e+00 6.818490285628104886e+00 1.290591303461945838e+00 3.506595760437041659e-02 3.725771496669736393e+01 1.549994700000000059e+01 7.954442999999999930e-01 3.681439999999999824e+00 2.818461980607457372e+04 3.498758987957276134e-03
3.177803544541615288e+00 6.818490184024683209e+00 1.290591322693254828e+00 3.506595760437041659e-02 3.725771496669736393e+01 1.549994700000000059e+01 7.954442999999999930e-01 3.681439999999999824e+00 2.818461980607457372e+04 3.498758987957276134e-03
3.177803544541615288e+00 6.818490184024683209e+00 1.290591303461945838e+00 3.506597250553161044e-02 3.725771496669736393e+01 1.549994700000000059e+01 7.954442999999999930e-01 3.681439999999999824e+00 2.818461980607457372e+04 3.498758987957276134e-03
3.177803544541615288e+00 6.818490184024683209e+00 1.290591303461945838e+00 3.506595760437041659e-02 3.725771552188057711e+01 1.549994700000000059e+01 7.954442999999999930e-01 3.681439999999999824e+00 2.818461980607457372e+04 3.498758987957276134e-03
3.177803544541615288e+00 6.818490184024683209e+00 1.290591303461945838e+00 3.506595760437041659e-02 3.725771496669736393e+01 1.549994700000000059e+01 7.954442999999999930e-01 3.681439999999999824e+00 2.818462022605813763e+04 3.498758987957276134e-03
3.177803544541615288e+00 6.818490184024683209e+00 1.290591303461945838e+00 3.506595760437041659e-02 3.725771496669736393e+01 1.549994700000000059e+01 7.954442999999999930e-01 3.681439999999999824e+00 2.818461980607457372e+04 3.498773889118469982e-03
3.181493263442694897e+00 6.804256624069584092e+00 1.293966822308947107e+00 3.232922486725979538e-02 3.731061206459007451e+01 1.549994700000000059e+01 7.954442999999999930e-01 3.681439999999999824e+00 2.851411871353977403e+04 3.657033514708951747e-03
3.181493310850638689e+00 6.804256624069584092e+00 1.293966822308947107e+00 3.232922486725979538e-02 3.731061206459007451e+01 1.549994700000000059e+01 7.954442999999999930e-01 3.681439999999999824e+00 2.851411871353977403e+04 3.657033514708951747e-03
3.181493263442694897e+00 6.804256725460908761e+00 1.293966822308947107e+00 3.232922486725979538e-02 3.731061206459007451e+01 1.549994700000000059e+01 7.954442999999999930e-01 3.681439999999999824e+00 2.851411871353977403e+04 3.657033514708951747e-03
3.181493263442694897e+00 6.804256624069584092e+00 1.293966841590555195e+00 3.232922486725979538e-02 3.731061206459007451e+01 1.549994700000000059e+01 7.954442999999999930e-01 3.681439999999999824e+00 2.851411871353977403e+04 3.657033514708951747e-03
3.181493263442694897e+00 6.804256624069584092e+00 1.293966822308947107e+00 3.232923976842098923e-02 3.731061206459007451e+01 1.549994700000000059e+01 7.954442999999999930e-01 3.681439999999999824e+00 2.851411871353977403e+04 3.657033514708951747e-03
3.181493263442694897e+00 6.804256624069584092e+00 1.293966822308947107e+00 3.232922486725979538e-02 3.731061262056152117e+01 1.549994700000000059e+01 7.954442999999999930e-01 3.681439999999999824e+00 2.851411871353977403e+04 3.657033514708951747e-03
3.181493263442694897e+00 6.804256624069584092e+00 1.293966822308947107e+00 3.232922486725979538e-02 3.731061206459007451e+01 1.549994700000000059e+01 7.954442999999999930e-01 3.681439999999999824e+00 2.851411913843325237e+04 3.657033514708951747e-03
3.181493263442694897e+00 6.804256624069584092e+00 1.293966822308947107e+00 3.232922486725979538e-02 3.731061206459007451e+01 1.549994700000000059e+01 7.954442999999999930e-01 3.681439999999999824e+00 2.851411871353977403e+04 3.657048415870145595e-03
3.181690266200765116e+00 6.804256568484531087e+00 1.294787543704792876e+00 5.715694549380322814e-03 3.733721207632382288e+01 1.549994700000000059e+01 7.954442999999999930e-01 3.681439999999999824e+00 2.851344756482213779e+04 3.658135169326420799e-03
3.181690313611644783e+00 6.804256568484531087e+00 1.294787543704792876e+00 5.715694549380322814e-03 3.733721207632382288e+01 1.549994700000000059e+01 7.954442999999999930e-01 3.681439999999999824e+00 2.851344756482213779e+04 3.658135169326420799e-03
3.181690266200765116e+00 6.804256669875854868e+00 1.294787543704792876e+00 5.715694549380322814e-03 3.733721207632382288e+01 1.549994700000000059e+01 7.954442999999999930e-01 3.681439999999999824e+00 2.851344756482213779e+04 3.658135169326420799e-03
3.181690266200765116e+00 6.804256568484531087e+00 1.294787562998630737e+00 5.715694549380322814e-03 3.733721207632382288e+01 1.549994700000000059e+01 7.954442999999999930e-01 3.681439999999999824e+00 2.851344756482213779e+04 3.658135169326420799e-03
3.181690266200765116e+00 6.804256568484531087e+00 1.294787543704792876e+00 5.715709450541516662e-03 3.733721207632382288e+01 1.549994700000000059e+01 7.954442999999999930e-01 3.681439999999999824e+00 2.851344756482213779e+04 3.658135169326420799e-03
3.181690266200765116e+00 6.804256568484531087e+00 1.294787543704792876e+00 5.715694549380322814e-03 3.733721263269163870e+01 1.549994700000000059e+01 7.954442999999999930e-01 3.681439999999999824e+00 2.851344756482213779e+04 3.658135169326420799e-03
3.181690266200765116e+00 6.804256568484531087e+00 1.294787543704792876e+00 5.715694549380322814e-03 3.733721207632382288e+01 1.549994700000000059e+01 7.954442999999999930e-01 3.681439999999999824e+00 2.851344798970561533e+04 3.658135169326420799e-03
3.181690266200765116e+00 6.804256568484531087e+00 1.294787543704792876e+00 5.715694549380322814e-03 3.733721207632382288e+01 1.549994700000000059e+01 7.954442999999999930e-01 3.681439999999999824e+00 2.851344756482213779e+04 3.658150070487614647e-03
3.185277767908733182e+00 6.775312487549258300e+00 1.299803919524702422e+00 5.214501513289351853e-03 3.738425275956092264e+01 1.549994700000000059e+01 7.954442999999999930e-01 3.681439999999999824e+00 2.884294647158923908e+04 3.777542427454093875e-03
3.182661463683851721e+00 6.797892096725820288e+00 1.295622985936430327e+00 5.197301697435689587e-03 3.735055477359765774e+01 1.549994700000000059e+01 7.954442999999999930e-01 3.681439999999999824e+00 2.859582229131452914e+04 3.693508438918600978e-03
3.182661511109203367e+00 6.797892096725820288e+00 1.295622985936430327e+00 5.197301697435689587e-03 3.735055477359765774e+01 1.549994700000000059e+01 7.954442999999999930e-01 3.681439999999999824e+00 2.859582229131452914e+04 3.693508438918600978e-03
3.182661463683851721e+00 6.797892198022306154e+00 1.295622985936430327e+00 5.197301697435689587e-03 3.735055477359765774e+01 1.549994700000000059e+01 7.954442999999999930e-01 3.681439999999999824e+00 2.859582229131452914e+04 3.693508438918600978e-03
3.182661463683851721e+00 6.797892096725820288e+00 1.295623005242717340e+00 5.197301697435689587e-03 3.735055477359765774e+01 1.549994700000000059e+01 7.954442999999999930e-01 3.681439999999999824e+00 2.859582229131452914e+04 3.693508438918600978e-03
3.182661463683851721e+00 6.797892096725820288e+00 1.295622985936430327e+00 5.197316598596883434e-03 3.735055477359765774e+01 1.549994700000000059e+01 7.954442999999999930e-01 3.681439999999999824e+00 2.859582229131452914e+04 3.693508438918600978e-03
3.182661463683851721e+00 6.797892096725820288e+00 1.295622985936430327e+00 5.197301697435689587e-03 3.735055533016429763e+01 1.549994700000000059e+01 7.954442999999999930e-01 3.681439999999999824e+00 2.859582229131452914e+04 3.693508438918600978e-03
3.182661463683851721e+00 6.797892096725820288e+00 1.295622985936430327e+00 5.197301697435689587e-03 3.735055477359765774e+01 1.549994700000000059e+01 7.954442999999999930e-01 3.681439999999999824e+00 2.859582271742548619e+04 3.693508438918600978e-03
3.182661463683851721e+00 6.797892096725820288e+00 1.295622985936430327e+00 5.197301697435689587e-03 3.735055477359765774e+01 1.549994700000000059e+01 7.954442999999999930e-01 3.681439999999999824e+00 2.859582229131452914e+04 3.693523340079794826e-03
3.183281358584600707e+00 6.791190774107811912e+00 1.296967626409138985e+00 4.770143914008590294e-03 3.735934859190859214e+01 1.549994700000000059e+01 7.954442999999999930e-01 3.681439999999999824e+00 2.867819701786473524e+04 3.723402879303309640e-03
3.183281406019189408e+00 6.791190774107811912e+00 1.296967626409138985e+00 4.770143914008590294e-03 3.735934859190859214e+01 1.549994700000000059e+01 7.954442999999999930e-01 3.681439999999999824e+00 2.867819701786473524e+04 3.723402879303309640e-03
3.183281358584600707e+00 6.791190875304440766e+00 1.296967626409138985e+00 4.770143914008590294e-03 3.735934859190859214e+01 1.549994700000000059e+01 7.954442999999999930e-01 3.681439999999999824e+00 2.867819701786473524e+04 3.723402879303309640e-03
3.183281358584600707e+00 6.791190774107811912e+00 1.296967645735462638e+00 4.770143914008590294e-03 3.735934859190859214e+01 1.549994700000000059e+01 7.954442999999999930e-01 3.681439999999999824e+00 2.867819701786473524e+04 3.723402879303309640e-03
3.183281358584600707e+00 6.791190774107811912e+00 1.296967626409138985e+00 4.770158815169784142e-03 3.735934859190859214e+01 1.549994700000000059e+01 7.954442999999999930e-01 3.681439999999999824e+00 2.867819701786473524e+04 3.723402879303309640e-03
3.183281358584600707e+00 6.791190774107811912e+00 1.296967626409138985e+00 4.770143914008590294e-03 3.735934914860627032e+01 1.549994700000000059e+01 7.954442999999999930e-01 3.681439999999999824e+00 2.867819701786473524e+04 3.723402879303309640e-03
3.183281358584600707e+00 6.791190774107811912e+00 1.296967626409138985e+00 4.770143914008590294e-03 3.735934859190859214e+01 1.549994700000000059e+01 7.954442999999999930e-01 3.681439999999999824e+00 2.867819744520317181e+04 3.723402879303309640e-03
3.183281358584600707e+00 6.791190774107811912e+00 1.296967626409138985e+00 4.770143914008590294e-03 3.735934859190859214e+01 1.549994700000000059e+01 7.954442999999999930e-01 3.681439999999999824e+00 2.867819701786473524e+04 3.723417780464503488e-03
3.183286940856032476e+00 6.791190832819431478e+00 1.297079776691842712e+00 8.288642079616144118e-04 3.736482017335461592e+01 1.549994700000000059e+01 7.954442999999999930e-01 3.681439999999999824e+00 2.867759896990289781e+04 3.723393398314601976e-03
3.183286988290704222e+00 6.791190832819431478e+00 1.297079776691842712e+00 8.288642079616144118e-04 3.736482017335461592e+01 1.549994700000000059e+01 7.954442999999999930e-01 3.681439999999999824e+00 2.867759896990289781e+04 3.723393398314601976e-03
3.183286940856032476e+00 6.791190934016060332e+00 1.297079776691842712e+00 8.288642079616144118e-04 3.736482017335461592e+01 1.549994700000000059e+01 7.954442999999999930e-01 3.681439999999999824e+00 2.867759896990289781e+04 3.723393398314601976e-03
3.183286940856032476e+00 6.791190832819431478e+00 1.297079796019837472e+00 8.288642079616144118e-04 3.736482017335461592e+01 1.549994700000000059e+01 7.954442999999999930e-01 3.681439999999999824e+00 2.867759896990289781e+04 3.723393398314601976e-03
3.183286940856032476e+00 6.791190832819431478e+00 1.297079776691842712e+00 8.288791091228082594e-04 3.736482017335461592e+01 1.549994700000000059e+01 7.954442999999999930e-01 3.681439999999999824e+00 2.867759896990289781e+04 3.723393398314601976e-03
3.183286940856032476e+00 6.791190832819431478e+00 1.297079776691842712e+00 8.288642079616144118e-04 3.736482073013382177e+01 1.549994700000000059e+01 7.954442999999999930e-01 3.681439999999999824e+00 2.867759896990289781e+04 3.723393398314601976e-03
3.183286940856032476e+00 6.791190832819431478e+00 1.297079776691842712e+00 8.288642079616144118e-04 3.736482017335461592e+01 1.549994700000000059e+01 7.954442999999999930e-01 3.681439999999999824e+00 2.867759939723242132e+04 3.723393398314601976e-03
3.183286940856032476e+00 6.791190832819431478e+00 1.297079776691842712e+00 8.288642079616144118e-04 3.736482017335461592e+01 1.549994700000000059e+01 7.954442999999999930e-01 3.681439999999999824e+00 2.867759896990289781e+04 3.723408299475795824e-03
3.184723926197924992e+00 6.776979333828263563e+00 1.299823244412399381e+00 4.534986170779140360e-04 3.738452860303042513e+01 1.549994700000000059e+01 7.954442999999999930e-01 3.681439999999999824e+00 2.884234842283821854e+04 3.780637811816700122e-03
3.184723973654009388e+00 6.776979333828263563e+00 1.299823244412399381e+00 4.534986170779140360e-04 3.738452860303042513e+01 1.549994700000000059e+01 7.954442999999999930e-01 3.681439999999999824e+00 2.884234842283821854e+04 3.780637811816700122e-03
3.184723926197924992e+00 6.776979434813124925e+00 1.299823244412399381e+00 4.534986170779140360e-04 3.738452860303042513e+01 1.549994700000000059e+01 7.954442999999999930e-01 3.681439999999999824e+00 2.884234842283821854e+04 3.780637811816700122e-03
3.184723926197924992e+00 6.776979333828263563e+00 1.299823263781274996e+00 4.534986170779140360e-04 3.738452860303042513e+01 1.549994700000000059e+01 7.954442999999999930e-01 3.681439999999999824e+00 2.884234842283821854e+04 3.780637811816700122e-03
3.184723926197924992e+00 6.776979333828263563e+00 1.299823244412399381e+00 4.535135182391078837e-04 3.738452860303042513e+01 1.549994700000000059e+01 7.954442999999999930e-01 3.681439999999999824e+00 2.884234842283821854e+04 3.780637811816700122e-03
3.184723926197924992e+00 6.776979333828263563e+00 1.299823244412399381e+00 4.534986170779140360e-04 3.738452916010331251e+01 1.549994700000000059e+01 7.954442999999999930e-01 3.681439999999999824e+00 2.884234842283821854e+04 3.780637811816700122e-03
3.184723926197924992e+00 6.776979333828263563e+00 1.299823244412399381e+00 4.534986170779140360e-04 3.738452860303042513e+01 1.549994700000000059e+01 7.954442999999999930e-01 3.681439999999999824e+00 2.884234885262270109e+04 3.780637811816700122e-03
3.184723926197924992e+00 6.776979333828263563e+00 1.299823244412399381e+00 4.534986170779140360e-04 3.738452860303042513e+01 1.549994700000000059e+01 7.954442999999999930e-01 3.681439999999999824e+00 2.884234842283821854e+04 3.780652712977893969e-03
3.184724406977845312e+00 6.776979170987208256e+00 1.299823526049553424e+00 4.535048977950095869e-04 3.738452860958559398e+01 1.549994700000000059e+01 7.954442999999999930e-01 3.681439999999999824e+00 2.884234842243049206e+04 3.788051714987461776e-03
3.184724454433937257e+00 6.776979170987208256e+00 1.299823526049553424e+00 4.535048977950095869e-04 3.738452860958559398e+01 1.549994700000000059e+01 7.954442999999999930e-01 3.681439999999999824e+00 2.884234842243049206e+04 3.788051714987461776e-03
3.184724406977845312e+00 6.776979271972066954e+00 1.299823526049553424e+00 4.535048977950095869e-04 3.738452860958559398e+01 1.549994700000000059e+01 7.954442999999999930e-01 3.681439999999999824e+00 2.884234842243049206e+04 3.788051714987461776e-03
3.184724406977845312e+00 6.776979170987208256e+00 1.299823545418433257e+00 4.535048977950095869e-04 3.738452860958559398e+01 1.549994700000000059e+01 7.954442999999999930e-01 3.681439999999999824e+00 2.884234842243049206e+04 3.788051714987461776e-03
3.184724406977845312e+00 6.776979170987208256e+00 1.299823526049553424e+00 4.535197989562034346e-04 3.738452860958559398e+01 1.549994700000000059e+01 7.954442999999999930e-01 3.681439999999999824e+00 2.884234842243049206e+04 3.788051714987461776e-03
3.184724406977845312e+00 6.776979170987208256e+00 1.299823526049553424e+00 4.535048977950095869e-04 3.738452916665848136e+01 1.549994700000000059e+01 7.954442999999999930e-01 3.681439999999999824e+00 2.884234842243049206e+04 3.788051714987461776e-03
3.184724406977845312e+00 6.776979170987208256e+00 1.299823526049553424e+00 4.535048977950095869e-04 3.738452860958559398e+01 1.549994700000000059e+01 7.954442999999999930e-01 3.681439999999999824e+00 2.884234885221497461e+04 3.788051714987461776e-03
3.184724406977845312e+00 6.776979170987208256e+00 1.299823526049553424e+00 4.535048977950095869e-04 3.738452860958559398e+01 1.549994700000000059e+01 7.954442999999999930e-01 3.681439999999999824e+00 2.884234842243049206e+04 3.788066616148655624e-03
