3.205843000000000220e+00 7.511125999999999969e+00 1.235333999999999932e+00 1.528337999999999867e-05 3.753042800000000057e+01 1.549994700000000059e+01 7.954442999999999930e-01 3.681439999999999824e+00 2.571453499999999985e+04 0.000000000000000000e+00
3.205843047770783549e+00 7.511125999999999969e+00 1.235333999999999932e+00 1.528337999999999867e-05 3.753042800000000057e+01 1.549994700000000059e+01 7.954442999999999930e-01 3.681439999999999824e+00 2.571453499999999985e+04 0.000000000000000000e+00
3.205843000000000220e+00 7.511126111924498971e+00 1.235333999999999932e+00 1.528337999999999867e-05 3.753042800000000057e+01 1.549994700000000059e+01 7.954442999999999930e-01 3.681439999999999824e+00 2.571453499999999985e+04 0.000000000000000000e+00
3.205843000000000220e+00 7.511125999999999969e+00 1.235334018407910905e+00 1.528337999999999867e-05 3.753042800000000057e+01 1.549994700000000059e+01 7.954442999999999930e-01 3.681439999999999824e+00 2.571453499999999985e+04 0.000000000000000000e+00
3.205843000000000220e+00 7.511125999999999969e+00 1.235333999999999932e+00 1.529828116119384633e-05 3.753042800000000057e+01 1.549994700000000059e+01 7.954442999999999930e-01 3.681439999999999824e+00 2.571453499999999985e+04 0.000000000000000000e+00
3.205843000000000220e+00 7.511125999999999969e+00 1.235333999999999932e+00 1.528337999999999867e-05 3.753042855924695687e+01 1.549994700000000059e+01 7.954442999999999930e-01 3.681439999999999824e+00 2.571453499999999985e+04 0.000000000000000000e+00
3.205843000000000220e+00 7.511125999999999969e+00 1.235333999999999932e+00 1.528337999999999867e-05 3.753042800000000057e+01 1.549994700000000059e+01 7.954442999999999930e-01 3.681439999999999824e+00 2.571453538317642960e+04 0.000000000000000000e+00
3.205843000000000220e+00 7.511125999999999969e+00 1.235333999999999932e+00 1.528337999999999867e-05 3.753042800000000057e+01 1.549994700000000059e+01 7.954442999999999930e-01 3.681439999999999824e+00 2.571453499999999985e+04 1.490116119384765625e-08
3.205860962704929040e+00 7.511113550831754360e+00 1.235341522575563955e+00 1.564293954230421045e-05 3.753042815043935576e+01 1.549994700000000059e+01 7.954442999999999930e-01 3.681439999999999824e+00 2.571453498192184998e+04 5.538647580662157521e-04
3.205861010475980155e+00 7.511113550831754360e+00 1.235341522575563955e+00 1.564293954230421045e-05 3.753042815043935576e+01 1.549994700000000059e+01 7.954442999999999930e-01 3.681439999999999824e+00 2.571453498192184998e+04 5.538647580662157521e-04
3.205860962704929040e+00 7.511113662756067733e+00 1.235341522575563955e+00 1.564293954230421045e-05 3.753042815043935576e+01 1.549994700000000059e+01 7.954442999999999930e-01 3.681439999999999824e+00 2.571453498192184998e+04 5.538647580662157521e-04
3.205860962704929040e+00 7.511113550831754360e+00 1.235341540983587061e+00 1.564293954230421045e-05 3.753042815043935576e+01 1.549994700000000059e+01 7.954442999999999930e-01 3.681439999999999824e+00 2.571453498192184998e+04 5.538647580662157521e-04
3.205860962704929040e+00 7.511113550831754360e+00 1.235341522575563955e+00 1.565784070349805811e-05 3.753042815043935576e+01 1.549994700000000059e+01 7.954442999999999930e-01 3.681439999999999824e+00 2.571453498192184998e+04 5.538647580662157521e-04
3.205860962704929040e+00 7.511113550831754360e+00 1.235341522575563955e+00 1.564293954230421045e-05 3.753042870968631206e+01 1.549994700000000059e+01 7.954442999999999930e-01 3.681439999999999824e+00 2.571453498192184998e+04 5.538647580662157521e-04
3.205860962704929040e+00 7.511113550831754360e+00 1.235341522575563955e+00 1.564293954230421045e-05 3.753042815043935576e+01 1.549994700000000059e+01 7.954442999999999930e-01 3.681439999999999824e+00 2.571453536509827973e+04 5.538647580662157521e-04
3.205860962704929040e+00 7.511113550831754360e+00 1.235341522575563955e+00 1.564293954230421045e-05 3.753042815043935576e+01 1.549994700000000059e+01 7.954442999999999930e-01 3.681439999999999824e+00 2.571453498192184998e+04 5.538796592274095997e-04
3.167911657987685370e+00 7.291788792044202161e+00 1.239829032384048180e+00 1.546263581869274515e-05 3.707157349860131035e+01 1.549994700000000059e+01 7.954442999999999930e-01 3.681439999999999824e+00 2.587928439814176090e+04 3.128084390203063163e-03
3.167911705193247496e+00 7.291788792044202161e+00 1.239829032384048180e+00 1.546263581869274515e-05 3.707157349860131035e+01 1.549994700000000059e+01 7.954442999999999930e-01 3.681439999999999824e+00 2.587928439814176090e+04 3.128084390203063163e-03
3.167911657987685370e+00 7.291788900700322706e+00 1.239829032384048180e+00 1.546263581869274515e-05 3.707157349860131035e+01 1.549994700000000059e+01 7.954442999999999930e-01 3.681439999999999824e+00 2.587928439814176090e+04 3.128084390203063163e-03
3.167911657987685370e+00 7.291788792044202161e+00 1.239829050858940462e+00 1.546263581869274515e-05 3.707157349860131035e+01 1.549994700000000059e+01 7.954442999999999930e-01 3.681439999999999824e+00 2.587928439814176090e+04 3.128084390203063163e-03
3.167911657987685370e+00 7.291788792044202161e+00 1.239829032384048180e+00 1.547753697988659281e-05 3.707157349860131035e+01 1.549994700000000059e+01 7.954442999999999930e-01 3.681439999999999824e+00 2.587928439814176090e+04 3.128084390203063163e-03
3.167911657987685370e+00 7.291788792044202161e+00 1.239829032384048180e+00 1.546263581869274515e-05 3.707157405101080627e+01 1.549994700000000059e+01 7.954442999999999930e-01 3.681439999999999824e+00 2.587928439814176090e+04 3.128084390203063163e-03
3.167911657987685370e+00 7.291788792044202161e+00 1.239829032384048180e+00 1.546263581869274515e-05 3.707157349860131035e+01 1.549994700000000059e+01 7.954442999999999930e-01 3.681439999999999824e+00 2.587928478377314968e+04 3.128084390203063163e-03
3.167911657987685370e+00 7.291788792044202161e+00 1.239829032384048180e+00 1.546263581869274515e-05 3.707157349860131035e+01 1.549994700000000059e+01 7.954442999999999930e-01 3.681439999999999824e+00 2.587928439814176090e+04 3.128099291364257011e-03
3.164250013561429320e+00 7.171364405033527234e+00 1.251169621207749216e+00 1.540669949838359486e-05 3.702435742273181063e+01 1.549994700000000059e+01 7.954442999999999930e-01 3.681439999999999824e+00 2.620878328411111943e+04 3.090430180259808729e-03
3.164250060712428869e+00 7.171364405033527234e+00 1.251169621207749216e+00 1.540669949838359486e-05 3.702435742273181063e+01 1.549994700000000059e+01 7.954442999999999930e-01 3.681439999999999824e+00 2.620878328411111943e+04 3.090430180259808729e-03
3.164250013561429320e+00 7.171364511895184535e+00 1.251169621207749216e+00 1.540669949838359486e-05 3.702435742273181063e+01 1.549994700000000059e+01 7.954442999999999930e-01 3.681439999999999824e+00 2.620878328411111943e+04 3.090430180259808729e-03
3.164250013561429320e+00 7.171364405033527234e+00 1.251169639851629434e+00 1.540669949838359486e-05 3.702435742273181063e+01 1.549994700000000059e+01 7.954442999999999930e-01 3.681439999999999824e+00 2.620878328411111943e+04 3.090430180259808729e-03
3.164250013561429320e+00 7.171364405033527234e+00 1.251169621207749216e+00 1.542160065957744251e-05 3.702435742273181063e+01 1.549994700000000059e+01 7.954442999999999930e-01 3.681439999999999824e+00 2.620878328411111943e+04 3.090430180259808729e-03
3.164250013561429320e+00 7.171364405033527234e+00 1.251169621207749216e+00 1.540669949838359486e-05 3.702435797443772714e+01 1.549994700000000059e+01 7.954442999999999930e-01 3.681439999999999824e+00 2.620878328411111943e+04 3.090430180259808729e-03
3.164250013561429320e+00 7.171364405033527234e+00 1.251169621207749216e+00 1.540669949838359486e-05 3.702435742273181063e+01 1.549994700000000059e+01 7.954442999999999930e-01 3.681439999999999824e+00 2.620878367465242263e+04 3.090430180259808729e-03
3.164250013561429320e+00 7.171364405033527234e+00 1.251169621207749216e+00 1.540669949838359486e-05 3.702435742273181063e+01 1.549994700000000059e+01 7.954442999999999930e-01 3.681439999999999824e+00 2.620878328411111943e+04 3.090445081421002577e-03
3.164247492011303287e+00 7.171364392040830538e+00 1.251239759732558854e+00 7.260514639146601126e-03 3.702833323390910181e+01 1.549994700000000059e+01 7.954442999999999930e-01 3.681439999999999824e+00 2.620834991095996520e+04 3.090354858210071168e-03
3.164247539162265088e+00 7.171364392040830538e+00 1.251239759732558854e+00 7.260514639146601126e-03 3.702833323390910181e+01 1.549994700000000059e+01 7.954442999999999930e-01 3.681439999999999824e+00 2.620834991095996520e+04 3.090354858210071168e-03
3.164247492011303287e+00 7.171364498902486950e+00 1.251239759732558854e+00 7.260514639146601126e-03 3.702833323390910181e+01 1.549994700000000059e+01 7.954442999999999930e-01 3.681439999999999824e+00 2.620834991095996520e+04 3.090354858210071168e-03
3.164247492011303287e+00 7.171364392040830538e+00 1.251239778377484235e+00 7.260514639146601126e-03 3.702833323390910181e+01 1.549994700000000059e+01 7.954442999999999930e-01 3.681439999999999824e+00 2.620834991095996520e+04 3.090354858210071168e-03
3.164247492011303287e+00 7.171364392040830538e+00 1.251239759732558854e+00 7.260529540307794974e-03 3.702833323390910181e+01 1.549994700000000059e+01 7.954442999999999930e-01 3.681439999999999824e+00 2.620834991095996520e+04 3.090354858210071168e-03
3.164247492011303287e+00 7.171364392040830538e+00 1.251239759732558854e+00 7.260514639146601126e-03 3.702833378567426337e+01 1.549994700000000059e+01 7.954442999999999930e-01 3.681439999999999824e+00 2.620834991095996520e+04 3.090354858210071168e-03
3.164247492011303287e+00 7.171364392040830538e+00 1.251239759732558854e+00 7.260514639146601126e-03 3.702833323390910181e+01 1.549994700000000059e+01 7.954442999999999930e-01 3.681439999999999824e+00 2.620835030149481099e+04 3.090354858210071168e-03
3.164247492011303287e+00 7.171364392040830538e+00 1.251239759732558854e+00 7.260514639146601126e-03 3.702833323390910181e+01 1.549994700000000059e+01 7.954442999999999930e-01 3.681439999999999824e+00 2.620834991095996520e+04 3.090369759371265016e-03
3.167355172288834897e+00 7.077636617725455714e+00 1.268684106574554660e+00 3.927543652053675297e-03 3.707525411599259257e+01 1.549994700000000059e+01 7.954442999999999930e-01 3.681439999999999824e+00 2.686734771936304605e+04 3.294774949828944543e-03
3.163276650912355770e+00 7.135227612740568937e+00 1.259686630667106844e+00 3.777697583766195539e-03 3.702235913491375641e+01 1.549994700000000059e+01 7.954442999999999930e-01 3.681439999999999824e+00 2.637309935586482970e+04 3.109801152412119095e-03
3.163276698048850921e+00 7.135227612740568937e+00 1.259686630667106844e+00 3.777697583766195539e-03 3.702235913491375641e+01 1.549994700000000059e+01 7.954442999999999930e-01 3.681439999999999824e+00 2.637309935586482970e+04 3.109801152412119095e-03
3.163276650912355770e+00 7.135227719063745866e+00 1.259686630667106844e+00 3.777697583766195539e-03 3.702235913491375641e+01 1.549994700000000059e+01 7.954442999999999930e-01 3.681439999999999824e+00 2.637309935586482970e+04 3.109801152412119095e-03
3.163276650912355770e+00 7.135227612740568937e+00 1.259686649437900430e+00 3.777697583766195539e-03 3.702235913491375641e+01 1.549994700000000059e+01 7.954442999999999930e-01 3.681439999999999824e+00 2.637309935586482970e+04 3.109801152412119095e-03
3.163276650912355770e+00 7.135227612740568937e+00 1.259686630667106844e+00 3.777712484927389387e-03 3.702235913491375641e+01 1.549994700000000059e+01 7.954442999999999930e-01 3.681439999999999824e+00 2.637309935586482970e+04 3.109801152412119095e-03
3.163276650912355770e+00 7.135227612740568937e+00 1.259686630667106844e+00 3.777697583766195539e-03 3.702235968658990117e+01 1.549994700000000059e+01 7.954442999999999930e-01 3.681439999999999824e+00 2.637309935586482970e+04 3.109801152412119095e-03
3.163276650912355770e+00 7.135227612740568937e+00 1.259686630667106844e+00 3.777697583766195539e-03 3.702235913491375641e+01 1.549994700000000059e+01 7.954442999999999930e-01 3.681439999999999824e+00 2.637309974885463453e+04 3.109801152412119095e-03
3.163276650912355770e+00 7.135227612740568937e+00 1.259686630667106844e+00 3.777697583766195539e-03 3.702235913491375641e+01 1.549994700000000059e+01 7.954442999999999930e-01 3.681439999999999824e+00 2.637309935586482970e+04 3.109816053573312943e-03
3.163283084927153155e+00 7.135227626600945783e+00 1.259812934365645898e+00 9.182389196532749279e-03 3.702862172476474001e+01 1.549994700000000059e+01 7.954442999999999930e-01 3.681439999999999824e+00 2.637251714796881788e+04 3.109747670696398538e-03
3.163283132063744230e+00 7.135227626600945783e+00 1.259812934365645898e+00 9.182389196532749279e-03 3.702862172476474001e+01 1.549994700000000059e+01 7.954442999999999930e-01 3.681439999999999824e+00 2.637251714796881788e+04 3.109747670696398538e-03
3.163283084927153155e+00 7.135227732924122712e+00 1.259812934365645898e+00 9.182389196532749279e-03 3.702862172476474001e+01 1.549994700000000059e+01 7.954442999999999930e-01 3.681439999999999824e+00 2.637251714796881788e+04 3.109747670696398538e-03
3.163283084927153155e+00 7.135227626600945783e+00 1.259812953138321534e+00 9.182389196532749279e-03 3.702862172476474001e+01 1.549994700000000059e+01 7.954442999999999930e-01 3.681439999999999824e+00 2.637251714796881788e+04 3.109747670696398538e-03
3.163283084927153155e+00 7.135227626600945783e+00 1.259812934365645898e+00 9.182404097693943126e-03 3.702862172476474001e+01 1.549994700000000059e+01 7.954442999999999930e-01 3.681439999999999824e+00 2.637251714796881788e+04 3.109747670696398538e-03
3.163283084927153155e+00 7.135227626600945783e+00 1.259812934365645898e+00 9.182389196532749279e-03 3.702862227653420035e+01 1.549994700000000059e+01 7.954442999999999930e-01 3.681439999999999824e+00 2.637251714796881788e+04 3.109747670696398538e-03
3.163283084927153155e+00 7.135227626600945783e+00 1.259812934365645898e+00 9.182389196532749279e-03 3.702862172476474001e+01 1.549994700000000059e+01 7.954442999999999930e-01 3.681439999999999824e+00 2.637251754094994612e+04 3.109747670696398538e-03
3.163283084927153155e+00 7.135227626600945783e+00 1.259812934365645898e+00 9.182389196532749279e-03 3.702862172476474001e+01 1.549994700000000059e+01 7.954442999999999930e-01 3.681439999999999824e+00 2.637251714796881788e+04 3.109762571857592386e-03
3.164464035037814149e+00 7.115150494203655640e+00 1.262783154407583153e+00 3.541023008334404261e-03 3.706647469745756496e+01 1.549994700000000059e+01 7.954442999999999930e-01 3.681439999999999824e+00 2.653726659020212537e+04 3.174906816188522059e-03
3.164464082192002703e+00 7.115150494203655640e+00 1.262783154407583153e+00 3.541023008334404261e-03 3.706647469745756496e+01 1.549994700000000059e+01 7.954442999999999930e-01 3.681439999999999824e+00 2.653726659020212537e+04 3.174906816188522059e-03
3.164464035037814149e+00 7.115150600227660327e+00 1.262783154407583153e+00 3.541023008334404261e-03 3.706647469745756496e+01 1.549994700000000059e+01 7.954442999999999930e-01 3.681439999999999824e+00 2.653726659020212537e+04 3.174906816188522059e-03
3.164464035037814149e+00 7.115150494203655640e+00 1.262783173224518496e+00 3.541023008334404261e-03 3.706647469745756496e+01 1.549994700000000059e+01 7.954442999999999930e-01 3.681439999999999824e+00 2.653726659020212537e+04 3.174906816188522059e-03
3.164464035037814149e+00 7.115150494203655640e+00 1.262783154407583153e+00 3.541037909495598109e-03 3.706647469745756496e+01 1.549994700000000059e+01 7.954442999999999930e-01 3.681439999999999824e+00 2.653726659020212537e+04 3.174906816188522059e-03
3.164464035037814149e+00 7.115150494203655640e+00 1.262783154407583153e+00 3.541023008334404261e-03 3.706647524979108255e+01 1.549994700000000059e+01 7.954442999999999930e-01 3.681439999999999824e+00 2.653726659020212537e+04 3.174906816188522059e-03
3.164464035037814149e+00 7.115150494203655640e+00 1.262783154407583153e+00 3.541023008334404261e-03 3.706647469745756496e+01 1.549994700000000059e+01 7.954442999999999930e-01 3.681439999999999824e+00 2.653726698563821265e+04 3.174906816188522059e-03
3.164464035037814149e+00 7.115150494203655640e+00 1.262783154407583153e+00 3.541023008334404261e-03 3.706647469745756496e+01 1.549994700000000059e+01 7.954442999999999930e-01 3.681439999999999824e+00 2.653726659020212537e+04 3.174921717349715906e-03
3.164449850906577488e+00 7.115150573242543075e+00 1.262896371998674105e+00 2.565070197940831284e-03 3.707377328852032861e+01 1.549994700000000059e+01 7.954442999999999930e-01 3.681439999999999824e+00 2.653639600192624857e+04 3.174735681114107533e-03
3.164449898060554656e+00 7.115150573242543075e+00 1.262896371998674105e+00 2.565070197940831284e-03 3.707377328852032861e+01 1.549994700000000059e+01 7.954442999999999930e-01 3.681439999999999824e+00 2.653639600192624857e+04 3.174735681114107533e-03
3.164449850906577488e+00 7.115150679266548650e+00 1.262896371998674105e+00 2.565070197940831284e-03 3.707377328852032861e+01 1.549994700000000059e+01 7.954442999999999930e-01 3.681439999999999824e+00 2.653639600192624857e+04 3.174735681114107533e-03
3.164449850906577488e+00 7.115150573242543075e+00 1.262896390817296544e+00 2.565070197940831284e-03 3.707377328852032861e+01 1.549994700000000059e+01 7.954442999999999930e-01 3.681439999999999824e+00 2.653639600192624857e+04 3.174735681114107533e-03
3.164449850906577488e+00 7.115150573242543075e+00 1.262896371998674105e+00 2.565085099102025132e-03 3.707377328852032861e+01 1.549994700000000059e+01 7.954442999999999930e-01 3.681439999999999824e+00 2.653639600192624857e+04 3.174735681114107533e-03
3.164449850906577488e+00 7.115150573242543075e+00 1.262896371998674105e+00 2.565070197940831284e-03 3.707377384096260187e+01 1.549994700000000059e+01 7.954442999999999930e-01 3.681439999999999824e+00 2.653639600192624857e+04 3.174735681114107533e-03
3.164449850906577488e+00 7.115150573242543075e+00 1.262896371998674105e+00 2.565070197940831284e-03 3.707377328852032861e+01 1.549994700000000059e+01 7.954442999999999930e-01 3.681439999999999824e+00 2.653639639734936281e+04 3.174735681114107533e-03
3.164449850906577488e+00 7.115150573242543075e+00 1.262896371998674105e+00 2.565070197940831284e-03 3.707377328852032861e+01 1.549994700000000059e+01 7.954442999999999930e-01 3.681439999999999824e+00 2.653639600192624857e+04 3.174750582275301380e-03
3.342272071625385088e+00 7.081784713861314806e+00 1.323556047345814779e+00 1.091720979069668888e-03 2.416023382677506248e+01 1.549994700000000059e+01 7.954442999999999930e-01 3.681439999999999824e+00 2.989726448750850977e+04 4.393002605989293485e-03
3.174219066593254368e+00 7.008555493827559602e+00 1.280821306663200154e+00 2.016274917525115971e-03 3.706450903447088052e+01 1.549994700000000059e+01 7.954442999999999930e-01 3.681439999999999824e+00 2.752762803874519886e+04 3.535774458959191173e-03
3.166978787670741813e+00 7.089974303192932759e+00 1.267406190660300469e+00 2.029858966361858860e-03 3.707423445903645387e+01 1.549994700000000059e+01 7.954442999999999930e-01 3.681439999999999824e+00 2.678419923798106902e+04 3.266381363577803339e-03
3.166978834862403058e+00 7.089974303192932759e+00 1.267406190660300469e+00 2.029858966361858860e-03 3.707423445903645387e+01 1.549994700000000059e+01 7.954442999999999930e-01 3.681439999999999824e+00 2.678419923798106902e+04 3.266381363577803339e-03
3.166978787670741813e+00 7.089974408841782427e+00 1.267406190660300469e+00 2.029858966361858860e-03 3.707423445903645387e+01 1.549994700000000059e+01 7.954442999999999930e-01 3.681439999999999824e+00 2.678419923798106902e+04 3.266381363577803339e-03
3.166978787670741813e+00 7.089974303192932759e+00 1.267406209546124485e+00 2.029858966361858860e-03 3.707423445903645387e+01 1.549994700000000059e+01 7.954442999999999930e-01 3.681439999999999824e+00 2.678419923798106902e+04 3.266381363577803339e-03
3.166978787670741813e+00 7.089974303192932759e+00 1.267406190660300469e+00 2.029873867523052707e-03 3.707423445903645387e+01 1.549994700000000059e+01 7.954442999999999930e-01 3.681439999999999824e+00 2.678419923798106902e+04 3.266381363577803339e-03
3.166978787670741813e+00 7.089974303192932759e+00 1.267406190660300469e+00 2.029858966361858860e-03 3.707423501148559808e+01 1.549994700000000059e+01 7.954442999999999930e-01 3.681439999999999824e+00 2.678419923798106902e+04 3.266381363577803339e-03
3.166978787670741813e+00 7.089974303192932759e+00 1.267406190660300469e+00 2.029858966361858860e-03 3.707423445903645387e+01 1.549994700000000059e+01 7.954442999999999930e-01 3.681439999999999824e+00 2.678419963709673902e+04 3.266381363577803339e-03
3.166978787670741813e+00 7.089974303192932759e+00 1.267406190660300469e+00 2.029858966361858860e-03 3.707423445903645387e+01 1.549994700000000059e+01 7.954442999999999930e-01 3.681439999999999824e+00 2.678419923798106902e+04 3.266396264738997187e-03
3.166979504510275323e+00 7.089974027201955131e+00 1.267406592201759885e+00 2.029867855008587237e-03 3.707423446817614376e+01 1.549994700000000059e+01 7.954442999999999930e-01 3.681439999999999824e+00 2.678419923734651456e+04 3.278767997082626673e-03
3.166979551701947226e+00 7.089974027201955131e+00 1.267406592201759885e+00 2.029867855008587237e-03 3.707423446817614376e+01 1.549994700000000059e+01 7.954442999999999930e-01 3.681439999999999824e+00 2.678419923734651456e+04 3.278767997082626673e-03
3.166979504510275323e+00 7.089974132850801247e+00 1.267406592201759885e+00 2.029867855008587237e-03 3.707423446817614376e+01 1.549994700000000059e+01 7.954442999999999930e-01 3.681439999999999824e+00 2.678419923734651456e+04 3.278767997082626673e-03
3.166979504510275323e+00 7.089974027201955131e+00 1.267406611087589896e+00 2.029867855008587237e-03 3.707423446817614376e+01 1.549994700000000059e+01 7.954442999999999930e-01 3.681439999999999824e+00 2.678419923734651456e+04 3.278767997082626673e-03
3.166979504510275323e+00 7.089974027201955131e+00 1.267406592201759885e+00 2.029882756169781085e-03 3.707423446817614376e+01 1.549994700000000059e+01 7.954442999999999930e-01 3.681439999999999824e+00 2.678419923734651456e+04 3.278767997082626673e-03
3.166979504510275323e+00 7.089974027201955131e+00 1.267406592201759885e+00 2.029867855008587237e-03 3.707423502062528797e+01 1.549994700000000059e+01 7.954442999999999930e-01 3.681439999999999824e+00 2.678419923734651456e+04 3.278767997082626673e-03
3.166979504510275323e+00 7.089974027201955131e+00 1.267406592201759885e+00 2.029867855008587237e-03 3.707423446817614376e+01 1.549994700000000059e+01 7.954442999999999930e-01 3.681439999999999824e+00 2.678419963646218457e+04 3.278767997082626673e-03
3.166979504510275323e+00 7.089974027201955131e+00 1.267406592201759885e+00 2.029867855008587237e-03 3.707423446817614376e+01 1.549994700000000059e+01 7.954442999999999930e-01 3.681439999999999824e+00 2.678419923734651456e+04 3.278782898243820521e-03
