3.303662000000000099e+00 1.054415000000000013e+01 2.926740999999999815e+00 1.671997199999999850e+01 3.571733999999999742e-01 1.530525399999999969e+01 7.001581000000000055e-01 3.097326999999999941e+00 3.016286899999999878e+04 3.253563999999999901e+00 8.825920999999999239e+00 1.059549999999999992e+00 1.834474000000000160e+01 2.191357299999999952e+01 1.500000000000000000e+01 7.234983000000000386e-01 3.013116999999999823e+00 1.906309500000000116e+04 0.000000000000000000e+00
3.303662049228400122e+00 1.054415000000000013e+01 2.926740999999999815e+00 1.671997199999999850e+01 3.571733999999999742e-01 1.530525399999999969e+01 7.001581000000000055e-01 3.097326999999999941e+00 3.016286899999999878e+04 3.253563999999999901e+00 8.825920999999999239e+00 1.059549999999999992e+00 1.834474000000000160e+01 2.191357299999999952e+01 1.500000000000000000e+01 7.234983000000000386e-01 3.013116999999999823e+00 1.906309500000000116e+04 0.000000000000000000e+00
3.303662000000000099e+00 1.054415015712007886e+01 2.926740999999999815e+00 1.671997199999999850e+01 3.571733999999999742e-01 1.530525399999999969e+01 7.001581000000000055e-01 3.097326999999999941e+00 3.016286899999999878e+04 3.253563999999999901e+00 8.825920999999999239e+00 1.059549999999999992e+00 1.834474000000000160e+01 2.191357299999999952e+01 1.500000000000000000e+01 7.234983000000000386e-01 3.013116999999999823e+00 1.906309500000000116e+04 0.000000000000000000e+00
3.303662000000000099e+00 1.054415000000000013e+01 2.926741043611839288e+00 1.671997199999999850e+01 3.571733999999999742e-01 1.530525399999999969e+01 7.001581000000000055e-01 3.097326999999999941e+00 3.016286899999999878e+04 3.253563999999999901e+00 8.825920999999999239e+00 1.059549999999999992e+00 1.834474000000000160e+01 2.191357299999999952e+01 1.500000000000000000e+01 7.234983000000000386e-01 3.013116999999999823e+00 1.906309500000000116e+04 0.000000000000000000e+00
3.303662000000000099e+00 1.054415000000000013e+01 2.926740999999999815e+00 1.671997224914699487e+01 3.571733999999999742e-01 1.530525399999999969e+01 7.001581000000000055e-01 3.097326999999999941e+00 3.016286899999999878e+04 3.253563999999999901e+00 8.825920999999999239e+00 1.059549999999999992e+00 1.834474000000000160e+01 2.191357299999999952e+01 1.500000000000000000e+01 7.234983000000000386e-01 3.013116999999999823e+00 1.906309500000000116e+04 0.000000000000000000e+00
3.303662000000000099e+00 1.054415000000000013e+01 2.926740999999999815e+00 1.671997199999999850e+01 3.571734149011611681e-01 1.530525399999999969e+01 7.001581000000000055e-01 3.097326999999999941e+00 3.016286899999999878e+04 3.253563999999999901e+00 8.825920999999999239e+00 1.059549999999999992e+00 1.834474000000000160e+01 2.191357299999999952e+01 1.500000000000000000e+01 7.234983000000000386e-01 3.013116999999999823e+00 1.906309500000000116e+04 0.000000000000000000e+00
3.303662000000000099e+00 1.054415000000000013e+01 2.926740999999999815e+00 1.671997199999999850e+01 3.571733999999999742e-01 1.530525399999999969e+01 7.001581000000000055e-01 3.097326999999999941e+00 3.016286944946177027e+04 3.253563999999999901e+00 8.825920999999999239e+00 1.059549999999999992e+00 1.834474000000000160e+01 2.191357299999999952e+01 1.500000000000000000e+01 7.234983000000000386e-01 3.013116999999999823e+00 1.906309500000000116e+04 0.000000000000000000e+00
3.303662000000000099e+00 1.054415000000000013e+01 2.926740999999999815e+00 1.671997199999999850e+01 3.571733999999999742e-01 1.530525399999999969e+01 7.001581000000000055e-01 3.097326999999999941e+00 3.016286899999999878e+04 3.253564048481881521e+00 8.825920999999999239e+00 1.059549999999999992e+00 1.834474000000000160e+01 2.191357299999999952e+01 1.500000000000000000e+01 7.234983000000000386e-01 3.013116999999999823e+00 1.906309500000000116e+04 0.000000000000000000e+00
3.303662000000000099e+00 1.054415000000000013e+01 2.926740999999999815e+00 1.671997199999999850e+01 3.571733999999999742e-01 1.530525399999999969e+01 7.001581000000000055e-01 3.097326999999999941e+00 3.016286899999999878e+04 3.253563999999999901e+00 8.825921131516471618e+00 1.059549999999999992e+00 1.834474000000000160e+01 2.191357299999999952e+01 1.500000000000000000e+01 7.234983000000000386e-01 3.013116999999999823e+00 1.906309500000000116e+04 0.000000000000000000e+00
3.303662000000000099e+00 1.054415000000000013e+01 2.926740999999999815e+00 1.671997199999999850e+01 3.571733999999999742e-01 1.530525399999999969e+01 7.001581000000000055e-01 3.097326999999999941e+00 3.016286899999999878e+04 3.253563999999999901e+00 8.825920999999999239e+00 1.059550015788525368e+00 1.834474000000000160e+01 2.191357299999999952e+01 1.500000000000000000e+01 7.234983000000000386e-01 3.013116999999999823e+00 1.906309500000000116e+04 0.000000000000000000e+00
3.303662000000000099e+00 1.054415000000000013e+01 2.926740999999999815e+00 1.671997199999999850e+01 3.571733999999999742e-01 1.530525399999999969e+01 7.001581000000000055e-01 3.097326999999999941e+00 3.016286899999999878e+04 3.253563999999999901e+00 8.825920999999999239e+00 1.059549999999999992e+00 1.834474027335792812e+01 2.191357299999999952e+01 1.500000000000000000e+01 7.234983000000000386e-01 3.013116999999999823e+00 1.906309500000000116e+04 0.000000000000000000e+00
3.303662000000000099e+00 1.054415000000000013e+01 2.926740999999999815e+00 1.671997199999999850e+01 3.571733999999999742e-01 1.530525399999999969e+01 7.001581000000000055e-01 3.097326999999999941e+00 3.016286899999999878e+04 3.253563999999999901e+00 8.825920999999999239e+00 1.059549999999999992e+00 1.834474000000000160e+01 2.191357332653768353e+01 1.500000000000000000e+01 7.234983000000000386e-01 3.013116999999999823e+00 1.906309500000000116e+04 0.000000000000000000e+00
3.303662000000000099e+00 1.054415000000000013e+01 2.926740999999999815e+00 1.671997199999999850e+01 3.571733999999999742e-01 1.530525399999999969e+01 7.001581000000000055e-01 3.097326999999999941e+00 3.016286899999999878e+04 3.253563999999999901e+00 8.825920999999999239e+00 1.059549999999999992e+00 1.834474000000000160e+01 2.191357299999999952e+01 1.500000000000000000e+01 7.234983000000000386e-01 3.013116999999999823e+00 1.906309528406225218e+04 0.000000000000000000e+00
3.303662000000000099e+00 1.054415000000000013e+01 2.926740999999999815e+00 1.671997199999999850e+01 3.571733999999999742e-01 1.530525399999999969e+01 7.001581000000000055e-01 3.097326999999999941e+00 3.016286899999999878e+04 3.253563999999999901e+00 8.825920999999999239e+00 1.059549999999999992e+00 1.834474000000000160e+01 2.191357299999999952e+01 1.500000000000000000e+01 7.234983000000000386e-01 3.013116999999999823e+00 1.906309500000000116e+04 1.490116119384765625e-08
2.460004495656311185e+00 1.054414999999999658e+01 4.446753583632736984e+00 2.887169002630765391e+01 2.080415455086380039e+00 1.530525399999999969e+01 7.001581000000000055e-01 3.097326999999999941e+00 3.016286899999999514e+04 3.323566941952074139e+00 8.825920999999999239e+00 1.220756260650535996e+00 5.708772818931434756e+01 1.121777700985949622e+01 1.500000000000000000e+01 7.234983000000000386e-01 3.013116999999999823e+00 1.906309499999999753e+04 1.735169161068693053e-03
2.397628325093192014e+00 1.054415000289149873e+01 6.316870404289187668e-01 2.463335381725812923e+01 6.471473412806109771e+00 1.530525399999999969e+01 7.001581000000000055e-01 3.097326999999999941e+00 3.016286899730892401e+04 3.444825321762990278e+00 8.825920999742587369e+00 2.318468019318505213e+00 1.838845819269473836e+01 2.022498950304542120e+01 1.500000000000000000e+01 7.234983000000000386e-01 3.013116999999999823e+00 1.906309499834052258e+04 1.824315082221966396e-03
2.802512335246282404e+00 1.054415000881294517e+01 2.389492608901176762e+00 1.854379081788758299e+01 1.754766827097004267e+00 1.530525399999999969e+01 7.001581000000000055e-01 3.097326999999999941e+00 3.016286899166423609e+04 3.365368282566235880e+00 8.825920999174307724e+00 2.011412608582669570e+00 1.836365745660193483e+01 2.149848670522406735e+01 1.500000000000000000e+01 7.234983000000000386e-01 3.013116999999999823e+00 1.906309499485833658e+04 2.058798463910543799e-03
3.004948445351626418e+00 1.054414997512918184e+01 2.923306322239758615e+00 1.669729331565672226e+01 3.276352984016822623e-01 1.530525399999999969e+01 7.001581000000000055e-01 3.097326999999999941e+00 3.016286897117565604e+04 3.378504837890974333e+00 8.825920981559530532e+00 1.629400746327063665e+00 1.835355699412332342e+01 2.188424804751377195e+01 1.500000000000000000e+01 7.234983000000000386e-01 3.013116999999999823e+00 1.906309498183330288e+04 2.116736101389909194e-03
3.004948490128847460e+00 1.054414997512918184e+01 2.923306322239758615e+00 1.669729331565672226e+01 3.276352984016822623e-01 1.530525399999999969e+01 7.001581000000000055e-01 3.097326999999999941e+00 3.016286897117565604e+04 3.378504837890974333e+00 8.825920981559530532e+00 1.629400746327063665e+00 1.835355699412332342e+01 2.188424804751377195e+01 1.500000000000000000e+01 7.234983000000000386e-01 3.013116999999999823e+00 1.906309498183330288e+04 2.116736101389909194e-03
3.004948445351626418e+00 1.054415013224926057e+01 2.923306322239758615e+00 1.669729331565672226e+01 3.276352984016822623e-01 1.530525399999999969e+01 7.001581000000000055e-01 3.097326999999999941e+00 3.016286897117565604e+04 3.378504837890974333e+00 8.825920981559530532e+00 1.629400746327063665e+00 1.835355699412332342e+01 2.188424804751377195e+01 1.500000000000000000e+01 7.234983000000000386e-01 3.013116999999999823e+00 1.906309498183330288e+04 2.116736101389909194e-03
3.004948445351626418e+00 1.054414997512918184e+01 2.923306365800417250e+00 1.669729331565672226e+01 3.276352984016822623e-01 1.530525399999999969e+01 7.001581000000000055e-01 3.097326999999999941e+00 3.016286897117565604e+04 3.378504837890974333e+00 8.825920981559530532e+00 1.629400746327063665e+00 1.835355699412332342e+01 2.188424804751377195e+01 1.500000000000000000e+01 7.234983000000000386e-01 3.013116999999999823e+00 1.906309498183330288e+04 2.116736101389909194e-03
3.004948445351626418e+00 1.054414997512918184e+01 2.923306322239758615e+00 1.669729356446578095e+01 3.276352984016822623e-01 1.530525399999999969e+01 7.001581000000000055e-01 3.097326999999999941e+00 3.016286897117565604e+04 3.378504837890974333e+00 8.825920981559530532e+00 1.629400746327063665e+00 1.835355699412332342e+01 2.188424804751377195e+01 1.500000000000000000e+01 7.234983000000000386e-01 3.013116999999999823e+00 1.906309498183330288e+04 2.116736101389909194e-03
3.004948445351626418e+00 1.054414997512918184e+01 2.923306322239758615e+00 1.669729331565672226e+01 3.276353133028434561e-01 1.530525399999999969e+01 7.001581000000000055e-01 3.097326999999999941e+00 3.016286897117565604e+04 3.378504837890974333e+00 8.825920981559530532e+00 1.629400746327063665e+00 1.835355699412332342e+01 2.188424804751377195e+01 1.500000000000000000e+01 7.234983000000000386e-01 3.013116999999999823e+00 1.906309498183330288e+04 2.116736101389909194e-03
3.004948445351626418e+00 1.054414997512918184e+01 2.923306322239758615e+00 1.669729331565672226e+01 3.276352984016822623e-01 1.530525399999999969e+01 7.001581000000000055e-01 3.097326999999999941e+00 3.016286942063742754e+04 3.378504837890974333e+00 8.825920981559530532e+00 1.629400746327063665e+00 1.835355699412332342e+01 2.188424804751377195e+01 1.500000000000000000e+01 7.234983000000000386e-01 3.013116999999999823e+00 1.906309498183330288e+04 2.116736101389909194e-03
3.004948445351626418e+00 1.054414997512918184e+01 2.923306322239758615e+00 1.669729331565672226e+01 3.276352984016822623e-01 1.530525399999999969e+01 7.001581000000000055e-01 3.097326999999999941e+00 3.016286897117565604e+04 3.378504888234619585e+00 8.825920981559530532e+00 1.629400746327063665e+00 1.835355699412332342e+01 2.188424804751377195e+01 1.500000000000000000e+01 7.234983000000000386e-01 3.013116999999999823e+00 1.906309498183330288e+04 2.116736101389909194e-03
3.004948445351626418e+00 1.054414997512918184e+01 2.923306322239758615e+00 1.669729331565672226e+01 3.276352984016822623e-01 1.530525399999999969e+01 7.001581000000000055e-01 3.097326999999999941e+00 3.016286897117565604e+04 3.378504837890974333e+00 8.825921113076001134e+00 1.629400746327063665e+00 1.835355699412332342e+01 2.188424804751377195e+01 1.500000000000000000e+01 7.234983000000000386e-01 3.013116999999999823e+00 1.906309498183330288e+04 2.116736101389909194e-03
3.004948445351626418e+00 1.054414997512918184e+01 2.923306322239758615e+00 1.669729331565672226e+01 3.276352984016822623e-01 1.530525399999999969e+01 7.001581000000000055e-01 3.097326999999999941e+00 3.016286897117565604e+04 3.378504837890974333e+00 8.825920981559530532e+00 1.629400770607026816e+00 1.835355699412332342e+01 2.188424804751377195e+01 1.500000000000000000e+01 7.234983000000000386e-01 3.013116999999999823e+00 1.906309498183330288e+04 2.116736101389909194e-03
3.004948445351626418e+00 1.054414997512918184e+01 2.923306322239758615e+00 1.669729331565672226e+01 3.276352984016822623e-01 1.530525399999999969e+01 7.001581000000000055e-01 3.097326999999999941e+00 3.016286897117565604e+04 3.378504837890974333e+00 8.825920981559530532e+00 1.629400746327063665e+00 1.835355726761263639e+01 2.188424804751377195e+01 1.500000000000000000e+01 7.234983000000000386e-01 3.013116999999999823e+00 1.906309498183330288e+04 2.116736101389909194e-03
3.004948445351626418e+00 1.054414997512918184e+01 2.923306322239758615e+00 1.669729331565672226e+01 3.276352984016822623e-01 1.530525399999999969e+01 7.001581000000000055e-01 3.097326999999999941e+00 3.016286897117565604e+04 3.378504837890974333e+00 8.825920981559530532e+00 1.629400746327063665e+00 1.835355699412332342e+01 2.188424837361447928e+01 1.500000000000000000e+01 7.234983000000000386e-01 3.013116999999999823e+00 1.906309498183330288e+04 2.116736101389909194e-03
3.004948445351626418e+00 1.054414997512918184e+01 2.923306322239758615e+00 1.669729331565672226e+01 3.276352984016822623e-01 1.530525399999999969e+01 7.001581000000000055e-01 3.097326999999999941e+00 3.016286897117565604e+04 3.378504837890974333e+00 8.825920981559530532e+00 1.629400746327063665e+00 1.835355699412332342e+01 2.188424804751377195e+01 1.500000000000000000e+01 7.234983000000000386e-01 3.013116999999999823e+00 1.906309526589555389e+04 2.116736101389909194e-03
3.004948445351626418e+00 1.054414997512918184e+01 2.923306322239758615e+00 1.669729331565672226e+01 3.276352984016822623e-01 1.530525399999999969e+01 7.001581000000000055e-01 3.097326999999999941e+00 3.016286897117565604e+04 3.378504837890974333e+00 8.825920981559530532e+00 1.629400746327063665e+00 1.835355699412332342e+01 2.188424804751377195e+01 1.500000000000000000e+01 7.234983000000000386e-01 3.013116999999999823e+00 1.906309498183330288e+04 2.116751002551103041e-03
2.989743980551420766e+00 1.109809152674610822e+01 2.911987625183535489e+00 1.660810533068904959e+01 3.258554006815018722e-01 1.530525399999999969e+01 7.001581000000000055e-01 3.097326999999999941e+00 3.016286964811329381e+04 3.365963659698176347e+00 9.177631248141592479e+00 1.622670490766795703e+00 1.827950189970081851e+01 2.179374568045401617e+01 1.500000000000000000e+01 7.234983000000000386e-01 3.013116999999999823e+00 1.906309564928028340e+04 7.815247701301432717e-05
2.989744025102077707e+00 1.109809152674610822e+01 2.911987625183535489e+00 1.660810533068904959e+01 3.258554006815018722e-01 1.530525399999999969e+01 7.001581000000000055e-01 3.097326999999999941e+00 3.016286964811329381e+04 3.365963659698176347e+00 9.177631248141592479e+00 1.622670490766795703e+00 1.827950189970081851e+01 2.179374568045401617e+01 1.500000000000000000e+01 7.234983000000000386e-01 3.013116999999999823e+00 1.906309564928028340e+04 7.815247701301432717e-05
2.989743980551420766e+00 1.109809169212055835e+01 2.911987625183535489e+00 1.660810533068904959e+01 3.258554006815018722e-01 1.530525399999999969e+01 7.001581000000000055e-01 3.097326999999999941e+00 3.016286964811329381e+04 3.365963659698176347e+00 9.177631248141592479e+00 1.622670490766795703e+00 1.827950189970081851e+01 2.179374568045401617e+01 1.500000000000000000e+01 7.234983000000000386e-01 3.013116999999999823e+00 1.906309564928028340e+04 7.815247701301432717e-05
2.989743980551420766e+00 1.109809152674610822e+01 2.911987668575532595e+00 1.660810533068904959e+01 3.258554006815018722e-01 1.530525399999999969e+01 7.001581000000000055e-01 3.097326999999999941e+00 3.016286964811329381e+04 3.365963659698176347e+00 9.177631248141592479e+00 1.622670490766795703e+00 1.827950189970081851e+01 2.179374568045401617e+01 1.500000000000000000e+01 7.234983000000000386e-01 3.013116999999999823e+00 1.906309564928028340e+04 7.815247701301432717e-05
2.989743980551420766e+00 1.109809152674610822e+01 2.911987625183535489e+00 1.660810557816910560e+01 3.258554006815018722e-01 1.530525399999999969e+01 7.001581000000000055e-01 3.097326999999999941e+00 3.016286964811329381e+04 3.365963659698176347e+00 9.177631248141592479e+00 1.622670490766795703e+00 1.827950189970081851e+01 2.179374568045401617e+01 1.500000000000000000e+01 7.234983000000000386e-01 3.013116999999999823e+00 1.906309564928028340e+04 7.815247701301432717e-05
2.989743980551420766e+00 1.109809152674610822e+01 2.911987625183535489e+00 1.660810533068904959e+01 3.258554155826630661e-01 1.530525399999999969e+01 7.001581000000000055e-01 3.097326999999999941e+00 3.016286964811329381e+04 3.365963659698176347e+00 9.177631248141592479e+00 1.622670490766795703e+00 1.827950189970081851e+01 2.179374568045401617e+01 1.500000000000000000e+01 7.234983000000000386e-01 3.013116999999999823e+00 1.906309564928028340e+04 7.815247701301432717e-05
2.989743980551420766e+00 1.109809152674610822e+01 2.911987625183535489e+00 1.660810533068904959e+01 3.258554006815018722e-01 1.530525399999999969e+01 7.001581000000000055e-01 3.097326999999999941e+00 3.016287009757507622e+04 3.365963659698176347e+00 9.177631248141592479e+00 1.622670490766795703e+00 1.827950189970081851e+01 2.179374568045401617e+01 1.500000000000000000e+01 7.234983000000000386e-01 3.013116999999999823e+00 1.906309564928028340e+04 7.815247701301432717e-05
2.989743980551420766e+00 1.109809152674610822e+01 2.911987625183535489e+00 1.660810533068904959e+01 3.258554006815018722e-01 1.530525399999999969e+01 7.001581000000000055e-01 3.097326999999999941e+00 3.016286964811329381e+04 3.365963709854943531e+00 9.177631248141592479e+00 1.622670490766795703e+00 1.827950189970081851e+01 2.179374568045401617e+01 1.500000000000000000e+01 7.234983000000000386e-01 3.013116999999999823e+00 1.906309564928028340e+04 7.815247701301432717e-05
2.989743980551420766e+00 1.109809152674610822e+01 2.911987625183535489e+00 1.660810533068904959e+01 3.258554006815018722e-01 1.530525399999999969e+01 7.001581000000000055e-01 3.097326999999999941e+00 3.016286964811329381e+04 3.365963659698176347e+00 9.177631384898955247e+00 1.622670490766795703e+00 1.827950189970081851e+01 2.179374568045401617e+01 1.500000000000000000e+01 7.234983000000000386e-01 3.013116999999999823e+00 1.906309564928028340e+04 7.815247701301432717e-05
2.989743980551420766e+00 1.109809152674610822e+01 2.911987625183535489e+00 1.660810533068904959e+01 3.258554006815018722e-01 1.530525399999999969e+01 7.001581000000000055e-01 3.097326999999999941e+00 3.016286964811329381e+04 3.365963659698176347e+00 9.177631248141592479e+00 1.622670514946470188e+00 1.827950189970081851e+01 2.179374568045401617e+01 1.500000000000000000e+01 7.234983000000000386e-01 3.013116999999999823e+00 1.906309564928028340e+04 7.815247701301432717e-05
2.989743980551420766e+00 1.109809152674610822e+01 2.911987625183535489e+00 1.660810533068904959e+01 3.258554006815018722e-01 1.530525399999999969e+01 7.001581000000000055e-01 3.097326999999999941e+00 3.016286964811329381e+04 3.365963659698176347e+00 9.177631248141592479e+00 1.622670490766795703e+00 1.827950217208662309e+01 2.179374568045401617e+01 1.500000000000000000e+01 7.234983000000000386e-01 3.013116999999999823e+00 1.906309564928028340e+04 7.815247701301432717e-05
2.989743980551420766e+00 1.109809152674610822e+01 2.911987625183535489e+00 1.660810533068904959e+01 3.258554006815018722e-01 1.530525399999999969e+01 7.001581000000000055e-01 3.097326999999999941e+00 3.016286964811329381e+04 3.365963659698176347e+00 9.177631248141592479e+00 1.622670490766795703e+00 1.827950189970081851e+01 2.179374600520613470e+01 1.500000000000000000e+01 7.234983000000000386e-01 3.013116999999999823e+00 1.906309564928028340e+04 7.815247701301432717e-05
2.989743980551420766e+00 1.109809152674610822e+01 2.911987625183535489e+00 1.660810533068904959e+01 3.258554006815018722e-01 1.530525399999999969e+01 7.001581000000000055e-01 3.097326999999999941e+00 3.016286964811329381e+04 3.365963659698176347e+00 9.177631248141592479e+00 1.622670490766795703e+00 1.827950189970081851e+01 2.179374568045401617e+01 1.500000000000000000e+01 7.234983000000000386e-01 3.013116999999999823e+00 1.906309593334254532e+04 7.815247701301432717e-05
2.989743980551420766e+00 1.109809152674610822e+01 2.911987625183535489e+00 1.660810533068904959e+01 3.258554006815018722e-01 1.530525399999999969e+01 7.001581000000000055e-01 3.097326999999999941e+00 3.016286964811329381e+04 3.365963659698176347e+00 9.177631248141592479e+00 1.622670490766795703e+00 1.827950189970081851e+01 2.179374568045401617e+01 1.500000000000000000e+01 7.234983000000000386e-01 3.013116999999999823e+00 1.906309564928028340e+04 7.816737817420817483e-05
2.965721023114186838e+00 1.237969210542513920e+01 2.893027435789285118e+00 1.646831358309290394e+01 3.230607867203927897e-01 1.530525399999999969e+01 7.001581000000000055e-01 3.097326999999999941e+00 3.016287143098792512e+04 3.345186296275320714e+00 9.463329466977473459e+00 1.611774269141420302e+00 1.815879323833496883e+01 2.164716701196946147e+01 1.500000000000000000e+01 7.234983000000000386e-01 3.013116999999999823e+00 1.906309740422738469e+04 3.459835076311160596e-03
2.965721067306873682e+00 1.237969210542513920e+01 2.893027435789285118e+00 1.646831358309290394e+01 3.230607867203927897e-01 1.530525399999999969e+01 7.001581000000000055e-01 3.097326999999999941e+00 3.016287143098792512e+04 3.345186296275320714e+00 9.463329466977473459e+00 1.611774269141420302e+00 1.815879323833496883e+01 2.164716701196946147e+01 1.500000000000000000e+01 7.234983000000000386e-01 3.013116999999999823e+00 1.906309740422738469e+04 3.459835076311160596e-03
2.965721023114186838e+00 1.237969228989692638e+01 2.893027435789285118e+00 1.646831358309290394e+01 3.230607867203927897e-01 1.530525399999999969e+01 7.001581000000000055e-01 3.097326999999999941e+00 3.016287143098792512e+04 3.345186296275320714e+00 9.463329466977473459e+00 1.611774269141420302e+00 1.815879323833496883e+01 2.164716701196946147e+01 1.500000000000000000e+01 7.234983000000000386e-01 3.013116999999999823e+00 1.906309740422738469e+04 3.459835076311160596e-03
2.965721023114186838e+00 1.237969210542513920e+01 2.893027478898753113e+00 1.646831358309290394e+01 3.230607867203927897e-01 1.530525399999999969e+01 7.001581000000000055e-01 3.097326999999999941e+00 3.016287143098792512e+04 3.345186296275320714e+00 9.463329466977473459e+00 1.611774269141420302e+00 1.815879323833496883e+01 2.164716701196946147e+01 1.500000000000000000e+01 7.234983000000000386e-01 3.013116999999999823e+00 1.906309740422738469e+04 3.459835076311160596e-03
2.965721023114186838e+00 1.237969210542513920e+01 2.893027435789285118e+00 1.646831382848990089e+01 3.230607867203927897e-01 1.530525399999999969e+01 7.001581000000000055e-01 3.097326999999999941e+00 3.016287143098792512e+04 3.345186296275320714e+00 9.463329466977473459e+00 1.611774269141420302e+00 1.815879323833496883e+01 2.164716701196946147e+01 1.500000000000000000e+01 7.234983000000000386e-01 3.013116999999999823e+00 1.906309740422738469e+04 3.459835076311160596e-03
2.965721023114186838e+00 1.237969210542513920e+01 2.893027435789285118e+00 1.646831358309290394e+01 3.230608016215539835e-01 1.530525399999999969e+01 7.001581000000000055e-01 3.097326999999999941e+00 3.016287143098792512e+04 3.345186296275320714e+00 9.463329466977473459e+00 1.611774269141420302e+00 1.815879323833496883e+01 2.164716701196946147e+01 1.500000000000000000e+01 7.234983000000000386e-01 3.013116999999999823e+00 1.906309740422738469e+04 3.459835076311160596e-03
2.965721023114186838e+00 1.237969210542513920e+01 2.893027435789285118e+00 1.646831358309290394e+01 3.230607867203927897e-01 1.530525399999999969e+01 7.001581000000000055e-01 3.097326999999999941e+00 3.016287188044973300e+04 3.345186296275320714e+00 9.463329466977473459e+00 1.611774269141420302e+00 1.815879323833496883e+01 2.164716701196946147e+01 1.500000000000000000e+01 7.234983000000000386e-01 3.013116999999999823e+00 1.906309740422738469e+04 3.459835076311160596e-03
2.965721023114186838e+00 1.237969210542513920e+01 2.893027435789285118e+00 1.646831358309290394e+01 3.230607867203927897e-01 1.530525399999999969e+01 7.001581000000000055e-01 3.097326999999999941e+00 3.016287143098792512e+04 3.345186346122480892e+00 9.463329466977473459e+00 1.611774269141420302e+00 1.815879323833496883e+01 2.164716701196946147e+01 1.500000000000000000e+01 7.234983000000000386e-01 3.013116999999999823e+00 1.906309740422738469e+04 3.459835076311160596e-03
2.965721023114186838e+00 1.237969210542513920e+01 2.893027435789285118e+00 1.646831358309290394e+01 3.230607867203927897e-01 1.530525399999999969e+01 7.001581000000000055e-01 3.097326999999999941e+00 3.016287143098792512e+04 3.345186296275320714e+00 9.463329607992070791e+00 1.611774269141420302e+00 1.815879323833496883e+01 2.164716701196946147e+01 1.500000000000000000e+01 7.234983000000000386e-01 3.013116999999999823e+00 1.906309740422738469e+04 3.459835076311160596e-03
2.965721023114186838e+00 1.237969210542513920e+01 2.893027435789285118e+00 1.646831358309290394e+01 3.230607867203927897e-01 1.530525399999999969e+01 7.001581000000000055e-01 3.097326999999999941e+00 3.016287143098792512e+04 3.345186296275320714e+00 9.463329466977473459e+00 1.611774293158728444e+00 1.815879323833496883e+01 2.164716701196946147e+01 1.500000000000000000e+01 7.234983000000000386e-01 3.013116999999999823e+00 1.906309740422738469e+04 3.459835076311160596e-03
2.965721023114186838e+00 1.237969210542513920e+01 2.893027435789285118e+00 1.646831358309290394e+01 3.230607867203927897e-01 1.530525399999999969e+01 7.001581000000000055e-01 3.097326999999999941e+00 3.016287143098792512e+04 3.345186296275320714e+00 9.463329466977473459e+00 1.611774269141420302e+00 1.815879350892207356e+01 2.164716701196946147e+01 1.500000000000000000e+01 7.234983000000000386e-01 3.013116999999999823e+00 1.906309740422738469e+04 3.459835076311160596e-03
2.965721023114186838e+00 1.237969210542513920e+01 2.893027435789285118e+00 1.646831358309290394e+01 3.230607867203927897e-01 1.530525399999999969e+01 7.001581000000000055e-01 3.097326999999999941e+00 3.016287143098792512e+04 3.345186296275320714e+00 9.463329466977473459e+00 1.611774269141420302e+00 1.815879323833496883e+01 2.164716733453738584e+01 1.500000000000000000e+01 7.234983000000000386e-01 3.013116999999999823e+00 1.906309740422738469e+04 3.459835076311160596e-03
2.965721023114186838e+00 1.237969210542513920e+01 2.893027435789285118e+00 1.646831358309290394e+01 3.230607867203927897e-01 1.530525399999999969e+01 7.001581000000000055e-01 3.097326999999999941e+00 3.016287143098792512e+04 3.345186296275320714e+00 9.463329466977473459e+00 1.611774269141420302e+00 1.815879323833496883e+01 2.164716701196946147e+01 1.500000000000000000e+01 7.234983000000000386e-01 3.013116999999999823e+00 1.906309768828967208e+04 3.459835076311160596e-03
2.965721023114186838e+00 1.237969210542513920e+01 2.893027435789285118e+00 1.646831358309290394e+01 3.230607867203927897e-01 1.530525399999999969e+01 7.001581000000000055e-01 3.097326999999999941e+00 3.016287143098792512e+04 3.345186296275320714e+00 9.463329466977473459e+00 1.611774269141420302e+00 1.815879323833496883e+01 2.164716701196946147e+01 1.500000000000000000e+01 7.234983000000000386e-01 3.013116999999999823e+00 1.906309740422738469e+04 3.459849977472354444e-03
2.964562657090477948e+00 1.357997831877014150e+01 2.891884192922707264e+00 1.646124371935557917e+01 3.229190356511842941e-01 1.530525399999999969e+01 7.001581000000000055e-01 3.097326999999999941e+00 3.016287352186791759e+04 3.344433852293690723e+00 8.927662752526041245e+00 1.611361647433865896e+00 1.815424115457189558e+01 2.164158772581465939e+01 1.500000000000000000e+01 7.234983000000000386e-01 3.013116999999999823e+00 1.906309945766753299e+04 2.278204458588246190e-03
2.964562701265903932e+00 1.357997831877014150e+01 2.891884192922707264e+00 1.646124371935557917e+01 3.229190356511842941e-01 1.530525399999999969e+01 7.001581000000000055e-01 3.097326999999999941e+00 3.016287352186791759e+04 3.344433852293690723e+00 8.927662752526041245e+00 1.611361647433865896e+00 1.815424115457189558e+01 2.164158772581465939e+01 1.500000000000000000e+01 7.234983000000000386e-01 3.013116999999999823e+00 1.906309945766753299e+04 2.278204458588246190e-03
2.964562657090477948e+00 1.357997852112758785e+01 2.891884192922707264e+00 1.646124371935557917e+01 3.229190356511842941e-01 1.530525399999999969e+01 7.001581000000000055e-01 3.097326999999999941e+00 3.016287352186791759e+04 3.344433852293690723e+00 8.927662752526041245e+00 1.611361647433865896e+00 1.815424115457189558e+01 2.164158772581465939e+01 1.500000000000000000e+01 7.234983000000000386e-01 3.013116999999999823e+00 1.906309945766753299e+04 2.278204458588246190e-03
2.964562657090477948e+00 1.357997831877014150e+01 2.891884236015139997e+00 1.646124371935557917e+01 3.229190356511842941e-01 1.530525399999999969e+01 7.001581000000000055e-01 3.097326999999999941e+00 3.016287352186791759e+04 3.344433852293690723e+00 8.927662752526041245e+00 1.611361647433865896e+00 1.815424115457189558e+01 2.164158772581465939e+01 1.500000000000000000e+01 7.234983000000000386e-01 3.013116999999999823e+00 1.906309945766753299e+04 2.278204458588246190e-03
2.964562657090477948e+00 1.357997831877014150e+01 2.891884192922707264e+00 1.646124396464722395e+01 3.229190356511842941e-01 1.530525399999999969e+01 7.001581000000000055e-01 3.097326999999999941e+00 3.016287352186791759e+04 3.344433852293690723e+00 8.927662752526041245e+00 1.611361647433865896e+00 1.815424115457189558e+01 2.164158772581465939e+01 1.500000000000000000e+01 7.234983000000000386e-01 3.013116999999999823e+00 1.906309945766753299e+04 2.278204458588246190e-03
2.964562657090477948e+00 1.357997831877014150e+01 2.891884192922707264e+00 1.646124371935557917e+01 3.229190505523454879e-01 1.530525399999999969e+01 7.001581000000000055e-01 3.097326999999999941e+00 3.016287352186791759e+04 3.344433852293690723e+00 8.927662752526041245e+00 1.611361647433865896e+00 1.815424115457189558e+01 2.164158772581465939e+01 1.500000000000000000e+01 7.234983000000000386e-01 3.013116999999999823e+00 1.906309945766753299e+04 2.278204458588246190e-03
2.964562657090477948e+00 1.357997831877014150e+01 2.891884192922707264e+00 1.646124371935557917e+01 3.229190356511842941e-01 1.530525399999999969e+01 7.001581000000000055e-01 3.097326999999999941e+00 3.016287397132975821e+04 3.344433852293690723e+00 8.927662752526041245e+00 1.611361647433865896e+00 1.815424115457189558e+01 2.164158772581465939e+01 1.500000000000000000e+01 7.234983000000000386e-01 3.013116999999999823e+00 1.906309945766753299e+04 2.278204458588246190e-03
2.964562657090477948e+00 1.357997831877014150e+01 2.891884192922707264e+00 1.646124371935557917e+01 3.229190356511842941e-01 1.530525399999999969e+01 7.001581000000000055e-01 3.097326999999999941e+00 3.016287352186791759e+04 3.344433902129638536e+00 8.927662752526041245e+00 1.611361647433865896e+00 1.815424115457189558e+01 2.164158772581465939e+01 1.500000000000000000e+01 7.234983000000000386e-01 3.013116999999999823e+00 1.906309945766753299e+04 2.278204458588246190e-03
2.964562657090477948e+00 1.357997831877014150e+01 2.891884192922707264e+00 1.646124371935557917e+01 3.229190356511842941e-01 1.530525399999999969e+01 7.001581000000000055e-01 3.097326999999999941e+00 3.016287352186791759e+04 3.344433852293690723e+00 8.927662885558582673e+00 1.611361647433865896e+00 1.815424115457189558e+01 2.164158772581465939e+01 1.500000000000000000e+01 7.234983000000000386e-01 3.013116999999999823e+00 1.906309945766753299e+04 2.278204458588246190e-03
2.964562657090477948e+00 1.357997831877014150e+01 2.891884192922707264e+00 1.646124371935557917e+01 3.229190356511842941e-01 1.530525399999999969e+01 7.001581000000000055e-01 3.097326999999999941e+00 3.016287352186791759e+04 3.344433852293690723e+00 8.927662752526041245e+00 1.611361671445025623e+00 1.815424115457189558e+01 2.164158772581465939e+01 1.500000000000000000e+01 7.234983000000000386e-01 3.013116999999999823e+00 1.906309945766753299e+04 2.278204458588246190e-03
2.964562657090477948e+00 1.357997831877014150e+01 2.891884192922707264e+00 1.646124371935557917e+01 3.229190356511842941e-01 1.530525399999999969e+01 7.001581000000000055e-01 3.097326999999999941e+00 3.016287352186791759e+04 3.344433852293690723e+00 8.927662752526041245e+00 1.611361647433865896e+00 1.815424142509116834e+01 2.164158772581465939e+01 1.500000000000000000e+01 7.234983000000000386e-01 3.013116999999999823e+00 1.906309945766753299e+04 2.278204458588246190e-03
2.964562657090477948e+00 1.357997831877014150e+01 2.891884192922707264e+00 1.646124371935557917e+01 3.229190356511842941e-01 1.530525399999999969e+01 7.001581000000000055e-01 3.097326999999999941e+00 3.016287352186791759e+04 3.344433852293690723e+00 8.927662752526041245e+00 1.611361647433865896e+00 1.815424115457189558e+01 2.164158804829944671e+01 1.500000000000000000e+01 7.234983000000000386e-01 3.013116999999999823e+00 1.906309945766753299e+04 2.278204458588246190e-03
2.964562657090477948e+00 1.357997831877014150e+01 2.891884192922707264e+00 1.646124371935557917e+01 3.229190356511842941e-01 1.530525399999999969e+01 7.001581000000000055e-01 3.097326999999999941e+00 3.016287352186791759e+04 3.344433852293690723e+00 8.927662752526041245e+00 1.611361647433865896e+00 1.815424115457189558e+01 2.164158772581465939e+01 1.500000000000000000e+01 7.234983000000000386e-01 3.013116999999999823e+00 1.906309974172984948e+04 2.278204458588246190e-03
2.964562657090477948e+00 1.357997831877014150e+01 2.891884192922707264e+00 1.646124371935557917e+01 3.229190356511842941e-01 1.530525399999999969e+01 7.001581000000000055e-01 3.097326999999999941e+00 3.016287352186791759e+04 3.344433852293690723e+00 8.927662752526041245e+00 1.611361647433865896e+00 1.815424115457189558e+01 2.164158772581465939e+01 1.500000000000000000e+01 7.234983000000000386e-01 3.013116999999999823e+00 1.906309945766753299e+04 2.278219359749440037e-03
2.964562150622341186e+00 1.395410274108344595e+01 2.891883869234385340e+00 1.646124034479811016e+01 3.229189663658787457e-01 1.530525399999999969e+01 7.001581000000000055e-01 3.097326999999999941e+00 3.016376682048370640e+04 3.344433655986701837e+00 8.783404071161386995e+00 1.611361541984389412e+00 1.815423997495601682e+01 2.164158626554763387e+01 1.500000000000000000e+01 7.234983000000000386e-01 3.013116999999999823e+00 1.906397631589993762e+04 1.792559924504733178e-03
2.964562194797759620e+00 1.395410274108344595e+01 2.891883869234385340e+00 1.646124034479811016e+01 3.229189663658787457e-01 1.530525399999999969e+01 7.001581000000000055e-01 3.097326999999999941e+00 3.016376682048370640e+04 3.344433655986701837e+00 8.783404071161386995e+00 1.611361541984389412e+00 1.815423997495601682e+01 2.164158626554763387e+01 1.500000000000000000e+01 7.234983000000000386e-01 3.013116999999999823e+00 1.906397631589993762e+04 1.792559924504733178e-03
2.964562150622341186e+00 1.395410294901578041e+01 2.891883869234385340e+00 1.646124034479811016e+01 3.229189663658787457e-01 1.530525399999999969e+01 7.001581000000000055e-01 3.097326999999999941e+00 3.016376682048370640e+04 3.344433655986701837e+00 8.783404071161386995e+00 1.611361541984389412e+00 1.815423997495601682e+01 2.164158626554763387e+01 1.500000000000000000e+01 7.234983000000000386e-01 3.013116999999999823e+00 1.906397631589993762e+04 1.792559924504733178e-03
2.964562150622341186e+00 1.395410274108344595e+01 2.891883912326813189e+00 1.646124034479811016e+01 3.229189663658787457e-01 1.530525399999999969e+01 7.001581000000000055e-01 3.097326999999999941e+00 3.016376682048370640e+04 3.344433655986701837e+00 8.783404071161386995e+00 1.611361541984389412e+00 1.815423997495601682e+01 2.164158626554763387e+01 1.500000000000000000e+01 7.234983000000000386e-01 3.013116999999999823e+00 1.906397631589993762e+04 1.792559924504733178e-03
2.964562150622341186e+00 1.395410274108344595e+01 2.891883869234385340e+00 1.646124059008970519e+01 3.229189663658787457e-01 1.530525399999999969e+01 7.001581000000000055e-01 3.097326999999999941e+00 3.016376682048370640e+04 3.344433655986701837e+00 8.783404071161386995e+00 1.611361541984389412e+00 1.815423997495601682e+01 2.164158626554763387e+01 1.500000000000000000e+01 7.234983000000000386e-01 3.013116999999999823e+00 1.906397631589993762e+04 1.792559924504733178e-03
2.964562150622341186e+00 1.395410274108344595e+01 2.891883869234385340e+00 1.646124034479811016e+01 3.229189812670399395e-01 1.530525399999999969e+01 7.001581000000000055e-01 3.097326999999999941e+00 3.016376682048370640e+04 3.344433655986701837e+00 8.783404071161386995e+00 1.611361541984389412e+00 1.815423997495601682e+01 2.164158626554763387e+01 1.500000000000000000e+01 7.234983000000000386e-01 3.013116999999999823e+00 1.906397631589993762e+04 1.792559924504733178e-03
2.964562150622341186e+00 1.395410274108344595e+01 2.891883869234385340e+00 1.646124034479811016e+01 3.229189663658787457e-01 1.530525399999999969e+01 7.001581000000000055e-01 3.097326999999999941e+00 3.016376726995885838e+04 3.344433655986701837e+00 8.783404071161386995e+00 1.611361541984389412e+00 1.815423997495601682e+01 2.164158626554763387e+01 1.500000000000000000e+01 7.234983000000000386e-01 3.013116999999999823e+00 1.906397631589993762e+04 1.792559924504733178e-03
2.964562150622341186e+00 1.395410274108344595e+01 2.891883869234385340e+00 1.646124034479811016e+01 3.229189663658787457e-01 1.530525399999999969e+01 7.001581000000000055e-01 3.097326999999999941e+00 3.016376682048370640e+04 3.344433705822646985e+00 8.783404071161386995e+00 1.611361541984389412e+00 1.815423997495601682e+01 2.164158626554763387e+01 1.500000000000000000e+01 7.234983000000000386e-01 3.013116999999999823e+00 1.906397631589993762e+04 1.792559924504733178e-03
2.964562150622341186e+00 1.395410274108344595e+01 2.891883869234385340e+00 1.646124034479811016e+01 3.229189663658787457e-01 1.530525399999999969e+01 7.001581000000000055e-01 3.097326999999999941e+00 3.016376682048370640e+04 3.344433655986701837e+00 8.783404202044307496e+00 1.611361541984389412e+00 1.815423997495601682e+01 2.164158626554763387e+01 1.500000000000000000e+01 7.234983000000000386e-01 3.013116999999999823e+00 1.906397631589993762e+04 1.792559924504733178e-03
2.964562150622341186e+00 1.395410274108344595e+01 2.891883869234385340e+00 1.646124034479811016e+01 3.229189663658787457e-01 1.530525399999999969e+01 7.001581000000000055e-01 3.097326999999999941e+00 3.016376682048370640e+04 3.344433655986701837e+00 8.783404071161386995e+00 1.611361565995547585e+00 1.815423997495601682e+01 2.164158626554763387e+01 1.500000000000000000e+01 7.234983000000000386e-01 3.013116999999999823e+00 1.906397631589993762e+04 1.792559924504733178e-03
2.964562150622341186e+00 1.395410274108344595e+01 2.891883869234385340e+00 1.646124034479811016e+01 3.229189663658787457e-01 1.530525399999999969e+01 7.001581000000000055e-01 3.097326999999999941e+00 3.016376682048370640e+04 3.344433655986701837e+00 8.783404071161386995e+00 1.611361541984389412e+00 1.815424024547527182e+01 2.164158626554763387e+01 1.500000000000000000e+01 7.234983000000000386e-01 3.013116999999999823e+00 1.906397631589993762e+04 1.792559924504733178e-03
2.964562150622341186e+00 1.395410274108344595e+01 2.891883869234385340e+00 1.646124034479811016e+01 3.229189663658787457e-01 1.530525399999999969e+01 7.001581000000000055e-01 3.097326999999999941e+00 3.016376682048370640e+04 3.344433655986701837e+00 8.783404071161386995e+00 1.611361541984389412e+00 1.815423997495601682e+01 2.164158658803239987e+01 1.500000000000000000e+01 7.234983000000000386e-01 3.013116999999999823e+00 1.906397631589993762e+04 1.792559924504733178e-03
2.964562150622341186e+00 1.395410274108344595e+01 2.891883869234385340e+00 1.646124034479811016e+01 3.229189663658787457e-01 1.530525399999999969e+01 7.001581000000000055e-01 3.097326999999999941e+00 3.016376682048370640e+04 3.344433655986701837e+00 8.783404071161386995e+00 1.611361541984389412e+00 1.815423997495601682e+01 2.164158626554763387e+01 1.500000000000000000e+01 7.234983000000000386e-01 3.013116999999999823e+00 1.906397659997532173e+04 1.792559924504733178e-03
2.964562150622341186e+00 1.395410274108344595e+01 2.891883869234385340e+00 1.646124034479811016e+01 3.229189663658787457e-01 1.530525399999999969e+01 7.001581000000000055e-01 3.097326999999999941e+00 3.016376682048370640e+04 3.344433655986701837e+00 8.783404071161386995e+00 1.611361541984389412e+00 1.815423997495601682e+01 2.164158626554763387e+01 1.500000000000000000e+01 7.234983000000000386e-01 3.013116999999999823e+00 1.906397631589993762e+04 1.792574825665927025e-03
2.927232928659421862e+00 1.395410031417447527e+01 3.007668450754026335e+00 1.598304708350439363e+01 3.636687578096545193e-01 1.530525399999999969e+01 7.001581000000000055e-01 3.097326999999999941e+00 3.016376795017204859e+04 3.307776249254838152e+00 8.783404991448492183e+00 1.655719191084340736e+00 1.937844585044049950e+01 2.391390894600589689e+01 1.500000000000000000e+01 7.234983000000000386e-01 3.013116999999999823e+00 1.906397703228404862e+04 1.916107004564824006e-03
2.945678713987430530e+00 1.395409704139537332e+01 2.920759214899967926e+00 1.634179435820713877e+01 3.329578738851047826e-01 1.530525399999999969e+01 7.001581000000000055e-01 3.097326999999999941e+00 3.016376947235097396e+04 3.328682869291836433e+00 8.783406231256989827e+00 1.657221704493917702e+00 1.845991539616478860e+01 2.220776950826389751e+01 1.500000000000000000e+01 7.234983000000000386e-01 3.013116999999999823e+00 1.906397799759687041e+04 1.847249836710267287e-03
2.950436458210687007e+00 1.395409619752980745e+01 2.898804195781885973e+00 1.643241520756213347e+01 3.251804139835745011e-01 1.530525399999999969e+01 7.001581000000000055e-01 3.097326999999999941e+00 3.016376985843550210e+04 3.334048978778755945e+00 8.783406544871654731e+00 1.657170933690361947e+00 1.822788376555799772e+01 2.177679438721805383e+01 1.500000000000000000e+01 7.234983000000000386e-01 3.013116999999999823e+00 1.906397824259375557e+04 1.829565950874639454e-03
2.953645947582772102e+00 1.395409563173863710e+01 2.892286720708671321e+00 1.645935514808094169e+01 3.228977828966657637e-01 1.530525399999999969e+01 7.001581000000000055e-01 3.097326999999999941e+00 3.016376999917484136e+04 3.337202816863572785e+00 8.783406644566202459e+00 1.649251332357686284e+00 1.815891666897793044e+01 2.164896711084470482e+01 1.500000000000000000e+01 7.234983000000000386e-01 3.013116999999999823e+00 1.906397833471337435e+04 1.818984949457022387e-03
2.960253939036311621e+00 1.395409445000388438e+01 2.891907136740991646e+00 1.646106291612173678e+01 3.228603412197884048e-01 1.530525399999999969e+01 7.001581000000000055e-01 3.097326999999999941e+00 3.016376990137643588e+04 3.342962535607618246e+00 8.783406570901531651e+00 1.620551655989988626e+00 1.815458736589174293e+01 2.164191360937710584e+01 1.500000000000000000e+01 7.234983000000000386e-01 3.013116999999999823e+00 1.906397828044482594e+04 1.799326131464978624e-03
2.962158354693937845e+00 1.395409387725661787e+01 2.891885568023323749e+00 1.646119294105990960e+01 3.228809687768099401e-01 1.530525399999999969e+01 7.001581000000000055e-01 3.097326999999999941e+00 3.016376854442924014e+04 3.344607026826341034e+00 8.783405463696377424e+00 1.612243108909297229e+00 1.815426744670251225e+01 2.164160535512020545e+01 1.500000000000000000e+01 7.234983000000000386e-01 3.013116999999999823e+00 1.906397740723724564e+04 1.793745771601000559e-03
2.962158398833536932e+00 1.395409387725661787e+01 2.891885568023323749e+00 1.646119294105990960e+01 3.228809687768099401e-01 1.530525399999999969e+01 7.001581000000000055e-01 3.097326999999999941e+00 3.016376854442924014e+04 3.344607026826341034e+00 8.783405463696377424e+00 1.612243108909297229e+00 1.815426744670251225e+01 2.164160535512020545e+01 1.500000000000000000e+01 7.234983000000000386e-01 3.013116999999999823e+00 1.906397740723724564e+04 1.793745771601000559e-03
2.962158354693937845e+00 1.395409408518882088e+01 2.891885568023323749e+00 1.646119294105990960e+01 3.228809687768099401e-01 1.530525399999999969e+01 7.001581000000000055e-01 3.097326999999999941e+00 3.016376854442924014e+04 3.344607026826341034e+00 8.783405463696377424e+00 1.612243108909297229e+00 1.815426744670251225e+01 2.164160535512020545e+01 1.500000000000000000e+01 7.234983000000000386e-01 3.013116999999999823e+00 1.906397740723724564e+04 1.793745771601000559e-03
2.962158354693937845e+00 1.395409387725661787e+01 2.891885611115776911e+00 1.646119294105990960e+01 3.228809687768099401e-01 1.530525399999999969e+01 7.001581000000000055e-01 3.097326999999999941e+00 3.016376854442924014e+04 3.344607026826341034e+00 8.783405463696377424e+00 1.612243108909297229e+00 1.815426744670251225e+01 2.164160535512020545e+01 1.500000000000000000e+01 7.234983000000000386e-01 3.013116999999999823e+00 1.906397740723724564e+04 1.793745771601000559e-03
2.962158354693937845e+00 1.395409387725661787e+01 2.891885568023323749e+00 1.646119318635079765e+01 3.228809687768099401e-01 1.530525399999999969e+01 7.001581000000000055e-01 3.097326999999999941e+00 3.016376854442924014e+04 3.344607026826341034e+00 8.783405463696377424e+00 1.612243108909297229e+00 1.815426744670251225e+01 2.164160535512020545e+01 1.500000000000000000e+01 7.234983000000000386e-01 3.013116999999999823e+00 1.906397740723724564e+04 1.793745771601000559e-03
2.962158354693937845e+00 1.395409387725661787e+01 2.891885568023323749e+00 1.646119294105990960e+01 3.228809836779711340e-01 1.530525399999999969e+01 7.001581000000000055e-01 3.097326999999999941e+00 3.016376854442924014e+04 3.344607026826341034e+00 8.783405463696377424e+00 1.612243108909297229e+00 1.815426744670251225e+01 2.164160535512020545e+01 1.500000000000000000e+01 7.234983000000000386e-01 3.013116999999999823e+00 1.906397740723724564e+04 1.793745771601000559e-03
2.962158354693937845e+00 1.395409387725661787e+01 2.891885568023323749e+00 1.646119294105990960e+01 3.228809687768099401e-01 1.530525399999999969e+01 7.001581000000000055e-01 3.097326999999999941e+00 3.016376899390441758e+04 3.344607026826341034e+00 8.783405463696377424e+00 1.612243108909297229e+00 1.815426744670251225e+01 2.164160535512020545e+01 1.500000000000000000e+01 7.234983000000000386e-01 3.013116999999999823e+00 1.906397740723724564e+04 1.793745771601000559e-03
2.962158354693937845e+00 1.395409387725661787e+01 2.891885568023323749e+00 1.646119294105990960e+01 3.228809687768099401e-01 1.530525399999999969e+01 7.001581000000000055e-01 3.097326999999999941e+00 3.016376854442924014e+04 3.344607076664869449e+00 8.783405463696377424e+00 1.612243108909297229e+00 1.815426744670251225e+01 2.164160535512020545e+01 1.500000000000000000e+01 7.234983000000000386e-01 3.013116999999999823e+00 1.906397740723724564e+04 1.793745771601000559e-03
2.962158354693937845e+00 1.395409387725661787e+01 2.891885568023323749e+00 1.646119294105990960e+01 3.228809687768099401e-01 1.530525399999999969e+01 7.001581000000000055e-01 3.097326999999999941e+00 3.016376854442924014e+04 3.344607026826341034e+00 8.783405594579317466e+00 1.612243108909297229e+00 1.815426744670251225e+01 2.164160535512020545e+01 1.500000000000000000e+01 7.234983000000000386e-01 3.013116999999999823e+00 1.906397740723724564e+04 1.793745771601000559e-03
2.962158354693937845e+00 1.395409387725661787e+01 2.891885568023323749e+00 1.646119294105990960e+01 3.228809687768099401e-01 1.530525399999999969e+01 7.001581000000000055e-01 3.097326999999999941e+00 3.016376854442924014e+04 3.344607026826341034e+00 8.783405463696377424e+00 1.612243132933591783e+00 1.815426744670251225e+01 2.164160535512020545e+01 1.500000000000000000e+01 7.234983000000000386e-01 3.013116999999999823e+00 1.906397740723724564e+04 1.793745771601000559e-03
2.962158354693937845e+00 1.395409387725661787e+01 2.891885568023323749e+00 1.646119294105990960e+01 3.228809687768099401e-01 1.530525399999999969e+01 7.001581000000000055e-01 3.097326999999999941e+00 3.016376854442924014e+04 3.344607026826341034e+00 8.783405463696377424e+00 1.612243108909297229e+00 1.815426771722217936e+01 2.164160535512020545e+01 1.500000000000000000e+01 7.234983000000000386e-01 3.013116999999999823e+00 1.906397740723724564e+04 1.793745771601000559e-03
2.962158354693937845e+00 1.395409387725661787e+01 2.891885568023323749e+00 1.646119294105990960e+01 3.228809687768099401e-01 1.530525399999999969e+01 7.001581000000000055e-01 3.097326999999999941e+00 3.016376854442924014e+04 3.344607026826341034e+00 8.783405463696377424e+00 1.612243108909297229e+00 1.815426744670251225e+01 2.164160567760525566e+01 1.500000000000000000e+01 7.234983000000000386e-01 3.013116999999999823e+00 1.906397740723724564e+04 1.793745771601000559e-03
2.962158354693937845e+00 1.395409387725661787e+01 2.891885568023323749e+00 1.646119294105990960e+01 3.228809687768099401e-01 1.530525399999999969e+01 7.001581000000000055e-01 3.097326999999999941e+00 3.016376854442924014e+04 3.344607026826341034e+00 8.783405463696377424e+00 1.612243108909297229e+00 1.815426744670251225e+01 2.164160535512020545e+01 1.500000000000000000e+01 7.234983000000000386e-01 3.013116999999999823e+00 1.906397769131264431e+04 1.793745771601000559e-03
2.962158354693937845e+00 1.395409387725661787e+01 2.891885568023323749e+00 1.646119294105990960e+01 3.228809687768099401e-01 1.530525399999999969e+01 7.001581000000000055e-01 3.097326999999999941e+00 3.016376854442924014e+04 3.344607026826341034e+00 8.783405463696377424e+00 1.612243108909297229e+00 1.815426744670251225e+01 2.164160535512020545e+01 1.500000000000000000e+01 7.234983000000000386e-01 3.013116999999999823e+00 1.906397740723724564e+04 1.793760672762194407e-03
2.961747559694982268e+00 1.395406267037650494e+01 2.891872694496562257e+00 1.646110819196784547e+01 3.228635360387734354e-01 1.530525399999999969e+01 7.001581000000000055e-01 3.097326999999999941e+00 3.016377792961680098e+04 3.343974243768258248e+00 8.783415791726444155e+00 1.617308048303326196e+00 1.815452761654933056e+01 2.164184774147733492e+01 1.500000000000000000e+01 7.234983000000000386e-01 3.013116999999999823e+00 1.906398336010557614e+04 1.795882226041710036e-03
2.962213234087026859e+00 1.395406250039989615e+01 2.891882586500810870e+00 1.646117469334455308e+01 3.228788842550281424e-01 1.530525399999999969e+01 7.001581000000000055e-01 3.097326999999999941e+00 3.016377361404003022e+04 3.344476021508854924e+00 8.783416014807514216e+00 1.613515262952700091e+00 1.815433076836628601e+01 2.164166215189020548e+01 1.500000000000000000e+01 7.234983000000000386e-01 3.013116999999999823e+00 1.906398061935175792e+04 1.794165469160700866e-03
2.962213278227443958e+00 1.395406250039989615e+01 2.891882586500810870e+00 1.646117469334455308e+01 3.228788842550281424e-01 1.530525399999999969e+01 7.001581000000000055e-01 3.097326999999999941e+00 3.016377361404003022e+04 3.344476021508854924e+00 8.783416014807514216e+00 1.613515262952700091e+00 1.815433076836628601e+01 2.164166215189020548e+01 1.500000000000000000e+01 7.234983000000000386e-01 3.013116999999999823e+00 1.906398061935175792e+04 1.794165469160700866e-03
2.962213234087026859e+00 1.395406270833163020e+01 2.891882586500810870e+00 1.646117469334455308e+01 3.228788842550281424e-01 1.530525399999999969e+01 7.001581000000000055e-01 3.097326999999999941e+00 3.016377361404003022e+04 3.344476021508854924e+00 8.783416014807514216e+00 1.613515262952700091e+00 1.815433076836628601e+01 2.164166215189020548e+01 1.500000000000000000e+01 7.234983000000000386e-01 3.013116999999999823e+00 1.906398061935175792e+04 1.794165469160700866e-03
2.962213234087026859e+00 1.395406250039989615e+01 2.891882629593219622e+00 1.646117469334455308e+01 3.228788842550281424e-01 1.530525399999999969e+01 7.001581000000000055e-01 3.097326999999999941e+00 3.016377361404003022e+04 3.344476021508854924e+00 8.783416014807514216e+00 1.613515262952700091e+00 1.815433076836628601e+01 2.164166215189020548e+01 1.500000000000000000e+01 7.234983000000000386e-01 3.013116999999999823e+00 1.906398061935175792e+04 1.794165469160700866e-03
2.962213234087026859e+00 1.395406250039989615e+01 2.891882586500810870e+00 1.646117493863517112e+01 3.228788842550281424e-01 1.530525399999999969e+01 7.001581000000000055e-01 3.097326999999999941e+00 3.016377361404003022e+04 3.344476021508854924e+00 8.783416014807514216e+00 1.613515262952700091e+00 1.815433076836628601e+01 2.164166215189020548e+01 1.500000000000000000e+01 7.234983000000000386e-01 3.013116999999999823e+00 1.906398061935175792e+04 1.794165469160700866e-03
2.962213234087026859e+00 1.395406250039989615e+01 2.891882586500810870e+00 1.646117469334455308e+01 3.228788991561893362e-01 1.530525399999999969e+01 7.001581000000000055e-01 3.097326999999999941e+00 3.016377361404003022e+04 3.344476021508854924e+00 8.783416014807514216e+00 1.613515262952700091e+00 1.815433076836628601e+01 2.164166215189020548e+01 1.500000000000000000e+01 7.234983000000000386e-01 3.013116999999999823e+00 1.906398061935175792e+04 1.794165469160700866e-03
2.962213234087026859e+00 1.395406250039989615e+01 2.891882586500810870e+00 1.646117469334455308e+01 3.228788842550281424e-01 1.530525399999999969e+01 7.001581000000000055e-01 3.097326999999999941e+00 3.016377406351528407e+04 3.344476021508854924e+00 8.783416014807514216e+00 1.613515262952700091e+00 1.815433076836628601e+01 2.164166215189020548e+01 1.500000000000000000e+01 7.234983000000000386e-01 3.013116999999999823e+00 1.906398061935175792e+04 1.794165469160700866e-03
2.962213234087026859e+00 1.395406250039989615e+01 2.891882586500810870e+00 1.646117469334455308e+01 3.228788842550281424e-01 1.530525399999999969e+01 7.001581000000000055e-01 3.097326999999999941e+00 3.016377361404003022e+04 3.344476071345431123e+00 8.783416014807514216e+00 1.613515262952700091e+00 1.815433076836628601e+01 2.164166215189020548e+01 1.500000000000000000e+01 7.234983000000000386e-01 3.013116999999999823e+00 1.906398061935175792e+04 1.794165469160700866e-03
2.962213234087026859e+00 1.395406250039989615e+01 2.891882586500810870e+00 1.646117469334455308e+01 3.228788842550281424e-01 1.530525399999999969e+01 7.001581000000000055e-01 3.097326999999999941e+00 3.016377361404003022e+04 3.344476021508854924e+00 8.783416145690612353e+00 1.613515262952700091e+00 1.815433076836628601e+01 2.164166215189020548e+01 1.500000000000000000e+01 7.234983000000000386e-01 3.013116999999999823e+00 1.906398061935175792e+04 1.794165469160700866e-03
2.962213234087026859e+00 1.395406250039989615e+01 2.891882586500810870e+00 1.646117469334455308e+01 3.228788842550281424e-01 1.530525399999999969e+01 7.001581000000000055e-01 3.097326999999999941e+00 3.016377361404003022e+04 3.344476021508854924e+00 8.783416014807514216e+00 1.613515286995951037e+00 1.815433076836628601e+01 2.164166215189020548e+01 1.500000000000000000e+01 7.234983000000000386e-01 3.013116999999999823e+00 1.906398061935175792e+04 1.794165469160700866e-03
2.962213234087026859e+00 1.395406250039989615e+01 2.891882586500810870e+00 1.646117469334455308e+01 3.228788842550281424e-01 1.530525399999999969e+01 7.001581000000000055e-01 3.097326999999999941e+00 3.016377361404003022e+04 3.344476021508854924e+00 8.783416014807514216e+00 1.613515262952700091e+00 1.815433103888689459e+01 2.164166215189020548e+01 1.500000000000000000e+01 7.234983000000000386e-01 3.013116999999999823e+00 1.906398061935175792e+04 1.794165469160700866e-03
2.962213234087026859e+00 1.395406250039989615e+01 2.891882586500810870e+00 1.646117469334455308e+01 3.228788842550281424e-01 1.530525399999999969e+01 7.001581000000000055e-01 3.097326999999999941e+00 3.016377361404003022e+04 3.344476021508854924e+00 8.783416014807514216e+00 1.613515262952700091e+00 1.815433076836628601e+01 2.164166247437610124e+01 1.500000000000000000e+01 7.234983000000000386e-01 3.013116999999999823e+00 1.906398061935175792e+04 1.794165469160700866e-03
2.962213234087026859e+00 1.395406250039989615e+01 2.891882586500810870e+00 1.646117469334455308e+01 3.228788842550281424e-01 1.530525399999999969e+01 7.001581000000000055e-01 3.097326999999999941e+00 3.016377361404003022e+04 3.344476021508854924e+00 8.783416014807514216e+00 1.613515262952700091e+00 1.815433076836628601e+01 2.164166215189020548e+01 1.500000000000000000e+01 7.234983000000000386e-01 3.013116999999999823e+00 1.906398090342720752e+04 1.794165469160700866e-03
2.962213234087026859e+00 1.395406250039989615e+01 2.891882586500810870e+00 1.646117469334455308e+01 3.228788842550281424e-01 1.530525399999999969e+01 7.001581000000000055e-01 3.097326999999999941e+00 3.016377361404003022e+04 3.344476021508854924e+00 8.783416014807514216e+00 1.613515262952700091e+00 1.815433076836628601e+01 2.164166215189020548e+01 1.500000000000000000e+01 7.234983000000000386e-01 3.013116999999999823e+00 1.906398061935175792e+04 1.794180370321894714e-03
2.962168242144179509e+00 1.395532894296528070e+01 2.891875151813080969e+00 1.646089068650623233e+01 3.228735244089034340e-01 1.530525399999999969e+01 7.001581000000000055e-01 3.097326999999999941e+00 3.016377361993654995e+04 3.344457116699702137e+00 8.783606233254277029e+00 1.613504989363068631e+00 1.815421720478805057e+01 2.164152212889758431e+01 1.500000000000000000e+01 7.234983000000000386e-01 3.013116999999999823e+00 1.906398062514913181e+04 1.794542975825836684e-03
2.962168286283926033e+00 1.395532894296528070e+01 2.891875151813080969e+00 1.646089068650623233e+01 3.228735244089034340e-01 1.530525399999999969e+01 7.001581000000000055e-01 3.097326999999999941e+00 3.016377361993654995e+04 3.344457116699702137e+00 8.783606233254277029e+00 1.613504989363068631e+00 1.815421720478805057e+01 2.164152212889758431e+01 1.500000000000000000e+01 7.234983000000000386e-01 3.013116999999999823e+00 1.906398062514913181e+04 1.794542975825836684e-03
2.962168242144179509e+00 1.395532915091588677e+01 2.891875151813080969e+00 1.646089068650623233e+01 3.228735244089034340e-01 1.530525399999999969e+01 7.001581000000000055e-01 3.097326999999999941e+00 3.016377361993654995e+04 3.344457116699702137e+00 8.783606233254277029e+00 1.613504989363068631e+00 1.815421720478805057e+01 2.164152212889758431e+01 1.500000000000000000e+01 7.234983000000000386e-01 3.013116999999999823e+00 1.906398062514913181e+04 1.794542975825836684e-03
2.962168242144179509e+00 1.395532894296528070e+01 2.891875194905378699e+00 1.646089068650623233e+01 3.228735244089034340e-01 1.530525399999999969e+01 7.001581000000000055e-01 3.097326999999999941e+00 3.016377361993654995e+04 3.344457116699702137e+00 8.783606233254277029e+00 1.613504989363068631e+00 1.815421720478805057e+01 2.164152212889758431e+01 1.500000000000000000e+01 7.234983000000000386e-01 3.013116999999999823e+00 1.906398062514913181e+04 1.794542975825836684e-03
2.962168242144179509e+00 1.395532894296528070e+01 2.891875151813080969e+00 1.646089093179261909e+01 3.228735244089034340e-01 1.530525399999999969e+01 7.001581000000000055e-01 3.097326999999999941e+00 3.016377361993654995e+04 3.344457116699702137e+00 8.783606233254277029e+00 1.613504989363068631e+00 1.815421720478805057e+01 2.164152212889758431e+01 1.500000000000000000e+01 7.234983000000000386e-01 3.013116999999999823e+00 1.906398062514913181e+04 1.794542975825836684e-03
2.962168242144179509e+00 1.395532894296528070e+01 2.891875151813080969e+00 1.646089068650623233e+01 3.228735393100646278e-01 1.530525399999999969e+01 7.001581000000000055e-01 3.097326999999999941e+00 3.016377361993654995e+04 3.344457116699702137e+00 8.783606233254277029e+00 1.613504989363068631e+00 1.815421720478805057e+01 2.164152212889758431e+01 1.500000000000000000e+01 7.234983000000000386e-01 3.013116999999999823e+00 1.906398062514913181e+04 1.794542975825836684e-03
2.962168242144179509e+00 1.395532894296528070e+01 2.891875151813080969e+00 1.646089068650623233e+01 3.228735244089034340e-01 1.530525399999999969e+01 7.001581000000000055e-01 3.097326999999999941e+00 3.016377406941180379e+04 3.344457116699702137e+00 8.783606233254277029e+00 1.613504989363068631e+00 1.815421720478805057e+01 2.164152212889758431e+01 1.500000000000000000e+01 7.234983000000000386e-01 3.013116999999999823e+00 1.906398062514913181e+04 1.794542975825836684e-03
2.962168242144179509e+00 1.395532894296528070e+01 2.891875151813080969e+00 1.646089068650623233e+01 3.228735244089034340e-01 1.530525399999999969e+01 7.001581000000000055e-01 3.097326999999999941e+00 3.016377361993654995e+04 3.344457166535996784e+00 8.783606233254277029e+00 1.613504989363068631e+00 1.815421720478805057e+01 2.164152212889758431e+01 1.500000000000000000e+01 7.234983000000000386e-01 3.013116999999999823e+00 1.906398062514913181e+04 1.794542975825836684e-03
2.962168242144179509e+00 1.395532894296528070e+01 2.891875151813080969e+00 1.646089068650623233e+01 3.228735244089034340e-01 1.530525399999999969e+01 7.001581000000000055e-01 3.097326999999999941e+00 3.016377361993654995e+04 3.344457116699702137e+00 8.783606364140210232e+00 1.613504989363068631e+00 1.815421720478805057e+01 2.164152212889758431e+01 1.500000000000000000e+01 7.234983000000000386e-01 3.013116999999999823e+00 1.906398062514913181e+04 1.794542975825836684e-03
2.962168242144179509e+00 1.395532894296528070e+01 2.891875151813080969e+00 1.646089068650623233e+01 3.228735244089034340e-01 1.530525399999999969e+01 7.001581000000000055e-01 3.097326999999999941e+00 3.016377361993654995e+04 3.344457116699702137e+00 8.783606233254277029e+00 1.613505013406166588e+00 1.815421720478805057e+01 2.164152212889758431e+01 1.500000000000000000e+01 7.234983000000000386e-01 3.013116999999999823e+00 1.906398062514913181e+04 1.794542975825836684e-03
2.962168242144179509e+00 1.395532894296528070e+01 2.891875151813080969e+00 1.646089068650623233e+01 3.228735244089034340e-01 1.530525399999999969e+01 7.001581000000000055e-01 3.097326999999999941e+00 3.016377361993654995e+04 3.344457116699702137e+00 8.783606233254277029e+00 1.613504989363068631e+00 1.815421747530696805e+01 2.164152212889758431e+01 1.500000000000000000e+01 7.234983000000000386e-01 3.013116999999999823e+00 1.906398062514913181e+04 1.794542975825836684e-03
2.962168242144179509e+00 1.395532894296528070e+01 2.891875151813080969e+00 1.646089068650623233e+01 3.228735244089034340e-01 1.530525399999999969e+01 7.001581000000000055e-01 3.097326999999999941e+00 3.016377361993654995e+04 3.344457116699702137e+00 8.783606233254277029e+00 1.613504989363068631e+00 1.815421720478805057e+01 2.164152245138139463e+01 1.500000000000000000e+01 7.234983000000000386e-01 3.013116999999999823e+00 1.906398062514913181e+04 1.794542975825836684e-03
2.962168242144179509e+00 1.395532894296528070e+01 2.891875151813080969e+00 1.646089068650623233e+01 3.228735244089034340e-01 1.530525399999999969e+01 7.001581000000000055e-01 3.097326999999999941e+00 3.016377361993654995e+04 3.344457116699702137e+00 8.783606233254277029e+00 1.613504989363068631e+00 1.815421720478805057e+01 2.164152212889758431e+01 1.500000000000000000e+01 7.234983000000000386e-01 3.013116999999999823e+00 1.906398090922458141e+04 1.794542975825836684e-03
2.962168242144179509e+00 1.395532894296528070e+01 2.891875151813080969e+00 1.646089068650623233e+01 3.228735244089034340e-01 1.530525399999999969e+01 7.001581000000000055e-01 3.097326999999999941e+00 3.016377361993654995e+04 3.344457116699702137e+00 8.783606233254277029e+00 1.613504989363068631e+00 1.815421720478805057e+01 2.164152212889758431e+01 1.500000000000000000e+01 7.234983000000000386e-01 3.013116999999999823e+00 1.906398062514913181e+04 1.794557876987030532e-03
2.962003328840926208e+00 1.395285404415885999e+01 2.891733485908535517e+00 1.645964950000166027e+01 3.228404430420946380e-01 1.530525399999999969e+01 7.001581000000000055e-01 3.097326999999999941e+00 3.016377362070536765e+04 3.344475106651668916e+00 8.784198368279698244e+00 1.613517066887343754e+00 1.815432895801900059e+01 2.164164610472787942e+01 1.500000000000000000e+01 7.234983000000000386e-01 3.013116999999999823e+00 1.906398062590287373e+04 1.795286262160808574e-03
2.962031108146817360e+00 1.395491084407295723e+01 2.891846589386746658e+00 1.646020607352804177e+01 3.228500616471123297e-01 1.530525399999999969e+01 7.001581000000000055e-01 3.097326999999999941e+00 3.016377362007810734e+04 3.344476137671080540e+00 8.784051617667419265e+00 1.613518693052876207e+00 1.815433896895101640e+01 2.164165994903165213e+01 1.500000000000000000e+01 7.234983000000000386e-01 3.013116999999999823e+00 1.906398062528889568e+04 1.794959525512675527e-03
2.962099760406463833e+00 1.395529300082378832e+01 2.891872794252591472e+00 1.646081010618675222e+01 3.228687674037882815e-01 1.530525399999999969e+01 7.001581000000000055e-01 3.097326999999999941e+00 3.016377361995831598e+04 3.344464974091703624e+00 8.783754371481157008e+00 1.613515836239542978e+00 1.815427465625620584e+01 2.164158527201168880e+01 1.500000000000000000e+01 7.234983000000000386e-01 3.013116999999999823e+00 1.906398062517088329e+04 1.794575010539463259e-03
2.962099804545189841e+00 1.395529300082378832e+01 2.891872794252591472e+00 1.646081010618675222e+01 3.228687674037882815e-01 1.530525399999999969e+01 7.001581000000000055e-01 3.097326999999999941e+00 3.016377361995831598e+04 3.344464974091703624e+00 8.783754371481157008e+00 1.613515836239542978e+00 1.815427465625620584e+01 2.164158527201168880e+01 1.500000000000000000e+01 7.234983000000000386e-01 3.013116999999999823e+00 1.906398062517088329e+04 1.794575010539463259e-03
2.962099760406463833e+00 1.395529320877385970e+01 2.891872794252591472e+00 1.646081010618675222e+01 3.228687674037882815e-01 1.530525399999999969e+01 7.001581000000000055e-01 3.097326999999999941e+00 3.016377361995831598e+04 3.344464974091703624e+00 8.783754371481157008e+00 1.613515836239542978e+00 1.815427465625620584e+01 2.164158527201168880e+01 1.500000000000000000e+01 7.234983000000000386e-01 3.013116999999999823e+00 1.906398062517088329e+04 1.794575010539463259e-03
2.962099760406463833e+00 1.395529300082378832e+01 2.891872837344854119e+00 1.646081010618675222e+01 3.228687674037882815e-01 1.530525399999999969e+01 7.001581000000000055e-01 3.097326999999999941e+00 3.016377361995831598e+04 3.344464974091703624e+00 8.783754371481157008e+00 1.613515836239542978e+00 1.815427465625620584e+01 2.164158527201168880e+01 1.500000000000000000e+01 7.234983000000000386e-01 3.013116999999999823e+00 1.906398062517088329e+04 1.794575010539463259e-03
2.962099760406463833e+00 1.395529300082378832e+01 2.891872794252591472e+00 1.646081035147193816e+01 3.228687674037882815e-01 1.530525399999999969e+01 7.001581000000000055e-01 3.097326999999999941e+00 3.016377361995831598e+04 3.344464974091703624e+00 8.783754371481157008e+00 1.613515836239542978e+00 1.815427465625620584e+01 2.164158527201168880e+01 1.500000000000000000e+01 7.234983000000000386e-01 3.013116999999999823e+00 1.906398062517088329e+04 1.794575010539463259e-03
2.962099760406463833e+00 1.395529300082378832e+01 2.891872794252591472e+00 1.646081010618675222e+01 3.228687823049494754e-01 1.530525399999999969e+01 7.001581000000000055e-01 3.097326999999999941e+00 3.016377361995831598e+04 3.344464974091703624e+00 8.783754371481157008e+00 1.613515836239542978e+00 1.815427465625620584e+01 2.164158527201168880e+01 1.500000000000000000e+01 7.234983000000000386e-01 3.013116999999999823e+00 1.906398062517088329e+04 1.794575010539463259e-03
2.962099760406463833e+00 1.395529300082378832e+01 2.891872794252591472e+00 1.646081010618675222e+01 3.228687674037882815e-01 1.530525399999999969e+01 7.001581000000000055e-01 3.097326999999999941e+00 3.016377406943356982e+04 3.344464974091703624e+00 8.783754371481157008e+00 1.613515836239542978e+00 1.815427465625620584e+01 2.164158527201168880e+01 1.500000000000000000e+01 7.234983000000000386e-01 3.013116999999999823e+00 1.906398062517088329e+04 1.794575010539463259e-03
2.962099760406463833e+00 1.395529300082378832e+01 2.891872794252591472e+00 1.646081010618675222e+01 3.228687674037882815e-01 1.530525399999999969e+01 7.001581000000000055e-01 3.097326999999999941e+00 3.016377361995831598e+04 3.344465023928115510e+00 8.783754371481157008e+00 1.613515836239542978e+00 1.815427465625620584e+01 2.164158527201168880e+01 1.500000000000000000e+01 7.234983000000000386e-01 3.013116999999999823e+00 1.906398062517088329e+04 1.794575010539463259e-03
2.962099760406463833e+00 1.395529300082378832e+01 2.891872794252591472e+00 1.646081010618675222e+01 3.228687674037882815e-01 1.530525399999999969e+01 7.001581000000000055e-01 3.097326999999999941e+00 3.016377361995831598e+04 3.344464974091703624e+00 8.783754502369296446e+00 1.613515836239542978e+00 1.815427465625620584e+01 2.164158527201168880e+01 1.500000000000000000e+01 7.234983000000000386e-01 3.013116999999999823e+00 1.906398062517088329e+04 1.794575010539463259e-03
2.962099760406463833e+00 1.395529300082378832e+01 2.891872794252591472e+00 1.646081010618675222e+01 3.228687674037882815e-01 1.530525399999999969e+01 7.001581000000000055e-01 3.097326999999999941e+00 3.016377361995831598e+04 3.344464974091703624e+00 8.783754371481157008e+00 1.613515860282802583e+00 1.815427465625620584e+01 2.164158527201168880e+01 1.500000000000000000e+01 7.234983000000000386e-01 3.013116999999999823e+00 1.906398062517088329e+04 1.794575010539463259e-03
2.962099760406463833e+00 1.395529300082378832e+01 2.891872794252591472e+00 1.646081010618675222e+01 3.228687674037882815e-01 1.530525399999999969e+01 7.001581000000000055e-01 3.097326999999999941e+00 3.016377361995831598e+04 3.344464974091703624e+00 8.783754371481157008e+00 1.613515836239542978e+00 1.815427492677597954e+01 2.164158527201168880e+01 1.500000000000000000e+01 7.234983000000000386e-01 3.013116999999999823e+00 1.906398062517088329e+04 1.794575010539463259e-03
2.962099760406463833e+00 1.395529300082378832e+01 2.891872794252591472e+00 1.646081010618675222e+01 3.228687674037882815e-01 1.530525399999999969e+01 7.001581000000000055e-01 3.097326999999999941e+00 3.016377361995831598e+04 3.344464974091703624e+00 8.783754371481157008e+00 1.613515836239542978e+00 1.815427465625620584e+01 2.164158559449644059e+01 1.500000000000000000e+01 7.234983000000000386e-01 3.013116999999999823e+00 1.906398062517088329e+04 1.794575010539463259e-03
2.962099760406463833e+00 1.395529300082378832e+01 2.891872794252591472e+00 1.646081010618675222e+01 3.228687674037882815e-01 1.530525399999999969e+01 7.001581000000000055e-01 3.097326999999999941e+00 3.016377361995831598e+04 3.344464974091703624e+00 8.783754371481157008e+00 1.613515836239542978e+00 1.815427465625620584e+01 2.164158527201168880e+01 1.500000000000000000e+01 7.234983000000000386e-01 3.013116999999999823e+00 1.906398090924633289e+04 1.794575010539463259e-03
2.962099760406463833e+00 1.395529300082378832e+01 2.891872794252591472e+00 1.646081010618675222e+01 3.228687674037882815e-01 1.530525399999999969e+01 7.001581000000000055e-01 3.097326999999999941e+00 3.016377361995831598e+04 3.344464974091703624e+00 8.783754371481157008e+00 1.613515836239542978e+00 1.815427465625620584e+01 2.164158527201168880e+01 1.500000000000000000e+01 7.234983000000000386e-01 3.013116999999999823e+00 1.906398062517088329e+04 1.794589911700657106e-03
