3.205843000000000220e+00 7.511125999999999969e+00 1.235333999999999932e+00 1.528337999999999867e-05 3.753042800000000057e+01 1.549994700000000059e+01 7.954442999999999930e-01 3.681439999999999824e+00 2.571453499999999985e+04 0.000000000000000000e+00
3.205843047770783549e+00 7.511125999999999969e+00 1.235333999999999932e+00 1.528337999999999867e-05 3.753042800000000057e+01 1.549994700000000059e+01 7.954442999999999930e-01 3.681439999999999824e+00 2.571453499999999985e+04 0.000000000000000000e+00
3.205843000000000220e+00 7.511126111924498971e+00 1.235333999999999932e+00 1.528337999999999867e-05 3.753042800000000057e+01 1.549994700000000059e+01 7.954442999999999930e-01 3.681439999999999824e+00 2.571453499999999985e+04 0.000000000000000000e+00
3.205843000000000220e+00 7.511125999999999969e+00 1.235334018407910905e+00 1.528337999999999867e-05 3.753042800000000057e+01 1.549994700000000059e+01 7.954442999999999930e-01 3.681439999999999824e+00 2.571453499999999985e+04 0.000000000000000000e+00
3.205843000000000220e+00 7.511125999999999969e+00 1.235333999999999932e+00 1.529828116119384633e-05 3.753042800000000057e+01 1.549994700000000059e+01 7.954442999999999930e-01 3.681439999999999824e+00 2.571453499999999985e+04 0.000000000000000000e+00
3.205843000000000220e+00 7.511125999999999969e+00 1.235333999999999932e+00 1.528337999999999867e-05 3.753042855924695687e+01 1.549994700000000059e+01 7.954442999999999930e-01 3.681439999999999824e+00 2.571453499999999985e+04 0.000000000000000000e+00
3.205843000000000220e+00 7.511125999999999969e+00 1.235333999999999932e+00 1.528337999999999867e-05 3.753042800000000057e+01 1.549994700000000059e+01 7.954442999999999930e-01 3.681439999999999824e+00 2.571453538317642960e+04 0.000000000000000000e+00
3.205843000000000220e+00 7.511125999999999969e+00 1.235333999999999932e+00 1.528337999999999867e-05 3.753042800000000057e+01 1.549994700000000059e+01 7.954442999999999930e-01 3.681439999999999824e+00 2.571453499999999985e+04 1.490116119384765625e-08
3.195867967261470266e+00 7.511125749246026828e+00 1.423118223597133358e+00 6.485506690477331748e-01 3.532479677070453050e+01 1.549994700000000059e+01 7.954442999999999930e-01 3.681439999999999824e+00 2.571452636012720177e+04 -2.883127125515999047e-04
3.195868014883613828e+00 7.511125749246026828e+00 1.423118223597133358e+00 6.485506690477331748e-01 3.532479677070453050e+01 1.549994700000000059e+01 7.954442999999999930e-01 3.681439999999999824e+00 2.571452636012720177e+04 -2.883127125515999047e-04
3.195867967261470266e+00 7.511125861170522278e+00 1.423118223597133358e+00 6.485506690477331748e-01 3.532479677070453050e+01 1.549994700000000059e+01 7.954442999999999930e-01 3.681439999999999824e+00 2.571452636012720177e+04 -2.883127125515999047e-04
3.195867967261470266e+00 7.511125749246026828e+00 1.423118244803247334e+00 6.485506690477331748e-01 3.532479677070453050e+01 1.549994700000000059e+01 7.954442999999999930e-01 3.681439999999999824e+00 2.571452636012720177e+04 -2.883127125515999047e-04
3.195867967261470266e+00 7.511125749246026828e+00 1.423118223597133358e+00 6.485506839488943687e-01 3.532479677070453050e+01 1.549994700000000059e+01 7.954442999999999930e-01 3.681439999999999824e+00 2.571452636012720177e+04 -2.883127125515999047e-04
3.195867967261470266e+00 7.511125749246026828e+00 1.423118223597133358e+00 6.485506690477331748e-01 3.532479729708501992e+01 1.549994700000000059e+01 7.954442999999999930e-01 3.681439999999999824e+00 2.571452636012720177e+04 -2.883127125515999047e-04
3.195867967261470266e+00 7.511125749246026828e+00 1.423118223597133358e+00 6.485506690477331748e-01 3.532479677070453050e+01 1.549994700000000059e+01 7.954442999999999930e-01 3.681439999999999824e+00 2.571452674330350419e+04 -2.883127125515999047e-04
3.195867967261470266e+00 7.511125749246026828e+00 1.423118223597133358e+00 6.485506690477331748e-01 3.532479677070453050e+01 1.549994700000000059e+01 7.954442999999999930e-01 3.681439999999999824e+00 2.571452636012720177e+04 -2.883276137127937524e-04
3.202067032146576064e+00 7.511125733005081351e+00 1.442396639465798547e+00 8.199304861102537645e-01 3.564446960086998217e+01 1.549994700000000059e+01 7.954442999999999930e-01 3.681439999999999824e+00 2.571452529527836305e+04 -2.889267025110615352e-04
3.202067079861092846e+00 7.511125733005081351e+00 1.442396639465798547e+00 8.199304861102537645e-01 3.564446960086998217e+01 1.549994700000000059e+01 7.954442999999999930e-01 3.681439999999999824e+00 2.571452529527836305e+04 -2.889267025110615352e-04
3.202067032146576064e+00 7.511125844929576800e+00 1.442396639465798547e+00 8.199304861102537645e-01 3.564446960086998217e+01 1.549994700000000059e+01 7.954442999999999930e-01 3.681439999999999824e+00 2.571452529527836305e+04 -2.889267025110615352e-04
3.202067032146576064e+00 7.511125733005081351e+00 1.442396660959183396e+00 8.199304861102537645e-01 3.564446960086998217e+01 1.549994700000000059e+01 7.954442999999999930e-01 3.681439999999999824e+00 2.571452529527836305e+04 -2.889267025110615352e-04
3.202067032146576064e+00 7.511125733005081351e+00 1.442396639465798547e+00 8.199305010114149583e-01 3.564446960086998217e+01 1.549994700000000059e+01 7.954442999999999930e-01 3.681439999999999824e+00 2.571452529527836305e+04 -2.889267025110615352e-04
3.202067032146576064e+00 7.511125733005081351e+00 1.442396639465798547e+00 8.199304861102537645e-01 3.564447013201397141e+01 1.549994700000000059e+01 7.954442999999999930e-01 3.681439999999999824e+00 2.571452529527836305e+04 -2.889267025110615352e-04
3.202067032146576064e+00 7.511125733005081351e+00 1.442396639465798547e+00 8.199304861102537645e-01 3.564446960086998217e+01 1.549994700000000059e+01 7.954442999999999930e-01 3.681439999999999824e+00 2.571452567845465092e+04 -2.889267025110615352e-04
3.202067032146576064e+00 7.511125733005081351e+00 1.442396639465798547e+00 8.199304861102537645e-01 3.564446960086998217e+01 1.549994700000000059e+01 7.954442999999999930e-01 3.681439999999999824e+00 2.571452529527836305e+04 -2.889416036722553829e-04
3.201811375279986382e+00 7.430192743368293939e+00 1.440504576543856219e+00 8.192615208747037192e-01 3.564197961508672563e+01 1.549994700000000059e+01 7.954442999999999930e-01 3.681439999999999824e+00 2.587927472950473748e+04 -4.070249039492487581e-04
3.201811422990693767e+00 7.430192743368293939e+00 1.440504576543856219e+00 8.192615208747037192e-01 3.564197961508672563e+01 1.549994700000000059e+01 7.954442999999999930e-01 3.681439999999999824e+00 2.587927472950473748e+04 -4.070249039492487581e-04
3.201811375279986382e+00 7.430192854086794085e+00 1.440504576543856219e+00 8.192615208747037192e-01 3.564197961508672563e+01 1.549994700000000059e+01 7.954442999999999930e-01 3.681439999999999824e+00 2.587927472950473748e+04 -4.070249039492487581e-04
3.201811375279986382e+00 7.430192743368293939e+00 1.440504598009047177e+00 8.192615208747037192e-01 3.564197961508672563e+01 1.549994700000000059e+01 7.954442999999999930e-01 3.681439999999999824e+00 2.587927472950473748e+04 -4.070249039492487581e-04
3.201811375279986382e+00 7.430192743368293939e+00 1.440504576543856219e+00 8.192615357758649131e-01 3.564197961508672563e+01 1.549994700000000059e+01 7.954442999999999930e-01 3.681439999999999824e+00 2.587927472950473748e+04 -4.070249039492487581e-04
3.201811375279986382e+00 7.430192743368293939e+00 1.440504576543856219e+00 8.192615208747037192e-01 3.564198014619361032e+01 1.549994700000000059e+01 7.954442999999999930e-01 3.681439999999999824e+00 2.587927472950473748e+04 -4.070249039492487581e-04
3.201811375279986382e+00 7.430192743368293939e+00 1.440504576543856219e+00 8.192615208747037192e-01 3.564197961508672563e+01 1.549994700000000059e+01 7.954442999999999930e-01 3.681439999999999824e+00 2.587927511513598074e+04 -4.070249039492487581e-04
3.201811375279986382e+00 7.430192743368293939e+00 1.440504576543856219e+00 8.192615208747037192e-01 3.564197961508672563e+01 1.549994700000000059e+01 7.954442999999999930e-01 3.681439999999999824e+00 2.587927472950473748e+04 -4.070398051104426058e-04
3.217530690375638880e+00 7.411039589086994006e+00 1.410280870289378319e+00 8.101813560858426300e-01 3.586619272705654993e+01 1.549994700000000059e+01 7.954442999999999930e-01 3.681439999999999824e+00 2.620877363380628958e+04 -2.990608730310982330e-04
3.214873104818198435e+00 7.435347692028837052e+00 1.407367843073433322e+00 8.089262662408198690e-01 3.583225009122491400e+01 1.549994700000000059e+01 7.954442999999999930e-01 3.681439999999999824e+00 2.596164944449412724e+04 -3.936767726396959597e-04
3.214208708858010688e+00 7.441424704817555025e+00 1.406639587118204027e+00 8.086124986491629585e-01 3.582376429834634735e+01 1.549994700000000059e+01 7.954442999999999930e-01 3.681439999999999824e+00 2.589986836183960258e+04 -4.173308155552217622e-04
3.214042611532839988e+00 7.442943906168610901e+00 1.406457526670116476e+00 8.085340762764706701e-01 3.582164231365600671e+01 1.549994700000000059e+01 7.954442999999999930e-01 3.681439999999999824e+00 2.588442294986715206e+04 -4.232445982707752890e-04
3.214001094042580053e+00 7.443323499125067855e+00 1.406412025248716891e+00 8.085145486949599780e-01 3.582110967246468647e+01 1.549994700000000059e+01 7.954442999999999930e-01 3.681439999999999824e+00 2.588056103141960557e+04 -4.247241329285377192e-04
3.213990708710432909e+00 7.443417518605341954e+00 1.406400800374381976e+00 8.085100129402937874e-01 3.582096732346962398e+01 1.549994700000000059e+01 7.954442999999999930e-01 3.681439999999999824e+00 2.587959327527073401e+04 -4.250983734660277445e-04
3.213987738073232237e+00 7.443436001768104049e+00 1.406399785544466763e+00 8.085109737794170526e-01 3.582087964996264162e+01 1.549994700000000059e+01 7.954442999999999930e-01 3.681439999999999824e+00 2.587934108514820400e+04 -4.252131469117883134e-04
3.211315509297073323e+00 7.430421880302955806e+00 1.417323040355470631e+00 8.182573168920259654e-01 3.565021591446129179e+01 1.549994700000000059e+01 7.954442999999999930e-01 3.681439999999999824e+00 2.587927473084472513e+04 -4.547739523275034818e-04
3.204221674949116583e+00 7.430177559775103191e+00 1.434694517460403995e+00 8.191363917372735948e-01 3.564258383934473073e+01 1.549994700000000059e+01 7.954442999999999930e-01 3.681439999999999824e+00 2.587927472965112975e+04 -4.234955458095210844e-04
3.202426008655043344e+00 7.430187383608999774e+00 1.439054156150581187e+00 8.192330701740232479e-01 3.564210150599046045e+01 1.549994700000000059e+01 7.954442999999999930e-01 3.681439999999999824e+00 2.587927472953746474e+04 -4.153254531880731944e-04
3.202426056374909624e+00 7.430187383608999774e+00 1.439054156150581187e+00 8.192330701740232479e-01 3.564210150599046045e+01 1.549994700000000059e+01 7.954442999999999930e-01 3.681439999999999824e+00 2.587927472953746474e+04 -4.153254531880731944e-04
3.202426008655043344e+00 7.430187494327419984e+00 1.439054156150581187e+00 8.192330701740232479e-01 3.564210150599046045e+01 1.549994700000000059e+01 7.954442999999999930e-01 3.681439999999999824e+00 2.587927472953746474e+04 -4.153254531880731944e-04
3.202426008655043344e+00 7.430187383608999774e+00 1.439054177594159212e+00 8.192330701740232479e-01 3.564210150599046045e+01 1.549994700000000059e+01 7.954442999999999930e-01 3.681439999999999824e+00 2.587927472953746474e+04 -4.153254531880731944e-04
3.202426008655043344e+00 7.430187383608999774e+00 1.439054156150581187e+00 8.192330850751844418e-01 3.564210150599046045e+01 1.549994700000000059e+01 7.954442999999999930e-01 3.681439999999999824e+00 2.587927472953746474e+04 -4.153254531880731944e-04
3.202426008655043344e+00 7.430187383608999774e+00 1.439054156150581187e+00 8.192330701740232479e-01 3.564210203709915703e+01 1.549994700000000059e+01 7.954442999999999930e-01 3.681439999999999824e+00 2.587927472953746474e+04 -4.153254531880731944e-04
3.202426008655043344e+00 7.430187383608999774e+00 1.439054156150581187e+00 8.192330701740232479e-01 3.564210150599046045e+01 1.549994700000000059e+01 7.954442999999999930e-01 3.681439999999999824e+00 2.587927511516870800e+04 -4.153254531880731944e-04
3.202426008655043344e+00 7.430187383608999774e+00 1.439054156150581187e+00 8.192330701740232479e-01 3.564210150599046045e+01 1.549994700000000059e+01 7.954442999999999930e-01 3.681439999999999824e+00 2.587927472953746474e+04 -4.153403543492670421e-04
3.202862180012040039e+00 7.430183931840748102e+00 1.437575567126954557e+00 8.192033515539329791e-01 3.564218087213517094e+01 1.549994700000000059e+01 7.954442999999999930e-01 3.681439999999999824e+00 2.587927472957144346e+04 -4.186708384370756825e-04
3.202862227738405565e+00 7.430183931840748102e+00 1.437575567126954557e+00 8.192033515539329791e-01 3.564218087213517094e+01 1.549994700000000059e+01 7.954442999999999930e-01 3.681439999999999824e+00 2.587927472957144346e+04 -4.186708384370756825e-04
3.202862180012040039e+00 7.430184042559116797e+00 1.437575567126954557e+00 8.192033515539329791e-01 3.564218087213517094e+01 1.549994700000000059e+01 7.954442999999999930e-01 3.681439999999999824e+00 2.587927472957144346e+04 -4.186708384370756825e-04
3.202862180012040039e+00 7.430183931840748102e+00 1.437575588548499761e+00 8.192033515539329791e-01 3.564218087213517094e+01 1.549994700000000059e+01 7.954442999999999930e-01 3.681439999999999824e+00 2.587927472957144346e+04 -4.186708384370756825e-04
3.202862180012040039e+00 7.430183931840748102e+00 1.437575567126954557e+00 8.192033664550941729e-01 3.564218087213517094e+01 1.549994700000000059e+01 7.954442999999999930e-01 3.681439999999999824e+00 2.587927472957144346e+04 -4.186708384370756825e-04
3.202862180012040039e+00 7.430183931840748102e+00 1.437575567126954557e+00 8.192033515539329791e-01 3.564218140324505413e+01 1.549994700000000059e+01 7.954442999999999930e-01 3.681439999999999824e+00 2.587927472957144346e+04 -4.186708384370756825e-04
3.202862180012040039e+00 7.430183931840748102e+00 1.437575567126954557e+00 8.192033515539329791e-01 3.564218087213517094e+01 1.549994700000000059e+01 7.954442999999999930e-01 3.681439999999999824e+00 2.587927511520268672e+04 -4.186708384370756825e-04
3.202862180012040039e+00 7.430183931840748102e+00 1.437575567126954557e+00 8.192033515539329791e-01 3.564218087213517094e+01 1.549994700000000059e+01 7.954442999999999930e-01 3.681439999999999824e+00 2.587927472957144346e+04 -4.186857395982695302e-04
3.203300215632545633e+00 7.430128432876280442e+00 1.436398263190828972e+00 8.191647393811766209e-01 3.564218636351876057e+01 1.549994700000000059e+01 7.954442999999999930e-01 3.681439999999999824e+00 2.587927568480508126e+04 -4.206668873254082322e-04
3.203300263365438383e+00 7.430128432876280442e+00 1.436398263190828972e+00 8.191647393811766209e-01 3.564218636351876057e+01 1.549994700000000059e+01 7.954442999999999930e-01 3.681439999999999824e+00 2.587927568480508126e+04 -4.206668873254082322e-04
3.203300215632545633e+00 7.430128543593822243e+00 1.436398263190828972e+00 8.191647393811766209e-01 3.564218636351876057e+01 1.549994700000000059e+01 7.954442999999999930e-01 3.681439999999999824e+00 2.587927568480508126e+04 -4.206668873254082322e-04
3.203300215632545633e+00 7.430128432876280442e+00 1.436398284594831098e+00 8.191647393811766209e-01 3.564218636351876057e+01 1.549994700000000059e+01 7.954442999999999930e-01 3.681439999999999824e+00 2.587927568480508126e+04 -4.206668873254082322e-04
3.203300215632545633e+00 7.430128432876280442e+00 1.436398263190828972e+00 8.191647542823378148e-01 3.564218636351876057e+01 1.549994700000000059e+01 7.954442999999999930e-01 3.681439999999999824e+00 2.587927568480508126e+04 -4.206668873254082322e-04
3.203300215632545633e+00 7.430128432876280442e+00 1.436398263190828972e+00 8.191647393811766209e-01 3.564218689462872192e+01 1.549994700000000059e+01 7.954442999999999930e-01 3.681439999999999824e+00 2.587927568480508126e+04 -4.206668873254082322e-04
3.203300215632545633e+00 7.430128432876280442e+00 1.436398263190828972e+00 8.191647393811766209e-01 3.564218636351876057e+01 1.549994700000000059e+01 7.954442999999999930e-01 3.681439999999999824e+00 2.587927607043633907e+04 -4.206668873254082322e-04
3.203300215632545633e+00 7.430128432876280442e+00 1.436398263190828972e+00 8.191647393811766209e-01 3.564218636351876057e+01 1.549994700000000059e+01 7.954442999999999930e-01 3.681439999999999824e+00 2.587927568480508126e+04 -4.206817884866020799e-04
3.203826188472010283e+00 7.430053141217234369e+00 1.435257181660680947e+00 8.191468861508759414e-01 3.564219426642039679e+01 1.549994700000000059e+01 7.954442999999999930e-01 3.681439999999999824e+00 2.587927658898216760e+04 -4.227601794623134972e-04
3.203826236212740763e+00 7.430053141217234369e+00 1.435257181660680947e+00 8.191468861508759414e-01 3.564219426642039679e+01 1.549994700000000059e+01 7.954442999999999930e-01 3.681439999999999824e+00 2.587927658898216760e+04 -4.227601794623134972e-04
3.203826188472010283e+00 7.430053251933653513e+00 1.435257181660680947e+00 8.191468861508759414e-01 3.564219426642039679e+01 1.549994700000000059e+01 7.954442999999999930e-01 3.681439999999999824e+00 2.587927658898216760e+04 -4.227601794623134972e-04
3.203826188472010283e+00 7.430053141217234369e+00 1.435257203047679564e+00 8.191468861508759414e-01 3.564219426642039679e+01 1.549994700000000059e+01 7.954442999999999930e-01 3.681439999999999824e+00 2.587927658898216760e+04 -4.227601794623134972e-04
3.203826188472010283e+00 7.430053141217234369e+00 1.435257181660680947e+00 8.191469010520371352e-01 3.564219426642039679e+01 1.549994700000000059e+01 7.954442999999999930e-01 3.681439999999999824e+00 2.587927658898216760e+04 -4.227601794623134972e-04
3.203826188472010283e+00 7.430053141217234369e+00 1.435257181660680947e+00 8.191468861508759414e-01 3.564219479753047892e+01 1.549994700000000059e+01 7.954442999999999930e-01 3.681439999999999824e+00 2.587927658898216760e+04 -4.227601794623134972e-04
3.203826188472010283e+00 7.430053141217234369e+00 1.435257181660680947e+00 8.191468861508759414e-01 3.564219426642039679e+01 1.549994700000000059e+01 7.954442999999999930e-01 3.681439999999999824e+00 2.587927697461343996e+04 -4.227601794623134972e-04
3.203826188472010283e+00 7.430053141217234369e+00 1.435257181660680947e+00 8.191468861508759414e-01 3.564219426642039679e+01 1.549994700000000059e+01 7.954442999999999930e-01 3.681439999999999824e+00 2.587927658898216760e+04 -4.227750806235073449e-04
3.203915276314259764e+00 7.430052489757632550e+00 1.434885530608852378e+00 8.191431517194946998e-01 3.564221078913701746e+01 1.549994700000000059e+01 7.954442999999999930e-01 3.681439999999999824e+00 2.587927658899070593e+04 -4.248343874209336776e-04
3.203915324056317626e+00 7.430052489757632550e+00 1.434885530608852378e+00 8.191431517194946998e-01 3.564221078913701746e+01 1.549994700000000059e+01 7.954442999999999930e-01 3.681439999999999824e+00 2.587927658899070593e+04 -4.248343874209336776e-04
3.203915276314259764e+00 7.430052600474042812e+00 1.434885530608852378e+00 8.191431517194946998e-01 3.564221078913701746e+01 1.549994700000000059e+01 7.954442999999999930e-01 3.681439999999999824e+00 2.587927658899070593e+04 -4.248343874209336776e-04
3.203915276314259764e+00 7.430052489757632550e+00 1.434885551990312980e+00 8.191431517194946998e-01 3.564221078913701746e+01 1.549994700000000059e+01 7.954442999999999930e-01 3.681439999999999824e+00 2.587927658899070593e+04 -4.248343874209336776e-04
3.203915276314259764e+00 7.430052489757632550e+00 1.434885530608852378e+00 8.191431666206558937e-01 3.564221078913701746e+01 1.549994700000000059e+01 7.954442999999999930e-01 3.681439999999999824e+00 2.587927658899070593e+04 -4.248343874209336776e-04
3.203915276314259764e+00 7.430052489757632550e+00 1.434885530608852378e+00 8.191431517194946998e-01 3.564221132024734828e+01 1.549994700000000059e+01 7.954442999999999930e-01 3.681439999999999824e+00 2.587927658899070593e+04 -4.248343874209336776e-04
3.203915276314259764e+00 7.430052489757632550e+00 1.434885530608852378e+00 8.191431517194946998e-01 3.564221078913701746e+01 1.549994700000000059e+01 7.954442999999999930e-01 3.681439999999999824e+00 2.587927697462197830e+04 -4.248343874209336776e-04
3.203915276314259764e+00 7.430052489757632550e+00 1.434885530608852378e+00 8.191431517194946998e-01 3.564221078913701746e+01 1.549994700000000059e+01 7.954442999999999930e-01 3.681439999999999824e+00 2.587927658899070593e+04 -4.248492885821275253e-04
3.204153921749392175e+00 7.430018193623577183e+00 1.434304588049098772e+00 8.191245029105301834e-01 3.564221441916073729e+01 1.549994700000000059e+01 7.954442999999999930e-01 3.681439999999999824e+00 2.587927705631047502e+04 -4.250567619297712738e-04
3.204153969495006304e+00 7.430018193623577183e+00 1.434304588049098772e+00 8.191245029105301834e-01 3.564221441916073729e+01 1.549994700000000059e+01 7.954442999999999930e-01 3.681439999999999824e+00 2.587927705631047502e+04 -4.250567619297712738e-04
3.204153921749392175e+00 7.430018304339475854e+00 1.434304588049098772e+00 8.191245029105301834e-01 3.564221441916073729e+01 1.549994700000000059e+01 7.954442999999999930e-01 3.681439999999999824e+00 2.587927705631047502e+04 -4.250567619297712738e-04
3.204153921749392175e+00 7.430018193623577183e+00 1.434304609421902743e+00 8.191245029105301834e-01 3.564221441916073729e+01 1.549994700000000059e+01 7.954442999999999930e-01 3.681439999999999824e+00 2.587927705631047502e+04 -4.250567619297712738e-04
3.204153921749392175e+00 7.430018193623577183e+00 1.434304588049098772e+00 8.191245178116913772e-01 3.564221441916073729e+01 1.549994700000000059e+01 7.954442999999999930e-01 3.681439999999999824e+00 2.587927705631047502e+04 -4.250567619297712738e-04
3.204153921749392175e+00 7.430018193623577183e+00 1.434304588049098772e+00 8.191245029105301834e-01 3.564221495027111786e+01 1.549994700000000059e+01 7.954442999999999930e-01 3.681439999999999824e+00 2.587927705631047502e+04 -4.250567619297712738e-04
3.204153921749392175e+00 7.430018193623577183e+00 1.434304588049098772e+00 8.191245029105301834e-01 3.564221441916073729e+01 1.549994700000000059e+01 7.954442999999999930e-01 3.681439999999999824e+00 2.587927744194175466e+04 -4.250567619297712738e-04
3.204153921749392175e+00 7.430018193623577183e+00 1.434304588049098772e+00 8.191245029105301834e-01 3.564221441916073729e+01 1.549994700000000059e+01 7.954442999999999930e-01 3.681439999999999824e+00 2.587927705631047502e+04 -4.250716630909651215e-04
3.204391824790017385e+00 7.430016830526541050e+00 1.433569251963213720e+00 8.191097645723838250e-01 3.564225505451182130e+01 1.549994700000000059e+01 7.954442999999999930e-01 3.681439999999999824e+00 2.587927705632737343e+04 -4.274880892491446523e-04
3.204391872539176678e+00 7.430016830526541050e+00 1.433569251963213720e+00 8.191097645723838250e-01 3.564225505451182130e+01 1.549994700000000059e+01 7.954442999999999930e-01 3.681439999999999824e+00 2.587927705632737343e+04 -4.274880892491446523e-04
3.204391824790017385e+00 7.430016941242419293e+00 1.433569251963213720e+00 8.191097645723838250e-01 3.564225505451182130e+01 1.549994700000000059e+01 7.954442999999999930e-01 3.681439999999999824e+00 2.587927705632737343e+04 -4.274880892491446523e-04
3.204391824790017385e+00 7.430016830526541050e+00 1.433569273325060234e+00 8.191097645723838250e-01 3.564225505451182130e+01 1.549994700000000059e+01 7.954442999999999930e-01 3.681439999999999824e+00 2.587927705632737343e+04 -4.274880892491446523e-04
3.204391824790017385e+00 7.430016830526541050e+00 1.433569251963213720e+00 8.191097794735450188e-01 3.564225505451182130e+01 1.549994700000000059e+01 7.954442999999999930e-01 3.681439999999999824e+00 2.587927705632737343e+04 -4.274880892491446523e-04
3.204391824790017385e+00 7.430016830526541050e+00 1.433569251963213720e+00 8.191097645723838250e-01 3.564225558562280582e+01 1.549994700000000059e+01 7.954442999999999930e-01 3.681439999999999824e+00 2.587927705632737343e+04 -4.274880892491446523e-04
3.204391824790017385e+00 7.430016830526541050e+00 1.433569251963213720e+00 8.191097645723838250e-01 3.564225505451182130e+01 1.549994700000000059e+01 7.954442999999999930e-01 3.681439999999999824e+00 2.587927744195865307e+04 -4.274880892491446523e-04
3.204391824790017385e+00 7.430016830526541050e+00 1.433569251963213720e+00 8.191097645723838250e-01 3.564225505451182130e+01 1.549994700000000059e+01 7.954442999999999930e-01 3.681439999999999824e+00 2.587927705632737343e+04 -4.275029904103385000e-04
3.204608739815310692e+00 7.429992535635160600e+00 1.432979812179798973e+00 8.190901357733260113e-01 3.564225785428434534e+01 1.549994700000000059e+01 7.954442999999999930e-01 3.681439999999999824e+00 2.587927754343603374e+04 -4.282143866721282392e-04
3.204608787567702066e+00 7.429992535635160600e+00 1.432979812179798973e+00 8.190901357733260113e-01 3.564225785428434534e+01 1.549994700000000059e+01 7.954442999999999930e-01 3.681439999999999824e+00 2.587927754343603374e+04 -4.282143866721282392e-04
3.204608739815310692e+00 7.429992646350677354e+00 1.432979812179798973e+00 8.190901357733260113e-01 3.564225785428434534e+01 1.549994700000000059e+01 7.954442999999999930e-01 3.681439999999999824e+00 2.587927754343603374e+04 -4.282143866721282392e-04
3.204608739815310692e+00 7.429992535635160600e+00 1.432979833532862068e+00 8.190901357733260113e-01 3.564225785428434534e+01 1.549994700000000059e+01 7.954442999999999930e-01 3.681439999999999824e+00 2.587927754343603374e+04 -4.282143866721282392e-04
3.204608739815310692e+00 7.429992535635160600e+00 1.432979812179798973e+00 8.190901506744872052e-01 3.564225785428434534e+01 1.549994700000000059e+01 7.954442999999999930e-01 3.681439999999999824e+00 2.587927754343603374e+04 -4.282143866721282392e-04
3.204608739815310692e+00 7.429992535635160600e+00 1.432979812179798973e+00 8.190901357733260113e-01 3.564225838539537250e+01 1.549994700000000059e+01 7.954442999999999930e-01 3.681439999999999824e+00 2.587927754343603374e+04 -4.282143866721282392e-04
3.204608739815310692e+00 7.429992535635160600e+00 1.432979812179798973e+00 8.190901357733260113e-01 3.564225785428434534e+01 1.549994700000000059e+01 7.954442999999999930e-01 3.681439999999999824e+00 2.587927792906732066e+04 -4.282143866721282392e-04
3.204608739815310692e+00 7.429992535635160600e+00 1.432979812179798973e+00 8.190901357733260113e-01 3.564225785428434534e+01 1.549994700000000059e+01 7.954442999999999930e-01 3.681439999999999824e+00 2.587927754343603374e+04 -4.282292878333220868e-04
3.204829631572725379e+00 7.429968532666732628e+00 1.432391603379873368e+00 8.190804163742561039e-01 3.564226070126761670e+01 1.549994700000000059e+01 7.954442999999999930e-01 3.681439999999999824e+00 2.587927803047548878e+04 -4.294830789577069440e-04
3.204829679328408343e+00 7.429968532666732628e+00 1.432391603379873368e+00 8.190804163742561039e-01 3.564226070126761670e+01 1.549994700000000059e+01 7.954442999999999930e-01 3.681439999999999824e+00 2.587927803047548878e+04 -4.294830789577069440e-04
3.204829631572725379e+00 7.429968643381891447e+00 1.432391603379873368e+00 8.190804163742561039e-01 3.564226070126761670e+01 1.549994700000000059e+01 7.954442999999999930e-01 3.681439999999999824e+00 2.587927803047548878e+04 -4.294830789577069440e-04
3.204829631572725379e+00 7.429968532666732628e+00 1.432391624724171475e+00 8.190804163742561039e-01 3.564226070126761670e+01 1.549994700000000059e+01 7.954442999999999930e-01 3.681439999999999824e+00 2.587927803047548878e+04 -4.294830789577069440e-04
3.204829631572725379e+00 7.429968532666732628e+00 1.432391603379873368e+00 8.190804312754172978e-01 3.564226070126761670e+01 1.549994700000000059e+01 7.954442999999999930e-01 3.681439999999999824e+00 2.587927803047548878e+04 -4.294830789577069440e-04
3.204829631572725379e+00 7.429968532666732628e+00 1.432391603379873368e+00 8.190804163742561039e-01 3.564226123237868649e+01 1.549994700000000059e+01 7.954442999999999930e-01 3.681439999999999824e+00 2.587927803047548878e+04 -4.294830789577069440e-04
3.204829631572725379e+00 7.429968532666732628e+00 1.432391603379873368e+00 8.190804163742561039e-01 3.564226070126761670e+01 1.549994700000000059e+01 7.954442999999999930e-01 3.681439999999999824e+00 2.587927841610678297e+04 -4.294830789577069440e-04
3.204829631572725379e+00 7.429968532666732628e+00 1.432391603379873368e+00 8.190804163742561039e-01 3.564226070126761670e+01 1.549994700000000059e+01 7.954442999999999930e-01 3.681439999999999824e+00 2.587927803047548878e+04 -4.294979801189007917e-04
3.205051197339598978e+00 7.429945187449541244e+00 1.431803646746634850e+00 8.190705574703512903e-01 3.564226350462006820e+01 1.549994700000000059e+01 7.954442999999999930e-01 3.681439999999999824e+00 2.587927851852761523e+04 -4.307665124716531283e-04
3.205051245098583301e+00 7.429945187449541244e+00 1.431803646746634850e+00 8.190705574703512903e-01 3.564226350462006820e+01 1.549994700000000059e+01 7.954442999999999930e-01 3.681439999999999824e+00 2.587927851852761523e+04 -4.307665124716531283e-04
3.205051197339598978e+00 7.429945298164351897e+00 1.431803646746634850e+00 8.190705574703512903e-01 3.564226350462006820e+01 1.549994700000000059e+01 7.954442999999999930e-01 3.681439999999999824e+00 2.587927851852761523e+04 -4.307665124716531283e-04
3.205051197339598978e+00 7.429945187449541244e+00 1.431803668082171743e+00 8.190705574703512903e-01 3.564226350462006820e+01 1.549994700000000059e+01 7.954442999999999930e-01 3.681439999999999824e+00 2.587927851852761523e+04 -4.307665124716531283e-04
3.205051197339598978e+00 7.429945187449541244e+00 1.431803646746634850e+00 8.190705723715124842e-01 3.564226350462006820e+01 1.549994700000000059e+01 7.954442999999999930e-01 3.681439999999999824e+00 2.587927851852761523e+04 -4.307665124716531283e-04
3.205051197339598978e+00 7.429945187449541244e+00 1.431803646746634850e+00 8.190705574703512903e-01 3.564226403573118063e+01 1.549994700000000059e+01 7.954442999999999930e-01 3.681439999999999824e+00 2.587927851852761523e+04 -4.307665124716531283e-04
3.205051197339598978e+00 7.429945187449541244e+00 1.431803646746634850e+00 8.190705574703512903e-01 3.564226350462006820e+01 1.549994700000000059e+01 7.954442999999999930e-01 3.681439999999999824e+00 2.587927890415891670e+04 -4.307665124716531283e-04
3.205051197339598978e+00 7.429945187449541244e+00 1.431803646746634850e+00 8.190705574703512903e-01 3.564226350462006820e+01 1.549994700000000059e+01 7.954442999999999930e-01 3.681439999999999824e+00 2.587927851852761523e+04 -4.307814136328469760e-04
3.205272999065882811e+00 7.429922585747701369e+00 1.431215774792701678e+00 8.190607416801799490e-01 3.564226636898165879e+01 1.549994700000000059e+01 7.954442999999999930e-01 3.681439999999999824e+00 2.587927900787940234e+04 -4.320509895585811395e-04
3.205273046828172490e+00 7.429922585747701369e+00 1.431215774792701678e+00 8.190607416801799490e-01 3.564226636898165879e+01 1.549994700000000059e+01 7.954442999999999930e-01 3.681439999999999824e+00 2.587927900787940234e+04 -4.320509895585811395e-04
3.205272999065882811e+00 7.429922696462175402e+00 1.431215774792701678e+00 8.190607416801799490e-01 3.564226636898165879e+01 1.549994700000000059e+01 7.954442999999999930e-01 3.681439999999999824e+00 2.587927900787940234e+04 -4.320509895585811395e-04
3.205272999065882811e+00 7.429922585747701369e+00 1.431215796119478689e+00 8.190607416801799490e-01 3.564226636898165879e+01 1.549994700000000059e+01 7.954442999999999930e-01 3.681439999999999824e+00 2.587927900787940234e+04 -4.320509895585811395e-04
3.205272999065882811e+00 7.429922585747701369e+00 1.431215774792701678e+00 8.190607565813411428e-01 3.564226636898165879e+01 1.549994700000000059e+01 7.954442999999999930e-01 3.681439999999999824e+00 2.587927900787940234e+04 -4.320509895585811395e-04
3.205272999065882811e+00 7.429922585747701369e+00 1.431215774792701678e+00 8.190607416801799490e-01 3.564226690009281384e+01 1.549994700000000059e+01 7.954442999999999930e-01 3.681439999999999824e+00 2.587927900787940234e+04 -4.320509895585811395e-04
3.205272999065882811e+00 7.429922585747701369e+00 1.431215774792701678e+00 8.190607416801799490e-01 3.564226636898165879e+01 1.549994700000000059e+01 7.954442999999999930e-01 3.681439999999999824e+00 2.587927939351071109e+04 -4.320509895585811395e-04
3.205272999065882811e+00 7.429922585747701369e+00 1.431215774792701678e+00 8.190607416801799490e-01 3.564226636898165879e+01 1.549994700000000059e+01 7.954442999999999930e-01 3.681439999999999824e+00 2.587927900787940234e+04 -4.320658907197749872e-04
3.205564798325568621e+00 7.429894257474921382e+00 1.430659382868446849e+00 8.190493068700417378e-01 3.564226982471776495e+01 1.549994700000000059e+01 7.954442999999999930e-01 3.681439999999999824e+00 2.587927930180113617e+04 -4.329601850995229775e-04
3.205350220786393312e+00 7.429914751555708463e+00 1.431079006860860314e+00 8.190579717821717676e-01 3.564226727784946291e+01 1.549994700000000059e+01 7.954442999999999930e-01 3.681439999999999824e+00 2.587927907937309283e+04 -4.315656475989032331e-04
3.205350268549833626e+00 7.429914751555708463e+00 1.431079006860860314e+00 8.190579717821717676e-01 3.564226727784946291e+01 1.549994700000000059e+01 7.954442999999999930e-01 3.681439999999999824e+00 2.587927907937309283e+04 -4.315656475989032331e-04
3.205350220786393312e+00 7.429914862270066145e+00 1.431079006860860314e+00 8.190579717821717676e-01 3.564226727784946291e+01 1.549994700000000059e+01 7.954442999999999930e-01 3.681439999999999824e+00 2.587927907937309283e+04 -4.315656475989032331e-04
3.205350220786393312e+00 7.429914751555708463e+00 1.431079028185599178e+00 8.190579717821717676e-01 3.564226727784946291e+01 1.549994700000000059e+01 7.954442999999999930e-01 3.681439999999999824e+00 2.587927907937309283e+04 -4.315656475989032331e-04
3.205350220786393312e+00 7.429914751555708463e+00 1.431079006860860314e+00 8.190579866833329614e-01 3.564226727784946291e+01 1.549994700000000059e+01 7.954442999999999930e-01 3.681439999999999824e+00 2.587927907937309283e+04 -4.315656475989032331e-04
3.205350220786393312e+00 7.429914751555708463e+00 1.431079006860860314e+00 8.190579717821717676e-01 3.564226780896063218e+01 1.549994700000000059e+01 7.954442999999999930e-01 3.681439999999999824e+00 2.587927907937309283e+04 -4.315656475989032331e-04
3.205350220786393312e+00 7.429914751555708463e+00 1.431079006860860314e+00 8.190579717821717676e-01 3.564226727784946291e+01 1.549994700000000059e+01 7.954442999999999930e-01 3.681439999999999824e+00 2.587927946500440157e+04 -4.315656475989032331e-04
3.205350220786393312e+00 7.429914751555708463e+00 1.431079006860860314e+00 8.190579717821717676e-01 3.564226727784946291e+01 1.549994700000000059e+01 7.954442999999999930e-01 3.681439999999999824e+00 2.587927907937309283e+04 -4.315805487600970808e-04
