3.205843000000000220e+00 7.511125999999999969e+00 1.235333999999999932e+00 1.528337999999999867e-05 3.753042800000000057e+01 1.549994700000000059e+01 7.954442999999999930e-01 3.681439999999999824e+00 2.571453499999999985e+04 0.000000000000000000e+00
3.205843047770783549e+00 7.511125999999999969e+00 1.235333999999999932e+00 1.528337999999999867e-05 3.753042800000000057e+01 1.549994700000000059e+01 7.954442999999999930e-01 3.681439999999999824e+00 2.571453499999999985e+04 0.000000000000000000e+00
3.205843000000000220e+00 7.511126111924498971e+00 1.235333999999999932e+00 1.528337999999999867e-05 3.753042800000000057e+01 1.549994700000000059e+01 7.954442999999999930e-01 3.681439999999999824e+00 2.571453499999999985e+04 0.000000000000000000e+00
3.205843000000000220e+00 7.511125999999999969e+00 1.235334018407910905e+00 1.528337999999999867e-05 3.753042800000000057e+01 1.549994700000000059e+01 7.954442999999999930e-01 3.681439999999999824e+00 2.571453499999999985e+04 0.000000000000000000e+00
3.205843000000000220e+00 7.511125999999999969e+00 1.235333999999999932e+00 1.529828116119384633e-05 3.753042800000000057e+01 1.549994700000000059e+01 7.954442999999999930e-01 3.681439999999999824e+00 2.571453499999999985e+04 0.000000000000000000e+00
3.205843000000000220e+00 7.511125999999999969e+00 1.235333999999999932e+00 1.528337999999999867e-05 3.753042855924695687e+01 1.549994700000000059e+01 7.954442999999999930e-01 3.681439999999999824e+00 2.571453499999999985e+04 0.000000000000000000e+00
3.205843000000000220e+00 7.511125999999999969e+00 1.235333999999999932e+00 1.528337999999999867e-05 3.753042800000000057e+01 1.549994700000000059e+01 7.954442999999999930e-01 3.681439999999999824e+00 2.571453538317642960e+04 0.000000000000000000e+00
3.205843000000000220e+00 7.511125999999999969e+00 1.235333999999999932e+00 1.528337999999999867e-05 3.753042800000000057e+01 1.549994700000000059e+01 7.954442999999999930e-01 3.681439999999999824e+00 2.571453499999999985e+04 1.490116119384765625e-08
3.194995310166380609e+00 7.511125329678214335e+00 1.256831379104837998e+00 1.117569118141358508e+00 4.016640146025844871e+01 1.549994700000000059e+01 7.954442999999999930e-01 3.681439999999999824e+00 2.569846109288961452e+04 1.906379308944798113e-04
3.194995357775520795e+00 7.511125329678214335e+00 1.256831379104837998e+00 1.117569118141358508e+00 4.016640146025844871e+01 1.549994700000000059e+01 7.954442999999999930e-01 3.681439999999999824e+00 2.569846109288961452e+04 1.906379308944798113e-04
3.194995310166380609e+00 7.511125441602703567e+00 1.256831379104837998e+00 1.117569118141358508e+00 4.016640146025844871e+01 1.549994700000000059e+01 7.954442999999999930e-01 3.681439999999999824e+00 2.569846109288961452e+04 1.906379308944798113e-04
3.194995310166380609e+00 7.511125329678214335e+00 1.256831397833084951e+00 1.117569118141358508e+00 4.016640146025844871e+01 1.549994700000000059e+01 7.954442999999999930e-01 3.681439999999999824e+00 2.569846109288961452e+04 1.906379308944798113e-04
3.194995310166380609e+00 7.511125329678214335e+00 1.256831379104837998e+00 1.117569134794436092e+00 4.016640146025844871e+01 1.549994700000000059e+01 7.954442999999999930e-01 3.681439999999999824e+00 2.569846109288961452e+04 1.906379308944798113e-04
3.194995310166380609e+00 7.511125329678214335e+00 1.256831379104837998e+00 1.117569118141358508e+00 4.016640205878447034e+01 1.549994700000000059e+01 7.954442999999999930e-01 3.681439999999999824e+00 2.569846109288961452e+04 1.906379308944798113e-04
3.194995310166380609e+00 7.511125329678214335e+00 1.256831379104837998e+00 1.117569118141358508e+00 4.016640146025844871e+01 1.549994700000000059e+01 7.954442999999999930e-01 3.681439999999999824e+00 2.569846147582652702e+04 1.906379308944798113e-04
3.194995310166380609e+00 7.511125329678214335e+00 1.256831379104837998e+00 1.117569118141358508e+00 4.016640146025844871e+01 1.549994700000000059e+01 7.954442999999999930e-01 3.681439999999999824e+00 2.569846109288961452e+04 1.906528320556736590e-04
3.195028203902248620e+00 7.511117844572872571e+00 1.256843419288446562e+00 1.117569376757935773e+00 4.016640175544911529e+01 1.549994700000000059e+01 7.954442999999999930e-01 3.681439999999999824e+00 2.569846107192893032e+04 9.544272519355993236e-04
3.195028251511879080e+00 7.511117844572872571e+00 1.256843419288446562e+00 1.117569376757935773e+00 4.016640175544911529e+01 1.549994700000000059e+01 7.954442999999999930e-01 3.681439999999999824e+00 2.569846107192893032e+04 9.544272519355993236e-04
3.195028203902248620e+00 7.511117956497249892e+00 1.256843419288446562e+00 1.117569376757935773e+00 4.016640175544911529e+01 1.549994700000000059e+01 7.954442999999999930e-01 3.681439999999999824e+00 2.569846107192893032e+04 9.544272519355993236e-04
3.195028203902248620e+00 7.511117844572872571e+00 1.256843438016872927e+00 1.117569376757935773e+00 4.016640175544911529e+01 1.549994700000000059e+01 7.954442999999999930e-01 3.681439999999999824e+00 2.569846107192893032e+04 9.544272519355993236e-04
3.195028203902248620e+00 7.511117844572872571e+00 1.256843419288446562e+00 1.117569393411017131e+00 4.016640175544911529e+01 1.549994700000000059e+01 7.954442999999999930e-01 3.681439999999999824e+00 2.569846107192893032e+04 9.544272519355993236e-04
3.195028203902248620e+00 7.511117844572872571e+00 1.256843419288446562e+00 1.117569376757935773e+00 4.016640235397514402e+01 1.549994700000000059e+01 7.954442999999999930e-01 3.681439999999999824e+00 2.569846107192893032e+04 9.544272519355993236e-04
3.195028203902248620e+00 7.511117844572872571e+00 1.256843419288446562e+00 1.117569376757935773e+00 4.016640175544911529e+01 1.549994700000000059e+01 7.954442999999999930e-01 3.681439999999999824e+00 2.569846145486584282e+04 9.544272519355993236e-04
3.195028203902248620e+00 7.511117844572872571e+00 1.256843419288446562e+00 1.117569376757935773e+00 4.016640175544911529e+01 1.549994700000000059e+01 7.954442999999999930e-01 3.681439999999999824e+00 2.569846107192893032e+04 9.544421530967931713e-04
3.206433308600027843e+00 8.016634786897153475e+00 1.215734676967469730e+00 1.088716292264478858e+00 4.040546710956026999e+01 1.549994700000000059e+01 7.954442999999999930e-01 3.681439999999999824e+00 2.553371240416696673e+04 2.168150117313361915e-03
3.206433356379607247e+00 8.016634786897153475e+00 1.215734676967469730e+00 1.088716292264478858e+00 4.040546710956026999e+01 1.549994700000000059e+01 7.954442999999999930e-01 3.681439999999999824e+00 2.553371240416696673e+04 2.168150117313361915e-03
3.206433308600027843e+00 8.016634906354321188e+00 1.215734676967469730e+00 1.088716292264478858e+00 4.040546710956026999e+01 1.549994700000000059e+01 7.954442999999999930e-01 3.681439999999999824e+00 2.553371240416696673e+04 2.168150117313361915e-03
3.206433308600027843e+00 8.016634786897153475e+00 1.215734695083328099e+00 1.088716292264478858e+00 4.040546710956026999e+01 1.549994700000000059e+01 7.954442999999999930e-01 3.681439999999999824e+00 2.553371240416696673e+04 2.168150117313361915e-03
3.206433308600027843e+00 8.016634786897153475e+00 1.215734676967469730e+00 1.088716308487615914e+00 4.040546710956026999e+01 1.549994700000000059e+01 7.954442999999999930e-01 3.681439999999999824e+00 2.553371240416696673e+04 2.168150117313361915e-03
3.206433308600027843e+00 8.016634786897153475e+00 1.215734676967469730e+00 1.088716292264478858e+00 4.040546771164864737e+01 1.549994700000000059e+01 7.954442999999999930e-01 3.681439999999999824e+00 2.553371240416696673e+04 2.168150117313361915e-03
3.206433308600027843e+00 8.016634786897153475e+00 1.215734676967469730e+00 1.088716292264478858e+00 4.040546710956026999e+01 1.549994700000000059e+01 7.954442999999999930e-01 3.681439999999999824e+00 2.553371278464893112e+04 2.168150117313361915e-03
3.206433308600027843e+00 8.016634786897153475e+00 1.215734676967469730e+00 1.088716292264478858e+00 4.040546710956026999e+01 1.549994700000000059e+01 7.954442999999999930e-01 3.681439999999999824e+00 2.553371240416696673e+04 2.168165018474555762e-03
3.204922861536418921e+00 8.157210424753328581e+00 1.206330339927354167e+00 1.066673658510568057e+00 4.041862634498904328e+01 1.549994700000000059e+01 7.954442999999999930e-01 3.681439999999999824e+00 2.520421352671874774e+04 2.093537294682631944e-03
3.204922909293490996e+00 8.157210424753328581e+00 1.206330339927354167e+00 1.066673658510568057e+00 4.041862634498904328e+01 1.549994700000000059e+01 7.954442999999999930e-01 3.681439999999999824e+00 2.520421352671874774e+04 2.093537294682631944e-03
3.204922861536418921e+00 8.157210546305236676e+00 1.206330339927354167e+00 1.066673658510568057e+00 4.041862634498904328e+01 1.549994700000000059e+01 7.954442999999999930e-01 3.681439999999999824e+00 2.520421352671874774e+04 2.093537294682631944e-03
3.204922861536418921e+00 8.157210424753328581e+00 1.206330357903077077e+00 1.066673658510568057e+00 4.041862634498904328e+01 1.549994700000000059e+01 7.954442999999999930e-01 3.681439999999999824e+00 2.520421352671874774e+04 2.093537294682631944e-03
3.204922861536418921e+00 8.157210424753328581e+00 1.206330339927354167e+00 1.066673674405244077e+00 4.041862634498904328e+01 1.549994700000000059e+01 7.954442999999999930e-01 3.681439999999999824e+00 2.520421352671874774e+04 2.093537294682631944e-03
3.204922861536418921e+00 8.157210424753328581e+00 1.206330339927354167e+00 1.066673658510568057e+00 4.041862694727350913e+01 1.549994700000000059e+01 7.954442999999999930e-01 3.681439999999999824e+00 2.520421352671874774e+04 2.093537294682631944e-03
3.204922861536418921e+00 8.157210424753328581e+00 1.206330339927354167e+00 1.066673658510568057e+00 4.041862634498904328e+01 1.549994700000000059e+01 7.954442999999999930e-01 3.681439999999999824e+00 2.520421390229079771e+04 2.093537294682631944e-03
3.204922861536418921e+00 8.157210424753328581e+00 1.206330339927354167e+00 1.066673658510568057e+00 4.041862634498904328e+01 1.549994700000000059e+01 7.954442999999999930e-01 3.681439999999999824e+00 2.520421352671874774e+04 2.093552195843825792e-03
3.199153997870302746e+00 8.282100253620825470e+00 1.196118051085838685e+00 9.775577556416845670e-01 4.048644331968622367e+01 1.549994700000000059e+01 7.954442999999999930e-01 3.681439999999999824e+00 2.454521572790044229e+04 1.943926965087845694e-03
3.199154045541412028e+00 8.282100253620825470e+00 1.196118051085838685e+00 9.775577556416845670e-01 4.048644331968622367e+01 1.549994700000000059e+01 7.954442999999999930e-01 3.681439999999999824e+00 2.454521572790044229e+04 1.943926965087845694e-03
3.199153997870302746e+00 8.282100377033735583e+00 1.196118051085838685e+00 9.775577556416845670e-01 4.048644331968622367e+01 1.549994700000000059e+01 7.954442999999999930e-01 3.681439999999999824e+00 2.454521572790044229e+04 1.943926965087845694e-03
3.199153997870302746e+00 8.282100253620825470e+00 1.196118068909386656e+00 9.775577556416845670e-01 4.048644331968622367e+01 1.549994700000000059e+01 7.954442999999999930e-01 3.681439999999999824e+00 2.454521572790044229e+04 1.943926965087845694e-03
3.199153997870302746e+00 8.282100253620825470e+00 1.196118051085838685e+00 9.775577705428457609e-01 4.048644331968622367e+01 1.549994700000000059e+01 7.954442999999999930e-01 3.681439999999999824e+00 2.454521572790044229e+04 1.943926965087845694e-03
3.199153997870302746e+00 8.282100253620825470e+00 1.196118051085838685e+00 9.775577556416845670e-01 4.048644392298124473e+01 1.549994700000000059e+01 7.954442999999999930e-01 3.681439999999999824e+00 2.454521572790044229e+04 1.943926965087845694e-03
3.199153997870302746e+00 8.282100253620825470e+00 1.196118051085838685e+00 9.775577556416845670e-01 4.048644331968622367e+01 1.549994700000000059e+01 7.954442999999999930e-01 3.681439999999999824e+00 2.454521609365265977e+04 1.943926965087845694e-03
3.199153997870302746e+00 8.282100253620825470e+00 1.196118051085838685e+00 9.775577556416845670e-01 4.048644331968622367e+01 1.549994700000000059e+01 7.954442999999999930e-01 3.681439999999999824e+00 2.454521572790044229e+04 1.943941866249039542e-03
3.187898575153800707e+00 8.552737643771434861e+00 1.177905410645935680e+00 8.688932880599592457e-01 4.050829724478156635e+01 1.549994700000000059e+01 7.954442999999999930e-01 3.681439999999999824e+00 2.322722012747134431e+04 1.623464267440487101e-03
3.187898622657191261e+00 8.552737643771434861e+00 1.177905410645935680e+00 8.688932880599592457e-01 4.050829724478156635e+01 1.549994700000000059e+01 7.954442999999999930e-01 3.681439999999999824e+00 2.322722012747134431e+04 1.623464267440487101e-03
3.187898575153800707e+00 8.552737771217156393e+00 1.177905410645935680e+00 8.688932880599592457e-01 4.050829724478156635e+01 1.549994700000000059e+01 7.954442999999999930e-01 3.681439999999999824e+00 2.322722012747134431e+04 1.623464267440487101e-03
3.187898575153800707e+00 8.552737643771434861e+00 1.177905428198094073e+00 8.688932880599592457e-01 4.050829724478156635e+01 1.549994700000000059e+01 7.954442999999999930e-01 3.681439999999999824e+00 2.322722012747134431e+04 1.623464267440487101e-03
3.187898575153800707e+00 8.552737643771434861e+00 1.177905410645935680e+00 8.688933029611204395e-01 4.050829724478156635e+01 1.549994700000000059e+01 7.954442999999999930e-01 3.681439999999999824e+00 2.322722012747134431e+04 1.623464267440487101e-03
3.187898575153800707e+00 8.552737643771434861e+00 1.177905410645935680e+00 8.688932880599592457e-01 4.050829784840223624e+01 1.549994700000000059e+01 7.954442999999999930e-01 3.681439999999999824e+00 2.322722012747134431e+04 1.623464267440487101e-03
3.187898575153800707e+00 8.552737643771434861e+00 1.177905410645935680e+00 8.688932880599592457e-01 4.050829724478156635e+01 1.549994700000000059e+01 7.954442999999999930e-01 3.681439999999999824e+00 2.322722047358389682e+04 1.623464267440487101e-03
3.187898575153800707e+00 8.552737643771434861e+00 1.177905410645935680e+00 8.688932880599592457e-01 4.050829724478156635e+01 1.549994700000000059e+01 7.954442999999999930e-01 3.681439999999999824e+00 2.322722012747134431e+04 1.623479168601680948e-03
3.161820029438521917e+00 9.196504323363257072e+00 1.139904666140734379e+00 8.029830306744606405e-01 4.023924297342089318e+01 1.549994700000000059e+01 7.954442999999999930e-01 3.681439999999999824e+00 2.059122894179760260e+04 9.182240195624794942e-04
3.161820076553311765e+00 9.196504323363257072e+00 1.139904666140734379e+00 8.029830306744606405e-01 4.023924297342089318e+01 1.549994700000000059e+01 7.954442999999999930e-01 3.681439999999999824e+00 2.059122894179760260e+04 9.182240195624794942e-04
3.161820029438521917e+00 9.196504460401850878e+00 1.139904666140734379e+00 8.029830306744606405e-01 4.023924297342089318e+01 1.549994700000000059e+01 7.954442999999999930e-01 3.681439999999999824e+00 2.059122894179760260e+04 9.182240195624794942e-04
3.161820029438521917e+00 9.196504323363257072e+00 1.139904683126637508e+00 8.029830306744606405e-01 4.023924297342089318e+01 1.549994700000000059e+01 7.954442999999999930e-01 3.681439999999999824e+00 2.059122894179760260e+04 9.182240195624794942e-04
3.161820029438521917e+00 9.196504323363257072e+00 1.139904666140734379e+00 8.029830455756218344e-01 4.023924297342089318e+01 1.549994700000000059e+01 7.954442999999999930e-01 3.681439999999999824e+00 2.059122894179760260e+04 9.182240195624794942e-04
3.161820029438521917e+00 9.196504323363257072e+00 1.139904666140734379e+00 8.029830306744606405e-01 4.023924357303233990e+01 1.549994700000000059e+01 7.954442999999999930e-01 3.681439999999999824e+00 2.059122894179760260e+04 9.182240195624794942e-04
3.161820029438521917e+00 9.196504323363257072e+00 1.139904666140734379e+00 8.029830306744606405e-01 4.023924297342089318e+01 1.549994700000000059e+01 7.954442999999999930e-01 3.681439999999999824e+00 2.059122924863082517e+04 9.182240195624794942e-04
3.161820029438521917e+00 9.196504323363257072e+00 1.139904666140734379e+00 8.029830306744606405e-01 4.023924297342089318e+01 1.549994700000000059e+01 7.954442999999999930e-01 3.681439999999999824e+00 2.059122894179760260e+04 9.182389207236733419e-04
3.164717463842072309e+00 9.287983027904223476e+00 1.137426679026696474e+00 6.693841559619573278e-01 4.056430335149676125e+01 1.549994700000000059e+01 7.954442999999999930e-01 3.681439999999999824e+00 2.065922403374572605e+04 8.750118252942334267e-04
3.164717511000037398e+00 9.287983027904223476e+00 1.137426679026696474e+00 6.693841559619573278e-01 4.056430335149676125e+01 1.549994700000000059e+01 7.954442999999999930e-01 3.681439999999999824e+00 2.065922403374572605e+04 8.750118252942334267e-04
3.164717463842072309e+00 9.287983166305956217e+00 1.137426679026696474e+00 6.693841559619573278e-01 4.056430335149676125e+01 1.549994700000000059e+01 7.954442999999999930e-01 3.681439999999999824e+00 2.065922403374572605e+04 8.750118252942334267e-04
3.164717463842072309e+00 9.287983027904223476e+00 1.137426695975674695e+00 6.693841559619573278e-01 4.056430335149676125e+01 1.549994700000000059e+01 7.954442999999999930e-01 3.681439999999999824e+00 2.065922403374572605e+04 8.750118252942334267e-04
3.164717463842072309e+00 9.287983027904223476e+00 1.137426679026696474e+00 6.693841708631185217e-01 4.056430335149676125e+01 1.549994700000000059e+01 7.954442999999999930e-01 3.681439999999999824e+00 2.065922403374572605e+04 8.750118252942334267e-04
3.164717463842072309e+00 9.287983027904223476e+00 1.137426679026696474e+00 6.693841559619573278e-01 4.056430395595198490e+01 1.549994700000000059e+01 7.954442999999999930e-01 3.681439999999999824e+00 2.065922403374572605e+04 8.750118252942334267e-04
3.164717463842072309e+00 9.287983027904223476e+00 1.137426679026696474e+00 6.693841559619573278e-01 4.056430335149676125e+01 1.549994700000000059e+01 7.954442999999999930e-01 3.681439999999999824e+00 2.065922434159215481e+04 8.750118252942334267e-04
3.164717463842072309e+00 9.287983027904223476e+00 1.137426679026696474e+00 6.693841559619573278e-01 4.056430335149676125e+01 1.549994700000000059e+01 7.954442999999999930e-01 3.681439999999999824e+00 2.065922403374572605e+04 8.750267264554272744e-04
3.145716828585943592e+00 9.218167691098413385e+00 1.142999813852267676e+00 1.725712274317700023e-01 4.321590188049500370e+01 1.549994700000000059e+01 7.954442999999999930e-01 3.681439999999999824e+00 2.068249689691145613e+04 8.809621464131057057e-04
3.145553245316693225e+00 9.223459944177319514e+00 1.142732597544406037e+00 1.715328598077123234e-01 4.321949556572936046e+01 1.549994700000000059e+01 7.954442999999999930e-01 3.681439999999999824e+00 2.066499789289137334e+04 8.754002881314023373e-04
3.145512816166649461e+00 9.224833087395790443e+00 1.142663410373033539e+00 1.712767664424148517e-01 4.322018519156087279e+01 1.549994700000000059e+01 7.954442999999999930e-01 3.681439999999999824e+00 2.066047670709199883e+04 8.739632676997435108e-04
3.160022358483437710e+00 9.271917504507392493e+00 1.140497656576619168e+00 3.861717945193549051e-01 4.126973344394766485e+01 1.549994700000000059e+01 7.954442999999999930e-01 3.681439999999999824e+00 2.065922411250790537e+04 8.732410061702677168e-04
3.160022405571440096e+00 9.271917504507392493e+00 1.140497656576619168e+00 3.861717945193549051e-01 4.126973344394766485e+01 1.549994700000000059e+01 7.954442999999999930e-01 3.681439999999999824e+00 2.065922411250790537e+04 8.732410061702677168e-04
3.160022358483437710e+00 9.271917642669729176e+00 1.140497656576619168e+00 3.861717945193549051e-01 4.126973344394766485e+01 1.549994700000000059e+01 7.954442999999999930e-01 3.681439999999999824e+00 2.065922411250790537e+04 8.732410061702677168e-04
3.160022358483437710e+00 9.271917504507392493e+00 1.140497673571358561e+00 3.861717945193549051e-01 4.126973344394766485e+01 1.549994700000000059e+01 7.954442999999999930e-01 3.681439999999999824e+00 2.065922411250790537e+04 8.732410061702677168e-04
3.160022358483437710e+00 9.271917504507392493e+00 1.140497656576619168e+00 3.861718094205160989e-01 4.126973344394766485e+01 1.549994700000000059e+01 7.954442999999999930e-01 3.681439999999999824e+00 2.065922411250790537e+04 8.732410061702677168e-04
3.160022358483437710e+00 9.271917504507392493e+00 1.140497656576619168e+00 3.861717945193549051e-01 4.126973405891461510e+01 1.549994700000000059e+01 7.954442999999999930e-01 3.681439999999999824e+00 2.065922411250790537e+04 8.732410061702677168e-04
3.160022358483437710e+00 9.271917504507392493e+00 1.140497656576619168e+00 3.861717945193549051e-01 4.126973344394766485e+01 1.549994700000000059e+01 7.954442999999999930e-01 3.681439999999999824e+00 2.065922442035433414e+04 8.732410061702677168e-04
3.160022358483437710e+00 9.271917504507392493e+00 1.140497656576619168e+00 3.861717945193549051e-01 4.126973344394766485e+01 1.549994700000000059e+01 7.954442999999999930e-01 3.681439999999999824e+00 2.065922411250790537e+04 8.732559073314615644e-04
3.163421033745910993e+00 9.276603430472547984e+00 1.154690817175517026e+00 2.265630540274893301e-02 4.127235446202136160e+01 1.549994700000000059e+01 7.954442999999999930e-01 3.681439999999999824e+00 2.065909821974787701e+04 8.745313743833117931e-04
3.161263854449935184e+00 9.273889515187047294e+00 1.145802499453263179e+00 2.953844718438731753e-01 4.127038871585177304e+01 1.549994700000000059e+01 7.954442999999999930e-01 3.681439999999999824e+00 2.065925198952731080e+04 8.736563116259512792e-04
3.161263901556437439e+00 9.273889515187047294e+00 1.145802499453263179e+00 2.953844718438731753e-01 4.127038871585177304e+01 1.549994700000000059e+01 7.954442999999999930e-01 3.681439999999999824e+00 2.065925198952731080e+04 8.736563116259512792e-04
3.161263854449935184e+00 9.273889653378770248e+00 1.145802499453263179e+00 2.953844718438731753e-01 4.127038871585177304e+01 1.549994700000000059e+01 7.954442999999999930e-01 3.681439999999999824e+00 2.065925198952731080e+04 8.736563116259512792e-04
3.161263854449935184e+00 9.273889515187047294e+00 1.145802516527050896e+00 2.953844718438731753e-01 4.127038871585177304e+01 1.549994700000000059e+01 7.954442999999999930e-01 3.681439999999999824e+00 2.065925198952731080e+04 8.736563116259512792e-04
3.161263854449935184e+00 9.273889515187047294e+00 1.145802499453263179e+00 2.953844867450343692e-01 4.127038871585177304e+01 1.549994700000000059e+01 7.954442999999999930e-01 3.681439999999999824e+00 2.065925198952731080e+04 8.736563116259512792e-04
3.161263854449935184e+00 9.273889515187047294e+00 1.145802499453263179e+00 2.953844718438731753e-01 4.127038933082848615e+01 1.549994700000000059e+01 7.954442999999999930e-01 3.681439999999999824e+00 2.065925198952731080e+04 8.736563116259512792e-04
3.161263854449935184e+00 9.273889515187047294e+00 1.145802499453263179e+00 2.953844718438731753e-01 4.127038871585177304e+01 1.549994700000000059e+01 7.954442999999999930e-01 3.681439999999999824e+00 2.065925229737415430e+04 8.736563116259512792e-04
3.161263854449935184e+00 9.273889515187047294e+00 1.145802499453263179e+00 2.953844718438731753e-01 4.127038871585177304e+01 1.549994700000000059e+01 7.954442999999999930e-01 3.681439999999999824e+00 2.065925198952731080e+04 8.736712127871451268e-04
3.161309649161820001e+00 9.274429675639277448e+00 1.143394989054309141e+00 2.831281191043318324e-01 4.128179834506924095e+01 1.549994700000000059e+01 7.954442999999999930e-01 3.681439999999999824e+00 2.065925198885585633e+04 8.742911376177817757e-04
3.161309696269004821e+00 9.274429675639277448e+00 1.143394989054309141e+00 2.831281191043318324e-01 4.128179834506924095e+01 1.549994700000000059e+01 7.954442999999999930e-01 3.681439999999999824e+00 2.065925198885585633e+04 8.742911376177817757e-04
3.161309649161820001e+00 9.274429813839049075e+00 1.143394989054309141e+00 2.831281191043318324e-01 4.128179834506924095e+01 1.549994700000000059e+01 7.954442999999999930e-01 3.681439999999999824e+00 2.065925198885585633e+04 8.742911376177817757e-04
3.161309649161820001e+00 9.274429675639277448e+00 1.143395006092222221e+00 2.831281191043318324e-01 4.128179834506924095e+01 1.549994700000000059e+01 7.954442999999999930e-01 3.681439999999999824e+00 2.065925198885585633e+04 8.742911376177817757e-04
3.161309649161820001e+00 9.274429675639277448e+00 1.143394989054309141e+00 2.831281340054930262e-01 4.128179834506924095e+01 1.549994700000000059e+01 7.954442999999999930e-01 3.681439999999999824e+00 2.065925198885585633e+04 8.742911376177817757e-04
3.161309649161820001e+00 9.274429675639277448e+00 1.143394989054309141e+00 2.831281191043318324e-01 4.128179896021597273e+01 1.549994700000000059e+01 7.954442999999999930e-01 3.681439999999999824e+00 2.065925198885585633e+04 8.742911376177817757e-04
3.161309649161820001e+00 9.274429675639277448e+00 1.143394989054309141e+00 2.831281191043318324e-01 4.128179834506924095e+01 1.549994700000000059e+01 7.954442999999999930e-01 3.681439999999999824e+00 2.065925229670269982e+04 8.742911376177817757e-04
3.161309649161820001e+00 9.274429675639277448e+00 1.143394989054309141e+00 2.831281191043318324e-01 4.128179834506924095e+01 1.549994700000000059e+01 7.954442999999999930e-01 3.681439999999999824e+00 2.065925198885585633e+04 8.743060387789756234e-04
3.161056349555345868e+00 9.273340617109608885e+00 1.143294051687399504e+00 2.591339528808546677e-01 4.131903380823194283e+01 1.549994700000000059e+01 7.954442999999999930e-01 3.681439999999999824e+00 2.065925198808852656e+04 8.741629598795642303e-04
3.161056396658755929e+00 9.273340617109608885e+00 1.143294051687399504e+00 2.591339528808546677e-01 4.131903380823194283e+01 1.549994700000000059e+01 7.954442999999999930e-01 3.681439999999999824e+00 2.065925198808852656e+04 8.741629598795642303e-04
3.161056349555345868e+00 9.273340755293151716e+00 1.143294051687399504e+00 2.591339528808546677e-01 4.131903380823194283e+01 1.549994700000000059e+01 7.954442999999999930e-01 3.681439999999999824e+00 2.065925198808852656e+04 8.741629598795642303e-04
3.161056349555345868e+00 9.273340617109608885e+00 1.143294068723808454e+00 2.591339528808546677e-01 4.131903380823194283e+01 1.549994700000000059e+01 7.954442999999999930e-01 3.681439999999999824e+00 2.065925198808852656e+04 8.741629598795642303e-04
3.161056349555345868e+00 9.273340617109608885e+00 1.143294051687399504e+00 2.591339677820158616e-01 4.131903380823194283e+01 1.549994700000000059e+01 7.954442999999999930e-01 3.681439999999999824e+00 2.065925198808852656e+04 8.741629598795642303e-04
3.161056349555345868e+00 9.273340617109608885e+00 1.143294051687399504e+00 2.591339528808546677e-01 4.131903442393352321e+01 1.549994700000000059e+01 7.954442999999999930e-01 3.681439999999999824e+00 2.065925198808852656e+04 8.741629598795642303e-04
3.161056349555345868e+00 9.273340617109608885e+00 1.143294051687399504e+00 2.591339528808546677e-01 4.131903380823194283e+01 1.549994700000000059e+01 7.954442999999999930e-01 3.681439999999999824e+00 2.065925229593537006e+04 8.741629598795642303e-04
3.161056349555345868e+00 9.273340617109608885e+00 1.143294051687399504e+00 2.591339528808546677e-01 4.131903380823194283e+01 1.549994700000000059e+01 7.954442999999999930e-01 3.681439999999999824e+00 2.065925198808852656e+04 8.741778610407580780e-04
3.161446992625235985e+00 9.273778547137650818e+00 1.144133086492546303e+00 2.128378855187239016e-01 4.131997412670337155e+01 1.549994700000000059e+01 7.954442999999999930e-01 3.681439999999999824e+00 2.065922550514010800e+04 8.741772920184428088e-04
3.161447039734467168e+00 9.273778547137650818e+00 1.144133086492546303e+00 2.128378855187239016e-01 4.131997412670337155e+01 1.549994700000000059e+01 7.954442999999999930e-01 3.681439999999999824e+00 2.065922550514010800e+04 8.741772920184428088e-04
3.161446992625235985e+00 9.273778685327719984e+00 1.144133086492546303e+00 2.128378855187239016e-01 4.131997412670337155e+01 1.549994700000000059e+01 7.954442999999999930e-01 3.681439999999999824e+00 2.065922550514010800e+04 8.741772920184428088e-04
3.161446992625235985e+00 9.273778547137650818e+00 1.144133103541457919e+00 2.128378855187239016e-01 4.131997412670337155e+01 1.549994700000000059e+01 7.954442999999999930e-01 3.681439999999999824e+00 2.065922550514010800e+04 8.741772920184428088e-04
3.161446992625235985e+00 9.273778547137650818e+00 1.144133086492546303e+00 2.128379004198850954e-01 4.131997412670337155e+01 1.549994700000000059e+01 7.954442999999999930e-01 3.681439999999999824e+00 2.065922550514010800e+04 8.741772920184428088e-04
3.161446992625235985e+00 9.273778547137650818e+00 1.144133086492546303e+00 2.128378855187239016e-01 4.131997474241896384e+01 1.549994700000000059e+01 7.954442999999999930e-01 3.681439999999999824e+00 2.065922550514010800e+04 8.741772920184428088e-04
3.161446992625235985e+00 9.273778547137650818e+00 1.144133086492546303e+00 2.128378855187239016e-01 4.131997412670337155e+01 1.549994700000000059e+01 7.954442999999999930e-01 3.681439999999999824e+00 2.065922581298655859e+04 8.741772920184428088e-04
3.161446992625235985e+00 9.273778547137650818e+00 1.144133086492546303e+00 2.128378855187239016e-01 4.131997412670337155e+01 1.549994700000000059e+01 7.954442999999999930e-01 3.681439999999999824e+00 2.065922550514010800e+04 8.741921931796366564e-04
3.161010922236432208e+00 9.272319708071314892e+00 1.144504580095409230e+00 1.712201143247857604e-01 4.139404100862346780e+01 1.549994700000000059e+01 7.954442999999999930e-01 3.681439999999999824e+00 2.065922549786520176e+04 8.743383460649360424e-04
3.161010969339165477e+00 9.272319708071314892e+00 1.144504580095409230e+00 1.712201143247857604e-01 4.139404100862346780e+01 1.549994700000000059e+01 7.954442999999999930e-01 3.681439999999999824e+00 2.065922549786520176e+04 8.743383460649360424e-04
3.161010922236432208e+00 9.272319846239645003e+00 1.144504580095409230e+00 1.712201143247857604e-01 4.139404100862346780e+01 1.549994700000000059e+01 7.954442999999999930e-01 3.681439999999999824e+00 2.065922549786520176e+04 8.743383460649360424e-04
3.161010922236432208e+00 9.272319708071314892e+00 1.144504597149856417e+00 1.712201143247857604e-01 4.139404100862346780e+01 1.549994700000000059e+01 7.954442999999999930e-01 3.681439999999999824e+00 2.065922549786520176e+04 8.743383460649360424e-04
3.161010922236432208e+00 9.272319708071314892e+00 1.144504580095409230e+00 1.712201292259469543e-01 4.139404100862346780e+01 1.549994700000000059e+01 7.954442999999999930e-01 3.681439999999999824e+00 2.065922549786520176e+04 8.743383460649360424e-04
3.161010922236432208e+00 9.272319708071314892e+00 1.144504580095409230e+00 1.712201143247857604e-01 4.139404162544274612e+01 1.549994700000000059e+01 7.954442999999999930e-01 3.681439999999999824e+00 2.065922549786520176e+04 8.743383460649360424e-04
3.161010922236432208e+00 9.272319708071314892e+00 1.144504580095409230e+00 1.712201143247857604e-01 4.139404100862346780e+01 1.549994700000000059e+01 7.954442999999999930e-01 3.681439999999999824e+00 2.065922580571165236e+04 8.743383460649360424e-04
3.161010922236432208e+00 9.272319708071314892e+00 1.144504580095409230e+00 1.712201143247857604e-01 4.139404100862346780e+01 1.549994700000000059e+01 7.954442999999999930e-01 3.681439999999999824e+00 2.065922549786520176e+04 8.743532472261298901e-04
3.161662009496430059e+00 9.273181433220919700e+00 1.145723792410768160e+00 9.595837049848933431e-02 4.139592448459735863e+01 1.549994700000000059e+01 7.954442999999999930e-01 3.681439999999999824e+00 2.065894030984261190e+04 8.744920085266956683e-04
3.161662056608865345e+00 9.273181433220919700e+00 1.145723792410768160e+00 9.595837049848933431e-02 4.139592448459735863e+01 1.549994700000000059e+01 7.954442999999999930e-01 3.681439999999999824e+00 2.065894030984261190e+04 8.744920085266956683e-04
3.161662009496430059e+00 9.273181571402091095e+00 1.145723792410768160e+00 9.595837049848933431e-02 4.139592448459735863e+01 1.549994700000000059e+01 7.954442999999999930e-01 3.681439999999999824e+00 2.065894030984261190e+04 8.744920085266956683e-04
3.161662009496430059e+00 9.273181433220919700e+00 1.145723809483383038e+00 9.595837049848933431e-02 4.139592448459735863e+01 1.549994700000000059e+01 7.954442999999999930e-01 3.681439999999999824e+00 2.065894030984261190e+04 8.744920085266956683e-04
3.161662009496430059e+00 9.273181433220919700e+00 1.145723792410768160e+00 9.595838539965052816e-02 4.139592448459735863e+01 1.549994700000000059e+01 7.954442999999999930e-01 3.681439999999999824e+00 2.065894030984261190e+04 8.744920085266956683e-04
3.161662009496430059e+00 9.273181433220919700e+00 1.145723792410768160e+00 9.595837049848933431e-02 4.139592510144470339e+01 1.549994700000000059e+01 7.954442999999999930e-01 3.681439999999999824e+00 2.065894030984261190e+04 8.744920085266956683e-04
3.161662009496430059e+00 9.273181433220919700e+00 1.145723792410768160e+00 9.595837049848933431e-02 4.139592448459735863e+01 1.549994700000000059e+01 7.954442999999999930e-01 3.681439999999999824e+00 2.065894061768481333e+04 8.744920085266956683e-04
3.161662009496430059e+00 9.273181433220919700e+00 1.145723792410768160e+00 9.595837049848933431e-02 4.139592448459735863e+01 1.549994700000000059e+01 7.954442999999999930e-01 3.681439999999999824e+00 2.065894030984261190e+04 8.745069096878895160e-04
3.160970812662162288e+00 9.270690211950102011e+00 1.146238312484278543e+00 4.814934718460497920e-02 4.152564431434259262e+01 1.549994700000000059e+01 7.954442999999999930e-01 3.681439999999999824e+00 2.065861147295750197e+04 8.745916890904593651e-04
3.160970859764297813e+00 9.270690211950102011e+00 1.146238312484278543e+00 4.814934718460497920e-02 4.152564431434259262e+01 1.549994700000000059e+01 7.954442999999999930e-01 3.681439999999999824e+00 2.065861147295750197e+04 8.745916890904593651e-04
3.160970812662162288e+00 9.270690350094151100e+00 1.146238312484278543e+00 4.814934718460497920e-02 4.152564431434259262e+01 1.549994700000000059e+01 7.954442999999999930e-01 3.681439999999999824e+00 2.065861147295750197e+04 8.745916890904593651e-04
3.160970812662162288e+00 9.270690211950102011e+00 1.146238329564560399e+00 4.814934718460497920e-02 4.152564431434259262e+01 1.549994700000000059e+01 7.954442999999999930e-01 3.681439999999999824e+00 2.065861147295750197e+04 8.745916890904593651e-04
3.160970812662162288e+00 9.270690211950102011e+00 1.146238312484278543e+00 4.814936208576617305e-02 4.152564431434259262e+01 1.549994700000000059e+01 7.954442999999999930e-01 3.681439999999999824e+00 2.065861147295750197e+04 8.745916890904593651e-04
3.160970812662162288e+00 9.270690211950102011e+00 1.146238312484278543e+00 4.814934718460497920e-02 4.152564493312291205e+01 1.549994700000000059e+01 7.954442999999999930e-01 3.681439999999999824e+00 2.065861147295750197e+04 8.745916890904593651e-04
3.160970812662162288e+00 9.270690211950102011e+00 1.146238312484278543e+00 4.814934718460497920e-02 4.152564431434259262e+01 1.549994700000000059e+01 7.954442999999999930e-01 3.681439999999999824e+00 2.065861178079480305e+04 8.745916890904593651e-04
3.160970812662162288e+00 9.270690211950102011e+00 1.146238312484278543e+00 4.814934718460497920e-02 4.152564431434259262e+01 1.549994700000000059e+01 7.954442999999999930e-01 3.681439999999999824e+00 2.065861147295750197e+04 8.746065902516532127e-04
3.160486183869795962e+00 9.269546579423757038e+00 1.146235913604695567e+00 2.508793956792473509e-02 4.158529944686701896e+01 1.549994700000000059e+01 7.954442999999999930e-01 3.681439999999999824e+00 2.065789151908754502e+04 8.743784567427308587e-04
3.160486230964710153e+00 9.269546579423757038e+00 1.146235913604695567e+00 2.508793956792473509e-02 4.158529944686701896e+01 1.549994700000000059e+01 7.954442999999999930e-01 3.681439999999999824e+00 2.065789151908754502e+04 8.743784567427308587e-04
3.160486183869795962e+00 9.269546717550765536e+00 1.146235913604695567e+00 2.508793956792473509e-02 4.158529944686701896e+01 1.549994700000000059e+01 7.954442999999999930e-01 3.681439999999999824e+00 2.065789151908754502e+04 8.743784567427308587e-04
3.160486183869795962e+00 9.269546579423757038e+00 1.146235930684941673e+00 2.508793956792473509e-02 4.158529944686701896e+01 1.549994700000000059e+01 7.954442999999999930e-01 3.681439999999999824e+00 2.065789151908754502e+04 8.743784567427308587e-04
3.160486183869795962e+00 9.269546579423757038e+00 1.146235913604695567e+00 2.508795446908592894e-02 4.158529944686701896e+01 1.549994700000000059e+01 7.954442999999999930e-01 3.681439999999999824e+00 2.065789151908754502e+04 8.743784567427308587e-04
3.160486183869795962e+00 9.269546579423757038e+00 1.146235913604695567e+00 2.508793956792473509e-02 4.158530006653626998e+01 1.549994700000000059e+01 7.954442999999999930e-01 3.681439999999999824e+00 2.065789151908754502e+04 8.743784567427308587e-04
3.160486183869795962e+00 9.269546579423757038e+00 1.146235913604695567e+00 2.508793956792473509e-02 4.158529944686701896e+01 1.549994700000000059e+01 7.954442999999999930e-01 3.681439999999999824e+00 2.065789182691411770e+04 8.743784567427308587e-04
3.160486183869795962e+00 9.269546579423757038e+00 1.146235913604695567e+00 2.508793956792473509e-02 4.158529944686701896e+01 1.549994700000000059e+01 7.954442999999999930e-01 3.681439999999999824e+00 2.065789151908754502e+04 8.743933579039247063e-04
3.153040832413774197e+00 9.252331619378288963e+00 1.146222185375188385e+00 4.274860785764139637e-06 4.254601381638676116e+01 1.549994700000000059e+01 7.954442999999999930e-01 3.681439999999999824e+00 2.064016169871476814e+04 8.687775434652418236e-04
3.153040879397743801e+00 9.252331619378288963e+00 1.146222185375188385e+00 4.274860785764139637e-06 4.254601381638676116e+01 1.549994700000000059e+01 7.954442999999999930e-01 3.681439999999999824e+00 2.064016169871476814e+04 8.687775434652418236e-04
3.153040832413774197e+00 9.252331757248773769e+00 1.146222185375188385e+00 4.274860785764139637e-06 4.254601381638676116e+01 1.549994700000000059e+01 7.954442999999999930e-01 3.681439999999999824e+00 2.064016169871476814e+04 8.687775434652418236e-04
3.153040832413774197e+00 9.252331619378288963e+00 1.146222202455229988e+00 4.274860785764139637e-06 4.254601381638676116e+01 1.549994700000000059e+01 7.954442999999999930e-01 3.681439999999999824e+00 2.064016169871476814e+04 8.687775434652418236e-04
3.153040832413774197e+00 9.252331619378288963e+00 1.146222185375188385e+00 4.289761946957987293e-06 4.254601381638676116e+01 1.549994700000000059e+01 7.954442999999999930e-01 3.681439999999999824e+00 2.064016169871476814e+04 8.687775434652418236e-04
3.153040832413774197e+00 9.252331619378288963e+00 1.146222185375188385e+00 4.274860785764139637e-06 4.254601445037177143e+01 1.549994700000000059e+01 7.954442999999999930e-01 3.681439999999999824e+00 2.064016169871476814e+04 8.687775434652418236e-04
3.153040832413774197e+00 9.252331619378288963e+00 1.146222185375188385e+00 4.274860785764139637e-06 4.254601381638676116e+01 1.549994700000000059e+01 7.954442999999999930e-01 3.681439999999999824e+00 2.064016200627714352e+04 8.687775434652418236e-04
3.153040832413774197e+00 9.252331619378288963e+00 1.146222185375188385e+00 4.274860785764139637e-06 4.254601381638676116e+01 1.549994700000000059e+01 7.954442999999999930e-01 3.681439999999999824e+00 2.064016169871476814e+04 8.687924446264356712e-04
3.152777430148102855e+00 9.252907253689039990e+00 1.146422101479424249e+00 2.535394479209517294e-06 4.254114814906739639e+01 1.549994700000000059e+01 7.954442999999999930e-01 3.681439999999999824e+00 2.063870641092486403e+04 8.682005821531771882e-04
3.152777477128147599e+00 9.252907253689039990e+00 1.146422101479424249e+00 2.535394479209517294e-06 4.254114814906739639e+01 1.549994700000000059e+01 7.954442999999999930e-01 3.681439999999999824e+00 2.063870641092486403e+04 8.682005821531771882e-04
3.152777430148102855e+00 9.252907391568102824e+00 1.146422101479424249e+00 2.535394479209517294e-06 4.254114814906739639e+01 1.549994700000000059e+01 7.954442999999999930e-01 3.681439999999999824e+00 2.063870641092486403e+04 8.682005821531771882e-04
3.152777430148102855e+00 9.252907253689039990e+00 1.146422118562444803e+00 2.535394479209517294e-06 4.254114814906739639e+01 1.549994700000000059e+01 7.954442999999999930e-01 3.681439999999999824e+00 2.063870641092486403e+04 8.682005821531771882e-04
3.152777430148102855e+00 9.252907253689039990e+00 1.146422101479424249e+00 2.550295640403364951e-06 4.254114814906739639e+01 1.549994700000000059e+01 7.954442999999999930e-01 3.681439999999999824e+00 2.063870641092486403e+04 8.682005821531771882e-04
3.152777430148102855e+00 9.252907253689039990e+00 1.146422101479424249e+00 2.535394479209517294e-06 4.254114878297990288e+01 1.549994700000000059e+01 7.954442999999999930e-01 3.681439999999999824e+00 2.063870641092486403e+04 8.682005821531771882e-04
3.152777430148102855e+00 9.252907253689039990e+00 1.146422101479424249e+00 2.535394479209517294e-06 4.254114814906739639e+01 1.549994700000000059e+01 7.954442999999999930e-01 3.681439999999999824e+00 2.063870671846555342e+04 8.682005821531771882e-04
3.152777430148102855e+00 9.252907253689039990e+00 1.146422101479424249e+00 2.535394479209517294e-06 4.254114814906739639e+01 1.549994700000000059e+01 7.954442999999999930e-01 3.681439999999999824e+00 2.063870641092486403e+04 8.682154833143710358e-04
3.152758749653896242e+00 9.253877791102617323e+00 1.146293794709542402e+00 5.322457834355777138e-07 4.253918679885778431e+01 1.549994700000000059e+01 7.954442999999999930e-01 3.681439999999999824e+00 2.063579583466126860e+04 8.672922840235903217e-04
3.152758796633662541e+00 9.253877791102617323e+00 1.146293794709542402e+00 5.322457834355777138e-07 4.253918679885778431e+01 1.549994700000000059e+01 7.954442999999999930e-01 3.681439999999999824e+00 2.063579583466126860e+04 8.672922840235903217e-04
3.152758749653896242e+00 9.253877928996141478e+00 1.146293794709542402e+00 5.322457834355777138e-07 4.253918679885778431e+01 1.549994700000000059e+01 7.954442999999999930e-01 3.681439999999999824e+00 2.063579583466126860e+04 8.672922840235903217e-04
3.152758749653896242e+00 9.253877791102617323e+00 1.146293811790650929e+00 5.322457834355777138e-07 4.253918679885778431e+01 1.549994700000000059e+01 7.954442999999999930e-01 3.681439999999999824e+00 2.063579583466126860e+04 8.672922840235903217e-04
3.152758749653896242e+00 9.253877791102617323e+00 1.146293794709542402e+00 5.471469446294253700e-07 4.253918679885778431e+01 1.549994700000000059e+01 7.954442999999999930e-01 3.681439999999999824e+00 2.063579583466126860e+04 8.672922840235903217e-04
3.152758749653896242e+00 9.253877791102617323e+00 1.146293794709542402e+00 5.322457834355777138e-07 4.253918743274106617e+01 1.549994700000000059e+01 7.954442999999999930e-01 3.681439999999999824e+00 2.063579583466126860e+04 8.672922840235903217e-04
3.152758749653896242e+00 9.253877791102617323e+00 1.146293794709542402e+00 5.322457834355777138e-07 4.253918679885778431e+01 1.549994700000000059e+01 7.954442999999999930e-01 3.681439999999999824e+00 2.063579614215858965e+04 8.672922840235903217e-04
3.152758749653896242e+00 9.253877791102617323e+00 1.146293794709542402e+00 5.322457834355777138e-07 4.253918679885778431e+01 1.549994700000000059e+01 7.954442999999999930e-01 3.681439999999999824e+00 2.063579583466126860e+04 8.673071851847841693e-04
3.152837898765044056e+00 9.254757738097941555e+00 1.146257679656359718e+00 2.610057716437852652e-08 4.252575335897174114e+01 1.549994700000000059e+01 7.954442999999999930e-01 3.681439999999999824e+00 2.063385473138312591e+04 8.666367109515081156e-04
3.152837945745989856e+00 9.254757738097941555e+00 1.146257679656359718e+00 2.610057716437852652e-08 4.252575335897174114e+01 1.549994700000000059e+01 7.954442999999999930e-01 3.681439999999999824e+00 2.063385473138312591e+04 8.666367109515081156e-04
3.152837898765044056e+00 9.254757876004578776e+00 1.146257679656359718e+00 2.610057716437852652e-08 4.252575335897174114e+01 1.549994700000000059e+01 7.954442999999999930e-01 3.681439999999999824e+00 2.063385473138312591e+04 8.666367109515081156e-04
3.152837898765044056e+00 9.254757738097941555e+00 1.146257696736930232e+00 2.610057716437852652e-08 4.252575335897174114e+01 1.549994700000000059e+01 7.954442999999999930e-01 3.681439999999999824e+00 2.063385473138312591e+04 8.666367109515081156e-04
3.152837898765044056e+00 9.254757738097941555e+00 1.146257679656359718e+00 4.100173835822618277e-08 4.252575335897174114e+01 1.549994700000000059e+01 7.954442999999999930e-01 3.681439999999999824e+00 2.063385473138312591e+04 8.666367109515081156e-04
3.152837898765044056e+00 9.254757738097941555e+00 1.146257679656359718e+00 2.610057716437852652e-08 4.252575399265484890e+01 1.549994700000000059e+01 7.954442999999999930e-01 3.681439999999999824e+00 2.063385473138312591e+04 8.666367109515081156e-04
3.152837898765044056e+00 9.254757738097941555e+00 1.146257679656359718e+00 2.610057716437852652e-08 4.252575335897174114e+01 1.549994700000000059e+01 7.954442999999999930e-01 3.681439999999999824e+00 2.063385503885152139e+04 8.666367109515081156e-04
3.152837898765044056e+00 9.254757738097941555e+00 1.146257679656359718e+00 2.610057716437852652e-08 4.252575335897174114e+01 1.549994700000000059e+01 7.954442999999999930e-01 3.681439999999999824e+00 2.063385473138312591e+04 8.666516121127019632e-04
3.185431525247817142e+00 9.354887603866025358e+00 1.146264561926572556e+00 4.938100029044594054e-10 3.817130037619582339e+01 1.549994700000000059e+01 7.954442999999999930e-01 3.681439999999999824e+00 2.063432827251273920e+04 8.667689282614381673e-04
3.160991267190049747e+00 9.279693242144229970e+00 1.146263941056586022e+00 4.942669636439033684e-10 4.143714374863519367e+01 1.549994700000000059e+01 7.954442999999999930e-01 3.681439999999999824e+00 2.063428598322202743e+04 8.667575642425796433e-04
3.154881119203822859e+00 9.260894474029862877e+00 1.146263781993096309e+00 4.934241393587302716e-10 4.225361550250254083e+01 1.549994700000000059e+01 7.954442999999999930e-01 3.681439999999999824e+00 2.063427517148375773e+04 8.667546470558412696e-04
3.153353250322230128e+00 9.256194074336532296e+00 1.146263726973415276e+00 4.898190781669912405e-10 4.245777683300087091e+01 1.549994700000000059e+01 7.954442999999999930e-01 3.681439999999999824e+00 2.063427151965051598e+04 8.667536155623315223e-04
3.152969976504075511e+00 9.255016215370625687e+00 1.146263651851634258e+00 4.751512245145210146e-10 4.250898791436215163e+01 1.549994700000000059e+01 7.954442999999999930e-01 3.681439999999999824e+00 2.063426678931881906e+04 8.667521419279645371e-04
3.152868778040757824e+00 9.254711796669715440e+00 1.146263311939797580e+00 3.954960737107266419e-10 4.252248947452356731e+01 1.549994700000000059e+01 7.954442999999999930e-01 3.681439999999999824e+00 2.063424563169201065e+04 8.667454113450042113e-04
3.152868825022163701e+00 9.254711796669715440e+00 1.146263311939797580e+00 3.954960737107266419e-10 4.252248947452356731e+01 1.549994700000000059e+01 7.954442999999999930e-01 3.681439999999999824e+00 2.063424563169201065e+04 8.667454113450042113e-04
3.152868778040757824e+00 9.254711934575666987e+00 1.146263311939797580e+00 3.954960737107266419e-10 4.252248947452356731e+01 1.549994700000000059e+01 7.954442999999999930e-01 3.681439999999999824e+00 2.063424563169201065e+04 8.667454113450042113e-04
3.152868778040757824e+00 9.254711796669715440e+00 1.146263329020452026e+00 3.954960737107266419e-10 4.252248947452356731e+01 1.549994700000000059e+01 7.954442999999999930e-01 3.681439999999999824e+00 2.063424563169201065e+04 8.667454113450042113e-04
3.152868778040757824e+00 9.254711796669715440e+00 1.146263311939797580e+00 1.529665726755838289e-08 4.252248947452356731e+01 1.549994700000000059e+01 7.954442999999999930e-01 3.681439999999999824e+00 2.063424563169201065e+04 8.667454113450042113e-04
3.152868778040757824e+00 9.254711796669715440e+00 1.146263311939797580e+00 3.954960737107266419e-10 4.252249010815803842e+01 1.549994700000000059e+01 7.954442999999999930e-01 3.681439999999999824e+00 2.063424563169201065e+04 8.667454113450042113e-04
3.152868778040757824e+00 9.254711796669715440e+00 1.146263311939797580e+00 3.954960737107266419e-10 4.252248947452356731e+01 1.549994700000000059e+01 7.954442999999999930e-01 3.681439999999999824e+00 2.063424593916623053e+04 8.667454113450042113e-04
3.152868778040757824e+00 9.254711796669715440e+00 1.146263311939797580e+00 3.954960737107266419e-10 4.252248947452356731e+01 1.549994700000000059e+01 7.954442999999999930e-01 3.681439999999999824e+00 2.063424563169201065e+04 8.667603125061980589e-04
3.152902775973352334e+00 9.254842041562145738e+00 1.146262404609091234e+00 4.859530502563038798e-12 4.251825961623371342e+01 1.549994700000000059e+01 7.954442999999999930e-01 3.681439999999999824e+00 2.063418304288825311e+04 8.667284922638186697e-04
3.152902822955264917e+00 9.254842041562145738e+00 1.146262404609091234e+00 4.859530502563038798e-12 4.251825961623371342e+01 1.549994700000000059e+01 7.954442999999999930e-01 3.681439999999999824e+00 2.063418304288825311e+04 8.667284922638186697e-04
3.152902775973352334e+00 9.254842179470038843e+00 1.146262404609091234e+00 4.859530502563038798e-12 4.251825961623371342e+01 1.549994700000000059e+01 7.954442999999999930e-01 3.681439999999999824e+00 2.063418304288825311e+04 8.667284922638186697e-04
3.152902775973352334e+00 9.254842041562145738e+00 1.146262421689732136e+00 4.859530502563038798e-12 4.251825961623371342e+01 1.549994700000000059e+01 7.954442999999999930e-01 3.681439999999999824e+00 2.063418304288825311e+04 8.667284922638186697e-04
3.152902775973352334e+00 9.254842041562145738e+00 1.146262404609091234e+00 1.490602072435021820e-08 4.251825961623371342e+01 1.549994700000000059e+01 7.954442999999999930e-01 3.681439999999999824e+00 2.063418304288825311e+04 8.667284922638186697e-04
3.152902775973352334e+00 9.254842041562145738e+00 1.146262404609091234e+00 4.859530502563038798e-12 4.251826024980515228e+01 1.549994700000000059e+01 7.954442999999999930e-01 3.681439999999999824e+00 2.063418304288825311e+04 8.667284922638186697e-04
3.152902775973352334e+00 9.254842041562145738e+00 1.146262404609091234e+00 4.859530502563038798e-12 4.251825961623371342e+01 1.549994700000000059e+01 7.954442999999999930e-01 3.681439999999999824e+00 2.063418335036154167e+04 8.667284922638186697e-04
3.152902775973352334e+00 9.254842041562145738e+00 1.146262404609091234e+00 4.859530502563038798e-12 4.251825961623371342e+01 1.549994700000000059e+01 7.954442999999999930e-01 3.681439999999999824e+00 2.063418304288825311e+04 8.667433934250125174e-04
3.152944893587826591e+00 9.254913406260781628e+00 1.146263439619954028e+00 5.095710137864104450e-14 4.251402217247072457e+01 1.549994700000000059e+01 7.954442999999999930e-01 3.681439999999999824e+00 2.063423416643151359e+04 8.667424373285751446e-04
3.152914639769216709e+00 9.254839570876473687e+00 1.146263408280880691e+00 4.017716377174890775e-14 4.251725316439870284e+01 1.549994700000000059e+01 7.954442999999999930e-01 3.681439999999999824e+00 2.063423222257084853e+04 8.667418185432652607e-04
3.152914686751306039e+00 9.254839570876473687e+00 1.146263408280880691e+00 4.017716377174890775e-14 4.251725316439870284e+01 1.549994700000000059e+01 7.954442999999999930e-01 3.681439999999999824e+00 2.063423222257084853e+04 8.667418185432652607e-04
3.152914639769216709e+00 9.254839708784329488e+00 1.146263408280880691e+00 4.017716377174890775e-14 4.251725316439870284e+01 1.549994700000000059e+01 7.954442999999999930e-01 3.681439999999999824e+00 2.063423222257084853e+04 8.667418185432652607e-04
3.152914639769216709e+00 9.254839570876473687e+00 1.146263425361536470e+00 4.017716377174890775e-14 4.251725316439870284e+01 1.549994700000000059e+01 7.954442999999999930e-01 3.681439999999999824e+00 2.063423222257084853e+04 8.667418185432652607e-04
3.152914639769216709e+00 9.254839570876473687e+00 1.146263408280880691e+00 1.490120137101142920e-08 4.251725316439870284e+01 1.549994700000000059e+01 7.954442999999999930e-01 3.681439999999999824e+00 2.063423222257084853e+04 8.667418185432652607e-04
3.152914639769216709e+00 9.254839570876473687e+00 1.146263408280880691e+00 4.017716377174890775e-14 4.251725379795514925e+01 1.549994700000000059e+01 7.954442999999999930e-01 3.681439999999999824e+00 2.063423222257084853e+04 8.667418185432652607e-04
3.152914639769216709e+00 9.254839570876473687e+00 1.146263408280880691e+00 4.017716377174890775e-14 4.251725316439870284e+01 1.549994700000000059e+01 7.954442999999999930e-01 3.681439999999999824e+00 2.063423253004486833e+04 8.667418185432652607e-04
3.152914639769216709e+00 9.254839570876473687e+00 1.146263408280880691e+00 4.017716377174890775e-14 4.251725316439870284e+01 1.549994700000000059e+01 7.954442999999999930e-01 3.681439999999999824e+00 2.063423222257084853e+04 8.667567197044591084e-04
3.152965353882049904e+00 9.255000855755564970e+00 1.146262980891834093e+00 1.196810118748119350e-15 4.251040365008034172e+01 1.549994700000000059e+01 7.954442999999999930e-01 3.681439999999999824e+00 2.063423221760054366e+04 8.667423771620321729e-04
3.152926278602073307e+00 9.254880601300200738e+00 1.146262979732870280e+00 4.507561586739805051e-15 4.251554139575356572e+01 1.549994700000000059e+01 7.954442999999999930e-01 3.681439999999999824e+00 2.063423222167101267e+04 8.667423627879062599e-04
3.152926325584335832e+00 9.254880601300200738e+00 1.146262979732870280e+00 4.507561586739805051e-15 4.251554139575356572e+01 1.549994700000000059e+01 7.954442999999999930e-01 3.681439999999999824e+00 2.063423222167101267e+04 8.667423627879062599e-04
3.152926278602073307e+00 9.254880739208667606e+00 1.146262979732870280e+00 4.507561586739805051e-15 4.251554139575356572e+01 1.549994700000000059e+01 7.954442999999999930e-01 3.681439999999999824e+00 2.063423222167101267e+04 8.667423627879062599e-04
3.152926278602073307e+00 9.254880601300200738e+00 1.146262996813519619e+00 4.507561586739805051e-15 4.251554139575356572e+01 1.549994700000000059e+01 7.954442999999999930e-01 3.681439999999999824e+00 2.063423222167101267e+04 8.667423627879062599e-04
3.152926278602073307e+00 9.254880601300200738e+00 1.146262979732870280e+00 1.490116570140924157e-08 4.251554139575356572e+01 1.549994700000000059e+01 7.954442999999999930e-01 3.681439999999999824e+00 2.063423222167101267e+04 8.667423627879062599e-04
3.152926278602073307e+00 9.254880601300200738e+00 1.146262979732870280e+00 4.507561586739805051e-15 4.251554202928450366e+01 1.549994700000000059e+01 7.954442999999999930e-01 3.681439999999999824e+00 2.063423222167101267e+04 8.667423627879062599e-04
3.152926278602073307e+00 9.254880601300200738e+00 1.146262979732870280e+00 4.507561586739805051e-15 4.251554139575356572e+01 1.549994700000000059e+01 7.954442999999999930e-01 3.681439999999999824e+00 2.063423252914503246e+04 8.667423627879062599e-04
3.152926278602073307e+00 9.254880601300200738e+00 1.146262979732870280e+00 4.507561586739805051e-15 4.251554139575356572e+01 1.549994700000000059e+01 7.954442999999999930e-01 3.681439999999999824e+00 2.063423222167101267e+04 8.667572639491001076e-04
3.152930482608965246e+00 9.254899740110365869e+00 1.146262888179072847e+00 4.198539778325170815e-18 4.251502512209535922e+01 1.549994700000000059e+01 7.954442999999999930e-01 3.681439999999999824e+00 2.063421406239096541e+04 8.667384724530315934e-04
3.152930529591290387e+00 9.254899740110365869e+00 1.146262888179072847e+00 4.198539778325170815e-18 4.251502512209535922e+01 1.549994700000000059e+01 7.954442999999999930e-01 3.681439999999999824e+00 2.063421406239096541e+04 8.667384724530315934e-04
3.152930482608965246e+00 9.254899878019118731e+00 1.146262888179072847e+00 4.198539778325170815e-18 4.251502512209535922e+01 1.549994700000000059e+01 7.954442999999999930e-01 3.681439999999999824e+00 2.063421406239096541e+04 8.667384724530315934e-04
3.152930482608965246e+00 9.254899740110365869e+00 1.146262905259720855e+00 4.198539778325170815e-18 4.251502512209535922e+01 1.549994700000000059e+01 7.954442999999999930e-01 3.681439999999999824e+00 2.063421406239096541e+04 8.667384724530315934e-04
3.152930482608965246e+00 9.254899740110365869e+00 1.146262888179072847e+00 1.490116119804619674e-08 4.251502512209535922e+01 1.549994700000000059e+01 7.954442999999999930e-01 3.681439999999999824e+00 2.063421406239096541e+04 8.667384724530315934e-04
3.152930482608965246e+00 9.254899740110365869e+00 1.146262888179072847e+00 4.198539778325170815e-18 4.251502575561860198e+01 1.549994700000000059e+01 7.954442999999999930e-01 3.681439999999999824e+00 2.063421406239096541e+04 8.667384724530315934e-04
3.152930482608965246e+00 9.254899740110365869e+00 1.146262888179072847e+00 4.198539778325170815e-18 4.251502512209535922e+01 1.549994700000000059e+01 7.954442999999999930e-01 3.681439999999999824e+00 2.063421436986471599e+04 8.667384724530315934e-04
3.152930482608965246e+00 9.254899740110365869e+00 1.146262888179072847e+00 4.198539778325170815e-18 4.251502512209535922e+01 1.549994700000000059e+01 7.954442999999999930e-01 3.681439999999999824e+00 2.063421406239096541e+04 8.667533736142254410e-04
