3.218861071004003094e+00 1.037174431914806760e+01 2.868047973078114765e+00 1.622737290516541364e+01 1.579333722881694768e-01 1.530525399999999969e+01 7.001581000000000055e-01 3.097326999999999941e+00 3.014342849471376030e+04 3.281550538942714645e+00 8.671708229167535364e+00 1.423192112480153204e+00 1.858530363308077682e+01 2.121816152213576601e+01 1.500000000000000000e+01 7.234983000000000386e-01 3.013116999999999823e+00 1.905079001539068122e+04 2.446514437864810276e-03
3.218861118968770807e+00 1.037174431914806760e+01 2.868047973078114765e+00 1.622737290516541364e+01 1.579333722881694768e-01 1.530525399999999969e+01 7.001581000000000055e-01 3.097326999999999941e+00 3.014342849471376030e+04 3.281550538942714645e+00 8.671708229167535364e+00 1.423192112480153204e+00 1.858530363308077682e+01 2.121816152213576601e+01 1.500000000000000000e+01 7.234983000000000386e-01 3.013116999999999823e+00 1.905079001539068122e+04 2.446514437864810276e-03
3.218861071004003094e+00 1.037174447369910091e+01 2.868047973078114765e+00 1.622737290516541364e+01 1.579333722881694768e-01 1.530525399999999969e+01 7.001581000000000055e-01 3.097326999999999941e+00 3.014342849471376030e+04 3.281550538942714645e+00 8.671708229167535364e+00 1.423192112480153204e+00 1.858530363308077682e+01 2.121816152213576601e+01 1.500000000000000000e+01 7.234983000000000386e-01 3.013116999999999823e+00 1.905079001539068122e+04 2.446514437864810276e-03
3.218861071004003094e+00 1.037174431914806760e+01 2.868048015815360063e+00 1.622737290516541364e+01 1.579333722881694768e-01 1.530525399999999969e+01 7.001581000000000055e-01 3.097326999999999941e+00 3.014342849471376030e+04 3.281550538942714645e+00 8.671708229167535364e+00 1.423192112480153204e+00 1.858530363308077682e+01 2.121816152213576601e+01 1.500000000000000000e+01 7.234983000000000386e-01 3.013116999999999823e+00 1.905079001539068122e+04 2.446514437864810276e-03
3.218861071004003094e+00 1.037174431914806760e+01 2.868047973078114765e+00 1.622737314697211275e+01 1.579333722881694768e-01 1.530525399999999969e+01 7.001581000000000055e-01 3.097326999999999941e+00 3.014342849471376030e+04 3.281550538942714645e+00 8.671708229167535364e+00 1.423192112480153204e+00 1.858530363308077682e+01 2.121816152213576601e+01 1.500000000000000000e+01 7.234983000000000386e-01 3.013116999999999823e+00 1.905079001539068122e+04 2.446514437864810276e-03
3.218861071004003094e+00 1.037174431914806760e+01 2.868047973078114765e+00 1.622737290516541364e+01 1.579333871893306707e-01 1.530525399999999969e+01 7.001581000000000055e-01 3.097326999999999941e+00 3.014342849471376030e+04 3.281550538942714645e+00 8.671708229167535364e+00 1.423192112480153204e+00 1.858530363308077682e+01 2.121816152213576601e+01 1.500000000000000000e+01 7.234983000000000386e-01 3.013116999999999823e+00 1.905079001539068122e+04 2.446514437864810276e-03
3.218861071004003094e+00 1.037174431914806760e+01 2.868047973078114765e+00 1.622737290516541364e+01 1.579333722881694768e-01 1.530525422806605640e+01 7.001581000000000055e-01 3.097326999999999941e+00 3.014342849471376030e+04 3.281550538942714645e+00 8.671708229167535364e+00 1.423192112480153204e+00 1.858530363308077682e+01 2.121816152213576601e+01 1.500000000000000000e+01 7.234983000000000386e-01 3.013116999999999823e+00 1.905079001539068122e+04 2.446514437864810276e-03
3.218861071004003094e+00 1.037174431914806760e+01 2.868047973078114765e+00 1.622737290516541364e+01 1.579333722881694768e-01 1.530525399999999969e+01 7.001581149011611993e-01 3.097326999999999941e+00 3.014342849471376030e+04 3.281550538942714645e+00 8.671708229167535364e+00 1.423192112480153204e+00 1.858530363308077682e+01 2.121816152213576601e+01 1.500000000000000000e+01 7.234983000000000386e-01 3.013116999999999823e+00 1.905079001539068122e+04 2.446514437864810276e-03
3.218861071004003094e+00 1.037174431914806760e+01 2.868047973078114765e+00 1.622737290516541364e+01 1.579333722881694768e-01 1.530525399999999969e+01 7.001581000000000055e-01 3.097326999999999941e+00 3.014342894388584682e+04 3.281550538942714645e+00 8.671708229167535364e+00 1.423192112480153204e+00 1.858530363308077682e+01 2.121816152213576601e+01 1.500000000000000000e+01 7.234983000000000386e-01 3.013116999999999823e+00 1.905079001539068122e+04 2.446514437864810276e-03
3.218861071004003094e+00 1.037174431914806760e+01 2.868047973078114765e+00 1.622737290516541364e+01 1.579333722881694768e-01 1.530525399999999969e+01 7.001581000000000055e-01 3.097326999999999941e+00 3.014342849471376030e+04 3.281550587841628008e+00 8.671708229167535364e+00 1.423192112480153204e+00 1.858530363308077682e+01 2.121816152213576601e+01 1.500000000000000000e+01 7.234983000000000386e-01 3.013116999999999823e+00 1.905079001539068122e+04 2.446514437864810276e-03
3.218861071004003094e+00 1.037174431914806760e+01 2.868047973078114765e+00 1.622737290516541364e+01 1.579333722881694768e-01 1.530525399999999969e+01 7.001581000000000055e-01 3.097326999999999941e+00 3.014342849471376030e+04 3.281550538942714645e+00 8.671708358386057469e+00 1.423192112480153204e+00 1.858530363308077682e+01 2.121816152213576601e+01 1.500000000000000000e+01 7.234983000000000386e-01 3.013116999999999823e+00 1.905079001539068122e+04 2.446514437864810276e-03
3.218861071004003094e+00 1.037174431914806760e+01 2.868047973078114765e+00 1.622737290516541364e+01 1.579333722881694768e-01 1.530525399999999969e+01 7.001581000000000055e-01 3.097326999999999941e+00 3.014342849471376030e+04 3.281550538942714645e+00 8.671708229167535364e+00 1.423192133687368299e+00 1.858530363308077682e+01 2.121816152213576601e+01 1.500000000000000000e+01 7.234983000000000386e-01 3.013116999999999823e+00 1.905079001539068122e+04 2.446514437864810276e-03
3.218861071004003094e+00 1.037174431914806760e+01 2.868047973078114765e+00 1.622737290516541364e+01 1.579333722881694768e-01 1.530525399999999969e+01 7.001581000000000055e-01 3.097326999999999941e+00 3.014342849471376030e+04 3.281550538942714645e+00 8.671708229167535364e+00 1.423192112480153204e+00 1.858530391002338078e+01 2.121816152213576601e+01 1.500000000000000000e+01 7.234983000000000386e-01 3.013116999999999823e+00 1.905079001539068122e+04 2.446514437864810276e-03
3.218861071004003094e+00 1.037174431914806760e+01 2.868047973078114765e+00 1.622737290516541364e+01 1.579333722881694768e-01 1.530525399999999969e+01 7.001581000000000055e-01 3.097326999999999941e+00 3.014342849471376030e+04 3.281550538942714645e+00 8.671708229167535364e+00 1.423192112480153204e+00 1.858530363308077682e+01 2.121816183831101199e+01 1.500000000000000000e+01 7.234983000000000386e-01 3.013116999999999823e+00 1.905079001539068122e+04 2.446514437864810276e-03
3.218861071004003094e+00 1.037174431914806760e+01 2.868047973078114765e+00 1.622737290516541364e+01 1.579333722881694768e-01 1.530525399999999969e+01 7.001581000000000055e-01 3.097326999999999941e+00 3.014342849471376030e+04 3.281550538942714645e+00 8.671708229167535364e+00 1.423192112480153204e+00 1.858530363308077682e+01 2.121816152213576601e+01 1.500000022351741791e+01 7.234983000000000386e-01 3.013116999999999823e+00 1.905079001539068122e+04 2.446514437864810276e-03
3.218861071004003094e+00 1.037174431914806760e+01 2.868047973078114765e+00 1.622737290516541364e+01 1.579333722881694768e-01 1.530525399999999969e+01 7.001581000000000055e-01 3.097326999999999941e+00 3.014342849471376030e+04 3.281550538942714645e+00 8.671708229167535364e+00 1.423192112480153204e+00 1.858530363308077682e+01 2.121816152213576601e+01 1.500000000000000000e+01 7.234983149011612324e-01 3.013116999999999823e+00 1.905079001539068122e+04 2.446514437864810276e-03
3.218861071004003094e+00 1.037174431914806760e+01 2.868047973078114765e+00 1.622737290516541364e+01 1.579333722881694768e-01 1.530525399999999969e+01 7.001581000000000055e-01 3.097326999999999941e+00 3.014342849471376030e+04 3.281550538942714645e+00 8.671708229167535364e+00 1.423192112480153204e+00 1.858530363308077682e+01 2.121816152213576601e+01 1.500000000000000000e+01 7.234983000000000386e-01 3.013116999999999823e+00 1.905079029926957446e+04 2.446514437864810276e-03
3.218861071004003094e+00 1.037174431914806760e+01 2.868047973078114765e+00 1.622737290516541364e+01 1.579333722881694768e-01 1.530525399999999969e+01 7.001581000000000055e-01 3.097326999999999941e+00 3.014342849471376030e+04 3.281550538942714645e+00 8.671708229167535364e+00 1.423192112480153204e+00 1.858530363308077682e+01 2.121816152213576601e+01 1.500000000000000000e+01 7.234983000000000386e-01 3.013116999999999823e+00 1.905079001539068122e+04 2.446529339026004123e-03
3.179377290366398601e+00 1.017712661850581135e+01 2.749783118183509512e+00 1.602154351804552590e+01 1.568210407668989559e-01 1.531160474009660888e+01 6.951498017995554335e-01 3.097326999999999941e+00 1.538406130206670969e+04 3.271683478325807304e+00 8.905065058459030070e+00 1.402067679019876945e+00 1.837717144126134627e+01 2.134904832492310334e+01 1.498419406847384749e+01 7.361914450771184226e-01 3.013116999999999823e+00 3.017484287331475934e+04 1.151908401949552300e-03
3.186813212934367812e+00 1.025723433054947975e+01 2.734757900755082183e+00 1.606309209048087183e+01 1.574860636914093281e-01 1.530989474274572437e+01 6.967123505432257780e-01 3.097326999999999941e+00 2.562778574637596830e+04 3.268619178240856460e+00 8.864579023839290528e+00 1.410830094030343984e+00 1.838887567086275965e+01 2.129474728476334633e+01 1.498609755248699926e+01 7.347397899712250213e-01 3.013116999999999823e+00 2.002953285632297775e+04 1.169274442623898565e-03
3.195525816577167610e+00 1.014970568267327522e+01 2.730701753037401591e+00 1.609610606466842597e+01 1.578355859192726030e-01 1.530212584426100264e+01 7.064937835610242134e-01 3.097326999999999941e+00 2.930584787544520077e+04 3.275982865720933113e+00 8.742805403223327332e+00 1.433165077084933570e+00 1.846457556325495020e+01 2.128523273565381402e+01 1.497098802658718419e+01 7.455596256513616904e-01 3.013116999999999823e+00 1.825532214824199764e+04 1.707443459941687929e-03
3.199924482746538068e+00 1.006574721067364742e+01 2.730650332980780082e+00 1.611046516347854407e+01 1.579487410119626567e-01 1.529735425274234650e+01 7.126034438289582384e-01 3.097326999999999941e+00 2.993630893972614285e+04 3.281314408770525048e+00 8.670374282746198702e+00 1.446219204149680415e+00 1.851192616789311529e+01 2.128840126964026425e+01 1.496080577541877155e+01 7.528668533525163520e-01 3.013116999999999823e+00 1.884955415434340466e+04 2.055436645554059756e-03
3.201022917762973652e+00 1.004473228839927401e+01 2.730641714965371225e+00 1.611404714440875452e+01 1.579768937474003154e-01 1.529616151161280513e+01 7.141310694663420833e-01 3.097326999999999941e+00 3.009172844130013982e+04 3.282648460906167465e+00 8.652268713117475585e+00 1.449482011553132166e+00 1.852376562860963105e+01 2.128920562279427031e+01 1.495826183599151982e+01 7.546945993352044413e-01 3.013116999999999823e+00 1.900039921878648602e+04 2.142463208090341232e-03
3.201297477825628235e+00 1.003947796213923382e+01 2.730643408145363438e+00 1.611494245750644438e+01 1.579839266715258594e-01 1.529586420740938202e+01 7.145129457816199459e-01 3.097326999999999941e+00 3.013050835157250185e+04 3.282982013689714318e+00 8.647742348916766630e+00 1.450297684745718518e+00 1.852672560721799044e+01 2.128940704952764662e+01 1.495763772698780869e+01 7.551513519858250589e-01 3.013116999999999823e+00 1.903818816728901947e+04 2.164220652557103525e-03
3.201366103767339322e+00 1.003816514962563389e+01 2.730658795424006247e+00 1.611516666109542939e+01 1.579856824797629677e-01 1.529579339991954612e+01 7.146082840689262916e-01 3.097326999999999941e+00 3.014020042787492275e+04 3.283065421707385578e+00 8.646610335063597219e+00 1.450501626878083927e+00 1.852746597391244876e+01 2.128945712214089170e+01 1.495752931492681981e+01 7.552646928673227844e-01 3.013116999999999823e+00 1.904764093260994196e+04 2.169660589819954067e-03
3.201383251749345238e+00 1.003784097305012146e+01 2.730723450920230277e+00 1.611522453930211185e+01 1.579861125478069228e-01 1.529578993071002557e+01 7.146315564623797467e-01 3.097326999999999941e+00 3.014262831804520829e+04 3.283086342559947024e+00 8.646325648476604897e+00 1.450552655903621035e+00 1.852765269205925946e+01 2.128946824151066508e+01 1.495769382762872368e+01 7.552895225481139896e-01 3.013116999999999823e+00 1.905000938376244449e+04 2.171023352071998515e-03
3.201387590288371943e+00 1.003778244117398089e+01 2.731041423807896162e+00 1.611524873924397028e+01 1.579861751908025469e-01 1.529585909842792191e+01 7.146344603891667813e-01 3.097326999999999941e+00 3.014325788437323718e+04 3.283091879314623540e+00 8.646246609389622861e+00 1.450565392968097278e+00 1.852770759774304210e+01 2.128946359480745443e+01 1.495865883752055758e+01 7.552781025646960744e-01 3.013116999999999823e+00 1.905062357026806421e+04 2.171377997816189426e-03
3.197901614754732780e+00 1.018288857346921894e+01 2.864502368804644927e+00 1.617088373429613668e+01 1.576953320405856673e-01 1.530523241915991228e+01 7.021043543848657364e-01 3.097326999999999941e+00 3.014342847952286320e+04 3.284712292562092628e+00 8.600550317057477301e+00 1.450912255943395124e+00 1.856539871844915623e+01 2.124324808008441323e+01 1.499990357162261745e+01 7.262744507001054339e-01 3.013116999999999823e+00 1.905079000038926097e+04 2.134044057244416977e-03
3.209035551866115998e+00 1.035450164674143458e+01 2.868017856982465474e+00 1.622476707932844775e+01 1.578799167678333337e-01 1.530525914094100415e+01 6.999215465027179839e-01 3.097326999999999941e+00 3.014342849424413362e+04 3.283872194597395211e+00 8.632702087093177212e+00 1.433388313653025659e+00 1.858626975322340513e+01 2.121295875486460503e+01 1.500000238526397922e+01 7.234254645302076181e-01 3.013116999999999823e+00 1.905079001492646785e+04 2.319768942448563031e-03
3.216026837177111908e+00 1.036746464134399126e+01 2.868040875905063736e+00 1.622669934345379872e+01 1.579192411135268981e-01 1.530525529489319325e+01 7.000983329485617190e-01 3.097326999999999941e+00 3.014342849459994977e+04 3.282363771701817257e+00 8.661974542807440614e+00 1.425552959976732481e+00 1.858551577908845687e+01 2.121691395402030267e+01 1.500000060687078829e+01 7.234797391890412932e-01 3.013116999999999823e+00 1.905079001527797664e+04 2.412293383506965150e-03
3.216026885099646293e+00 1.036746464134399126e+01 2.868040875905063736e+00 1.622669934345379872e+01 1.579192411135268981e-01 1.530525529489319325e+01 7.000983329485617190e-01 3.097326999999999941e+00 3.014342849459994977e+04 3.282363771701817257e+00 8.661974542807440614e+00 1.425552959976732481e+00 1.858551577908845687e+01 2.121691395402030267e+01 1.500000060687078829e+01 7.234797391890412932e-01 3.013116999999999823e+00 1.905079001527797664e+04 2.412293383506965150e-03
3.216026837177111908e+00 1.036746479583125335e+01 2.868040875905063736e+00 1.622669934345379872e+01 1.579192411135268981e-01 1.530525529489319325e+01 7.000983329485617190e-01 3.097326999999999941e+00 3.014342849459994977e+04 3.282363771701817257e+00 8.661974542807440614e+00 1.425552959976732481e+00 1.858551577908845687e+01 2.121691395402030267e+01 1.500000060687078829e+01 7.234797391890412932e-01 3.013116999999999823e+00 1.905079001527797664e+04 2.412293383506965150e-03
3.216026837177111908e+00 1.036746464134399126e+01 2.868040918642203341e+00 1.622669934345379872e+01 1.579192411135268981e-01 1.530525529489319325e+01 7.000983329485617190e-01 3.097326999999999941e+00 3.014342849459994977e+04 3.282363771701817257e+00 8.661974542807440614e+00 1.425552959976732481e+00 1.858551577908845687e+01 2.121691395402030267e+01 1.500000060687078829e+01 7.234797391890412932e-01 3.013116999999999823e+00 1.905079001527797664e+04 2.412293383506965150e-03
3.216026837177111908e+00 1.036746464134399126e+01 2.868040875905063736e+00 1.622669958525046141e+01 1.579192411135268981e-01 1.530525529489319325e+01 7.000983329485617190e-01 3.097326999999999941e+00 3.014342849459994977e+04 3.282363771701817257e+00 8.661974542807440614e+00 1.425552959976732481e+00 1.858551577908845687e+01 2.121691395402030267e+01 1.500000060687078829e+01 7.234797391890412932e-01 3.013116999999999823e+00 1.905079001527797664e+04 2.412293383506965150e-03
3.216026837177111908e+00 1.036746464134399126e+01 2.868040875905063736e+00 1.622669934345379872e+01 1.579192560146880919e-01 1.530525529489319325e+01 7.000983329485617190e-01 3.097326999999999941e+00 3.014342849459994977e+04 3.282363771701817257e+00 8.661974542807440614e+00 1.425552959976732481e+00 1.858551577908845687e+01 2.121691395402030267e+01 1.500000060687078829e+01 7.234797391890412932e-01 3.013116999999999823e+00 1.905079001527797664e+04 2.412293383506965150e-03
3.216026837177111908e+00 1.036746464134399126e+01 2.868040875905063736e+00 1.622669934345379872e+01 1.579192411135268981e-01 1.530525552295926950e+01 7.000983329485617190e-01 3.097326999999999941e+00 3.014342849459994977e+04 3.282363771701817257e+00 8.661974542807440614e+00 1.425552959976732481e+00 1.858551577908845687e+01 2.121691395402030267e+01 1.500000060687078829e+01 7.234797391890412932e-01 3.013116999999999823e+00 1.905079001527797664e+04 2.412293383506965150e-03
3.216026837177111908e+00 1.036746464134399126e+01 2.868040875905063736e+00 1.622669934345379872e+01 1.579192411135268981e-01 1.530525529489319325e+01 7.000983478497229129e-01 3.097326999999999941e+00 3.014342849459994977e+04 3.282363771701817257e+00 8.661974542807440614e+00 1.425552959976732481e+00 1.858551577908845687e+01 2.121691395402030267e+01 1.500000060687078829e+01 7.234797391890412932e-01 3.013116999999999823e+00 1.905079001527797664e+04 2.412293383506965150e-03
3.216026837177111908e+00 1.036746464134399126e+01 2.868040875905063736e+00 1.622669934345379872e+01 1.579192411135268981e-01 1.530525529489319325e+01 7.000983329485617190e-01 3.097326999999999941e+00 3.014342894377203629e+04 3.282363771701817257e+00 8.661974542807440614e+00 1.425552959976732481e+00 1.858551577908845687e+01 2.121691395402030267e+01 1.500000060687078829e+01 7.234797391890412932e-01 3.013116999999999823e+00 1.905079001527797664e+04 2.412293383506965150e-03
3.216026837177111908e+00 1.036746464134399126e+01 2.868040875905063736e+00 1.622669934345379872e+01 1.579192411135268981e-01 1.530525529489319325e+01 7.000983329485617190e-01 3.097326999999999941e+00 3.014342849459994977e+04 3.282363820612848926e+00 8.661974542807440614e+00 1.425552959976732481e+00 1.858551577908845687e+01 2.121691395402030267e+01 1.500000060687078829e+01 7.234797391890412932e-01 3.013116999999999823e+00 1.905079001527797664e+04 2.412293383506965150e-03
3.216026837177111908e+00 1.036746464134399126e+01 2.868040875905063736e+00 1.622669934345379872e+01 1.579192411135268981e-01 1.530525529489319325e+01 7.000983329485617190e-01 3.097326999999999941e+00 3.014342849459994977e+04 3.282363771701817257e+00 8.661974671880919630e+00 1.425552959976732481e+00 1.858551577908845687e+01 2.121691395402030267e+01 1.500000060687078829e+01 7.234797391890412932e-01 3.013116999999999823e+00 1.905079001527797664e+04 2.412293383506965150e-03
3.216026837177111908e+00 1.036746464134399126e+01 2.868040875905063736e+00 1.622669934345379872e+01 1.579192411135268981e-01 1.530525529489319325e+01 7.000983329485617190e-01 3.097326999999999941e+00 3.014342849459994977e+04 3.282363771701817257e+00 8.661974542807440614e+00 1.425552981219126991e+00 1.858551577908845687e+01 2.121691395402030267e+01 1.500000060687078829e+01 7.234797391890412932e-01 3.013116999999999823e+00 1.905079001527797664e+04 2.412293383506965150e-03
3.216026837177111908e+00 1.036746464134399126e+01 2.868040875905063736e+00 1.622669934345379872e+01 1.579192411135268981e-01 1.530525529489319325e+01 7.000983329485617190e-01 3.097326999999999941e+00 3.014342849459994977e+04 3.282363771701817257e+00 8.661974542807440614e+00 1.425552959976732481e+00 1.858551605603422274e+01 2.121691395402030267e+01 1.500000060687078829e+01 7.234797391890412932e-01 3.013116999999999823e+00 1.905079001527797664e+04 2.412293383506965150e-03
3.216026837177111908e+00 1.036746464134399126e+01 2.868040875905063736e+00 1.622669934345379872e+01 1.579192411135268981e-01 1.530525529489319325e+01 7.000983329485617190e-01 3.097326999999999941e+00 3.014342849459994977e+04 3.282363771701817257e+00 8.661974542807440614e+00 1.425552959976732481e+00 1.858551577908845687e+01 2.121691427017695730e+01 1.500000060687078829e+01 7.234797391890412932e-01 3.013116999999999823e+00 1.905079001527797664e+04 2.412293383506965150e-03
3.216026837177111908e+00 1.036746464134399126e+01 2.868040875905063736e+00 1.622669934345379872e+01 1.579192411135268981e-01 1.530525529489319325e+01 7.000983329485617190e-01 3.097326999999999941e+00 3.014342849459994977e+04 3.282363771701817257e+00 8.661974542807440614e+00 1.425552959976732481e+00 1.858551577908845687e+01 2.121691395402030267e+01 1.500000083038821508e+01 7.234797391890412932e-01 3.013116999999999823e+00 1.905079001527797664e+04 2.412293383506965150e-03
3.216026837177111908e+00 1.036746464134399126e+01 2.868040875905063736e+00 1.622669934345379872e+01 1.579192411135268981e-01 1.530525529489319325e+01 7.000983329485617190e-01 3.097326999999999941e+00 3.014342849459994977e+04 3.282363771701817257e+00 8.661974542807440614e+00 1.425552959976732481e+00 1.858551577908845687e+01 2.121691395402030267e+01 1.500000060687078829e+01 7.234797540902024870e-01 3.013116999999999823e+00 1.905079001527797664e+04 2.412293383506965150e-03
3.216026837177111908e+00 1.036746464134399126e+01 2.868040875905063736e+00 1.622669934345379872e+01 1.579192411135268981e-01 1.530525529489319325e+01 7.000983329485617190e-01 3.097326999999999941e+00 3.014342849459994977e+04 3.282363771701817257e+00 8.661974542807440614e+00 1.425552959976732481e+00 1.858551577908845687e+01 2.121691395402030267e+01 1.500000060687078829e+01 7.234797391890412932e-01 3.013116999999999823e+00 1.905079029915686988e+04 2.412293383506965150e-03
3.216026837177111908e+00 1.036746464134399126e+01 2.868040875905063736e+00 1.622669934345379872e+01 1.579192411135268981e-01 1.530525529489319325e+01 7.000983329485617190e-01 3.097326999999999941e+00 3.014342849459994977e+04 3.282363771701817257e+00 8.661974542807440614e+00 1.425552959976732481e+00 1.858551577908845687e+01 2.121691395402030267e+01 1.500000060687078829e+01 7.234797391890412932e-01 3.013116999999999823e+00 1.905079001527797664e+04 2.412308284668158997e-03
3.212248740433339744e+00 1.036671094099659385e+01 2.868031365638629371e+00 1.622551218083563285e+01 1.578957223258011244e-01 1.530525753814619883e+01 6.998945305213912782e-01 3.097326999999999941e+00 3.014342849440204009e+04 3.283421286592261179e+00 8.660021151269141626e+00 1.429305196863525085e+00 1.858591096071505788e+01 2.121476470562609151e+01 1.500000171146226613e+01 7.234496540117409946e-01 3.013116999999999823e+00 1.905079001508217698e+04 2.392343103627255982e-03
3.214937045484724809e+00 1.036729404169670765e+01 2.868038715307498876e+00 1.622642339414915469e+01 1.579137326697093169e-01 1.530525580507511130e+01 7.000519309614841035e-01 3.097326999999999941e+00 3.014342849455554824e+04 3.282651437508787851e+00 8.661532173209922192e+00 1.426457990828936540e+00 1.858559828171140893e+01 2.121642513583078227e+01 1.500000085817545425e+01 7.234728910468963825e-01 3.013116999999999823e+00 1.905079001523402985e+04 2.407162558866107489e-03
3.214937093391019740e+00 1.036729404169670765e+01 2.868038715307498876e+00 1.622642339414915469e+01 1.579137326697093169e-01 1.530525580507511130e+01 7.000519309614841035e-01 3.097326999999999941e+00 3.014342849455554824e+04 3.282651437508787851e+00 8.661532173209922192e+00 1.426457990828936540e+00 1.858559828171140893e+01 2.121642513583078227e+01 1.500000085817545425e+01 7.234728910468963825e-01 3.013116999999999823e+00 1.905079001523402985e+04 2.407162558866107489e-03
3.214937045484724809e+00 1.036729419618142778e+01 2.868038715307498876e+00 1.622642339414915469e+01 1.579137326697093169e-01 1.530525580507511130e+01 7.000519309614841035e-01 3.097326999999999941e+00 3.014342849455554824e+04 3.282651437508787851e+00 8.661532173209922192e+00 1.426457990828936540e+00 1.858559828171140893e+01 2.121642513583078227e+01 1.500000085817545425e+01 7.234728910468963825e-01 3.013116999999999823e+00 1.905079001523402985e+04 2.407162558866107489e-03
3.214937045484724809e+00 1.036729404169670765e+01 2.868038758044606062e+00 1.622642339414915469e+01 1.579137326697093169e-01 1.530525580507511130e+01 7.000519309614841035e-01 3.097326999999999941e+00 3.014342849455554824e+04 3.282651437508787851e+00 8.661532173209922192e+00 1.426457990828936540e+00 1.858559828171140893e+01 2.121642513583078227e+01 1.500000085817545425e+01 7.234728910468963825e-01 3.013116999999999823e+00 1.905079001523402985e+04 2.407162558866107489e-03
3.214937045484724809e+00 1.036729404169670765e+01 2.868038715307498876e+00 1.622642363594170689e+01 1.579137326697093169e-01 1.530525580507511130e+01 7.000519309614841035e-01 3.097326999999999941e+00 3.014342849455554824e+04 3.282651437508787851e+00 8.661532173209922192e+00 1.426457990828936540e+00 1.858559828171140893e+01 2.121642513583078227e+01 1.500000085817545425e+01 7.234728910468963825e-01 3.013116999999999823e+00 1.905079001523402985e+04 2.407162558866107489e-03
3.214937045484724809e+00 1.036729404169670765e+01 2.868038715307498876e+00 1.622642339414915469e+01 1.579137475708705107e-01 1.530525580507511130e+01 7.000519309614841035e-01 3.097326999999999941e+00 3.014342849455554824e+04 3.282651437508787851e+00 8.661532173209922192e+00 1.426457990828936540e+00 1.858559828171140893e+01 2.121642513583078227e+01 1.500000085817545425e+01 7.234728910468963825e-01 3.013116999999999823e+00 1.905079001523402985e+04 2.407162558866107489e-03
3.214937045484724809e+00 1.036729404169670765e+01 2.868038715307498876e+00 1.622642339414915469e+01 1.579137326697093169e-01 1.530525603314119465e+01 7.000519309614841035e-01 3.097326999999999941e+00 3.014342849455554824e+04 3.282651437508787851e+00 8.661532173209922192e+00 1.426457990828936540e+00 1.858559828171140893e+01 2.121642513583078227e+01 1.500000085817545425e+01 7.234728910468963825e-01 3.013116999999999823e+00 1.905079001523402985e+04 2.407162558866107489e-03
3.214937045484724809e+00 1.036729404169670765e+01 2.868038715307498876e+00 1.622642339414915469e+01 1.579137326697093169e-01 1.530525580507511130e+01 7.000519458626452973e-01 3.097326999999999941e+00 3.014342849455554824e+04 3.282651437508787851e+00 8.661532173209922192e+00 1.426457990828936540e+00 1.858559828171140893e+01 2.121642513583078227e+01 1.500000085817545425e+01 7.234728910468963825e-01 3.013116999999999823e+00 1.905079001523402985e+04 2.407162558866107489e-03
3.214937045484724809e+00 1.036729404169670765e+01 2.868038715307498876e+00 1.622642339414915469e+01 1.579137326697093169e-01 1.530525580507511130e+01 7.000519309614841035e-01 3.097326999999999941e+00 3.014342894372763476e+04 3.282651437508787851e+00 8.661532173209922192e+00 1.426457990828936540e+00 1.858559828171140893e+01 2.121642513583078227e+01 1.500000085817545425e+01 7.234728910468963825e-01 3.013116999999999823e+00 1.905079001523402985e+04 2.407162558866107489e-03
3.214937045484724809e+00 1.036729404169670765e+01 2.868038715307498876e+00 1.622642339414915469e+01 1.579137326697093169e-01 1.530525580507511130e+01 7.000519309614841035e-01 3.097326999999999941e+00 3.014342849455554824e+04 3.282651486424105869e+00 8.661532173209922192e+00 1.426457990828936540e+00 1.858559828171140893e+01 2.121642513583078227e+01 1.500000085817545425e+01 7.234728910468963825e-01 3.013116999999999823e+00 1.905079001523402985e+04 2.407162558866107489e-03
3.214937045484724809e+00 1.036729404169670765e+01 2.868038715307498876e+00 1.622642339414915469e+01 1.579137326697093169e-01 1.530525580507511130e+01 7.000519309614841035e-01 3.097326999999999941e+00 3.014342849455554824e+04 3.282651437508787851e+00 8.661532302276809148e+00 1.426457990828936540e+00 1.858559828171140893e+01 2.121642513583078227e+01 1.500000085817545425e+01 7.234728910468963825e-01 3.013116999999999823e+00 1.905079001523402985e+04 2.407162558866107489e-03
3.214937045484724809e+00 1.036729404169670765e+01 2.868038715307498876e+00 1.622642339414915469e+01 1.579137326697093169e-01 1.530525580507511130e+01 7.000519309614841035e-01 3.097326999999999941e+00 3.014342849455554824e+04 3.282651437508787851e+00 8.661532173209922192e+00 1.426458012084816929e+00 1.858559828171140893e+01 2.121642513583078227e+01 1.500000085817545425e+01 7.234728910468963825e-01 3.013116999999999823e+00 1.905079001523402985e+04 2.407162558866107489e-03
3.214937045484724809e+00 1.036729404169670765e+01 2.868038715307498876e+00 1.622642339414915469e+01 1.579137326697093169e-01 1.530525580507511130e+01 7.000519309614841035e-01 3.097326999999999941e+00 3.014342849455554824e+04 3.282651437508787851e+00 8.661532173209922192e+00 1.426457990828936540e+00 1.858559855865840404e+01 2.121642513583078227e+01 1.500000085817545425e+01 7.234728910468963825e-01 3.013116999999999823e+00 1.905079001523402985e+04 2.407162558866107489e-03
3.214937045484724809e+00 1.036729404169670765e+01 2.868038715307498876e+00 1.622642339414915469e+01 1.579137326697093169e-01 1.530525580507511130e+01 7.000519309614841035e-01 3.097326999999999941e+00 3.014342849455554824e+04 3.282651437508787851e+00 8.661532173209922192e+00 1.426457990828936540e+00 1.858559828171140893e+01 2.121642545198015384e+01 1.500000085817545425e+01 7.234728910468963825e-01 3.013116999999999823e+00 1.905079001523402985e+04 2.407162558866107489e-03
3.214937045484724809e+00 1.036729404169670765e+01 2.868038715307498876e+00 1.622642339414915469e+01 1.579137326697093169e-01 1.530525580507511130e+01 7.000519309614841035e-01 3.097326999999999941e+00 3.014342849455554824e+04 3.282651437508787851e+00 8.661532173209922192e+00 1.426457990828936540e+00 1.858559828171140893e+01 2.121642513583078227e+01 1.500000108169288460e+01 7.234728910468963825e-01 3.013116999999999823e+00 1.905079001523402985e+04 2.407162558866107489e-03
3.214937045484724809e+00 1.036729404169670765e+01 2.868038715307498876e+00 1.622642339414915469e+01 1.579137326697093169e-01 1.530525580507511130e+01 7.000519309614841035e-01 3.097326999999999941e+00 3.014342849455554824e+04 3.282651437508787851e+00 8.661532173209922192e+00 1.426457990828936540e+00 1.858559828171140893e+01 2.121642513583078227e+01 1.500000085817545425e+01 7.234729059480575764e-01 3.013116999999999823e+00 1.905079001523402985e+04 2.407162558866107489e-03
3.214937045484724809e+00 1.036729404169670765e+01 2.868038715307498876e+00 1.622642339414915469e+01 1.579137326697093169e-01 1.530525580507511130e+01 7.000519309614841035e-01 3.097326999999999941e+00 3.014342849455554824e+04 3.282651437508787851e+00 8.661532173209922192e+00 1.426457990828936540e+00 1.858559828171140893e+01 2.121642513583078227e+01 1.500000085817545425e+01 7.234728910468963825e-01 3.013116999999999823e+00 1.905079029911292309e+04 2.407162558866107489e-03
3.214937045484724809e+00 1.036729404169670765e+01 2.868038715307498876e+00 1.622642339414915469e+01 1.579137326697093169e-01 1.530525580507511130e+01 7.000519309614841035e-01 3.097326999999999941e+00 3.014342849455554824e+04 3.282651437508787851e+00 8.661532173209922192e+00 1.426457990828936540e+00 1.858559828171140893e+01 2.121642513583078227e+01 1.500000085817545425e+01 7.234728910468963825e-01 3.013116999999999823e+00 1.905079001523402985e+04 2.407177460027301336e-03
3.212890706720137324e+00 1.036693687732723568e+01 2.868034322504438460e+00 1.622582260399298093e+01 1.579016188360106987e-01 1.530525681620494893e+01 6.999535958421773119e-01 3.097326999999999941e+00 3.014342849446322725e+04 3.283064466067517007e+00 8.660600950751499383e+00 1.428315354836016571e+00 1.858574598889830654e+01 2.121542598892437681e+01 1.500000141644928320e+01 7.234430025198987924e-01 3.013116999999999823e+00 1.905079001514257470e+04 2.398589210333833266e-03
3.214415254978773007e+00 1.036720626004118451e+01 2.868037633040028567e+00 1.622627511751171170e+01 1.579107406300112038e-01 1.530525605387411936e+01 7.000277252713715814e-01 3.097326999999999941e+00 3.014342849453289455e+04 3.282737635764696460e+00 8.661303147679742409e+00 1.426922079284019373e+00 1.858563378982266912e+01 2.121617734985367321e+01 1.500000099569921375e+01 7.234655249701478219e-01 3.013116999999999823e+00 1.905079001521159444e+04 2.405209867060250587e-03
3.214415302877292824e+00 1.036720626004118451e+01 2.868037633040028567e+00 1.622627511751171170e+01 1.579107406300112038e-01 1.530525605387411936e+01 7.000277252713715814e-01 3.097326999999999941e+00 3.014342849453289455e+04 3.282737635764696460e+00 8.661303147679742409e+00 1.426922079284019373e+00 1.858563378982266912e+01 2.121617734985367321e+01 1.500000099569921375e+01 7.234655249701478219e-01 3.013116999999999823e+00 1.905079001521159444e+04 2.405209867060250587e-03
3.214415254978773007e+00 1.036720641452459546e+01 2.868037633040028567e+00 1.622627511751171170e+01 1.579107406300112038e-01 1.530525605387411936e+01 7.000277252713715814e-01 3.097326999999999941e+00 3.014342849453289455e+04 3.282737635764696460e+00 8.661303147679742409e+00 1.426922079284019373e+00 1.858563378982266912e+01 2.121617734985367321e+01 1.500000099569921375e+01 7.234655249701478219e-01 3.013116999999999823e+00 1.905079001521159444e+04 2.405209867060250587e-03
3.214415254978773007e+00 1.036720626004118451e+01 2.868037675777119766e+00 1.622627511751171170e+01 1.579107406300112038e-01 1.530525605387411936e+01 7.000277252713715814e-01 3.097326999999999941e+00 3.014342849453289455e+04 3.282737635764696460e+00 8.661303147679742409e+00 1.426922079284019373e+00 1.858563378982266912e+01 2.121617734985367321e+01 1.500000099569921375e+01 7.234655249701478219e-01 3.013116999999999823e+00 1.905079001521159444e+04 2.405209867060250587e-03
3.214415254978773007e+00 1.036720626004118451e+01 2.868037633040028567e+00 1.622627535930205411e+01 1.579107406300112038e-01 1.530525605387411936e+01 7.000277252713715814e-01 3.097326999999999941e+00 3.014342849453289455e+04 3.282737635764696460e+00 8.661303147679742409e+00 1.426922079284019373e+00 1.858563378982266912e+01 2.121617734985367321e+01 1.500000099569921375e+01 7.234655249701478219e-01 3.013116999999999823e+00 1.905079001521159444e+04 2.405209867060250587e-03
3.214415254978773007e+00 1.036720626004118451e+01 2.868037633040028567e+00 1.622627511751171170e+01 1.579107555311723976e-01 1.530525605387411936e+01 7.000277252713715814e-01 3.097326999999999941e+00 3.014342849453289455e+04 3.282737635764696460e+00 8.661303147679742409e+00 1.426922079284019373e+00 1.858563378982266912e+01 2.121617734985367321e+01 1.500000099569921375e+01 7.234655249701478219e-01 3.013116999999999823e+00 1.905079001521159444e+04 2.405209867060250587e-03
3.214415254978773007e+00 1.036720626004118451e+01 2.868037633040028567e+00 1.622627511751171170e+01 1.579107406300112038e-01 1.530525628194020626e+01 7.000277252713715814e-01 3.097326999999999941e+00 3.014342849453289455e+04 3.282737635764696460e+00 8.661303147679742409e+00 1.426922079284019373e+00 1.858563378982266912e+01 2.121617734985367321e+01 1.500000099569921375e+01 7.234655249701478219e-01 3.013116999999999823e+00 1.905079001521159444e+04 2.405209867060250587e-03
3.214415254978773007e+00 1.036720626004118451e+01 2.868037633040028567e+00 1.622627511751171170e+01 1.579107406300112038e-01 1.530525605387411936e+01 7.000277401725327753e-01 3.097326999999999941e+00 3.014342849453289455e+04 3.282737635764696460e+00 8.661303147679742409e+00 1.426922079284019373e+00 1.858563378982266912e+01 2.121617734985367321e+01 1.500000099569921375e+01 7.234655249701478219e-01 3.013116999999999823e+00 1.905079001521159444e+04 2.405209867060250587e-03
3.214415254978773007e+00 1.036720626004118451e+01 2.868037633040028567e+00 1.622627511751171170e+01 1.579107406300112038e-01 1.530525605387411936e+01 7.000277252713715814e-01 3.097326999999999941e+00 3.014342894370498107e+04 3.282737635764696460e+00 8.661303147679742409e+00 1.426922079284019373e+00 1.858563378982266912e+01 2.121617734985367321e+01 1.500000099569921375e+01 7.234655249701478219e-01 3.013116999999999823e+00 1.905079001521159444e+04 2.405209867060250587e-03
3.214415254978773007e+00 1.036720626004118451e+01 2.868037633040028567e+00 1.622627511751171170e+01 1.579107406300112038e-01 1.530525605387411936e+01 7.000277252713715814e-01 3.097326999999999941e+00 3.014342849453289455e+04 3.282737684681299228e+00 8.661303147679742409e+00 1.426922079284019373e+00 1.858563378982266912e+01 2.121617734985367321e+01 1.500000099569921375e+01 7.234655249701478219e-01 3.013116999999999823e+00 1.905079001521159444e+04 2.405209867060250587e-03
3.214415254978773007e+00 1.036720626004118451e+01 2.868037633040028567e+00 1.622627511751171170e+01 1.579107406300112038e-01 1.530525605387411936e+01 7.000277252713715814e-01 3.097326999999999941e+00 3.014342849453289455e+04 3.282737635764696460e+00 8.661303276743216983e+00 1.426922079284019373e+00 1.858563378982266912e+01 2.121617734985367321e+01 1.500000099569921375e+01 7.234655249701478219e-01 3.013116999999999823e+00 1.905079001521159444e+04 2.405209867060250587e-03
3.214415254978773007e+00 1.036720626004118451e+01 2.868037633040028567e+00 1.622627511751171170e+01 1.579107406300112038e-01 1.530525605387411936e+01 7.000277252713715814e-01 3.097326999999999941e+00 3.014342849453289455e+04 3.282737635764696460e+00 8.661303147679742409e+00 1.426922100546815342e+00 1.858563378982266912e+01 2.121617734985367321e+01 1.500000099569921375e+01 7.234655249701478219e-01 3.013116999999999823e+00 1.905079001521159444e+04 2.405209867060250587e-03
3.214415254978773007e+00 1.036720626004118451e+01 2.868037633040028567e+00 1.622627511751171170e+01 1.579107406300112038e-01 1.530525605387411936e+01 7.000277252713715814e-01 3.097326999999999941e+00 3.014342849453289455e+04 3.282737635764696460e+00 8.661303147679742409e+00 1.426922079284019373e+00 1.858563406677019358e+01 2.121617734985367321e+01 1.500000099569921375e+01 7.234655249701478219e-01 3.013116999999999823e+00 1.905079001521159444e+04 2.405209867060250587e-03
3.214415254978773007e+00 1.036720626004118451e+01 2.868037633040028567e+00 1.622627511751171170e+01 1.579107406300112038e-01 1.530525605387411936e+01 7.000277252713715814e-01 3.097326999999999941e+00 3.014342849453289455e+04 3.282737635764696460e+00 8.661303147679742409e+00 1.426922079284019373e+00 1.858563378982266912e+01 2.121617766599935351e+01 1.500000099569921375e+01 7.234655249701478219e-01 3.013116999999999823e+00 1.905079001521159444e+04 2.405209867060250587e-03
3.214415254978773007e+00 1.036720626004118451e+01 2.868037633040028567e+00 1.622627511751171170e+01 1.579107406300112038e-01 1.530525605387411936e+01 7.000277252713715814e-01 3.097326999999999941e+00 3.014342849453289455e+04 3.282737635764696460e+00 8.661303147679742409e+00 1.426922079284019373e+00 1.858563378982266912e+01 2.121617734985367321e+01 1.500000121921664586e+01 7.234655249701478219e-01 3.013116999999999823e+00 1.905079001521159444e+04 2.405209867060250587e-03
3.214415254978773007e+00 1.036720626004118451e+01 2.868037633040028567e+00 1.622627511751171170e+01 1.579107406300112038e-01 1.530525605387411936e+01 7.000277252713715814e-01 3.097326999999999941e+00 3.014342849453289455e+04 3.282737635764696460e+00 8.661303147679742409e+00 1.426922079284019373e+00 1.858563378982266912e+01 2.121617734985367321e+01 1.500000099569921375e+01 7.234655398713090158e-01 3.013116999999999823e+00 1.905079001521159444e+04 2.405209867060250587e-03
3.214415254978773007e+00 1.036720626004118451e+01 2.868037633040028567e+00 1.622627511751171170e+01 1.579107406300112038e-01 1.530525605387411936e+01 7.000277252713715814e-01 3.097326999999999941e+00 3.014342849453289455e+04 3.282737635764696460e+00 8.661303147679742409e+00 1.426922079284019373e+00 1.858563378982266912e+01 2.121617734985367321e+01 1.500000099569921375e+01 7.234655249701478219e-01 3.013116999999999823e+00 1.905079029909048768e+04 2.405209867060250587e-03
3.214415254978773007e+00 1.036720626004118451e+01 2.868037633040028567e+00 1.622627511751171170e+01 1.579107406300112038e-01 1.530525605387411936e+01 7.000277252713715814e-01 3.097326999999999941e+00 3.014342849453289455e+04 3.282737635764696460e+00 8.661303147679742409e+00 1.426922079284019373e+00 1.858563378982266912e+01 2.121617734985367321e+01 1.500000099569921375e+01 7.234655249701478219e-01 3.013116999999999823e+00 1.905079001521159444e+04 2.405224768221444435e-03
3.214398010839534248e+00 1.036706524247065175e+01 2.868037569781415108e+00 1.622627396597723148e+01 1.579083008161096258e-01 1.530525613382665995e+01 7.000258092253207609e-01 3.097326999999999941e+00 3.014342837355937445e+04 3.282766614994049981e+00 8.660976600463975217e+00 1.426981884741496787e+00 1.858563446078982651e+01 2.121617561635389393e+01 1.500000101621027149e+01 7.234650762235519394e-01 3.013116999999999823e+00 1.905078993954320322e+04 2.404346745704338470e-03
3.214398058737796937e+00 1.036706524247065175e+01 2.868037569781415108e+00 1.622627396597723148e+01 1.579083008161096258e-01 1.530525613382665995e+01 7.000258092253207609e-01 3.097326999999999941e+00 3.014342837355937445e+04 3.282766614994049981e+00 8.660976600463975217e+00 1.426981884741496787e+00 1.858563446078982651e+01 2.121617561635389393e+01 1.500000101621027149e+01 7.234650762235519394e-01 3.013116999999999823e+00 1.905078993954320322e+04 2.404346745704338470e-03
3.214398010839534248e+00 1.036706539695196128e+01 2.868037569781415108e+00 1.622627396597723148e+01 1.579083008161096258e-01 1.530525613382665995e+01 7.000258092253207609e-01 3.097326999999999941e+00 3.014342837355937445e+04 3.282766614994049981e+00 8.660976600463975217e+00 1.426981884741496787e+00 1.858563446078982651e+01 2.121617561635389393e+01 1.500000101621027149e+01 7.234650762235519394e-01 3.013116999999999823e+00 1.905078993954320322e+04 2.404346745704338470e-03
3.214398010839534248e+00 1.036706524247065175e+01 2.868037612518505419e+00 1.622627396597723148e+01 1.579083008161096258e-01 1.530525613382665995e+01 7.000258092253207609e-01 3.097326999999999941e+00 3.014342837355937445e+04 3.282766614994049981e+00 8.660976600463975217e+00 1.426981884741496787e+00 1.858563446078982651e+01 2.121617561635389393e+01 1.500000101621027149e+01 7.234650762235519394e-01 3.013116999999999823e+00 1.905078993954320322e+04 2.404346745704338470e-03
3.214398010839534248e+00 1.036706524247065175e+01 2.868037569781415108e+00 1.622627420776755613e+01 1.579083008161096258e-01 1.530525613382665995e+01 7.000258092253207609e-01 3.097326999999999941e+00 3.014342837355937445e+04 3.282766614994049981e+00 8.660976600463975217e+00 1.426981884741496787e+00 1.858563446078982651e+01 2.121617561635389393e+01 1.500000101621027149e+01 7.234650762235519394e-01 3.013116999999999823e+00 1.905078993954320322e+04 2.404346745704338470e-03
3.214398010839534248e+00 1.036706524247065175e+01 2.868037569781415108e+00 1.622627396597723148e+01 1.579083157172708196e-01 1.530525613382665995e+01 7.000258092253207609e-01 3.097326999999999941e+00 3.014342837355937445e+04 3.282766614994049981e+00 8.660976600463975217e+00 1.426981884741496787e+00 1.858563446078982651e+01 2.121617561635389393e+01 1.500000101621027149e+01 7.234650762235519394e-01 3.013116999999999823e+00 1.905078993954320322e+04 2.404346745704338470e-03
3.214398010839534248e+00 1.036706524247065175e+01 2.868037569781415108e+00 1.622627396597723148e+01 1.579083008161096258e-01 1.530525636189274863e+01 7.000258092253207609e-01 3.097326999999999941e+00 3.014342837355937445e+04 3.282766614994049981e+00 8.660976600463975217e+00 1.426981884741496787e+00 1.858563446078982651e+01 2.121617561635389393e+01 1.500000101621027149e+01 7.234650762235519394e-01 3.013116999999999823e+00 1.905078993954320322e+04 2.404346745704338470e-03
3.214398010839534248e+00 1.036706524247065175e+01 2.868037569781415108e+00 1.622627396597723148e+01 1.579083008161096258e-01 1.530525613382665995e+01 7.000258241264819548e-01 3.097326999999999941e+00 3.014342837355937445e+04 3.282766614994049981e+00 8.660976600463975217e+00 1.426981884741496787e+00 1.858563446078982651e+01 2.121617561635389393e+01 1.500000101621027149e+01 7.234650762235519394e-01 3.013116999999999823e+00 1.905078993954320322e+04 2.404346745704338470e-03
3.214398010839534248e+00 1.036706524247065175e+01 2.868037569781415108e+00 1.622627396597723148e+01 1.579083008161096258e-01 1.530525613382665995e+01 7.000258092253207609e-01 3.097326999999999941e+00 3.014342882273146097e+04 3.282766614994049981e+00 8.660976600463975217e+00 1.426981884741496787e+00 1.858563446078982651e+01 2.121617561635389393e+01 1.500000101621027149e+01 7.234650762235519394e-01 3.013116999999999823e+00 1.905078993954320322e+04 2.404346745704338470e-03
3.214398010839534248e+00 1.036706524247065175e+01 2.868037569781415108e+00 1.622627396597723148e+01 1.579083008161096258e-01 1.530525613382665995e+01 7.000258092253207609e-01 3.097326999999999941e+00 3.014342837355937445e+04 3.282766663911084404e+00 8.660976600463975217e+00 1.426981884741496787e+00 1.858563446078982651e+01 2.121617561635389393e+01 1.500000101621027149e+01 7.234650762235519394e-01 3.013116999999999823e+00 1.905078993954320322e+04 2.404346745704338470e-03
3.214398010839534248e+00 1.036706524247065175e+01 2.868037569781415108e+00 1.622627396597723148e+01 1.579083008161096258e-01 1.530525613382665995e+01 7.000258092253207609e-01 3.097326999999999941e+00 3.014342837355937445e+04 3.282766614994049981e+00 8.660976729522584350e+00 1.426981884741496787e+00 1.858563446078982651e+01 2.121617561635389393e+01 1.500000101621027149e+01 7.234650762235519394e-01 3.013116999999999823e+00 1.905078993954320322e+04 2.404346745704338470e-03
3.214398010839534248e+00 1.036706524247065175e+01 2.868037569781415108e+00 1.622627396597723148e+01 1.579083008161096258e-01 1.530525613382665995e+01 7.000258092253207609e-01 3.097326999999999941e+00 3.014342837355937445e+04 3.282766614994049981e+00 8.660976600463975217e+00 1.426981906005183820e+00 1.858563446078982651e+01 2.121617561635389393e+01 1.500000101621027149e+01 7.234650762235519394e-01 3.013116999999999823e+00 1.905078993954320322e+04 2.404346745704338470e-03
3.214398010839534248e+00 1.036706524247065175e+01 2.868037569781415108e+00 1.622627396597723148e+01 1.579083008161096258e-01 1.530525613382665995e+01 7.000258092253207609e-01 3.097326999999999941e+00 3.014342837355937445e+04 3.282766614994049981e+00 8.660976600463975217e+00 1.426981884741496787e+00 1.858563473773736163e+01 2.121617561635389393e+01 1.500000101621027149e+01 7.234650762235519394e-01 3.013116999999999823e+00 1.905078993954320322e+04 2.404346745704338470e-03
3.214398010839534248e+00 1.036706524247065175e+01 2.868037569781415108e+00 1.622627396597723148e+01 1.579083008161096258e-01 1.530525613382665995e+01 7.000258092253207609e-01 3.097326999999999941e+00 3.014342837355937445e+04 3.282766614994049981e+00 8.660976600463975217e+00 1.426981884741496787e+00 1.858563446078982651e+01 2.121617593249954581e+01 1.500000101621027149e+01 7.234650762235519394e-01 3.013116999999999823e+00 1.905078993954320322e+04 2.404346745704338470e-03
3.214398010839534248e+00 1.036706524247065175e+01 2.868037569781415108e+00 1.622627396597723148e+01 1.579083008161096258e-01 1.530525613382665995e+01 7.000258092253207609e-01 3.097326999999999941e+00 3.014342837355937445e+04 3.282766614994049981e+00 8.660976600463975217e+00 1.426981884741496787e+00 1.858563446078982651e+01 2.121617561635389393e+01 1.500000123972770538e+01 7.234650762235519394e-01 3.013116999999999823e+00 1.905078993954320322e+04 2.404346745704338470e-03
3.214398010839534248e+00 1.036706524247065175e+01 2.868037569781415108e+00 1.622627396597723148e+01 1.579083008161096258e-01 1.530525613382665995e+01 7.000258092253207609e-01 3.097326999999999941e+00 3.014342837355937445e+04 3.282766614994049981e+00 8.660976600463975217e+00 1.426981884741496787e+00 1.858563446078982651e+01 2.121617561635389393e+01 1.500000101621027149e+01 7.234650911247131333e-01 3.013116999999999823e+00 1.905078993954320322e+04 2.404346745704338470e-03
3.214398010839534248e+00 1.036706524247065175e+01 2.868037569781415108e+00 1.622627396597723148e+01 1.579083008161096258e-01 1.530525613382665995e+01 7.000258092253207609e-01 3.097326999999999941e+00 3.014342837355937445e+04 3.282766614994049981e+00 8.660976600463975217e+00 1.426981884741496787e+00 1.858563446078982651e+01 2.121617561635389393e+01 1.500000101621027149e+01 7.234650762235519394e-01 3.013116999999999823e+00 1.905079022342209646e+04 2.404346745704338470e-03
3.214398010839534248e+00 1.036706524247065175e+01 2.868037569781415108e+00 1.622627396597723148e+01 1.579083008161096258e-01 1.530525613382665995e+01 7.000258092253207609e-01 3.097326999999999941e+00 3.014342837355937445e+04 3.282766614994049981e+00 8.660976600463975217e+00 1.426981884741496787e+00 1.858563446078982651e+01 2.121617561635389393e+01 1.500000101621027149e+01 7.234650762235519394e-01 3.013116999999999823e+00 1.905078993954320322e+04 2.404361646865532318e-03
3.214150965480935263e+00 1.036703242256284874e+01 2.868037152923986977e+00 1.622622059772855607e+01 1.579071869914654980e-01 1.530525623020478854e+01 7.000212920392813176e-01 3.097326999999999941e+00 3.014342837355089432e+04 3.282809741827305672e+00 8.660890784985925350e+00 1.427241485518242703e+00 1.858564789009556151e+01 2.121608375872884977e+01 1.500000106430150026e+01 7.234636686157551733e-01 3.013116999999999823e+00 1.905078993953479949e+04 2.403018743112164072e-03
3.214151013375516897e+00 1.036703242256284874e+01 2.868037152923986977e+00 1.622622059772855607e+01 1.579071869914654980e-01 1.530525623020478854e+01 7.000212920392813176e-01 3.097326999999999941e+00 3.014342837355089432e+04 3.282809741827305672e+00 8.660890784985925350e+00 1.427241485518242703e+00 1.858564789009556151e+01 2.121608375872884977e+01 1.500000106430150026e+01 7.234636686157551733e-01 3.013116999999999823e+00 1.905078993953479949e+04 2.403018743112164072e-03
3.214150965480935263e+00 1.036703257704366976e+01 2.868037152923986977e+00 1.622622059772855607e+01 1.579071869914654980e-01 1.530525623020478854e+01 7.000212920392813176e-01 3.097326999999999941e+00 3.014342837355089432e+04 3.282809741827305672e+00 8.660890784985925350e+00 1.427241485518242703e+00 1.858564789009556151e+01 2.121608375872884977e+01 1.500000106430150026e+01 7.234636686157551733e-01 3.013116999999999823e+00 1.905078993953479949e+04 2.403018743112164072e-03
3.214150965480935263e+00 1.036703242256284874e+01 2.868037195661071070e+00 1.622622059772855607e+01 1.579071869914654980e-01 1.530525623020478854e+01 7.000212920392813176e-01 3.097326999999999941e+00 3.014342837355089432e+04 3.282809741827305672e+00 8.660890784985925350e+00 1.427241485518242703e+00 1.858564789009556151e+01 2.121608375872884977e+01 1.500000106430150026e+01 7.234636686157551733e-01 3.013116999999999823e+00 1.905078993953479949e+04 2.403018743112164072e-03
3.214150965480935263e+00 1.036703242256284874e+01 2.868037152923986977e+00 1.622622083951808492e+01 1.579071869914654980e-01 1.530525623020478854e+01 7.000212920392813176e-01 3.097326999999999941e+00 3.014342837355089432e+04 3.282809741827305672e+00 8.660890784985925350e+00 1.427241485518242703e+00 1.858564789009556151e+01 2.121608375872884977e+01 1.500000106430150026e+01 7.234636686157551733e-01 3.013116999999999823e+00 1.905078993953479949e+04 2.403018743112164072e-03
3.214150965480935263e+00 1.036703242256284874e+01 2.868037152923986977e+00 1.622622059772855607e+01 1.579072018926266918e-01 1.530525623020478854e+01 7.000212920392813176e-01 3.097326999999999941e+00 3.014342837355089432e+04 3.282809741827305672e+00 8.660890784985925350e+00 1.427241485518242703e+00 1.858564789009556151e+01 2.121608375872884977e+01 1.500000106430150026e+01 7.234636686157551733e-01 3.013116999999999823e+00 1.905078993953479949e+04 2.403018743112164072e-03
3.214150965480935263e+00 1.036703242256284874e+01 2.868037152923986977e+00 1.622622059772855607e+01 1.579071869914654980e-01 1.530525645827087899e+01 7.000212920392813176e-01 3.097326999999999941e+00 3.014342837355089432e+04 3.282809741827305672e+00 8.660890784985925350e+00 1.427241485518242703e+00 1.858564789009556151e+01 2.121608375872884977e+01 1.500000106430150026e+01 7.234636686157551733e-01 3.013116999999999823e+00 1.905078993953479949e+04 2.403018743112164072e-03
3.214150965480935263e+00 1.036703242256284874e+01 2.868037152923986977e+00 1.622622059772855607e+01 1.579071869914654980e-01 1.530525623020478854e+01 7.000213069404425115e-01 3.097326999999999941e+00 3.014342837355089432e+04 3.282809741827305672e+00 8.660890784985925350e+00 1.427241485518242703e+00 1.858564789009556151e+01 2.121608375872884977e+01 1.500000106430150026e+01 7.234636686157551733e-01 3.013116999999999823e+00 1.905078993953479949e+04 2.403018743112164072e-03
3.214150965480935263e+00 1.036703242256284874e+01 2.868037152923986977e+00 1.622622059772855607e+01 1.579071869914654980e-01 1.530525623020478854e+01 7.000212920392813176e-01 3.097326999999999941e+00 3.014342882272298084e+04 3.282809741827305672e+00 8.660890784985925350e+00 1.427241485518242703e+00 1.858564789009556151e+01 2.121608375872884977e+01 1.500000106430150026e+01 7.234636686157551733e-01 3.013116999999999823e+00 1.905078993953479949e+04 2.403018743112164072e-03
3.214150965480935263e+00 1.036703242256284874e+01 2.868037152923986977e+00 1.622622059772855607e+01 1.579071869914654980e-01 1.530525623020478854e+01 7.000212920392813176e-01 3.097326999999999941e+00 3.014342837355089432e+04 3.282809790744982692e+00 8.660890784985925350e+00 1.427241485518242703e+00 1.858564789009556151e+01 2.121608375872884977e+01 1.500000106430150026e+01 7.234636686157551733e-01 3.013116999999999823e+00 1.905078993953479949e+04 2.403018743112164072e-03
3.214150965480935263e+00 1.036703242256284874e+01 2.868037152923986977e+00 1.622622059772855607e+01 1.579071869914654980e-01 1.530525623020478854e+01 7.000212920392813176e-01 3.097326999999999941e+00 3.014342837355089432e+04 3.282809741827305672e+00 8.660890914043255506e+00 1.427241485518242703e+00 1.858564789009556151e+01 2.121608375872884977e+01 1.500000106430150026e+01 7.234636686157551733e-01 3.013116999999999823e+00 1.905078993953479949e+04 2.403018743112164072e-03
3.214150965480935263e+00 1.036703242256284874e+01 2.868037152923986977e+00 1.622622059772855607e+01 1.579071869914654980e-01 1.530525623020478854e+01 7.000212920392813176e-01 3.097326999999999941e+00 3.014342837355089432e+04 3.282809741827305672e+00 8.660890784985925350e+00 1.427241506785798197e+00 1.858564789009556151e+01 2.121608375872884977e+01 1.500000106430150026e+01 7.234636686157551733e-01 3.013116999999999823e+00 1.905078993953479949e+04 2.403018743112164072e-03
3.214150965480935263e+00 1.036703242256284874e+01 2.868037152923986977e+00 1.622622059772855607e+01 1.579071869914654980e-01 1.530525623020478854e+01 7.000212920392813176e-01 3.097326999999999941e+00 3.014342837355089432e+04 3.282809741827305672e+00 8.660890784985925350e+00 1.427241485518242703e+00 1.858564816704329559e+01 2.121608375872884977e+01 1.500000106430150026e+01 7.234636686157551733e-01 3.013116999999999823e+00 1.905078993953479949e+04 2.403018743112164072e-03
3.214150965480935263e+00 1.036703242256284874e+01 2.868037152923986977e+00 1.622622059772855607e+01 1.579071869914654980e-01 1.530525623020478854e+01 7.000212920392813176e-01 3.097326999999999941e+00 3.014342837355089432e+04 3.282809741827305672e+00 8.660890784985925350e+00 1.427241485518242703e+00 1.858564789009556151e+01 2.121608407487313386e+01 1.500000106430150026e+01 7.234636686157551733e-01 3.013116999999999823e+00 1.905078993953479949e+04 2.403018743112164072e-03
3.214150965480935263e+00 1.036703242256284874e+01 2.868037152923986977e+00 1.622622059772855607e+01 1.579071869914654980e-01 1.530525623020478854e+01 7.000212920392813176e-01 3.097326999999999941e+00 3.014342837355089432e+04 3.282809741827305672e+00 8.660890784985925350e+00 1.427241485518242703e+00 1.858564789009556151e+01 2.121608375872884977e+01 1.500000128781893416e+01 7.234636686157551733e-01 3.013116999999999823e+00 1.905078993953479949e+04 2.403018743112164072e-03
3.214150965480935263e+00 1.036703242256284874e+01 2.868037152923986977e+00 1.622622059772855607e+01 1.579071869914654980e-01 1.530525623020478854e+01 7.000212920392813176e-01 3.097326999999999941e+00 3.014342837355089432e+04 3.282809741827305672e+00 8.660890784985925350e+00 1.427241485518242703e+00 1.858564789009556151e+01 2.121608375872884977e+01 1.500000106430150026e+01 7.234636835169163671e-01 3.013116999999999823e+00 1.905078993953479949e+04 2.403018743112164072e-03
3.214150965480935263e+00 1.036703242256284874e+01 2.868037152923986977e+00 1.622622059772855607e+01 1.579071869914654980e-01 1.530525623020478854e+01 7.000212920392813176e-01 3.097326999999999941e+00 3.014342837355089432e+04 3.282809741827305672e+00 8.660890784985925350e+00 1.427241485518242703e+00 1.858564789009556151e+01 2.121608375872884977e+01 1.500000106430150026e+01 7.234636686157551733e-01 3.013116999999999823e+00 1.905079022341369273e+04 2.403018743112164072e-03
3.214150965480935263e+00 1.036703242256284874e+01 2.868037152923986977e+00 1.622622059772855607e+01 1.579071869914654980e-01 1.530525623020478854e+01 7.000212920392813176e-01 3.097326999999999941e+00 3.014342837355089432e+04 3.282809741827305672e+00 8.660890784985925350e+00 1.427241485518242703e+00 1.858564789009556151e+01 2.121608375872884977e+01 1.500000106430150026e+01 7.234636686157551733e-01 3.013116999999999823e+00 1.905078993953479949e+04 2.403033644273357920e-03
3.214141049353464563e+00 1.036695691995372570e+01 2.868037116599994274e+00 1.622621995201084388e+01 1.579064944529072201e-01 1.530525625172939996e+01 7.000193280123111483e-01 3.097326999999999941e+00 3.014342831451954407e+04 3.282821155681841407e+00 8.660726154458108894e+00 1.427270206068550040e+00 1.858564814930592490e+01 2.121608286203072424e+01 1.500000107569808172e+01 7.234633726109136465e-01 3.013116999999999823e+00 1.905078990258782142e+04 2.402706484698298971e-03
3.214141097247898315e+00 1.036695691995372570e+01 2.868037116599994274e+00 1.622621995201084388e+01 1.579064944529072201e-01 1.530525625172939996e+01 7.000193280123111483e-01 3.097326999999999941e+00 3.014342831451954407e+04 3.282821155681841407e+00 8.660726154458108894e+00 1.427270206068550040e+00 1.858564814930592490e+01 2.121608286203072424e+01 1.500000107569808172e+01 7.234633726109136465e-01 3.013116999999999823e+00 1.905078990258782142e+04 2.402706484698298971e-03
3.214141049353464563e+00 1.036695707443342229e+01 2.868037116599994274e+00 1.622621995201084388e+01 1.579064944529072201e-01 1.530525625172939996e+01 7.000193280123111483e-01 3.097326999999999941e+00 3.014342831451954407e+04 3.282821155681841407e+00 8.660726154458108894e+00 1.427270206068550040e+00 1.858564814930592490e+01 2.121608286203072424e+01 1.500000107569808172e+01 7.234633726109136465e-01 3.013116999999999823e+00 1.905078990258782142e+04 2.402706484698298971e-03
3.214141049353464563e+00 1.036695691995372570e+01 2.868037159337077480e+00 1.622621995201084388e+01 1.579064944529072201e-01 1.530525625172939996e+01 7.000193280123111483e-01 3.097326999999999941e+00 3.014342831451954407e+04 3.282821155681841407e+00 8.660726154458108894e+00 1.427270206068550040e+00 1.858564814930592490e+01 2.121608286203072424e+01 1.500000107569808172e+01 7.234633726109136465e-01 3.013116999999999823e+00 1.905078990258782142e+04 2.402706484698298971e-03
3.214141049353464563e+00 1.036695691995372570e+01 2.868037116599994274e+00 1.622622019380036207e+01 1.579064944529072201e-01 1.530525625172939996e+01 7.000193280123111483e-01 3.097326999999999941e+00 3.014342831451954407e+04 3.282821155681841407e+00 8.660726154458108894e+00 1.427270206068550040e+00 1.858564814930592490e+01 2.121608286203072424e+01 1.500000107569808172e+01 7.234633726109136465e-01 3.013116999999999823e+00 1.905078990258782142e+04 2.402706484698298971e-03
3.214141049353464563e+00 1.036695691995372570e+01 2.868037116599994274e+00 1.622621995201084388e+01 1.579065093540684139e-01 1.530525625172939996e+01 7.000193280123111483e-01 3.097326999999999941e+00 3.014342831451954407e+04 3.282821155681841407e+00 8.660726154458108894e+00 1.427270206068550040e+00 1.858564814930592490e+01 2.121608286203072424e+01 1.500000107569808172e+01 7.234633726109136465e-01 3.013116999999999823e+00 1.905078990258782142e+04 2.402706484698298971e-03
3.214141049353464563e+00 1.036695691995372570e+01 2.868037116599994274e+00 1.622621995201084388e+01 1.579064944529072201e-01 1.530525647979549042e+01 7.000193280123111483e-01 3.097326999999999941e+00 3.014342831451954407e+04 3.282821155681841407e+00 8.660726154458108894e+00 1.427270206068550040e+00 1.858564814930592490e+01 2.121608286203072424e+01 1.500000107569808172e+01 7.234633726109136465e-01 3.013116999999999823e+00 1.905078990258782142e+04 2.402706484698298971e-03
3.214141049353464563e+00 1.036695691995372570e+01 2.868037116599994274e+00 1.622621995201084388e+01 1.579064944529072201e-01 1.530525625172939996e+01 7.000193429134723422e-01 3.097326999999999941e+00 3.014342831451954407e+04 3.282821155681841407e+00 8.660726154458108894e+00 1.427270206068550040e+00 1.858564814930592490e+01 2.121608286203072424e+01 1.500000107569808172e+01 7.234633726109136465e-01 3.013116999999999823e+00 1.905078990258782142e+04 2.402706484698298971e-03
3.214141049353464563e+00 1.036695691995372570e+01 2.868037116599994274e+00 1.622621995201084388e+01 1.579064944529072201e-01 1.530525625172939996e+01 7.000193280123111483e-01 3.097326999999999941e+00 3.014342876369162695e+04 3.282821155681841407e+00 8.660726154458108894e+00 1.427270206068550040e+00 1.858564814930592490e+01 2.121608286203072424e+01 1.500000107569808172e+01 7.234633726109136465e-01 3.013116999999999823e+00 1.905078990258782142e+04 2.402706484698298971e-03
3.214141049353464563e+00 1.036695691995372570e+01 2.868037116599994274e+00 1.622621995201084388e+01 1.579064944529072201e-01 1.530525625172939996e+01 7.000193280123111483e-01 3.097326999999999941e+00 3.014342831451954407e+04 3.282821204599688514e+00 8.660726154458108894e+00 1.427270206068550040e+00 1.858564814930592490e+01 2.121608286203072424e+01 1.500000107569808172e+01 7.234633726109136465e-01 3.013116999999999823e+00 1.905078990258782142e+04 2.402706484698298971e-03
3.214141049353464563e+00 1.036695691995372570e+01 2.868037116599994274e+00 1.622621995201084388e+01 1.579064944529072201e-01 1.530525625172939996e+01 7.000193280123111483e-01 3.097326999999999941e+00 3.014342831451954407e+04 3.282821155681841407e+00 8.660726283512985901e+00 1.427270206068550040e+00 1.858564814930592490e+01 2.121608286203072424e+01 1.500000107569808172e+01 7.234633726109136465e-01 3.013116999999999823e+00 1.905078990258782142e+04 2.402706484698298971e-03
3.214141049353464563e+00 1.036695691995372570e+01 2.868037116599994274e+00 1.622621995201084388e+01 1.579064944529072201e-01 1.530525625172939996e+01 7.000193280123111483e-01 3.097326999999999941e+00 3.014342831451954407e+04 3.282821155681841407e+00 8.660726154458108894e+00 1.427270227336533415e+00 1.858564814930592490e+01 2.121608286203072424e+01 1.500000107569808172e+01 7.234633726109136465e-01 3.013116999999999823e+00 1.905078990258782142e+04 2.402706484698298971e-03
3.214141049353464563e+00 1.036695691995372570e+01 2.868037116599994274e+00 1.622621995201084388e+01 1.579064944529072201e-01 1.530525625172939996e+01 7.000193280123111483e-01 3.097326999999999941e+00 3.014342831451954407e+04 3.282821155681841407e+00 8.660726154458108894e+00 1.427270206068550040e+00 1.858564842625366254e+01 2.121608286203072424e+01 1.500000107569808172e+01 7.234633726109136465e-01 3.013116999999999823e+00 1.905078990258782142e+04 2.402706484698298971e-03
3.214141049353464563e+00 1.036695691995372570e+01 2.868037116599994274e+00 1.622621995201084388e+01 1.579064944529072201e-01 1.530525625172939996e+01 7.000193280123111483e-01 3.097326999999999941e+00 3.014342831451954407e+04 3.282821155681841407e+00 8.660726154458108894e+00 1.427270206068550040e+00 1.858564814930592490e+01 2.121608317817499412e+01 1.500000107569808172e+01 7.234633726109136465e-01 3.013116999999999823e+00 1.905078990258782142e+04 2.402706484698298971e-03
3.214141049353464563e+00 1.036695691995372570e+01 2.868037116599994274e+00 1.622621995201084388e+01 1.579064944529072201e-01 1.530525625172939996e+01 7.000193280123111483e-01 3.097326999999999941e+00 3.014342831451954407e+04 3.282821155681841407e+00 8.660726154458108894e+00 1.427270206068550040e+00 1.858564814930592490e+01 2.121608286203072424e+01 1.500000129921551562e+01 7.234633726109136465e-01 3.013116999999999823e+00 1.905078990258782142e+04 2.402706484698298971e-03
3.214141049353464563e+00 1.036695691995372570e+01 2.868037116599994274e+00 1.622621995201084388e+01 1.579064944529072201e-01 1.530525625172939996e+01 7.000193280123111483e-01 3.097326999999999941e+00 3.014342831451954407e+04 3.282821155681841407e+00 8.660726154458108894e+00 1.427270206068550040e+00 1.858564814930592490e+01 2.121608286203072424e+01 1.500000107569808172e+01 7.234633875120748403e-01 3.013116999999999823e+00 1.905078990258782142e+04 2.402706484698298971e-03
3.214141049353464563e+00 1.036695691995372570e+01 2.868037116599994274e+00 1.622621995201084388e+01 1.579064944529072201e-01 1.530525625172939996e+01 7.000193280123111483e-01 3.097326999999999941e+00 3.014342831451954407e+04 3.282821155681841407e+00 8.660726154458108894e+00 1.427270206068550040e+00 1.858564814930592490e+01 2.121608286203072424e+01 1.500000107569808172e+01 7.234633726109136465e-01 3.013116999999999823e+00 1.905079018646671102e+04 2.402706484698298971e-03
3.214141049353464563e+00 1.036695691995372570e+01 2.868037116599994274e+00 1.622621995201084388e+01 1.579064944529072201e-01 1.530525625172939996e+01 7.000193280123111483e-01 3.097326999999999941e+00 3.014342831451954407e+04 3.282821155681841407e+00 8.660726154458108894e+00 1.427270206068550040e+00 1.858564814930592490e+01 2.121608286203072424e+01 1.500000107569808172e+01 7.234633726109136465e-01 3.013116999999999823e+00 1.905078990258782142e+04 2.402721385859492818e-03
