3.205843000000000220e+00 7.511125999999999969e+00 1.235333999999999932e+00 1.528337999999999867e-05 3.753042800000000057e+01 1.549994700000000059e+01 7.954442999999999930e-01 3.681439999999999824e+00 2.571453499999999985e+04 0.000000000000000000e+00
3.205843047770783549e+00 7.511125999999999969e+00 1.235333999999999932e+00 1.528337999999999867e-05 3.753042800000000057e+01 1.549994700000000059e+01 7.954442999999999930e-01 3.681439999999999824e+00 2.571453499999999985e+04 0.000000000000000000e+00
3.205843000000000220e+00 7.511126111924498971e+00 1.235333999999999932e+00 1.528337999999999867e-05 3.753042800000000057e+01 1.549994700000000059e+01 7.954442999999999930e-01 3.681439999999999824e+00 2.571453499999999985e+04 0.000000000000000000e+00
3.205843000000000220e+00 7.511125999999999969e+00 1.235334018407910905e+00 1.528337999999999867e-05 3.753042800000000057e+01 1.549994700000000059e+01 7.954442999999999930e-01 3.681439999999999824e+00 2.571453499999999985e+04 0.000000000000000000e+00
3.205843000000000220e+00 7.511125999999999969e+00 1.235333999999999932e+00 1.529828116119384633e-05 3.753042800000000057e+01 1.549994700000000059e+01 7.954442999999999930e-01 3.681439999999999824e+00 2.571453499999999985e+04 0.000000000000000000e+00
3.205843000000000220e+00 7.511125999999999969e+00 1.235333999999999932e+00 1.528337999999999867e-05 3.753042855924695687e+01 1.549994700000000059e+01 7.954442999999999930e-01 3.681439999999999824e+00 2.571453499999999985e+04 0.000000000000000000e+00
3.205843000000000220e+00 7.511125999999999969e+00 1.235333999999999932e+00 1.528337999999999867e-05 3.753042800000000057e+01 1.549994700000000059e+01 7.954442999999999930e-01 3.681439999999999824e+00 2.571453538317642960e+04 0.000000000000000000e+00
3.205843000000000220e+00 7.511125999999999969e+00 1.235333999999999932e+00 1.528337999999999867e-05 3.753042800000000057e+01 1.549994700000000059e+01 7.954442999999999930e-01 3.681439999999999824e+00 2.571453499999999985e+04 1.490116119384765625e-08
3.184591543749720977e+00 7.511125973133636613e+00 1.306387285260592446e+00 1.060192188351649856e+00 4.071310338844069321e+01 1.549994700000000059e+01 7.954442999999999930e-01 3.681439999999999824e+00 2.571361887846630270e+04 4.284411441613513404e-05
3.184591591203832728e+00 7.511125973133636613e+00 1.306387285260592446e+00 1.060192188351649856e+00 4.071310338844069321e+01 1.549994700000000059e+01 7.954442999999999930e-01 3.681439999999999824e+00 2.571361887846630270e+04 4.284411441613513404e-05
3.184591543749720977e+00 7.511126085058135615e+00 1.306387285260592446e+00 1.060192188351649856e+00 4.071310338844069321e+01 1.549994700000000059e+01 7.954442999999999930e-01 3.681439999999999824e+00 2.571361887846630270e+04 4.284411441613513404e-05
3.184591543749720977e+00 7.511125973133636613e+00 1.306387304727280041e+00 1.060192188351649856e+00 4.071310338844069321e+01 1.549994700000000059e+01 7.954442999999999930e-01 3.681439999999999824e+00 2.571361887846630270e+04 4.284411441613513404e-05
3.184591543749720977e+00 7.511125973133636613e+00 1.306387285260592446e+00 1.060192204149744466e+00 4.071310338844069321e+01 1.549994700000000059e+01 7.954442999999999930e-01 3.681439999999999824e+00 2.571361887846630270e+04 4.284411441613513404e-05
3.184591543749720977e+00 7.511125973133636613e+00 1.306387285260592446e+00 1.060192188351649856e+00 4.071310399511320810e+01 1.549994700000000059e+01 7.954442999999999930e-01 3.681439999999999824e+00 2.571361887846630270e+04 4.284411441613513404e-05
3.184591543749720977e+00 7.511125973133636613e+00 1.306387285260592446e+00 1.060192188351649856e+00 4.071310338844069321e+01 1.549994700000000059e+01 7.954442999999999930e-01 3.681439999999999824e+00 2.571361926162908276e+04 4.284411441613513404e-05
3.184591543749720977e+00 7.511125973133636613e+00 1.306387285260592446e+00 1.060192188351649856e+00 4.071310338844069321e+01 1.549994700000000059e+01 7.954442999999999930e-01 3.681439999999999824e+00 2.571361887846630270e+04 4.285901557732898169e-05
3.185223276079841348e+00 7.511125509224646279e+00 1.345722904542126841e+00 4.492665603962238130e-01 4.127484034204793062e+01 1.549994700000000059e+01 7.954442999999999930e-01 3.681439999999999824e+00 2.571236691488742144e+04 4.423326310914927641e-05
3.185223323543366902e+00 7.511125509224646279e+00 1.345722904542126841e+00 4.492665603962238130e-01 4.127484034204793062e+01 1.549994700000000059e+01 7.954442999999999930e-01 3.681439999999999824e+00 2.571236691488742144e+04 4.423326310914927641e-05
3.185223276079841348e+00 7.511125621149138176e+00 1.345722904542126841e+00 4.492665603962238130e-01 4.127484034204793062e+01 1.549994700000000059e+01 7.954442999999999930e-01 3.681439999999999824e+00 2.571236691488742144e+04 4.423326310914927641e-05
3.185223276079841348e+00 7.511125509224646279e+00 1.345722924594960679e+00 4.492665603962238130e-01 4.127484034204793062e+01 1.549994700000000059e+01 7.954442999999999930e-01 3.681439999999999824e+00 2.571236691488742144e+04 4.423326310914927641e-05
3.185223276079841348e+00 7.511125509224646279e+00 1.345722904542126841e+00 4.492665752973850068e-01 4.127484034204793062e+01 1.549994700000000059e+01 7.954442999999999930e-01 3.681439999999999824e+00 2.571236691488742144e+04 4.423326310914927641e-05
3.185223276079841348e+00 7.511125509224646279e+00 1.345722904542126841e+00 4.492665603962238130e-01 4.127484095709098000e+01 1.549994700000000059e+01 7.954442999999999930e-01 3.681439999999999824e+00 2.571236691488742144e+04 4.423326310914927641e-05
3.185223276079841348e+00 7.511125509224646279e+00 1.345722904542126841e+00 4.492665603962238130e-01 4.127484034204793062e+01 1.549994700000000059e+01 7.954442999999999930e-01 3.681439999999999824e+00 2.571236729803154594e+04 4.423326310914927641e-05
3.185223276079841348e+00 7.511125509224646279e+00 1.345722904542126841e+00 4.492665603962238130e-01 4.127484034204793062e+01 1.549994700000000059e+01 7.954442999999999930e-01 3.681439999999999824e+00 2.571236691488742144e+04 4.424816427034312407e-05
3.171338067711273911e+00 7.667463952184088605e+00 1.382552818130854622e+00 4.518915971472208803e-01 4.105839530218449340e+01 1.549994700000000059e+01 7.954442999999999930e-01 3.681439999999999824e+00 2.554761754168461630e+04 4.221104399766721020e-05
3.171338114967893862e+00 7.667463952184088605e+00 1.382552818130854622e+00 4.518915971472208803e-01 4.105839530218449340e+01 1.549994700000000059e+01 7.954442999999999930e-01 3.681439999999999824e+00 2.554761754168461630e+04 4.221104399766721020e-05
3.171338067711273911e+00 7.667464066438204995e+00 1.382552818130854622e+00 4.518915971472208803e-01 4.105839530218449340e+01 1.549994700000000059e+01 7.954442999999999930e-01 3.681439999999999824e+00 2.554761754168461630e+04 4.221104399766721020e-05
3.171338067711273911e+00 7.667463952184088605e+00 1.382552838732497014e+00 4.518915971472208803e-01 4.105839530218449340e+01 1.549994700000000059e+01 7.954442999999999930e-01 3.681439999999999824e+00 2.554761754168461630e+04 4.221104399766721020e-05
3.171338067711273911e+00 7.667463952184088605e+00 1.382552818130854622e+00 4.518916120483820742e-01 4.105839530218449340e+01 1.549994700000000059e+01 7.954442999999999930e-01 3.681439999999999824e+00 2.554761754168461630e+04 4.221104399766721020e-05
3.171338067711273911e+00 7.667463952184088605e+00 1.382552818130854622e+00 4.518915971472208803e-01 4.105839591400226141e+01 1.549994700000000059e+01 7.954442999999999930e-01 3.681439999999999824e+00 2.554761754168461630e+04 4.221104399766721020e-05
3.171338067711273911e+00 7.667463952184088605e+00 1.382552818130854622e+00 4.518915971472208803e-01 4.105839530218449340e+01 1.549994700000000059e+01 7.954442999999999930e-01 3.681439999999999824e+00 2.554761792237378177e+04 4.221104399766721020e-05
3.171338067711273911e+00 7.667463952184088605e+00 1.382552818130854622e+00 4.518915971472208803e-01 4.105839530218449340e+01 1.549994700000000059e+01 7.954442999999999930e-01 3.681439999999999824e+00 2.554761754168461630e+04 4.222594515886105785e-05
3.173847651036799000e+00 7.667463879878007482e+00 1.389085002810499736e+00 1.777144246705736896e-01 4.115812926887196710e+01 1.549994700000000059e+01 7.954442999999999930e-01 3.681439999999999824e+00 2.554694905297595324e+04 4.062678271887957908e-05
3.173847698330814371e+00 7.667463879878007482e+00 1.389085002810499736e+00 1.777144246705736896e-01 4.115812926887196710e+01 1.549994700000000059e+01 7.954442999999999930e-01 3.681439999999999824e+00 2.554694905297595324e+04 4.062678271887957908e-05
3.173847651036799000e+00 7.667463994132122984e+00 1.389085002810499736e+00 1.777144246705736896e-01 4.115812926887196710e+01 1.549994700000000059e+01 7.954442999999999930e-01 3.681439999999999824e+00 2.554694905297595324e+04 4.062678271887957908e-05
3.173847651036799000e+00 7.667463879878007482e+00 1.389085023509479377e+00 1.777144246705736896e-01 4.115812926887196710e+01 1.549994700000000059e+01 7.954442999999999930e-01 3.681439999999999824e+00 2.554694905297595324e+04 4.062678271887957908e-05
3.173847651036799000e+00 7.667463879878007482e+00 1.389085002810499736e+00 1.777144395717348835e-01 4.115812926887196710e+01 1.549994700000000059e+01 7.954442999999999930e-01 3.681439999999999824e+00 2.554694905297595324e+04 4.062678271887957908e-05
3.173847651036799000e+00 7.667463879878007482e+00 1.389085002810499736e+00 1.777144246705736896e-01 4.115812988217588497e+01 1.549994700000000059e+01 7.954442999999999930e-01 3.681439999999999824e+00 2.554694905297595324e+04 4.062678271887957908e-05
3.173847651036799000e+00 7.667463879878007482e+00 1.389085002810499736e+00 1.777144246705736896e-01 4.115812926887196710e+01 1.549994700000000059e+01 7.954442999999999930e-01 3.681439999999999824e+00 2.554694943365515792e+04 4.062678271887957908e-05
3.173847651036799000e+00 7.667463879878007482e+00 1.389085002810499736e+00 1.777144246705736896e-01 4.115812926887196710e+01 1.549994700000000059e+01 7.954442999999999930e-01 3.681439999999999824e+00 2.554694905297595324e+04 4.064168388007342674e-05
3.175016192123723879e+00 7.667463704092991605e+00 1.393114468664865102e+00 1.898745708027144152e-02 4.122816331318826144e+01 1.549994700000000059e+01 7.954442999999999930e-01 3.681439999999999824e+00 2.554509155149418439e+04 3.910169525865603030e-05
3.175016239435151988e+00 7.667463704092991605e+00 1.393114468664865102e+00 1.898745708027144152e-02 4.122816331318826144e+01 1.549994700000000059e+01 7.954442999999999930e-01 3.681439999999999824e+00 2.554509155149418439e+04 3.910169525865603030e-05
3.175016192123723879e+00 7.667463818347104443e+00 1.393114468664865102e+00 1.898745708027144152e-02 4.122816331318826144e+01 1.549994700000000059e+01 7.954442999999999930e-01 3.681439999999999824e+00 2.554509155149418439e+04 3.910169525865603030e-05
3.175016192123723879e+00 7.667463704092991605e+00 1.393114489423888269e+00 1.898745708027144152e-02 4.122816331318826144e+01 1.549994700000000059e+01 7.954442999999999930e-01 3.681439999999999824e+00 2.554509155149418439e+04 3.910169525865603030e-05
3.175016192123723879e+00 7.667463704092991605e+00 1.393114468664865102e+00 1.898747198143263537e-02 4.122816331318826144e+01 1.549994700000000059e+01 7.954442999999999930e-01 3.681439999999999824e+00 2.554509155149418439e+04 3.910169525865603030e-05
3.175016192123723879e+00 7.667463704092991605e+00 1.393114468664865102e+00 1.898745708027144152e-02 4.122816392753576764e+01 1.549994700000000059e+01 7.954442999999999930e-01 3.681439999999999824e+00 2.554509155149418439e+04 3.910169525865603030e-05
3.175016192123723879e+00 7.667463704092991605e+00 1.393114468664865102e+00 1.898745708027144152e-02 4.122816331318826144e+01 1.549994700000000059e+01 7.954442999999999930e-01 3.681439999999999824e+00 2.554509193214571133e+04 3.910169525865603030e-05
3.175016192123723879e+00 7.667463704092991605e+00 1.393114468664865102e+00 1.898745708027144152e-02 4.122816331318826144e+01 1.549994700000000059e+01 7.954442999999999930e-01 3.681439999999999824e+00 2.554509155149418439e+04 3.911659641984987796e-05
3.166170338766807646e+00 7.630922937224654312e+00 1.417431572067424428e+00 1.896582236440765359e-02 4.116194058941985645e+01 1.549994700000000059e+01 7.954442999999999930e-01 3.681439999999999824e+00 2.554509154203584694e+04 -3.894497392809116796e-06
3.166170385946422083e+00 7.630922937224654312e+00 1.417431572067424428e+00 1.896582236440765359e-02 4.116194058941985645e+01 1.549994700000000059e+01 7.954442999999999930e-01 3.681439999999999824e+00 2.554509154203584694e+04 -3.894497392809116796e-06
3.166170338766807646e+00 7.630923050934266705e+00 1.417431572067424428e+00 1.896582236440765359e-02 4.116194058941985645e+01 1.549994700000000059e+01 7.954442999999999930e-01 3.681439999999999824e+00 2.554509154203584694e+04 -3.894497392809116796e-06
3.166170338766807646e+00 7.630922937224654312e+00 1.417431593188800854e+00 1.896582236440765359e-02 4.116194058941985645e+01 1.549994700000000059e+01 7.954442999999999930e-01 3.681439999999999824e+00 2.554509154203584694e+04 -3.894497392809116796e-06
3.166170338766807646e+00 7.630922937224654312e+00 1.417431572067424428e+00 1.896583726556884744e-02 4.116194058941985645e+01 1.549994700000000059e+01 7.954442999999999930e-01 3.681439999999999824e+00 2.554509154203584694e+04 -3.894497392809116796e-06
3.166170338766807646e+00 7.630922937224654312e+00 1.417431572067424428e+00 1.896582236440765359e-02 4.116194120278056801e+01 1.549994700000000059e+01 7.954442999999999930e-01 3.681439999999999824e+00 2.554509154203584694e+04 -3.894497392809116796e-06
3.166170338766807646e+00 7.630922937224654312e+00 1.417431572067424428e+00 1.896582236440765359e-02 4.116194058941985645e+01 1.549994700000000059e+01 7.954442999999999930e-01 3.681439999999999824e+00 2.554509192268737388e+04 -3.894497392809116796e-06
3.166170338766807646e+00 7.630922937224654312e+00 1.417431572067424428e+00 1.896582236440765359e-02 4.116194058941985645e+01 1.549994700000000059e+01 7.954442999999999930e-01 3.681439999999999824e+00 2.554509154203584694e+04 -3.909398554002964452e-06
3.164219518898603756e+00 7.578403799051431022e+00 1.420380703960884228e+00 1.883570626708366141e-02 4.113306926708119704e+01 1.549994700000000059e+01 7.954442999999999930e-01 3.681439999999999824e+00 2.554502243227118379e+04 -1.404407581814214306e-04
3.164219566049149002e+00 7.578403799051431022e+00 1.420380703960884228e+00 1.883570626708366141e-02 4.113306926708119704e+01 1.549994700000000059e+01 7.954442999999999930e-01 3.681439999999999824e+00 2.554502243227118379e+04 -1.404407581814214306e-04
3.164219518898603756e+00 7.578403911978447205e+00 1.420380703960884228e+00 1.883570626708366141e-02 4.113306926708119704e+01 1.549994700000000059e+01 7.954442999999999930e-01 3.681439999999999824e+00 2.554502243227118379e+04 -1.404407581814214306e-04
3.164219518898603756e+00 7.578403799051431022e+00 1.420380725126205945e+00 1.883570626708366141e-02 4.113306926708119704e+01 1.549994700000000059e+01 7.954442999999999930e-01 3.681439999999999824e+00 2.554502243227118379e+04 -1.404407581814214306e-04
3.164219518898603756e+00 7.578403799051431022e+00 1.420380703960884228e+00 1.883572116824485526e-02 4.113306926708119704e+01 1.549994700000000059e+01 7.954442999999999930e-01 3.681439999999999824e+00 2.554502243227118379e+04 -1.404407581814214306e-04
3.164219518898603756e+00 7.578403799051431022e+00 1.420380703960884228e+00 1.883570626708366141e-02 4.113306988001168918e+01 1.549994700000000059e+01 7.954442999999999930e-01 3.681439999999999824e+00 2.554502243227118379e+04 -1.404407581814214306e-04
3.164219518898603756e+00 7.578403799051431022e+00 1.420380703960884228e+00 1.883570626708366141e-02 4.113306926708119704e+01 1.549994700000000059e+01 7.954442999999999930e-01 3.681439999999999824e+00 2.554502281292168118e+04 -1.404407581814214306e-04
3.164219518898603756e+00 7.578403799051431022e+00 1.420380703960884228e+00 1.883570626708366141e-02 4.113306926708119704e+01 1.549994700000000059e+01 7.954442999999999930e-01 3.681439999999999824e+00 2.554502243227118379e+04 -1.404556593426152782e-04
3.163973644844684685e+00 7.579509241371260586e+00 1.420578124181752111e+00 1.855133702268401547e-02 4.112967827586483338e+01 1.549994700000000059e+01 7.954442999999999930e-01 3.681439999999999824e+00 2.554484851897080443e+04 -1.419619319696125857e-04
3.163973691991566195e+00 7.579509241371260586e+00 1.420578124181752111e+00 1.855133702268401547e-02 4.112967827586483338e+01 1.549994700000000059e+01 7.954442999999999930e-01 3.681439999999999824e+00 2.554484851897080443e+04 -1.419619319696125857e-04
3.163973644844684685e+00 7.579509354314749814e+00 1.420578124181752111e+00 1.855133702268401547e-02 4.112967827586483338e+01 1.549994700000000059e+01 7.954442999999999930e-01 3.681439999999999824e+00 2.554484851897080443e+04 -1.419619319696125857e-04
3.163973644844684685e+00 7.579509241371260586e+00 1.420578145350015697e+00 1.855133702268401547e-02 4.112967827586483338e+01 1.549994700000000059e+01 7.954442999999999930e-01 3.681439999999999824e+00 2.554484851897080443e+04 -1.419619319696125857e-04
3.163973644844684685e+00 7.579509241371260586e+00 1.420578124181752111e+00 1.855135192384520931e-02 4.112967827586483338e+01 1.549994700000000059e+01 7.954442999999999930e-01 3.681439999999999824e+00 2.554484851897080443e+04 -1.419619319696125857e-04
3.163973644844684685e+00 7.579509241371260586e+00 1.420578124181752111e+00 1.855133702268401547e-02 4.112967888874479883e+01 1.549994700000000059e+01 7.954442999999999930e-01 3.681439999999999824e+00 2.554484851897080443e+04 -1.419619319696125857e-04
3.163973644844684685e+00 7.579509241371260586e+00 1.420578124181752111e+00 1.855133702268401547e-02 4.112967827586483338e+01 1.549994700000000059e+01 7.954442999999999930e-01 3.681439999999999824e+00 2.554484889961871158e+04 -1.419619319696125857e-04
3.163973644844684685e+00 7.579509241371260586e+00 1.420578124181752111e+00 1.855133702268401547e-02 4.112967827586483338e+01 1.549994700000000059e+01 7.954442999999999930e-01 3.681439999999999824e+00 2.554484851897080443e+04 -1.419768331308064334e-04
3.164065121356019805e+00 7.579670651546106974e+00 1.420701131298889308e+00 7.536903089616006635e-04 4.112969681335147953e+01 1.549994700000000059e+01 7.954442999999999930e-01 3.681439999999999824e+00 2.554439732377168184e+04 -1.421179191954811049e-04
3.163976800813864898e+00 7.579445948425219903e+00 1.420673058525504295e+00 1.409334994840082296e-02 4.112968105149658271e+01 1.549994700000000059e+01 7.954442999999999930e-01 3.681439999999999824e+00 2.554474570012152617e+04 -1.421661692427392829e-04
3.163961437633922014e+00 7.579439487111638840e+00 1.420651515254641950e+00 1.743932585450448311e-02 4.112967866699089825e+01 1.549994700000000059e+01 7.954442999999999930e-01 3.681439999999999824e+00 2.554482283700101107e+04 -1.420800833915018152e-04
3.163961484780621447e+00 7.579439487111638840e+00 1.420651515254641950e+00 1.743932585450448311e-02 4.112967866699089825e+01 1.549994700000000059e+01 7.954442999999999930e-01 3.681439999999999824e+00 2.554482283700101107e+04 -1.420800833915018152e-04
3.163961437633922014e+00 7.579439600054088011e+00 1.420651515254641950e+00 1.743932585450448311e-02 4.112967866699089825e+01 1.549994700000000059e+01 7.954442999999999930e-01 3.681439999999999824e+00 2.554482283700101107e+04 -1.420800833915018152e-04
3.163961437633922014e+00 7.579439487111638840e+00 1.420651536423999106e+00 1.743932585450448311e-02 4.112967866699089825e+01 1.549994700000000059e+01 7.954442999999999930e-01 3.681439999999999824e+00 2.554482283700101107e+04 -1.420800833915018152e-04
3.163961437633922014e+00 7.579439487111638840e+00 1.420651515254641950e+00 1.743934075566567696e-02 4.112967866699089825e+01 1.549994700000000059e+01 7.954442999999999930e-01 3.681439999999999824e+00 2.554482283700101107e+04 -1.420800833915018152e-04
3.163961437633922014e+00 7.579439487111638840e+00 1.420651515254641950e+00 1.743932585450448311e-02 4.112967927987087080e+01 1.549994700000000059e+01 7.954442999999999930e-01 3.681439999999999824e+00 2.554482283700101107e+04 -1.420800833915018152e-04
3.163961437633922014e+00 7.579439487111638840e+00 1.420651515254641950e+00 1.743932585450448311e-02 4.112967866699089825e+01 1.549994700000000059e+01 7.954442999999999930e-01 3.681439999999999824e+00 2.554482321764853259e+04 -1.420800833915018152e-04
3.163961437633922014e+00 7.579439487111638840e+00 1.420651515254641950e+00 1.743932585450448311e-02 4.112967866699089825e+01 1.549994700000000059e+01 7.954442999999999930e-01 3.681439999999999824e+00 2.554482283700101107e+04 -1.420949845526956628e-04
3.163970555660056139e+00 7.579426405789513765e+00 1.420698654846391351e+00 1.632556016935205259e-02 4.112967934414844962e+01 1.549994700000000059e+01 7.954442999999999930e-01 3.681439999999999824e+00 2.554479718296201827e+04 -1.421695296620338644e-04
3.163970602806891463e+00 7.579426405789513765e+00 1.420698654846391351e+00 1.632556016935205259e-02 4.112967934414844962e+01 1.549994700000000059e+01 7.954442999999999930e-01 3.681439999999999824e+00 2.554479718296201827e+04 -1.421695296620338644e-04
3.163970555660056139e+00 7.579426518731768425e+00 1.420698654846391351e+00 1.632556016935205259e-02 4.112967934414844962e+01 1.549994700000000059e+01 7.954442999999999930e-01 3.681439999999999824e+00 2.554479718296201827e+04 -1.421695296620338644e-04
3.163970555660056139e+00 7.579426405789513765e+00 1.420698676016451056e+00 1.632556016935205259e-02 4.112967934414844962e+01 1.549994700000000059e+01 7.954442999999999930e-01 3.681439999999999824e+00 2.554479718296201827e+04 -1.421695296620338644e-04
3.163970555660056139e+00 7.579426405789513765e+00 1.420698654846391351e+00 1.632557507051324644e-02 4.112967934414844962e+01 1.549994700000000059e+01 7.954442999999999930e-01 3.681439999999999824e+00 2.554479718296201827e+04 -1.421695296620338644e-04
3.163970555660056139e+00 7.579426405789513765e+00 1.420698654846391351e+00 1.632556016935205259e-02 4.112967995702842927e+01 1.549994700000000059e+01 7.954442999999999930e-01 3.681439999999999824e+00 2.554479718296201827e+04 -1.421695296620338644e-04
3.163970555660056139e+00 7.579426405789513765e+00 1.420698654846391351e+00 1.632556016935205259e-02 4.112967934414844962e+01 1.549994700000000059e+01 7.954442999999999930e-01 3.681439999999999824e+00 2.554479756360915781e+04 -1.421695296620338644e-04
3.163970555660056139e+00 7.579426405789513765e+00 1.420698654846391351e+00 1.632556016935205259e-02 4.112967934414844962e+01 1.549994700000000059e+01 7.954442999999999930e-01 3.681439999999999824e+00 2.554479718296201827e+04 -1.421844308232277120e-04
3.163973489877037970e+00 7.579443707279451381e+00 1.420701780675761805e+00 1.607556226599866564e-02 4.112968382406412360e+01 1.549994700000000059e+01 7.954442999999999930e-01 3.681439999999999824e+00 2.554461878394595988e+04 -1.422640925817464873e-04
3.163973537023916816e+00 7.579443707279451381e+00 1.420701780675761805e+00 1.607556226599866564e-02 4.112968382406412360e+01 1.549994700000000059e+01 7.954442999999999930e-01 3.681439999999999824e+00 2.554461878394595988e+04 -1.422640925817464873e-04
3.163973489877037970e+00 7.579443820221963612e+00 1.420701780675761805e+00 1.607556226599866564e-02 4.112968382406412360e+01 1.549994700000000059e+01 7.954442999999999930e-01 3.681439999999999824e+00 2.554461878394595988e+04 -1.422640925817464873e-04
3.163973489877037970e+00 7.579443707279451381e+00 1.420701801845868140e+00 1.607556226599866564e-02 4.112968382406412360e+01 1.549994700000000059e+01 7.954442999999999930e-01 3.681439999999999824e+00 2.554461878394595988e+04 -1.422640925817464873e-04
3.163973489877037970e+00 7.579443707279451381e+00 1.420701780675761805e+00 1.607557716715985949e-02 4.112968382406412360e+01 1.549994700000000059e+01 7.954442999999999930e-01 3.681439999999999824e+00 2.554461878394595988e+04 -1.422640925817464873e-04
3.163973489877037970e+00 7.579443707279451381e+00 1.420701780675761805e+00 1.607556226599866564e-02 4.112968443694417431e+01 1.549994700000000059e+01 7.954442999999999930e-01 3.681439999999999824e+00 2.554461878394595988e+04 -1.422640925817464873e-04
3.163973489877037970e+00 7.579443707279451381e+00 1.420701780675761805e+00 1.607556226599866564e-02 4.112968382406412360e+01 1.549994700000000059e+01 7.954442999999999930e-01 3.681439999999999824e+00 2.554461916459044369e+04 -1.422640925817464873e-04
3.163973489877037970e+00 7.579443707279451381e+00 1.420701780675761805e+00 1.607556226599866564e-02 4.112968382406412360e+01 1.549994700000000059e+01 7.954442999999999930e-01 3.681439999999999824e+00 2.554461878394595988e+04 -1.422789937429403350e-04
3.163970969984079673e+00 7.579475481596736230e+00 1.420704917085487518e+00 1.558412903229977955e-02 4.113007215541435357e+01 1.549994700000000059e+01 7.954442999999999930e-01 3.681439999999999824e+00 2.554425190711764299e+04 -1.424197139271913919e-04
3.163971017130921215e+00 7.579475481596736230e+00 1.420704917085487518e+00 1.558412903229977955e-02 4.113007215541435357e+01 1.549994700000000059e+01 7.954442999999999930e-01 3.681439999999999824e+00 2.554425190711764299e+04 -1.424197139271913919e-04
3.163970969984079673e+00 7.579475594539721861e+00 1.420704917085487518e+00 1.558412903229977955e-02 4.113007215541435357e+01 1.549994700000000059e+01 7.954442999999999930e-01 3.681439999999999824e+00 2.554425190711764299e+04 -1.424197139271913919e-04
3.163970969984079673e+00 7.579475481596736230e+00 1.420704938255640482e+00 1.558412903229977955e-02 4.113007215541435357e+01 1.549994700000000059e+01 7.954442999999999930e-01 3.681439999999999824e+00 2.554425190711764299e+04 -1.424197139271913919e-04
3.163970969984079673e+00 7.579475481596736230e+00 1.420704917085487518e+00 1.558414393346097340e-02 4.113007215541435357e+01 1.549994700000000059e+01 7.954442999999999930e-01 3.681439999999999824e+00 2.554425190711764299e+04 -1.424197139271913919e-04
3.163970969984079673e+00 7.579475481596736230e+00 1.420704917085487518e+00 1.558412903229977955e-02 4.113007276830018810e+01 1.549994700000000059e+01 7.954442999999999930e-01 3.681439999999999824e+00 2.554425190711764299e+04 -1.424197139271913919e-04
3.163970969984079673e+00 7.579475481596736230e+00 1.420704917085487518e+00 1.558412903229977955e-02 4.113007215541435357e+01 1.549994700000000059e+01 7.954442999999999930e-01 3.681439999999999824e+00 2.554425228775665892e+04 -1.424197139271913919e-04
3.163970969984079673e+00 7.579475481596736230e+00 1.420704917085487518e+00 1.558412903229977955e-02 4.113007215541435357e+01 1.549994700000000059e+01 7.954442999999999930e-01 3.681439999999999824e+00 2.554425190711764299e+04 -1.424346150883852395e-04
3.163960646841217361e+00 7.579450684407848193e+00 1.420713040313009712e+00 1.445974116126400727e-02 4.113161741346817735e+01 1.549994700000000059e+01 7.954442999999999930e-01 3.681439999999999824e+00 2.554425183363635733e+04 -1.423927638659924332e-04
3.163960693987904804e+00 7.579450684407848193e+00 1.420713040313009712e+00 1.445974116126400727e-02 4.113161741346817735e+01 1.549994700000000059e+01 7.954442999999999930e-01 3.681439999999999824e+00 2.554425183363635733e+04 -1.423927638659924332e-04
3.163960646841217361e+00 7.579450797350464342e+00 1.420713040313009712e+00 1.445974116126400727e-02 4.113161741346817735e+01 1.549994700000000059e+01 7.954442999999999930e-01 3.681439999999999824e+00 2.554425183363635733e+04 -1.423927638659924332e-04
3.163960646841217361e+00 7.579450684407848193e+00 1.420713061483283690e+00 1.445974116126400727e-02 4.113161741346817735e+01 1.549994700000000059e+01 7.954442999999999930e-01 3.681439999999999824e+00 2.554425183363635733e+04 -1.423927638659924332e-04
3.163960646841217361e+00 7.579450684407848193e+00 1.420713040313009712e+00 1.445975606242520112e-02 4.113161741346817735e+01 1.549994700000000059e+01 7.954442999999999930e-01 3.681439999999999824e+00 2.554425183363635733e+04 -1.423927638659924332e-04
3.163960646841217361e+00 7.579450684407848193e+00 1.420713040313009712e+00 1.445974116126400727e-02 4.113161802637704056e+01 1.549994700000000059e+01 7.954442999999999930e-01 3.681439999999999824e+00 2.554425183363635733e+04 -1.423927638659924332e-04
3.163960646841217361e+00 7.579450684407848193e+00 1.420713040313009712e+00 1.445974116126400727e-02 4.113161741346817735e+01 1.549994700000000059e+01 7.954442999999999930e-01 3.681439999999999824e+00 2.554425221427537326e+04 -1.423927638659924332e-04
3.163960646841217361e+00 7.579450684407848193e+00 1.420713040313009712e+00 1.445974116126400727e-02 4.113161741346817735e+01 1.549994700000000059e+01 7.954442999999999930e-01 3.681439999999999824e+00 2.554425183363635733e+04 -1.424076650271862809e-04
3.163972468452082243e+00 7.579631565173578167e+00 1.420726908329771554e+00 1.261544692940774759e-02 4.113166037060715752e+01 1.549994700000000059e+01 7.954442999999999930e-01 3.681439999999999824e+00 2.554273970587985241e+04 -1.429739614292413832e-04
3.163972515598945989e+00 7.579631565173578167e+00 1.420726908329771554e+00 1.261544692940774759e-02 4.113166037060715752e+01 1.549994700000000059e+01 7.954442999999999930e-01 3.681439999999999824e+00 2.554273970587985241e+04 -1.429739614292413832e-04
3.163972468452082243e+00 7.579631678118889937e+00 1.420726908329771554e+00 1.261544692940774759e-02 4.113166037060715752e+01 1.549994700000000059e+01 7.954442999999999930e-01 3.681439999999999824e+00 2.554273970587985241e+04 -1.429739614292413832e-04
3.163972468452082243e+00 7.579631565173578167e+00 1.420726929500252256e+00 1.261544692940774759e-02 4.113166037060715752e+01 1.549994700000000059e+01 7.954442999999999930e-01 3.681439999999999824e+00 2.554273970587985241e+04 -1.429739614292413832e-04
3.163972468452082243e+00 7.579631565173578167e+00 1.420726908329771554e+00 1.261546183056894144e-02 4.113166037060715752e+01 1.549994700000000059e+01 7.954442999999999930e-01 3.681439999999999824e+00 2.554273970587985241e+04 -1.429739614292413832e-04
3.163972468452082243e+00 7.579631565173578167e+00 1.420726908329771554e+00 1.261544692940774759e-02 4.113166098351666022e+01 1.549994700000000059e+01 7.954442999999999930e-01 3.681439999999999824e+00 2.554273970587985241e+04 -1.429739614292413832e-04
3.163972468452082243e+00 7.579631565173578167e+00 1.420726908329771554e+00 1.261544692940774759e-02 4.113166037060715752e+01 1.549994700000000059e+01 7.954442999999999930e-01 3.681439999999999824e+00 2.554274008649633470e+04 -1.429739614292413832e-04
3.163972468452082243e+00 7.579631565173578167e+00 1.420726908329771554e+00 1.261544692940774759e-02 4.113166037060715752e+01 1.549994700000000059e+01 7.954442999999999930e-01 3.681439999999999824e+00 2.554273970587985241e+04 -1.429888625904352309e-04
3.163941093946265770e+00 7.579562124031475001e+00 1.420735951901637151e+00 1.059274474526183084e-02 4.113536969479922334e+01 1.549994700000000059e+01 7.954442999999999930e-01 3.681439999999999824e+00 2.554273938568056474e+04 -1.429611539149788140e-04
3.163941141092661891e+00 7.579562124031475001e+00 1.420735951901637151e+00 1.059274474526183084e-02 4.113536969479922334e+01 1.549994700000000059e+01 7.954442999999999930e-01 3.681439999999999824e+00 2.554273938568056474e+04 -1.429611539149788140e-04
3.163941093946265770e+00 7.579562236975752043e+00 1.420735951901637151e+00 1.059274474526183084e-02 4.113536969479922334e+01 1.549994700000000059e+01 7.954442999999999930e-01 3.681439999999999824e+00 2.554273938568056474e+04 -1.429611539149788140e-04
3.163941093946265770e+00 7.579562124031475001e+00 1.420735973072252634e+00 1.059274474526183084e-02 4.113536969479922334e+01 1.549994700000000059e+01 7.954442999999999930e-01 3.681439999999999824e+00 2.554273938568056474e+04 -1.429611539149788140e-04
3.163941093946265770e+00 7.579562124031475001e+00 1.420735951901637151e+00 1.059275964642302469e-02 4.113536969479922334e+01 1.549994700000000059e+01 7.954442999999999930e-01 3.681439999999999824e+00 2.554273938568056474e+04 -1.429611539149788140e-04
3.163941093946265770e+00 7.579562124031475001e+00 1.420735951901637151e+00 1.059274474526183084e-02 4.113537030776399916e+01 1.549994700000000059e+01 7.954442999999999930e-01 3.681439999999999824e+00 2.554273938568056474e+04 -1.429611539149788140e-04
3.163941093946265770e+00 7.579562124031475001e+00 1.420735951901637151e+00 1.059274474526183084e-02 4.113536969479922334e+01 1.549994700000000059e+01 7.954442999999999930e-01 3.681439999999999824e+00 2.554273976629704339e+04 -1.429611539149788140e-04
3.163941093946265770e+00 7.579562124031475001e+00 1.420735951901637151e+00 1.059274474526183084e-02 4.113536969479922334e+01 1.549994700000000059e+01 7.954442999999999930e-01 3.681439999999999824e+00 2.554273938568056474e+04 -1.429760550761726616e-04
3.164046856137741059e+00 7.579693059214804407e+00 1.420942270718965617e+00 5.727915189015879427e-05 4.113537398351306251e+01 1.549994700000000059e+01 7.954442999999999930e-01 3.681439999999999824e+00 2.554261561838327543e+04 -1.429818286390219066e-04
3.163970308046931912e+00 7.579594252410749355e+00 1.420794150340115136e+00 7.958838872135724080e-03 4.113537076837585715e+01 1.549994700000000059e+01 7.954442999999999930e-01 3.681439999999999824e+00 2.554270889444733984e+04 -1.429878641997788956e-04
3.163970355193763684e+00 7.579594252410749355e+00 1.420794150340115136e+00 7.958838872135724080e-03 4.113537076837585715e+01 1.549994700000000059e+01 7.954442999999999930e-01 3.681439999999999824e+00 2.554270889444733984e+04 -1.429878641997788956e-04
3.163970308046931912e+00 7.579594365355505126e+00 1.420794150340115136e+00 7.958838872135724080e-03 4.113537076837585715e+01 1.549994700000000059e+01 7.954442999999999930e-01 3.681439999999999824e+00 2.554270889444733984e+04 -1.429878641997788956e-04
3.163970308046931912e+00 7.579594252410749355e+00 1.420794171511597703e+00 7.958838872135724080e-03 4.113537076837585715e+01 1.549994700000000059e+01 7.954442999999999930e-01 3.681439999999999824e+00 2.554270889444733984e+04 -1.429878641997788956e-04
3.163970308046931912e+00 7.579594252410749355e+00 1.420794150340115136e+00 7.958853773296917927e-03 4.113537076837585715e+01 1.549994700000000059e+01 7.954442999999999930e-01 3.681439999999999824e+00 2.554270889444733984e+04 -1.429878641997788956e-04
3.163970308046931912e+00 7.579594252410749355e+00 1.420794150340115136e+00 7.958838872135724080e-03 4.113537138134064719e+01 1.549994700000000059e+01 7.954442999999999930e-01 3.681439999999999824e+00 2.554270889444733984e+04 -1.429878641997788956e-04
3.163970308046931912e+00 7.579594252410749355e+00 1.420794150340115136e+00 7.958838872135724080e-03 4.113537076837585715e+01 1.549994700000000059e+01 7.954442999999999930e-01 3.681439999999999824e+00 2.554270927506336375e+04 -1.429878641997788956e-04
3.163970308046931912e+00 7.579594252410749355e+00 1.420794150340115136e+00 7.958838872135724080e-03 4.113537076837585715e+01 1.549994700000000059e+01 7.954442999999999930e-01 3.681439999999999824e+00 2.554270889444733984e+04 -1.430027653609727432e-04
3.163961706509671234e+00 7.579589249443217547e+00 1.420779875639503143e+00 7.723302528457583714e-03 4.113589266533305988e+01 1.549994700000000059e+01 7.954442999999999930e-01 3.681439999999999824e+00 2.554270886465484364e+04 -1.429558292826885288e-04
3.163961753656374665e+00 7.579589249443217547e+00 1.420779875639503143e+00 7.723302528457583714e-03 4.113589266533305988e+01 1.549994700000000059e+01 7.954442999999999930e-01 3.681439999999999824e+00 2.554270886465484364e+04 -1.429558292826885288e-04
3.163961706509671234e+00 7.579589362387898710e+00 1.420779875639503143e+00 7.723302528457583714e-03 4.113589266533305988e+01 1.549994700000000059e+01 7.954442999999999930e-01 3.681439999999999824e+00 2.554270886465484364e+04 -1.429558292826885288e-04
3.163961706509671234e+00 7.579589249443217547e+00 1.420779896810772991e+00 7.723302528457583714e-03 4.113589266533305988e+01 1.549994700000000059e+01 7.954442999999999930e-01 3.681439999999999824e+00 2.554270886465484364e+04 -1.429558292826885288e-04
3.163961706509671234e+00 7.579589249443217547e+00 1.420779875639503143e+00 7.723317429618777562e-03 4.113589266533305988e+01 1.549994700000000059e+01 7.954442999999999930e-01 3.681439999999999824e+00 2.554270886465484364e+04 -1.429558292826885288e-04
3.163961706509671234e+00 7.579589249443217547e+00 1.420779875639503143e+00 7.723302528457583714e-03 4.113589327830563036e+01 1.549994700000000059e+01 7.954442999999999930e-01 3.681439999999999824e+00 2.554270886465484364e+04 -1.429558292826885288e-04
3.163961706509671234e+00 7.579589249443217547e+00 1.420779875639503143e+00 7.723302528457583714e-03 4.113589266533305988e+01 1.549994700000000059e+01 7.954442999999999930e-01 3.681439999999999824e+00 2.554270924527086754e+04 -1.429558292826885288e-04
3.163961706509671234e+00 7.579589249443217547e+00 1.420779875639503143e+00 7.723302528457583714e-03 4.113589266533305988e+01 1.549994700000000059e+01 7.954442999999999930e-01 3.681439999999999824e+00 2.554270886465484364e+04 -1.429707304438823765e-04
3.163961130056026416e+00 7.579654046186041327e+00 1.420779266243334948e+00 7.370751805695847751e-03 4.113589992216068225e+01 1.549994700000000059e+01 7.954442999999999930e-01 3.681439999999999824e+00 2.554215941499630935e+04 -1.431736450273995954e-04
3.163961177202721409e+00 7.579654046186041327e+00 1.420779266243334948e+00 7.370751805695847751e-03 4.113589992216068225e+01 1.549994700000000059e+01 7.954442999999999930e-01 3.681439999999999824e+00 2.554215941499630935e+04 -1.431736450273995954e-04
3.163961130056026416e+00 7.579654159131687940e+00 1.420779266243334948e+00 7.370751805695847751e-03 4.113589992216068225e+01 1.549994700000000059e+01 7.954442999999999930e-01 3.681439999999999824e+00 2.554215941499630935e+04 -1.431736450273995954e-04
3.163961130056026416e+00 7.579654046186041327e+00 1.420779287414595915e+00 7.370751805695847751e-03 4.113589992216068225e+01 1.549994700000000059e+01 7.954442999999999930e-01 3.681439999999999824e+00 2.554215941499630935e+04 -1.431736450273995954e-04
3.163961130056026416e+00 7.579654046186041327e+00 1.420779266243334948e+00 7.370766706857041599e-03 4.113589992216068225e+01 1.549994700000000059e+01 7.954442999999999930e-01 3.681439999999999824e+00 2.554215941499630935e+04 -1.431736450273995954e-04
3.163961130056026416e+00 7.579654046186041327e+00 1.420779266243334948e+00 7.370751805695847751e-03 4.113590053513335931e+01 1.549994700000000059e+01 7.954442999999999930e-01 3.681439999999999824e+00 2.554215941499630935e+04 -1.431736450273995954e-04
3.163961130056026416e+00 7.579654046186041327e+00 1.420779266243334948e+00 7.370751805695847751e-03 4.113589992216068225e+01 1.549994700000000059e+01 7.954442999999999930e-01 3.681439999999999824e+00 2.554215979560414416e+04 -1.431736450273995954e-04
3.163961130056026416e+00 7.579654046186041327e+00 1.420779266243334948e+00 7.370751805695847751e-03 4.113589992216068225e+01 1.549994700000000059e+01 7.954442999999999930e-01 3.681439999999999824e+00 2.554215941499630935e+04 -1.431885461885934430e-04
3.163952489527908085e+00 7.579766863823962808e+00 1.420769738574288787e+00 6.713320725145921659e-03 4.113653830185916149e+01 1.549994700000000059e+01 7.954442999999999930e-01 3.681439999999999824e+00 2.554099602630067966e+04 -1.436494280031160010e-04
3.163952536674474292e+00 7.579766863823962808e+00 1.420769738574288787e+00 6.713320725145921659e-03 4.113653830185916149e+01 1.549994700000000059e+01 7.954442999999999930e-01 3.681439999999999824e+00 2.554099602630067966e+04 -1.436494280031160010e-04
3.163952489527908085e+00 7.579766976771290743e+00 1.420769738574288787e+00 6.713320725145921659e-03 4.113653830185916149e+01 1.549994700000000059e+01 7.954442999999999930e-01 3.681439999999999824e+00 2.554099602630067966e+04 -1.436494280031160010e-04
3.163952489527908085e+00 7.579766863823962808e+00 1.420769759745407645e+00 6.713320725145921659e-03 4.113653830185916149e+01 1.549994700000000059e+01 7.954442999999999930e-01 3.681439999999999824e+00 2.554099602630067966e+04 -1.436494280031160010e-04
3.163952489527908085e+00 7.579766863823962808e+00 1.420769738574288787e+00 6.713335626307115507e-03 4.113653830185916149e+01 1.549994700000000059e+01 7.954442999999999930e-01 3.681439999999999824e+00 2.554099602630067966e+04 -1.436494280031160010e-04
3.163952489527908085e+00 7.579766863823962808e+00 1.420769738574288787e+00 6.713320725145921659e-03 4.113653891484135272e+01 1.549994700000000059e+01 7.954442999999999930e-01 3.681439999999999824e+00 2.554099602630067966e+04 -1.436494280031160010e-04
3.163952489527908085e+00 7.579766863823962808e+00 1.420769738574288787e+00 6.713320725145921659e-03 4.113653830185916149e+01 1.549994700000000059e+01 7.954442999999999930e-01 3.681439999999999824e+00 2.554099640689117950e+04 -1.436494280031160010e-04
3.163952489527908085e+00 7.579766863823962808e+00 1.420769738574288787e+00 6.713320725145921659e-03 4.113653830185916149e+01 1.549994700000000059e+01 7.954442999999999930e-01 3.681439999999999824e+00 2.554099602630067966e+04 -1.436643291643098486e-04
3.163954370417941142e+00 7.579762719944397098e+00 1.420800531250755450e+00 4.981959980433025778e-03 4.113794534913319723e+01 1.549994700000000059e+01 7.954442999999999930e-01 3.681439999999999824e+00 2.554099582237168943e+04 -1.436035612013820105e-04
3.163954417564535326e+00 7.579762719944397098e+00 1.420800531250755450e+00 4.981959980433025778e-03 4.113794534913319723e+01 1.549994700000000059e+01 7.954442999999999930e-01 3.681439999999999824e+00 2.554099582237168943e+04 -1.436035612013820105e-04
3.163954370417941142e+00 7.579762832891662860e+00 1.420800531250755450e+00 4.981959980433025778e-03 4.113794534913319723e+01 1.549994700000000059e+01 7.954442999999999930e-01 3.681439999999999824e+00 2.554099582237168943e+04 -1.436035612013820105e-04
3.163954370417941142e+00 7.579762719944397098e+00 1.420800552422333274e+00 4.981959980433025778e-03 4.113794534913319723e+01 1.549994700000000059e+01 7.954442999999999930e-01 3.681439999999999824e+00 2.554099582237168943e+04 -1.436035612013820105e-04
3.163954370417941142e+00 7.579762719944397098e+00 1.420800531250755450e+00 4.981974881594219626e-03 4.113794534913319723e+01 1.549994700000000059e+01 7.954442999999999930e-01 3.681439999999999824e+00 2.554099582237168943e+04 -1.436035612013820105e-04
3.163954370417941142e+00 7.579762719944397098e+00 1.420800531250755450e+00 4.981959980433025778e-03 4.113794596213634946e+01 1.549994700000000059e+01 7.954442999999999930e-01 3.681439999999999824e+00 2.554099582237168943e+04 -1.436035612013820105e-04
3.163954370417941142e+00 7.579762719944397098e+00 1.420800531250755450e+00 4.981959980433025778e-03 4.113794534913319723e+01 1.549994700000000059e+01 7.954442999999999930e-01 3.681439999999999824e+00 2.554099620296218563e+04 -1.436035612013820105e-04
3.163954370417941142e+00 7.579762719944397098e+00 1.420800531250755450e+00 4.981959980433025778e-03 4.113794534913319723e+01 1.549994700000000059e+01 7.954442999999999930e-01 3.681439999999999824e+00 2.554099582237168943e+04 -1.436184623625758581e-04
3.163931506206541844e+00 7.579698185477183436e+00 1.420803829149354325e+00 3.494879702534801381e-03 4.114069056170196603e+01 1.549994700000000059e+01 7.954442999999999930e-01 3.681439999999999824e+00 2.554099422972668253e+04 -1.436044374190275426e-04
3.163931553352795412e+00 7.579698185477183436e+00 1.420803829149354325e+00 3.494879702534801381e-03 4.114069056170196603e+01 1.549994700000000059e+01 7.954442999999999930e-01 3.681439999999999824e+00 2.554099422972668253e+04 -1.436044374190275426e-04
3.163931506206541844e+00 7.579698298423488190e+00 1.420803829149354325e+00 3.494879702534801381e-03 4.114069056170196603e+01 1.549994700000000059e+01 7.954442999999999930e-01 3.681439999999999824e+00 2.554099422972668253e+04 -1.436044374190275426e-04
3.163931506206541844e+00 7.579698185477183436e+00 1.420803850320981221e+00 3.494879702534801381e-03 4.114069056170196603e+01 1.549994700000000059e+01 7.954442999999999930e-01 3.681439999999999824e+00 2.554099422972668253e+04 -1.436044374190275426e-04
3.163931506206541844e+00 7.579698185477183436e+00 1.420803829149354325e+00 3.494894603695995229e-03 4.114069056170196603e+01 1.549994700000000059e+01 7.954442999999999930e-01 3.681439999999999824e+00 2.554099422972668253e+04 -1.436044374190275426e-04
3.163931506206541844e+00 7.579698185477183436e+00 1.420803829149354325e+00 3.494879702534801381e-03 4.114069117474602422e+01 1.549994700000000059e+01 7.954442999999999930e-01 3.681439999999999824e+00 2.554099422972668253e+04 -1.436044374190275426e-04
3.163931506206541844e+00 7.579698185477183436e+00 1.420803829149354325e+00 3.494879702534801381e-03 4.114069056170196603e+01 1.549994700000000059e+01 7.954442999999999930e-01 3.681439999999999824e+00 2.554099461031715327e+04 -1.436044374190275426e-04
3.163931506206541844e+00 7.579698185477183436e+00 1.420803829149354325e+00 3.494879702534801381e-03 4.114069056170196603e+01 1.549994700000000059e+01 7.954442999999999930e-01 3.681439999999999824e+00 2.554099422972668253e+04 -1.436193385802213903e-04
3.163884869020582524e+00 7.580427684973322755e+00 1.420709705178513360e+00 2.555694479941370348e-03 4.114075197011227658e+01 1.549994700000000059e+01 7.954442999999999930e-01 3.681439999999999824e+00 2.553473493859898372e+04 -1.460164358221595902e-04
3.163884916166141092e+00 7.580427684973322755e+00 1.420709705178513360e+00 2.555694479941370348e-03 4.114075197011227658e+01 1.549994700000000059e+01 7.954442999999999930e-01 3.681439999999999824e+00 2.553473493859898372e+04 -1.460164358221595902e-04
3.163884869020582524e+00 7.580427797930497924e+00 1.420709705178513360e+00 2.555694479941370348e-03 4.114075197011227658e+01 1.549994700000000059e+01 7.954442999999999930e-01 3.681439999999999824e+00 2.553473493859898372e+04 -1.460164358221595902e-04
3.163884869020582524e+00 7.580427684973322755e+00 1.420709726348737600e+00 2.555694479941370348e-03 4.114075197011227658e+01 1.549994700000000059e+01 7.954442999999999930e-01 3.681439999999999824e+00 2.553473493859898372e+04 -1.460164358221595902e-04
3.163884869020582524e+00 7.580427684973322755e+00 1.420709705178513360e+00 2.555709381102564196e-03 4.114075197011227658e+01 1.549994700000000059e+01 7.954442999999999930e-01 3.681439999999999824e+00 2.553473493859898372e+04 -1.460164358221595902e-04
3.163884869020582524e+00 7.580427684973322755e+00 1.420709705178513360e+00 2.555694479941370348e-03 4.114075258315725137e+01 1.549994700000000059e+01 7.954442999999999930e-01 3.681439999999999824e+00 2.553473493859898372e+04 -1.460164358221595902e-04
3.163884869020582524e+00 7.580427684973322755e+00 1.420709705178513360e+00 2.555694479941370348e-03 4.114075197011227658e+01 1.549994700000000059e+01 7.954442999999999930e-01 3.681439999999999824e+00 2.553473531909618396e+04 -1.460164358221595902e-04
3.163884869020582524e+00 7.580427684973322755e+00 1.420709705178513360e+00 2.555694479941370348e-03 4.114075197011227658e+01 1.549994700000000059e+01 7.954442999999999930e-01 3.681439999999999824e+00 2.553473493859898372e+04 -1.460313369833534378e-04
3.163913859675379303e+00 7.580461662111044774e+00 1.420765616469182424e+00 3.284778322351598889e-04 4.114075258797221579e+01 1.549994700000000059e+01 7.954442999999999930e-01 3.681439999999999824e+00 2.553470145230817798e+04 -1.460216719918793274e-04
3.163913906821369526e+00 7.580461662111044774e+00 1.420765616469182424e+00 3.284778322351598889e-04 4.114075258797221579e+01 1.549994700000000059e+01 7.954442999999999930e-01 3.681439999999999824e+00 2.553470145230817798e+04 -1.460216719918793274e-04
3.163913859675379303e+00 7.580461775068726205e+00 1.420765616469182424e+00 3.284778322351598889e-04 4.114075258797221579e+01 1.549994700000000059e+01 7.954442999999999930e-01 3.681439999999999824e+00 2.553470145230817798e+04 -1.460216719918793274e-04
3.163913859675379303e+00 7.580461662111044774e+00 1.420765637640239998e+00 3.284778322351598889e-04 4.114075258797221579e+01 1.549994700000000059e+01 7.954442999999999930e-01 3.681439999999999824e+00 2.553470145230817798e+04 -1.460216719918793274e-04
3.163913859675379303e+00 7.580461662111044774e+00 1.420765616469182424e+00 3.284927333963537366e-04 4.114075258797221579e+01 1.549994700000000059e+01 7.954442999999999930e-01 3.681439999999999824e+00 2.553470145230817798e+04 -1.460216719918793274e-04
3.163913859675379303e+00 7.580461662111044774e+00 1.420765616469182424e+00 3.284778322351598889e-04 4.114075320101720479e+01 1.549994700000000059e+01 7.954442999999999930e-01 3.681439999999999824e+00 2.553470145230817798e+04 -1.460216719918793274e-04
3.163913859675379303e+00 7.580461662111044774e+00 1.420765616469182424e+00 3.284778322351598889e-04 4.114075258797221579e+01 1.549994700000000059e+01 7.954442999999999930e-01 3.681439999999999824e+00 2.553470183280487981e+04 -1.460216719918793274e-04
3.163913859675379303e+00 7.580461662111044774e+00 1.420765616469182424e+00 3.284778322351598889e-04 4.114075258797221579e+01 1.549994700000000059e+01 7.954442999999999930e-01 3.681439999999999824e+00 2.553470145230817798e+04 -1.460365731530731750e-04
3.163894363318890512e+00 7.580402532884784605e+00 1.420747961218600919e+00 1.977948232889945382e-04 4.114263435361254295e+01 1.549994700000000059e+01 7.954442999999999930e-01 3.681439999999999824e+00 2.553465980681457222e+04 -1.460288008820397282e-04
3.163894410464590301e+00 7.580402532884784605e+00 1.420747961218600919e+00 1.977948232889945382e-04 4.114263435361254295e+01 1.549994700000000059e+01 7.954442999999999930e-01 3.681439999999999824e+00 2.553465980681457222e+04 -1.460288008820397282e-04
3.163894363318890512e+00 7.580402645841584963e+00 1.420747961218600919e+00 1.977948232889945382e-04 4.114263435361254295e+01 1.549994700000000059e+01 7.954442999999999930e-01 3.681439999999999824e+00 2.553465980681457222e+04 -1.460288008820397282e-04
3.163894363318890512e+00 7.580402532884784605e+00 1.420747982389395370e+00 1.977948232889945382e-04 4.114263435361254295e+01 1.549994700000000059e+01 7.954442999999999930e-01 3.681439999999999824e+00 2.553465980681457222e+04 -1.460288008820397282e-04
3.163894363318890512e+00 7.580402532884784605e+00 1.420747961218600919e+00 1.978097244501883858e-04 4.114263435361254295e+01 1.549994700000000059e+01 7.954442999999999930e-01 3.681439999999999824e+00 2.553465980681457222e+04 -1.460288008820397282e-04
3.163894363318890512e+00 7.580402532884784605e+00 1.420747961218600919e+00 1.977948232889945382e-04 4.114263496668556996e+01 1.549994700000000059e+01 7.954442999999999930e-01 3.681439999999999824e+00 2.553465980681457222e+04 -1.460288008820397282e-04
3.163894363318890512e+00 7.580402532884784605e+00 1.420747961218600919e+00 1.977948232889945382e-04 4.114263435361254295e+01 1.549994700000000059e+01 7.954442999999999930e-01 3.681439999999999824e+00 2.553466018731065560e+04 -1.460288008820397282e-04
3.163894363318890512e+00 7.580402532884784605e+00 1.420747961218600919e+00 1.977948232889945382e-04 4.114263435361254295e+01 1.549994700000000059e+01 7.954442999999999930e-01 3.681439999999999824e+00 2.553465980681457222e+04 -1.460437020432335759e-04
3.163820035414349530e+00 7.581856582620599028e+00 1.420515068861404329e+00 9.403137301889880441e-05 4.114064013755712068e+01 1.549994700000000059e+01 7.954442999999999930e-01 3.681439999999999824e+00 2.552120559044487891e+04 -1.512463852528394311e-04
3.163820082558941760e+00 7.581856582620599028e+00 1.420515068861404329e+00 9.403137301889880441e-05 4.114064013755712068e+01 1.549994700000000059e+01 7.954442999999999930e-01 3.681439999999999824e+00 2.552120559044487891e+04 -1.512463852528394311e-04
3.163820035414349530e+00 7.581856695599066498e+00 1.420515068861404329e+00 9.403137301889880441e-05 4.114064013755712068e+01 1.549994700000000059e+01 7.954442999999999930e-01 3.681439999999999824e+00 2.552120559044487891e+04 -1.512463852528394311e-04
3.163820035414349530e+00 7.581856582620599028e+00 1.420515090028728444e+00 9.403137301889880441e-05 4.114064013755712068e+01 1.549994700000000059e+01 7.954442999999999930e-01 3.681439999999999824e+00 2.552120559044487891e+04 -1.512463852528394311e-04
3.163820035414349530e+00 7.581856582620599028e+00 1.420515068861404329e+00 9.404627418009265207e-05 4.114064013755712068e+01 1.549994700000000059e+01 7.954442999999999930e-01 3.681439999999999824e+00 2.552120559044487891e+04 -1.512463852528394311e-04
3.163820035414349530e+00 7.581856582620599028e+00 1.420515068861404329e+00 9.403137301889880441e-05 4.114064075060043280e+01 1.549994700000000059e+01 7.954442999999999930e-01 3.681439999999999824e+00 2.552120559044487891e+04 -1.512463852528394311e-04
3.163820035414349530e+00 7.581856582620599028e+00 1.420515068861404329e+00 9.403137301889880441e-05 4.114064013755712068e+01 1.549994700000000059e+01 7.954442999999999930e-01 3.681439999999999824e+00 2.552120597074047691e+04 -1.512463852528394311e-04
3.163820035414349530e+00 7.581856582620599028e+00 1.420515068861404329e+00 9.403137301889880441e-05 4.114064013755712068e+01 1.549994700000000059e+01 7.954442999999999930e-01 3.681439999999999824e+00 2.552120559044487891e+04 -1.512612864140332788e-04
3.163828398625489591e+00 7.582001372746680623e+00 1.420528454272955710e+00 5.482632901201972266e-05 4.113928643957081022e+01 1.549994700000000059e+01 7.954442999999999930e-01 3.681439999999999824e+00 2.552103657433686385e+04 -1.512740705937783972e-04
3.163828445770206610e+00 7.582001372746680623e+00 1.420528454272955710e+00 5.482632901201972266e-05 4.113928643957081022e+01 1.549994700000000059e+01 7.954442999999999930e-01 3.681439999999999824e+00 2.552103657433686385e+04 -1.512740705937783972e-04
3.163828398625489591e+00 7.582001485727305479e+00 1.420528454272955710e+00 5.482632901201972266e-05 4.113928643957081022e+01 1.549994700000000059e+01 7.954442999999999930e-01 3.681439999999999824e+00 2.552103657433686385e+04 -1.512740705937783972e-04
3.163828398625489591e+00 7.582001372746680623e+00 1.420528475440479221e+00 5.482632901201972266e-05 4.113928643957081022e+01 1.549994700000000059e+01 7.954442999999999930e-01 3.681439999999999824e+00 2.552103657433686385e+04 -1.512740705937783972e-04
3.163828398625489591e+00 7.582001372746680623e+00 1.420528454272955710e+00 5.484123017321357031e-05 4.113928643957081022e+01 1.549994700000000059e+01 7.954442999999999930e-01 3.681439999999999824e+00 2.552103657433686385e+04 -1.512740705937783972e-04
3.163828398625489591e+00 7.582001372746680623e+00 1.420528454272955710e+00 5.482632901201972266e-05 4.113928705259395002e+01 1.549994700000000059e+01 7.954442999999999930e-01 3.681439999999999824e+00 2.552103657433686385e+04 -1.512740705937783972e-04
3.163828398625489591e+00 7.582001372746680623e+00 1.420528454272955710e+00 5.482632901201972266e-05 4.113928643957081022e+01 1.549994700000000059e+01 7.954442999999999930e-01 3.681439999999999824e+00 2.552103695462994438e+04 -1.512740705937783972e-04
3.163828398625489591e+00 7.582001372746680623e+00 1.420528454272955710e+00 5.482632901201972266e-05 4.113928643957081022e+01 1.549994700000000059e+01 7.954442999999999930e-01 3.681439999999999824e+00 2.552103657433686385e+04 -1.512889717549722448e-04
3.163842451167329983e+00 7.582085294745971815e+00 1.420523828005354261e+00 1.816441933425941161e-05 4.113746308009248054e+01 1.549994700000000059e+01 7.954442999999999930e-01 3.681439999999999824e+00 2.552069848141740658e+04 -1.514118923572364210e-04
3.163842498312256168e+00 7.582085294745971815e+00 1.420523828005354261e+00 1.816441933425941161e-05 4.113746308009248054e+01 1.549994700000000059e+01 7.954442999999999930e-01 3.681439999999999824e+00 2.552069848141740658e+04 -1.514118923572364210e-04
3.163842451167329983e+00 7.582085407727847226e+00 1.420523828005354261e+00 1.816441933425941161e-05 4.113746308009248054e+01 1.549994700000000059e+01 7.954442999999999930e-01 3.681439999999999824e+00 2.552069848141740658e+04 -1.514118923572364210e-04
3.163842451167329983e+00 7.582085294745971815e+00 1.420523849172808717e+00 1.816441933425941161e-05 4.113746308009248054e+01 1.549994700000000059e+01 7.954442999999999930e-01 3.681439999999999824e+00 2.552069848141740658e+04 -1.514118923572364210e-04
3.163842451167329983e+00 7.582085294745971815e+00 1.420523828005354261e+00 1.817932049545325926e-05 4.113746308009248054e+01 1.549994700000000059e+01 7.954442999999999930e-01 3.681439999999999824e+00 2.552069848141740658e+04 -1.514118923572364210e-04
3.163842451167329983e+00 7.582085294745971815e+00 1.420523828005354261e+00 1.816441933425941161e-05 4.113746369308844919e+01 1.549994700000000059e+01 7.954442999999999930e-01 3.681439999999999824e+00 2.552069848141740658e+04 -1.514118923572364210e-04
3.163842451167329983e+00 7.582085294745971815e+00 1.420523828005354261e+00 1.816441933425941161e-05 4.113746308009248054e+01 1.549994700000000059e+01 7.954442999999999930e-01 3.681439999999999824e+00 2.552069886170544851e+04 -1.514118923572364210e-04
3.163842451167329983e+00 7.582085294745971815e+00 1.420523828005354261e+00 1.816441933425941161e-05 4.113746308009248054e+01 1.549994700000000059e+01 7.954442999999999930e-01 3.681439999999999824e+00 2.552069848141740658e+04 -1.514267935184302686e-04
3.163091541805650664e+00 7.593464164862568921e+00 1.418619830732048337e+00 1.022943569396618892e-06 4.113752505943001125e+01 1.549994700000000059e+01 7.954442999999999930e-01 3.681439999999999824e+00 2.541266924615974494e+04 -1.932198749061620120e-04
3.163091588939387577e+00 7.593464164862568921e+00 1.418619830732048337e+00 1.022943569396618892e-06 4.113752505943001125e+01 1.549994700000000059e+01 7.954442999999999930e-01 3.681439999999999824e+00 2.541266924615974494e+04 -1.932198749061620120e-04
3.163091541805650664e+00 7.593464278014002034e+00 1.418619830732048337e+00 1.022943569396618892e-06 4.113752505943001125e+01 1.549994700000000059e+01 7.954442999999999930e-01 3.681439999999999824e+00 2.541266924615974494e+04 -1.932198749061620120e-04
3.163091541805650664e+00 7.593464164862568921e+00 1.418619851871131043e+00 1.022943569396618892e-06 4.113752505943001125e+01 1.549994700000000059e+01 7.954442999999999930e-01 3.681439999999999824e+00 2.541266924615974494e+04 -1.932198749061620120e-04
3.163091541805650664e+00 7.593464164862568921e+00 1.418619830732048337e+00 1.037844730590466549e-06 4.113752505943001125e+01 1.549994700000000059e+01 7.954442999999999930e-01 3.681439999999999824e+00 2.541266924615974494e+04 -1.932198749061620120e-04
3.163091541805650664e+00 7.593464164862568921e+00 1.418619830732048337e+00 1.022943569396618892e-06 4.113752567242690361e+01 1.549994700000000059e+01 7.954442999999999930e-01 3.681439999999999824e+00 2.541266924615974494e+04 -1.932198749061620120e-04
3.163091541805650664e+00 7.593464164862568921e+00 1.418619830732048337e+00 1.022943569396618892e-06 4.113752505943001125e+01 1.549994700000000059e+01 7.954442999999999930e-01 3.681439999999999824e+00 2.541266962483802490e+04 -1.932198749061620120e-04
3.163091541805650664e+00 7.593464164862568921e+00 1.418619830732048337e+00 1.022943569396618892e-06 4.113752505943001125e+01 1.549994700000000059e+01 7.954442999999999930e-01 3.681439999999999824e+00 2.541266924615974494e+04 -1.932347760673558596e-04
3.163041048960314683e+00 7.594289927220501113e+00 1.418732895111614045e+00 9.465687525704094676e-07 4.113737644199612475e+01 1.549994700000000059e+01 7.954442999999999930e-01 3.681439999999999824e+00 2.541199298806951265e+04 -1.934187900277669985e-04
3.163041096093299309e+00 7.594289927220501113e+00 1.418732895111614045e+00 9.465687525704094676e-07 4.113737644199612475e+01 1.549994700000000059e+01 7.954442999999999930e-01 3.681439999999999824e+00 2.541199298806951265e+04 -1.934187900277669985e-04
3.163041048960314683e+00 7.594290040384239049e+00 1.418732895111614045e+00 9.465687525704094676e-07 4.113737644199612475e+01 1.549994700000000059e+01 7.954442999999999930e-01 3.681439999999999824e+00 2.541199298806951265e+04 -1.934187900277669985e-04
3.163041048960314683e+00 7.594289927220501113e+00 1.418732916252381626e+00 9.465687525704094676e-07 4.113737644199612475e+01 1.549994700000000059e+01 7.954442999999999930e-01 3.681439999999999824e+00 2.541199298806951265e+04 -1.934187900277669985e-04
3.163041048960314683e+00 7.594289927220501113e+00 1.418732895111614045e+00 9.614699137642571239e-07 4.113737644199612475e+01 1.549994700000000059e+01 7.954442999999999930e-01 3.681439999999999824e+00 2.541199298806951265e+04 -1.934187900277669985e-04
3.163041048960314683e+00 7.594289927220501113e+00 1.418732895111614045e+00 9.465687525704094676e-07 4.113737705499080022e+01 1.549994700000000059e+01 7.954442999999999930e-01 3.681439999999999824e+00 2.541199298806951265e+04 -1.934187900277669985e-04
3.163041048960314683e+00 7.594289927220501113e+00 1.418732895111614045e+00 9.465687525704094676e-07 4.113737644199612475e+01 1.549994700000000059e+01 7.954442999999999930e-01 3.681439999999999824e+00 2.541199336673771541e+04 -1.934187900277669985e-04
3.163041048960314683e+00 7.594289927220501113e+00 1.418732895111614045e+00 9.465687525704094676e-07 4.113737644199612475e+01 1.549994700000000059e+01 7.954442999999999930e-01 3.681439999999999824e+00 2.541199298806951265e+04 -1.934336911889608462e-04
3.163015569573681240e+00 7.594440435154353075e+00 1.418700846063375653e+00 6.080114755473759375e-07 4.113879932481842872e+01 1.549994700000000059e+01 7.954442999999999930e-01 3.681439999999999824e+00 2.541064047092866531e+04 -1.940131369709145780e-04
3.163015616706286171e+00 7.594440435154353075e+00 1.418700846063375653e+00 6.080114755473759375e-07 4.113879932481842872e+01 1.549994700000000059e+01 7.954442999999999930e-01 3.681439999999999824e+00 2.541064047092866531e+04 -1.940131369709145780e-04
3.163015569573681240e+00 7.594440548320334550e+00 1.418700846063375653e+00 6.080114755473759375e-07 4.113879932481842872e+01 1.549994700000000059e+01 7.954442999999999930e-01 3.681439999999999824e+00 2.541064047092866531e+04 -1.940131369709145780e-04
3.163015569573681240e+00 7.594440435154353075e+00 1.418700867203665617e+00 6.080114755473759375e-07 4.113879932481842872e+01 1.549994700000000059e+01 7.954442999999999930e-01 3.681439999999999824e+00 2.541064047092866531e+04 -1.940131369709145780e-04
3.163015569573681240e+00 7.594440435154353075e+00 1.418700846063375653e+00 6.229126367412235938e-07 4.113879932481842872e+01 1.549994700000000059e+01 7.954442999999999930e-01 3.681439999999999824e+00 2.541064047092866531e+04 -1.940131369709145780e-04
3.163015569573681240e+00 7.594440435154353075e+00 1.418700846063375653e+00 6.080114755473759375e-07 4.113879993783430677e+01 1.549994700000000059e+01 7.954442999999999930e-01 3.681439999999999824e+00 2.541064047092866531e+04 -1.940131369709145780e-04
3.163015569573681240e+00 7.594440435154353075e+00 1.418700846063375653e+00 6.080114755473759375e-07 4.113879932481842872e+01 1.549994700000000059e+01 7.954442999999999930e-01 3.681439999999999824e+00 2.541064084957671366e+04 -1.940131369709145780e-04
3.163015569573681240e+00 7.594440435154353075e+00 1.418700846063375653e+00 6.080114755473759375e-07 4.113879932481842872e+01 1.549994700000000059e+01 7.954442999999999930e-01 3.681439999999999824e+00 2.541064047092866531e+04 -1.940280381321084257e-04
3.160320129969173664e+00 7.645260547351346858e+00 1.411078014733863295e+00 1.035336285655743343e-07 4.110855712179522925e+01 1.549994700000000059e+01 7.954442999999999930e-01 3.681439999999999824e+00 2.497951668241944935e+04 -3.615514744182925146e-04
3.160320177061613389e+00 7.645260547351346858e+00 1.411078014733863295e+00 1.035336285655743343e-07 4.110855712179522925e+01 1.549994700000000059e+01 7.954442999999999930e-01 3.681439999999999824e+00 2.497951668241944935e+04 -3.615514744182925146e-04
3.160320129969173664e+00 7.645260661274607017e+00 1.411078014733863295e+00 1.035336285655743343e-07 4.110855712179522925e+01 1.549994700000000059e+01 7.954442999999999930e-01 3.681439999999999824e+00 2.497951668241944935e+04 -3.615514744182925146e-04
3.160320129969173664e+00 7.645260547351346858e+00 1.411078035760564342e+00 1.035336285655743343e-07 4.110855712179522925e+01 1.549994700000000059e+01 7.954442999999999930e-01 3.681439999999999824e+00 2.497951668241944935e+04 -3.615514744182925146e-04
3.160320129969173664e+00 7.645260547351346858e+00 1.411078014733863295e+00 1.184347897594219906e-07 4.110855712179522925e+01 1.549994700000000059e+01 7.954442999999999930e-01 3.681439999999999824e+00 2.497951668241944935e+04 -3.615514744182925146e-04
3.160320129969173664e+00 7.645260547351346858e+00 1.411078014733863295e+00 1.035336285655743343e-07 4.110855773436046690e+01 1.549994700000000059e+01 7.954442999999999930e-01 3.681439999999999824e+00 2.497951668241944935e+04 -3.615514744182925146e-04
3.160320129969173664e+00 7.645260547351346858e+00 1.411078014733863295e+00 1.035336285655743343e-07 4.110855712179522925e+01 1.549994700000000059e+01 7.954442999999999930e-01 3.681439999999999824e+00 2.497951705464325278e+04 -3.615514744182925146e-04
3.160320129969173664e+00 7.645260547351346858e+00 1.411078014733863295e+00 1.035336285655743343e-07 4.110855712179522925e+01 1.549994700000000059e+01 7.954442999999999930e-01 3.681439999999999824e+00 2.497951668241944935e+04 -3.615663755794863623e-04
3.160143877100296539e+00 7.645422240477024900e+00 1.411301888336320642e+00 8.703620867649057869e-08 4.110612356409808399e+01 1.549994700000000059e+01 7.954442999999999930e-01 3.681439999999999824e+00 2.497410661358952348e+04 -3.648417178950421041e-04
3.160143924190109921e+00 7.645422240477024900e+00 1.411301888336320642e+00 8.703620867649057869e-08 4.110612356409808399e+01 1.549994700000000059e+01 7.954442999999999930e-01 3.681439999999999824e+00 2.497410661358952348e+04 -3.648417178950421041e-04
3.160143877100296539e+00 7.645422354402693799e+00 1.411301888336320642e+00 8.703620867649057869e-08 4.110612356409808399e+01 1.549994700000000059e+01 7.954442999999999930e-01 3.681439999999999824e+00 2.497410661358952348e+04 -3.648417178950421041e-04
3.160143877100296539e+00 7.645422240477024900e+00 1.411301909366357465e+00 8.703620867649057869e-08 4.110612356409808399e+01 1.549994700000000059e+01 7.954442999999999930e-01 3.681439999999999824e+00 2.497410661358952348e+04 -3.648417178950421041e-04
3.160143877100296539e+00 7.645422240477024900e+00 1.411301888336320642e+00 1.019373698703382349e-07 4.110612356409808399e+01 1.549994700000000059e+01 7.954442999999999930e-01 3.681439999999999824e+00 2.497410661358952348e+04 -3.648417178950421041e-04
3.160143877100296539e+00 7.645422240477024900e+00 1.411301888336320642e+00 8.703620867649057869e-08 4.110612417662705553e+01 1.549994700000000059e+01 7.954442999999999930e-01 3.681439999999999824e+00 2.497410661358952348e+04 -3.648417178950421041e-04
3.160143877100296539e+00 7.645422240477024900e+00 1.411301888336320642e+00 8.703620867649057869e-08 4.110612356409808399e+01 1.549994700000000059e+01 7.954442999999999930e-01 3.681439999999999824e+00 2.497410698573271293e+04 -3.648417178950421041e-04
3.160143877100296539e+00 7.645422240477024900e+00 1.411301888336320642e+00 8.703620867649057869e-08 4.110612356409808399e+01 1.549994700000000059e+01 7.954442999999999930e-01 3.681439999999999824e+00 2.497410661358952348e+04 -3.648566190562359517e-04
3.160143951240270699e+00 7.645422205697670393e+00 1.411301915820313502e+00 8.756879624268695269e-08 4.110612356487042263e+01 1.549994700000000059e+01 7.954442999999999930e-01 3.681439999999999824e+00 2.497410661353284377e+04 -3.635872033696184143e-04
3.160143998330084969e+00 7.645422205697670393e+00 1.411301915820313502e+00 8.756879624268695269e-08 4.110612356487042263e+01 1.549994700000000059e+01 7.954442999999999930e-01 3.681439999999999824e+00 2.497410661353284377e+04 -3.635872033696184143e-04
3.160143951240270699e+00 7.645422319623339291e+00 1.411301915820313502e+00 8.756879624268695269e-08 4.110612356487042263e+01 1.549994700000000059e+01 7.954442999999999930e-01 3.681439999999999824e+00 2.497410661353284377e+04 -3.635872033696184143e-04
3.160143951240270699e+00 7.645422205697670393e+00 1.411301936850350769e+00 8.756879624268695269e-08 4.110612356487042263e+01 1.549994700000000059e+01 7.954442999999999930e-01 3.681439999999999824e+00 2.497410661353284377e+04 -3.635872033696184143e-04
3.160143951240270699e+00 7.645422205697670393e+00 1.411301915820313502e+00 1.024699574365346089e-07 4.110612356487042263e+01 1.549994700000000059e+01 7.954442999999999930e-01 3.681439999999999824e+00 2.497410661353284377e+04 -3.635872033696184143e-04
3.160143951240270699e+00 7.645422205697670393e+00 1.411301915820313502e+00 8.756879624268695269e-08 4.110612417739939417e+01 1.549994700000000059e+01 7.954442999999999930e-01 3.681439999999999824e+00 2.497410661353284377e+04 -3.635872033696184143e-04
3.160143951240270699e+00 7.645422205697670393e+00 1.411301915820313502e+00 8.756879624268695269e-08 4.110612356487042263e+01 1.549994700000000059e+01 7.954442999999999930e-01 3.681439999999999824e+00 2.497410698567603322e+04 -3.635872033696184143e-04
3.160143951240270699e+00 7.645422205697670393e+00 1.411301915820313502e+00 8.756879624268695269e-08 4.110612356487042263e+01 1.549994700000000059e+01 7.954442999999999930e-01 3.681439999999999824e+00 2.497410661353284377e+04 -3.636021045308122620e-04
