3.168963285258453944e+00 9.159816840895116385e+00 1.160572299365210558e+00 2.573302324265767804e-08 4.099003251140883464e+01 1.549994700000000059e+01 7.954442999999999930e-01 3.681439999999999824e+00 2.122846798902751107e+04 1.128292608541509642e-03
3.168963332479686645e+00 9.159816840895116385e+00 1.160572299365210558e+00 2.573302324265767804e-08 4.099003251140883464e+01 1.549994700000000059e+01 7.954442999999999930e-01 3.681439999999999824e+00 2.122846798902751107e+04 1.128292608541509642e-03
3.168963285258453944e+00 9.159816977387023940e+00 1.160572299365210558e+00 2.573302324265767804e-08 4.099003251140883464e+01 1.549994700000000059e+01 7.954442999999999930e-01 3.681439999999999824e+00 2.122846798902751107e+04 1.128292608541509642e-03
3.168963285258453944e+00 9.159816840895116385e+00 1.160572316659085557e+00 2.573302324265767804e-08 4.099003251140883464e+01 1.549994700000000059e+01 7.954442999999999930e-01 3.681439999999999824e+00 2.122846798902751107e+04 1.128292608541509642e-03
3.168963285258453944e+00 9.159816840895116385e+00 1.160572299365210558e+00 4.063418443650533760e-08 4.099003251140883464e+01 1.549994700000000059e+01 7.954442999999999930e-01 3.681439999999999824e+00 2.122846798902751107e+04 1.128292608541509642e-03
3.168963285258453944e+00 9.159816840895116385e+00 1.160572299365210558e+00 2.573302324265767804e-08 4.099003312220791884e+01 1.549994700000000059e+01 7.954442999999999930e-01 3.681439999999999824e+00 2.122846798902751107e+04 1.128292608541509642e-03
3.168963285258453944e+00 9.159816840895116385e+00 1.160572299365210558e+00 2.573302324265767804e-08 4.099003251140883464e+01 1.549994723096720861e+01 7.954442999999999930e-01 3.681439999999999824e+00 2.122846798902751107e+04 1.128292608541509642e-03
3.168963285258453944e+00 9.159816840895116385e+00 1.160572299365210558e+00 2.573302324265767804e-08 4.099003251140883464e+01 1.549994700000000059e+01 7.954443149011611869e-01 3.681439999999999824e+00 2.122846798902751107e+04 1.128292608541509642e-03
3.168963285258453944e+00 9.159816840895116385e+00 1.160572299365210558e+00 2.573302324265767804e-08 4.099003251140883464e+01 1.549994700000000059e+01 7.954442999999999930e-01 3.681439999999999824e+00 2.122846830535633489e+04 1.128292608541509642e-03
3.168963285258453944e+00 9.159816840895116385e+00 1.160572299365210558e+00 2.573302324265767804e-08 4.099003251140883464e+01 1.549994700000000059e+01 7.954442999999999930e-01 3.681439999999999824e+00 2.122846798902751107e+04 1.128307509702703489e-03
3.184689939997471964e+00 9.599881560653518164e+00 1.165935164486696873e+00 1.368670965968950733e-09 4.037617747387930933e+01 1.438376160582785879e+01 7.451900481353646022e-01 3.681439999999999824e+00 2.086752347998466576e+04 1.120361164590129343e-03
3.184796630783809590e+00 9.476623368374214706e+00 1.169064907838949674e+00 4.983760355259378810e-10 4.040818142844158700e+01 1.446814805212485311e+01 7.518979062105516364e-01 3.681439999999999824e+00 2.113823605153489189e+04 1.198897405193747462e-03
3.184796678240977563e+00 9.476623368374214706e+00 1.169064907838949674e+00 4.983760355259378810e-10 4.040818142844158700e+01 1.446814805212485311e+01 7.518979062105516364e-01 3.681439999999999824e+00 2.113823605153489189e+04 1.198897405193747462e-03
3.184796630783809590e+00 9.476623509586907801e+00 1.169064907838949674e+00 4.983760355259378810e-10 4.040818142844158700e+01 1.446814805212485311e+01 7.518979062105516364e-01 3.681439999999999824e+00 2.113823605153489189e+04 1.198897405193747462e-03
3.184796630783809590e+00 9.476623368374214706e+00 1.169064925259374332e+00 4.983760355259378810e-10 4.040818142844158700e+01 1.446814805212485311e+01 7.518979062105516364e-01 3.681439999999999824e+00 2.113823605153489189e+04 1.198897405193747462e-03
3.184796630783809590e+00 9.476623368374214706e+00 1.169064907838949674e+00 1.539953722937359413e-08 4.040818142844158700e+01 1.446814805212485311e+01 7.518979062105516364e-01 3.681439999999999824e+00 2.113823605153489189e+04 1.198897405193747462e-03
3.184796630783809590e+00 9.476623368374214706e+00 1.169064907838949674e+00 4.983760355259378810e-10 4.040818203057040847e+01 1.446814805212485311e+01 7.518979062105516364e-01 3.681439999999999824e+00 2.113823605153489189e+04 1.198897405193747462e-03
3.184796630783809590e+00 9.476623368374214706e+00 1.169064907838949674e+00 4.983760355259378810e-10 4.040818142844158700e+01 1.446814826771705853e+01 7.518979062105516364e-01 3.681439999999999824e+00 2.113823605153489189e+04 1.198897405193747462e-03
3.184796630783809590e+00 9.476623368374214706e+00 1.169064907838949674e+00 4.983760355259378810e-10 4.040818142844158700e+01 1.446814805212485311e+01 7.518979211117128303e-01 3.681439999999999824e+00 2.113823605153489189e+04 1.198897405193747462e-03
3.184796630783809590e+00 9.476623368374214706e+00 1.169064907838949674e+00 4.983760355259378810e-10 4.040818142844158700e+01 1.446814805212485311e+01 7.518979062105516364e-01 3.681439999999999824e+00 2.113823636651915513e+04 1.198897405193747462e-03
3.184796630783809590e+00 9.476623368374214706e+00 1.169064907838949674e+00 4.983760355259378810e-10 4.040818142844158700e+01 1.446814805212485311e+01 7.518979062105516364e-01 3.681439999999999824e+00 2.113823605153489189e+04 1.198912306354941310e-03
3.187042612201413938e+00 9.715535987824656772e+00 1.175658209465037185e+00 4.363440533570592801e-10 4.044007778668505182e+01 1.433286092191656280e+01 7.169555479000362386e-01 3.681439999999999824e+00 2.104799995707150811e+04 1.241889926312583423e-03
3.187042659692049806e+00 9.715535987824656772e+00 1.175658209465037185e+00 4.363440533570592801e-10 4.044007778668505182e+01 1.433286092191656280e+01 7.169555479000362386e-01 3.681439999999999824e+00 2.104799995707150811e+04 1.241889926312583423e-03
3.187042612201413938e+00 9.715536132597424768e+00 1.175658209465037185e+00 4.363440533570592801e-10 4.044007778668505182e+01 1.433286092191656280e+01 7.169555479000362386e-01 3.681439999999999824e+00 2.104799995707150811e+04 1.241889926312583423e-03
3.187042612201413938e+00 9.715535987824656772e+00 1.175658226983709698e+00 4.363440533570592801e-10 4.044007778668505182e+01 1.433286092191656280e+01 7.169555479000362386e-01 3.681439999999999824e+00 2.104799995707150811e+04 1.241889926312583423e-03
3.187042612201413938e+00 9.715535987824656772e+00 1.175658209465037185e+00 1.533750524720471522e-08 4.044007778668505182e+01 1.433286092191656280e+01 7.169555479000362386e-01 3.681439999999999824e+00 2.104799995707150811e+04 1.241889926312583423e-03
3.187042612201413938e+00 9.715535987824656772e+00 1.175658209465037185e+00 4.363440533570592801e-10 4.044007838928916954e+01 1.433286092191656280e+01 7.169555479000362386e-01 3.681439999999999824e+00 2.104799995707150811e+04 1.241889926312583423e-03
3.187042612201413938e+00 9.715535987824656772e+00 1.175658209465037185e+00 4.363440533570592801e-10 4.044007778668505182e+01 1.433286113549283414e+01 7.169555479000362386e-01 3.681439999999999824e+00 2.104799995707150811e+04 1.241889926312583423e-03
3.187042612201413938e+00 9.715535987824656772e+00 1.175658209465037185e+00 4.363440533570592801e-10 4.044007778668505182e+01 1.433286092191656280e+01 7.169555628011974324e-01 3.681439999999999824e+00 2.104799995707150811e+04 1.241889926312583423e-03
3.187042612201413938e+00 9.715535987824656772e+00 1.175658209465037185e+00 4.363440533570592801e-10 4.044007778668505182e+01 1.433286092191656280e+01 7.169555479000362386e-01 3.681439999999999824e+00 2.104800027071114891e+04 1.241889926312583423e-03
3.187042612201413938e+00 9.715535987824656772e+00 1.175658209465037185e+00 4.363440533570592801e-10 4.044007778668505182e+01 1.433286092191656280e+01 7.169555479000362386e-01 3.681439999999999824e+00 2.104799995707150811e+04 1.241904827473777270e-03
3.186807095010061097e+00 9.715535625429177813e+00 1.176144447130209825e+00 3.074676892731604064e-02 4.049985416056632914e+01 1.433287211153611374e+01 7.168487473381263131e-01 3.681439999999999824e+00 2.104528862990183916e+04 1.241107077502983389e-03
3.186807142497187328e+00 9.715535625429177813e+00 1.176144447130209825e+00 3.074676892731604064e-02 4.049985416056632914e+01 1.433287211153611374e+01 7.168487473381263131e-01 3.681439999999999824e+00 2.104528862990183916e+04 1.241107077502983389e-03
3.186807095010061097e+00 9.715535770201940480e+00 1.176144447130209825e+00 3.074676892731604064e-02 4.049985416056632914e+01 1.433287211153611374e+01 7.168487473381263131e-01 3.681439999999999824e+00 2.104528862990183916e+04 1.241107077502983389e-03
3.186807095010061097e+00 9.715535625429177813e+00 1.176144464656127875e+00 3.074676892731604064e-02 4.049985416056632914e+01 1.433287211153611374e+01 7.168487473381263131e-01 3.681439999999999824e+00 2.104528862990183916e+04 1.241107077502983389e-03
3.186807095010061097e+00 9.715535625429177813e+00 1.176144447130209825e+00 3.074678382847723448e-02 4.049985416056632914e+01 1.433287211153611374e+01 7.168487473381263131e-01 3.681439999999999824e+00 2.104528862990183916e+04 1.241107077502983389e-03
3.186807095010061097e+00 9.715535625429177813e+00 1.176144447130209825e+00 3.074676892731604064e-02 4.049985476406118323e+01 1.433287211153611374e+01 7.168487473381263131e-01 3.681439999999999824e+00 2.104528862990183916e+04 1.241107077502983389e-03
3.186807095010061097e+00 9.715535625429177813e+00 1.176144447130209825e+00 3.074676892731604064e-02 4.049985416056632914e+01 1.433287232511255205e+01 7.168487473381263131e-01 3.681439999999999824e+00 2.104528862990183916e+04 1.241107077502983389e-03
3.186807095010061097e+00 9.715535625429177813e+00 1.176144447130209825e+00 3.074676892731604064e-02 4.049985416056632914e+01 1.433287211153611374e+01 7.168487622392875069e-01 3.681439999999999824e+00 2.104528862990183916e+04 1.241107077502983389e-03
3.186807095010061097e+00 9.715535625429177813e+00 1.176144447130209825e+00 3.074676892731604064e-02 4.049985416056632914e+01 1.433287211153611374e+01 7.168487473381263131e-01 3.681439999999999824e+00 2.104528894350107657e+04 1.241107077502983389e-03
3.186807095010061097e+00 9.715535625429177813e+00 1.176144447130209825e+00 3.074676892731604064e-02 4.049985416056632914e+01 1.433287211153611374e+01 7.168487473381263131e-01 3.681439999999999824e+00 2.104528862990183916e+04 1.241121978664177236e-03
3.185245979991595533e+00 9.712447490690720997e+00 1.176756103595705705e+00 8.918169953844309189e-03 4.068205107479258231e+01 1.433286917211050771e+01 7.166733308879910114e-01 3.681439999999999824e+00 2.104262482070045007e+04 1.240359026898721871e-03
3.185246027455459483e+00 9.712447490690720997e+00 1.176756103595705705e+00 8.918169953844309189e-03 4.068205107479258231e+01 1.433286917211050771e+01 7.166733308879910114e-01 3.681439999999999824e+00 2.104262482070045007e+04 1.240359026898721871e-03
3.185245979991595533e+00 9.712447635417467140e+00 1.176756103595705705e+00 8.918169953844309189e-03 4.068205107479258231e+01 1.433286917211050771e+01 7.166733308879910114e-01 3.681439999999999824e+00 2.104262482070045007e+04 1.240359026898721871e-03
3.185245979991595533e+00 9.712447490690720997e+00 1.176756121130738020e+00 8.918169953844309189e-03 4.068205107479258231e+01 1.433286917211050771e+01 7.166733308879910114e-01 3.681439999999999824e+00 2.104262482070045007e+04 1.240359026898721871e-03
3.185245979991595533e+00 9.712447490690720997e+00 1.176756103595705705e+00 8.918184855005503037e-03 4.068205107479258231e+01 1.433286917211050771e+01 7.166733308879910114e-01 3.681439999999999824e+00 2.104262482070045007e+04 1.240359026898721871e-03
3.185245979991595533e+00 9.712447490690720997e+00 1.176756103595705705e+00 8.918169953844309189e-03 4.068205168100238467e+01 1.433286917211050771e+01 7.166733308879910114e-01 3.681439999999999824e+00 2.104262482070045007e+04 1.240359026898721871e-03
3.185245979991595533e+00 9.712447490690720997e+00 1.176756103595705705e+00 8.918169953844309189e-03 4.068205107479258231e+01 1.433286938568690161e+01 7.166733308879910114e-01 3.681439999999999824e+00 2.104262482070045007e+04 1.240359026898721871e-03
3.185245979991595533e+00 9.712447490690720997e+00 1.176756103595705705e+00 8.918169953844309189e-03 4.068205107479258231e+01 1.433286917211050771e+01 7.166733457891522052e-01 3.681439999999999824e+00 2.104262482070045007e+04 1.240359026898721871e-03
3.185245979991595533e+00 9.712447490690720997e+00 1.176756103595705705e+00 8.918169953844309189e-03 4.068205107479258231e+01 1.433286917211050771e+01 7.166733308879910114e-01 3.681439999999999824e+00 2.104262513425999350e+04 1.240359026898721871e-03
3.185245979991595533e+00 9.712447490690720997e+00 1.176756103595705705e+00 8.918169953844309189e-03 4.068205107479258231e+01 1.433286917211050771e+01 7.166733308879910114e-01 3.681439999999999824e+00 2.104262482070045007e+04 1.240373928059915719e-03
3.184455494501882811e+00 9.710643084070794018e+00 1.176950159095883297e+00 1.624554281446652718e-02 4.079667727178848224e+01 1.433285828810349116e+01 7.166109151224867579e-01 3.681439999999999824e+00 2.104097334501176374e+04 1.239912027168333470e-03
3.184455541953967295e+00 9.710643084070794018e+00 1.176950159095883297e+00 1.624554281446652718e-02 4.079667727178848224e+01 1.433285828810349116e+01 7.166109151224867579e-01 3.681439999999999824e+00 2.104097334501176374e+04 1.239912027168333470e-03
3.184455494501882811e+00 9.710643228770651447e+00 1.176950159095883297e+00 1.624554281446652718e-02 4.079667727178848224e+01 1.433285828810349116e+01 7.166109151224867579e-01 3.681439999999999824e+00 2.104097334501176374e+04 1.239912027168333470e-03
3.184455494501882811e+00 9.710643084070794018e+00 1.176950176633807299e+00 1.624554281446652718e-02 4.079667727178848224e+01 1.433285828810349116e+01 7.166109151224867579e-01 3.681439999999999824e+00 2.104097334501176374e+04 1.239912027168333470e-03
3.184455494501882811e+00 9.710643084070794018e+00 1.176950159095883297e+00 1.624555771562772102e-02 4.079667727178848224e+01 1.433285828810349116e+01 7.166109151224867579e-01 3.681439999999999824e+00 2.104097334501176374e+04 1.239912027168333470e-03
3.184455494501882811e+00 9.710643084070794018e+00 1.176950159095883297e+00 1.624554281446652718e-02 4.079667787970634407e+01 1.433285828810349116e+01 7.166109151224867579e-01 3.681439999999999824e+00 2.104097334501176374e+04 1.239912027168333470e-03
3.184455494501882811e+00 9.710643084070794018e+00 1.176950159095883297e+00 1.624554281446652718e-02 4.079667727178848224e+01 1.433285850167972342e+01 7.166109151224867579e-01 3.681439999999999824e+00 2.104097334501176374e+04 1.239912027168333470e-03
3.184455494501882811e+00 9.710643084070794018e+00 1.176950159095883297e+00 1.624554281446652718e-02 4.079667727178848224e+01 1.433285828810349116e+01 7.166109300236479518e-01 3.681439999999999824e+00 2.104097334501176374e+04 1.239912027168333470e-03
3.184455494501882811e+00 9.710643084070794018e+00 1.176950159095883297e+00 1.624554281446652718e-02 4.079667727178848224e+01 1.433285828810349116e+01 7.166109151224867579e-01 3.681439999999999824e+00 2.104097365854669988e+04 1.239912027168333470e-03
3.184455494501882811e+00 9.710643084070794018e+00 1.176950159095883297e+00 1.624554281446652718e-02 4.079667727178848224e+01 1.433285828810349116e+01 7.166109151224867579e-01 3.681439999999999824e+00 2.104097334501176374e+04 1.239926928329527318e-03
3.158200721115933973e+00 9.823054040357442673e+00 1.178666486979569328e+00 1.534068429800791722e-03 4.454559010588585721e+01 1.425488911811178738e+01 6.653503051950204750e-01 3.681439999999999824e+00 2.086053946300758616e+04 1.234325265252261220e-03
3.158200768176791851e+00 9.823054040357442673e+00 1.178666486979569328e+00 1.534068429800791722e-03 4.454559010588585721e+01 1.425488911811178738e+01 6.653503051950204750e-01 3.681439999999999824e+00 2.086053946300758616e+04 1.234325265252261220e-03
3.158200721115933973e+00 9.823054186732354864e+00 1.178666486979569328e+00 1.534068429800791722e-03 4.454559010588585721e+01 1.425488911811178738e+01 6.653503051950204750e-01 3.681439999999999824e+00 2.086053946300758616e+04 1.234325265252261220e-03
3.158200721115933973e+00 9.823054040357442673e+00 1.178666504543068649e+00 1.534068429800791722e-03 4.454559010588585721e+01 1.425488911811178738e+01 6.653503051950204750e-01 3.681439999999999824e+00 2.086053946300758616e+04 1.234325265252261220e-03
3.158200721115933973e+00 9.823054040357442673e+00 1.178666486979569328e+00 1.534083330961985570e-03 4.454559010588585721e+01 1.425488911811178738e+01 6.653503051950204750e-01 3.681439999999999824e+00 2.086053946300758616e+04 1.234325265252261220e-03
3.158200721115933973e+00 9.823054040357442673e+00 1.178666486979569328e+00 1.534068429800791722e-03 4.454559076966687314e+01 1.425488911811178738e+01 6.653503051950204750e-01 3.681439999999999824e+00 2.086053946300758616e+04 1.234325265252261220e-03
3.158200721115933973e+00 9.823054040357442673e+00 1.178666486979569328e+00 1.534068429800791722e-03 4.454559010588585721e+01 1.425488933052618812e+01 6.653503051950204750e-01 3.681439999999999824e+00 2.086053946300758616e+04 1.234325265252261220e-03
3.158200721115933973e+00 9.823054040357442673e+00 1.178666486979569328e+00 1.534068429800791722e-03 4.454559010588585721e+01 1.425488911811178738e+01 6.653503200961816688e-01 3.681439999999999824e+00 2.086053946300758616e+04 1.234325265252261220e-03
3.158200721115933973e+00 9.823054040357442673e+00 1.178666486979569328e+00 1.534068429800791722e-03 4.454559010588585721e+01 1.425488911811178738e+01 6.653503051950204750e-01 3.681439999999999824e+00 2.086053977385384860e+04 1.234325265252261220e-03
3.158200721115933973e+00 9.823054040357442673e+00 1.178666486979569328e+00 1.534068429800791722e-03 4.454559010588585721e+01 1.425488911811178738e+01 6.653503051950204750e-01 3.681439999999999824e+00 2.086053946300758616e+04 1.234340166413455068e-03
3.158211018158576522e+00 9.830481290244916792e+00 1.178376798122887203e+00 1.487001571859654630e-03 4.454659879383885368e+01 1.412858921091487474e+01 6.557435241163627193e-01 3.681439999999999824e+00 2.084857645189913455e+04 1.231540620024828940e-03
3.158211065219588054e+00 9.830481290244916792e+00 1.178376798122887203e+00 1.487001571859654630e-03 4.454659879383885368e+01 1.412858921091487474e+01 6.557435241163627193e-01 3.681439999999999824e+00 2.084857645189913455e+04 1.231540620024828940e-03
3.158211018158576522e+00 9.830481436730503120e+00 1.178376798122887203e+00 1.487001571859654630e-03 4.454659879383885368e+01 1.412858921091487474e+01 6.557435241163627193e-01 3.681439999999999824e+00 2.084857645189913455e+04 1.231540620024828940e-03
3.158211018158576522e+00 9.830481290244916792e+00 1.178376815682069756e+00 1.487001571859654630e-03 4.454659879383885368e+01 1.412858921091487474e+01 6.557435241163627193e-01 3.681439999999999824e+00 2.084857645189913455e+04 1.231540620024828940e-03
3.158211018158576522e+00 9.830481290244916792e+00 1.178376798122887203e+00 1.487016473020848478e-03 4.454659879383885368e+01 1.412858921091487474e+01 6.557435241163627193e-01 3.681439999999999824e+00 2.084857645189913455e+04 1.231540620024828940e-03
3.158211018158576522e+00 9.830481290244916792e+00 1.178376798122887203e+00 1.487001571859654630e-03 4.454659945763490470e+01 1.412858921091487474e+01 6.557435241163627193e-01 3.681439999999999824e+00 2.084857645189913455e+04 1.231540620024828940e-03
3.158211018158576522e+00 9.830481290244916792e+00 1.178376798122887203e+00 1.487001571859654630e-03 4.454659879383885368e+01 1.412858942144725916e+01 6.557435241163627193e-01 3.681439999999999824e+00 2.084857645189913455e+04 1.231540620024828940e-03
3.158211018158576522e+00 9.830481290244916792e+00 1.178376798122887203e+00 1.487001571859654630e-03 4.454659879383885368e+01 1.412858921091487474e+01 6.557435390175239132e-01 3.681439999999999824e+00 2.084857645189913455e+04 1.231540620024828940e-03
3.158211018158576522e+00 9.830481290244916792e+00 1.178376798122887203e+00 1.487001571859654630e-03 4.454659879383885368e+01 1.412858921091487474e+01 6.557435241163627193e-01 3.681439999999999824e+00 2.084857676256713239e+04 1.231540620024828940e-03
3.158211018158576522e+00 9.830481290244916792e+00 1.178376798122887203e+00 1.487001571859654630e-03 4.454659879383885368e+01 1.412858921091487474e+01 6.557435241163627193e-01 3.681439999999999824e+00 2.084857645189913455e+04 1.231555521186022788e-03
3.158120779707985104e+00 9.830480367583493972e+00 1.178462724962717312e+00 4.733250861444019027e-03 4.456562892400877729e+01 1.412859788719132048e+01 6.556517300662851877e-01 3.681439999999999824e+00 2.084783431045828911e+04 1.231328772911183906e-03
3.158120826767651934e+00 9.830480367583493972e+00 1.178462724962717312e+00 4.733250861444019027e-03 4.456562892400877729e+01 1.412859788719132048e+01 6.556517300662851877e-01 3.681439999999999824e+00 2.084783431045828911e+04 1.231328772911183906e-03
3.158120779707985104e+00 9.830480514069066089e+00 1.178462724962717312e+00 4.733250861444019027e-03 4.456562892400877729e+01 1.412859788719132048e+01 6.556517300662851877e-01 3.681439999999999824e+00 2.084783431045828911e+04 1.231328772911183906e-03
3.158120779707985104e+00 9.830480367583493972e+00 1.178462742523180395e+00 4.733250861444019027e-03 4.456562892400877729e+01 1.412859788719132048e+01 6.556517300662851877e-01 3.681439999999999824e+00 2.084783431045828911e+04 1.231328772911183906e-03
3.158120779707985104e+00 9.830480367583493972e+00 1.178462724962717312e+00 4.733265762605212874e-03 4.456562892400877729e+01 1.412859788719132048e+01 6.556517300662851877e-01 3.681439999999999824e+00 2.084783431045828911e+04 1.231328772911183906e-03
3.158120779707985104e+00 9.830480367583493972e+00 1.178462724962717312e+00 4.733250861444019027e-03 4.456562958808839880e+01 1.412859788719132048e+01 6.556517300662851877e-01 3.681439999999999824e+00 2.084783431045828911e+04 1.231328772911183906e-03
3.158120779707985104e+00 9.830480367583493972e+00 1.178462724962717312e+00 4.733250861444019027e-03 4.456562892400877729e+01 1.412859809772383457e+01 6.556517300662851877e-01 3.681439999999999824e+00 2.084783431045828911e+04 1.231328772911183906e-03
3.158120779707985104e+00 9.830480367583493972e+00 1.178462724962717312e+00 4.733250861444019027e-03 4.456562892400877729e+01 1.412859788719132048e+01 6.556517449674463816e-01 3.681439999999999824e+00 2.084783431045828911e+04 1.231328772911183906e-03
3.158120779707985104e+00 9.830480367583493972e+00 1.178462724962717312e+00 4.733250861444019027e-03 4.456562892400877729e+01 1.412859788719132048e+01 6.556517300662851877e-01 3.681439999999999824e+00 2.084783462111522749e+04 1.231328772911183906e-03
3.158120779707985104e+00 9.830480367583493972e+00 1.178462724962717312e+00 4.733250861444019027e-03 4.456562892400877729e+01 1.412859788719132048e+01 6.556517300662851877e-01 3.681439999999999824e+00 2.084783431045828911e+04 1.231343674072377754e-03
7.175112644463359501e-01 1.820277667950602307e+00 1.172619155799302426e+00 5.634977164823055593e-03 4.013360908188732878e+02 1.410916778874384825e+01 3.811564732265225186e-01 3.681439999999999824e+00 2.016383223182566508e+04 1.049014615771783196e-03
2.575264879992420930e+00 8.234853555253863533e+00 1.172480508377496511e+00 5.322485733740081777e-03 1.299149255577027589e+02 1.410970203625436348e+01 3.901142315203793842e-01 3.681439999999999824e+00 2.018628135219327305e+04 1.054986680216403547e-03
3.023958312299861895e+00 9.783991425899367655e+00 1.172449592531073170e+00 5.244481853070441166e-03 6.435997572849211679e+01 1.410983627980684396e+01 3.923598134797597892e-01 3.681439999999999824e+00 2.019194255726383562e+04 1.056497624330876052e-03
3.148834367714605342e+00 1.021504758935708423e+01 1.172450809888474499e+00 5.234114057473553475e-03 4.611591784028050967e+01 1.410985962411538708e+01 3.929312856155934841e-01 3.681439999999999824e+00 2.019394229513327809e+04 1.057107940630870341e-03
3.160234682505598691e+00 1.001581344196436874e+01 1.179188395074584061e+00 3.908146489609009080e-03 4.457118134818936284e+01 1.412157613100361608e+01 5.025910155658619427e-01 3.681439999999999824e+00 2.068000557442341233e+04 1.215910143583499858e-03
3.160122282504442381e+00 9.934653595920631020e+00 1.180702755332061260e+00 1.175149473218416174e-04 4.456828097993330573e+01 1.412740382404885331e+01 5.504007385737890168e-01 3.681439999999999824e+00 2.081778076125912048e+04 1.254579051045832949e-03
3.158872005699488561e+00 9.867849978423837598e+00 1.179795941202294696e+00 3.958973811364552980e-03 4.456653413123623153e+01 1.412857441211987464e+01 6.187982209346657436e-01 3.681439999999999824e+00 2.084574614259601367e+04 1.239599405326562544e-03
3.158872052770349548e+00 9.867849978423837598e+00 1.179795941202294696e+00 3.958973811364552980e-03 4.456653413123623153e+01 1.412857441211987464e+01 6.187982209346657436e-01 3.681439999999999824e+00 2.084574614259601367e+04 1.239599405326562544e-03
3.158872005699488561e+00 9.867850125466260280e+00 1.179795941202294696e+00 3.958973811364552980e-03 4.456653413123623153e+01 1.412857441211987464e+01 6.187982209346657436e-01 3.681439999999999824e+00 2.084574614259601367e+04 1.239599405326562544e-03
3.158872005699488561e+00 9.867849978423837598e+00 1.179795958782624110e+00 3.958973811364552980e-03 4.456653413123623153e+01 1.412857441211987464e+01 6.187982209346657436e-01 3.681439999999999824e+00 2.084574614259601367e+04 1.239599405326562544e-03
3.158872005699488561e+00 9.867849978423837598e+00 1.179795941202294696e+00 3.958988712525746828e-03 4.456653413123623153e+01 1.412857441211987464e+01 6.187982209346657436e-01 3.681439999999999824e+00 2.084574614259601367e+04 1.239599405326562544e-03
3.158872005699488561e+00 9.867849978423837598e+00 1.179795941202294696e+00 3.958973811364552980e-03 4.456653479532933915e+01 1.412857441211987464e+01 6.187982209346657436e-01 3.681439999999999824e+00 2.084574614259601367e+04 1.239599405326562544e-03
3.158872005699488561e+00 9.867849978423837598e+00 1.179795941202294696e+00 3.958973811364552980e-03 4.456653413123623153e+01 1.412857462265203878e+01 6.187982209346657436e-01 3.681439999999999824e+00 2.084574614259601367e+04 1.239599405326562544e-03
3.158872005699488561e+00 9.867849978423837598e+00 1.179795941202294696e+00 3.958973811364552980e-03 4.456653413123623153e+01 1.412857441211987464e+01 6.187982358358269375e-01 3.681439999999999824e+00 2.084574614259601367e+04 1.239599405326562544e-03
3.158872005699488561e+00 9.867849978423837598e+00 1.179795941202294696e+00 3.958973811364552980e-03 4.456653413123623153e+01 1.412857441211987464e+01 6.187982209346657436e-01 3.681439999999999824e+00 2.084574645322183642e+04 1.239599405326562544e-03
3.158872005699488561e+00 9.867849978423837598e+00 1.179795941202294696e+00 3.958973811364552980e-03 4.456653413123623153e+01 1.412857441211987464e+01 6.187982209346657436e-01 3.681439999999999824e+00 2.084574614259601367e+04 1.239614306487756392e-03
3.160896914846359262e+00 9.934811780778227686e+00 1.181270396626534103e+00 2.173349874143971384e-03 4.456685019754024779e+01 1.412852074084417353e+01 5.134908493574438237e-01 3.681439999999999824e+00 2.083716639110631513e+04 1.269699220520896250e-03
3.159490607897900372e+00 9.886217614964534661e+00 1.180250054591035935e+00 3.723812524291516841e-03 4.456658883804360727e+01 1.412859093768730823e+01 5.900388614323877068e-01 3.681439999999999824e+00 2.084489757011761321e+04 1.250992920948037265e-03
3.159083675178884221e+00 9.872912398275285994e+00 1.179940345346897290e+00 3.907549388878341599e-03 4.456654852074994011e+01 1.412857937583349255e+01 6.115890137769932622e-01 3.681439999999999824e+00 2.084557384785732575e+04 1.245055686052207134e-03
3.159083722252899129e+00 9.872912398275285994e+00 1.179940345346897290e+00 3.907549388878341599e-03 4.456654852074994011e+01 1.412857937583349255e+01 6.115890137769932622e-01 3.681439999999999824e+00 2.084557384785732575e+04 1.245055686052207134e-03
3.159083675178884221e+00 9.872912545393145223e+00 1.179940345346897290e+00 3.907549388878341599e-03 4.456654852074994011e+01 1.412857937583349255e+01 6.115890137769932622e-01 3.681439999999999824e+00 2.084557384785732575e+04 1.245055686052207134e-03
3.159083675178884221e+00 9.872912398275285994e+00 1.179940362929378539e+00 3.907549388878341599e-03 4.456654852074994011e+01 1.412857937583349255e+01 6.115890137769932622e-01 3.681439999999999824e+00 2.084557384785732575e+04 1.245055686052207134e-03
3.159083675178884221e+00 9.872912398275285994e+00 1.179940345346897290e+00 3.907564290039535447e-03 4.456654852074994011e+01 1.412857937583349255e+01 6.115890137769932622e-01 3.681439999999999824e+00 2.084557384785732575e+04 1.245055686052207134e-03
3.159083675178884221e+00 9.872912398275285994e+00 1.179940345346897290e+00 3.907549388878341599e-03 4.456654918484326089e+01 1.412857937583349255e+01 6.115890137769932622e-01 3.681439999999999824e+00 2.084557384785732575e+04 1.245055686052207134e-03
3.159083675178884221e+00 9.872912398275285994e+00 1.179940345346897290e+00 3.907549388878341599e-03 4.456654852074994011e+01 1.412857958636573130e+01 6.115890137769932622e-01 3.681439999999999824e+00 2.084557384785732575e+04 1.245055686052207134e-03
3.159083675178884221e+00 9.872912398275285994e+00 1.179940345346897290e+00 3.907549388878341599e-03 4.456654852074994011e+01 1.412857937583349255e+01 6.115890286781544560e-01 3.681439999999999824e+00 2.084557384785732575e+04 1.245055686052207134e-03
3.159083675178884221e+00 9.872912398275285994e+00 1.179940345346897290e+00 3.907549388878341599e-03 4.456654852074994011e+01 1.412857937583349255e+01 6.115890137769932622e-01 3.681439999999999824e+00 2.084557415848058008e+04 1.245055686052207134e-03
3.159083675178884221e+00 9.872912398275285994e+00 1.179940345346897290e+00 3.907549388878341599e-03 4.456654852074994011e+01 1.412857937583349255e+01 6.115890137769932622e-01 3.681439999999999824e+00 2.084557384785732575e+04 1.245070587213400982e-03
3.159085290769796384e+00 9.874450295556508550e+00 1.180122916223079743e+00 3.875831208736434108e-03 4.456808299359358472e+01 1.412865739653947195e+01 6.043350610499169662e-01 3.681439999999999824e+00 2.084557383758195647e+04 1.245223560608976505e-03
3.159085337843835717e+00 9.874450295556508550e+00 1.180122916223079743e+00 3.875831208736434108e-03 4.456808299359358472e+01 1.412865739653947195e+01 6.043350610499169662e-01 3.681439999999999824e+00 2.084557383758195647e+04 1.245223560608976505e-03
3.159085290769796384e+00 9.874450442697284558e+00 1.180122916223079743e+00 3.875831208736434108e-03 4.456808299359358472e+01 1.412865739653947195e+01 6.043350610499169662e-01 3.681439999999999824e+00 2.084557383758195647e+04 1.245223560608976505e-03
3.159085290769796384e+00 9.874450295556508550e+00 1.180122933808281482e+00 3.875831208736434108e-03 4.456808299359358472e+01 1.412865739653947195e+01 6.043350610499169662e-01 3.681439999999999824e+00 2.084557383758195647e+04 1.245223560608976505e-03
3.159085290769796384e+00 9.874450295556508550e+00 1.180122916223079743e+00 3.875846109897627956e-03 4.456808299359358472e+01 1.412865739653947195e+01 6.043350610499169662e-01 3.681439999999999824e+00 2.084557383758195647e+04 1.245223560608976505e-03
3.159085290769796384e+00 9.874450295556508550e+00 1.180122916223079743e+00 3.875831208736434108e-03 4.456808365770977076e+01 1.412865739653947195e+01 6.043350610499169662e-01 3.681439999999999824e+00 2.084557383758195647e+04 1.245223560608976505e-03
3.159085290769796384e+00 9.874450295556508550e+00 1.180122916223079743e+00 3.875831208736434108e-03 4.456808299359358472e+01 1.412865760707287244e+01 6.043350610499169662e-01 3.681439999999999824e+00 2.084557383758195647e+04 1.245223560608976505e-03
3.159085290769796384e+00 9.874450295556508550e+00 1.180122916223079743e+00 3.875831208736434108e-03 4.456808299359358472e+01 1.412865739653947195e+01 6.043350759510781600e-01 3.681439999999999824e+00 2.084557383758195647e+04 1.245223560608976505e-03
3.159085290769796384e+00 9.874450295556508550e+00 1.180122916223079743e+00 3.875831208736434108e-03 4.456808299359358472e+01 1.412865739653947195e+01 6.043350610499169662e-01 3.681439999999999824e+00 2.084557414820521080e+04 1.245223560608976505e-03
3.159085290769796384e+00 9.874450295556508550e+00 1.180122916223079743e+00 3.875831208736434108e-03 4.456808299359358472e+01 1.412865739653947195e+01 6.043350610499169662e-01 3.681439999999999824e+00 2.084557383758195647e+04 1.245238461770170352e-03
3.159111356030596340e+00 9.876224229853397318e+00 1.180053591352903553e+00 3.804483700951011640e-03 4.456999174753298121e+01 1.412874275811513058e+01 5.973282329491869103e-01 3.681439999999999824e+00 2.084532561912336314e+04 1.245848088100004860e-03
3.159111403105023808e+00 9.876224229853397318e+00 1.180053591352903553e+00 3.804483700951011640e-03 4.456999174753298121e+01 1.412874275811513058e+01 5.973282329491869103e-01 3.681439999999999824e+00 2.084532561912336314e+04 1.245848088100004860e-03
3.159111356030596340e+00 9.876224377020607292e+00 1.180053591352903553e+00 3.804483700951011640e-03 4.456999174753298121e+01 1.412874275811513058e+01 5.973282329491869103e-01 3.681439999999999824e+00 2.084532561912336314e+04 1.245848088100004860e-03
3.159111356030596340e+00 9.876224229853397318e+00 1.180053608937072340e+00 3.804483700951011640e-03 4.456999174753298121e+01 1.412874275811513058e+01 5.973282329491869103e-01 3.681439999999999824e+00 2.084532561912336314e+04 1.245848088100004860e-03
3.159111356030596340e+00 9.876224229853397318e+00 1.180053591352903553e+00 3.804498602112205488e-03 4.456999174753298121e+01 1.412874275811513058e+01 5.973282329491869103e-01 3.681439999999999824e+00 2.084532561912336314e+04 1.245848088100004860e-03
3.159111356030596340e+00 9.876224229853397318e+00 1.180053591352903553e+00 3.804483700951011640e-03 4.456999241167761028e+01 1.412874275811513058e+01 5.973282329491869103e-01 3.681439999999999824e+00 2.084532561912336314e+04 1.245848088100004860e-03
3.159111356030596340e+00 9.876224229853397318e+00 1.180053591352903553e+00 3.804483700951011640e-03 4.456999174753298121e+01 1.412874296864980472e+01 5.973282329491869103e-01 3.681439999999999824e+00 2.084532561912336314e+04 1.245848088100004860e-03
3.159111356030596340e+00 9.876224229853397318e+00 1.180053591352903553e+00 3.804483700951011640e-03 4.456999174753298121e+01 1.412874275811513058e+01 5.973282478503481041e-01 3.681439999999999824e+00 2.084532561912336314e+04 1.245848088100004860e-03
3.159111356030596340e+00 9.876224229853397318e+00 1.180053591352903553e+00 3.804483700951011640e-03 4.456999174753298121e+01 1.412874275811513058e+01 5.973282329491869103e-01 3.681439999999999824e+00 2.084532592974292129e+04 1.245848088100004860e-03
3.159111356030596340e+00 9.876224229853397318e+00 1.180053591352903553e+00 3.804483700951011640e-03 4.456999174753298121e+01 1.412874275811513058e+01 5.973282329491869103e-01 3.681439999999999824e+00 2.084532561912336314e+04 1.245862989261198707e-03
3.159141697452074737e+00 9.877871155051298757e+00 1.180106494680017493e+00 3.723429001150565642e-03 4.457166668284096289e+01 1.412883677770844670e+01 5.904079676437054003e-01 3.681439999999999824e+00 2.084503464742082724e+04 1.246799303572148363e-03
3.159141744526954287e+00 9.877871155051298757e+00 1.180106494680017493e+00 3.723429001150565642e-03 4.457166668284096289e+01 1.412883677770844670e+01 5.904079676437054003e-01 3.681439999999999824e+00 2.084503464742082724e+04 1.246799303572148363e-03
3.159141697452074737e+00 9.877871302243049101e+00 1.180106494680017493e+00 3.723429001150565642e-03 4.457166668284096289e+01 1.412883677770844670e+01 5.904079676437054003e-01 3.681439999999999824e+00 2.084503464742082724e+04 1.246799303572148363e-03
3.159141697452074737e+00 9.877871155051298757e+00 1.180106512264974539e+00 3.723429001150565642e-03 4.457166668284096289e+01 1.412883677770844670e+01 5.904079676437054003e-01 3.681439999999999824e+00 2.084503464742082724e+04 1.246799303572148363e-03
3.159141697452074737e+00 9.877871155051298757e+00 1.180106494680017493e+00 3.723443902311759490e-03 4.457166668284096289e+01 1.412883677770844670e+01 5.904079676437054003e-01 3.681439999999999824e+00 2.084503464742082724e+04 1.246799303572148363e-03
3.159141697452074737e+00 9.877871155051298757e+00 1.180106494680017493e+00 3.723429001150565642e-03 4.457166734701055333e+01 1.412883677770844670e+01 5.904079676437054003e-01 3.681439999999999824e+00 2.084503464742082724e+04 1.246799303572148363e-03
3.159141697452074737e+00 9.877871155051298757e+00 1.180106494680017493e+00 3.723429001150565642e-03 4.457166668284096289e+01 1.412883698824452061e+01 5.904079676437054003e-01 3.681439999999999824e+00 2.084503464742082724e+04 1.246799303572148363e-03
3.159141697452074737e+00 9.877871155051298757e+00 1.180106494680017493e+00 3.723429001150565642e-03 4.457166668284096289e+01 1.412883677770844670e+01 5.904079825448665941e-01 3.681439999999999824e+00 2.084503464742082724e+04 1.246799303572148363e-03
3.159141697452074737e+00 9.877871155051298757e+00 1.180106494680017493e+00 3.723429001150565642e-03 4.457166668284096289e+01 1.412883677770844670e+01 5.904079676437054003e-01 3.681439999999999824e+00 2.084503495803604892e+04 1.246799303572148363e-03
3.159141697452074737e+00 9.877871155051298757e+00 1.180106494680017493e+00 3.723429001150565642e-03 4.457166668284096289e+01 1.412883677770844670e+01 5.904079676437054003e-01 3.681439999999999824e+00 2.084503464742082724e+04 1.246814204733342210e-03
3.159138640321815572e+00 9.878932197935901272e+00 1.180082397725765064e+00 3.640607799125384052e-03 4.457292110366153537e+01 1.412902988636739288e+01 5.841102617211313408e-01 3.681439999999999824e+00 2.084441289196542130e+04 1.247473381516968219e-03
3.159138687396649825e+00 9.878932197935901272e+00 1.180082397725765064e+00 3.640607799125384052e-03 4.457292110366153537e+01 1.412902988636739288e+01 5.841102617211313408e-01 3.681439999999999824e+00 2.084441289196542130e+04 1.247473381516968219e-03
3.159138640321815572e+00 9.878932345143462967e+00 1.180082397725765064e+00 3.640607799125384052e-03 4.457292110366153537e+01 1.412902988636739288e+01 5.841102617211313408e-01 3.681439999999999824e+00 2.084441289196542130e+04 1.247473381516968219e-03
3.159138640321815572e+00 9.878932197935901272e+00 1.180082415310363064e+00 3.640607799125384052e-03 4.457292110366153537e+01 1.412902988636739288e+01 5.841102617211313408e-01 3.681439999999999824e+00 2.084441289196542130e+04 1.247473381516968219e-03
3.159138640321815572e+00 9.878932197935901272e+00 1.180082397725765064e+00 3.640622700286577900e-03 4.457292110366153537e+01 1.412902988636739288e+01 5.841102617211313408e-01 3.681439999999999824e+00 2.084441289196542130e+04 1.247473381516968219e-03
3.159138640321815572e+00 9.878932197935901272e+00 1.180082397725765064e+00 3.640607799125384052e-03 4.457292176784982018e+01 1.412902988636739288e+01 5.841102617211313408e-01 3.681439999999999824e+00 2.084441289196542130e+04 1.247473381516968219e-03
3.159138640321815572e+00 9.878932197935901272e+00 1.180082397725765064e+00 3.640607799125384052e-03 4.457292110366153537e+01 1.412903009690634448e+01 5.841102617211313408e-01 3.681439999999999824e+00 2.084441289196542130e+04 1.247473381516968219e-03
3.159138640321815572e+00 9.878932197935901272e+00 1.180082397725765064e+00 3.640607799125384052e-03 4.457292110366153537e+01 1.412902988636739288e+01 5.841102766222925347e-01 3.681439999999999824e+00 2.084441289196542130e+04 1.247473381516968219e-03
3.159138640321815572e+00 9.878932197935901272e+00 1.180082397725765064e+00 3.640607799125384052e-03 4.457292110366153537e+01 1.412902988636739288e+01 5.841102617211313408e-01 3.681439999999999824e+00 2.084441320257137704e+04 1.247473381516968219e-03
3.159138640321815572e+00 9.878932197935901272e+00 1.180082397725765064e+00 3.640607799125384052e-03 4.457292110366153537e+01 1.412902988636739288e+01 5.841102617211313408e-01 3.681439999999999824e+00 2.084441289196542130e+04 1.247488282678162067e-03
3.159217336663910913e+00 9.882676138928557563e+00 1.180137323092421919e+00 3.535203349396272548e-03 4.457293381402304533e+01 1.412926628045823563e+01 5.704938498484831699e-01 3.681439999999999824e+00 2.084358285455463556e+04 1.249059161598881041e-03
3.159217383739917562e+00 9.882676138928557563e+00 1.180137323092421919e+00 3.535203349396272548e-03 4.457293381402304533e+01 1.412926628045823563e+01 5.704938498484831699e-01 3.681439999999999824e+00 2.084358285455463556e+04 1.249059161598881041e-03
3.159217336663910913e+00 9.882676286191907522e+00 1.180137323092421919e+00 3.535203349396272548e-03 4.457293381402304533e+01 1.412926628045823563e+01 5.704938498484831699e-01 3.681439999999999824e+00 2.084358285455463556e+04 1.249059161598881041e-03
3.159217336663910913e+00 9.882676138928557563e+00 1.180137340677838376e+00 3.535203349396272548e-03 4.457293381402304533e+01 1.412926628045823563e+01 5.704938498484831699e-01 3.681439999999999824e+00 2.084358285455463556e+04 1.249059161598881041e-03
3.159217336663910913e+00 9.882676138928557563e+00 1.180137323092421919e+00 3.535218250557466396e-03 4.457293381402304533e+01 1.412926628045823563e+01 5.704938498484831699e-01 3.681439999999999824e+00 2.084358285455463556e+04 1.249059161598881041e-03
3.159217336663910913e+00 9.882676138928557563e+00 1.180137323092421919e+00 3.535203349396272548e-03 4.457293447821151489e+01 1.412926628045823563e+01 5.704938498484831699e-01 3.681439999999999824e+00 2.084358285455463556e+04 1.249059161598881041e-03
3.159217336663910913e+00 9.882676138928557563e+00 1.180137323092421919e+00 3.535203349396272548e-03 4.457293381402304533e+01 1.412926649100070975e+01 5.704938498484831699e-01 3.681439999999999824e+00 2.084358285455463556e+04 1.249059161598881041e-03
3.159217336663910913e+00 9.882676138928557563e+00 1.180137323092421919e+00 3.535203349396272548e-03 4.457293381402304533e+01 1.412926628045823563e+01 5.704938647496443638e-01 3.681439999999999824e+00 2.084358285455463556e+04 1.249059161598881041e-03
3.159217336663910913e+00 9.882676138928557563e+00 1.180137323092421919e+00 3.535203349396272548e-03 4.457293381402304533e+01 1.412926628045823563e+01 5.704938498484831699e-01 3.681439999999999824e+00 2.084358316514822218e+04 1.249059161598881041e-03
3.159217336663910913e+00 9.882676138928557563e+00 1.180137323092421919e+00 3.535203349396272548e-03 4.457293381402304533e+01 1.412926628045823563e+01 5.704938498484831699e-01 3.681439999999999824e+00 2.084358285455463556e+04 1.249074062760074889e-03
3.159192578656636829e+00 9.882826103756219283e+00 1.180113599330985918e+00 3.152866499959933958e-03 4.457331826607432390e+01 1.412963968449712659e+01 5.605205302757325647e-01 3.681439999999999824e+00 2.084187964496570567e+04 1.248248668626426123e-03
3.159192625732274884e+00 9.882826103756219283e+00 1.180113599330985918e+00 3.152866499959933958e-03 4.457331826607432390e+01 1.412963968449712659e+01 5.605205302757325647e-01 3.681439999999999824e+00 2.084187964496570567e+04 1.248248668626426123e-03
3.159192578656636829e+00 9.882826251021803898e+00 1.180113599330985918e+00 3.152866499959933958e-03 4.457331826607432390e+01 1.412963968449712659e+01 5.605205302757325647e-01 3.681439999999999824e+00 2.084187964496570567e+04 1.248248668626426123e-03
3.159192578656636829e+00 9.882826103756219283e+00 1.180113616916048880e+00 3.152866499959933958e-03 4.457331826607432390e+01 1.412963968449712659e+01 5.605205302757325647e-01 3.681439999999999824e+00 2.084187964496570567e+04 1.248248668626426123e-03
3.159192578656636829e+00 9.882826103756219283e+00 1.180113599330985918e+00 3.152881401121127806e-03 4.457331826607432390e+01 1.412963968449712659e+01 5.605205302757325647e-01 3.681439999999999824e+00 2.084187964496570567e+04 1.248248668626426123e-03
3.159192578656636829e+00 9.882826103756219283e+00 1.180113599330985918e+00 3.152866499959933958e-03 4.457331893026852754e+01 1.412963968449712659e+01 5.605205302757325647e-01 3.681439999999999824e+00 2.084187964496570567e+04 1.248248668626426123e-03
3.159192578656636829e+00 9.882826103756219283e+00 1.180113599330985918e+00 3.152866499959933958e-03 4.457331826607432390e+01 1.412963989504516427e+01 5.605205302757325647e-01 3.681439999999999824e+00 2.084187964496570567e+04 1.248248668626426123e-03
3.159192578656636829e+00 9.882826103756219283e+00 1.180113599330985918e+00 3.152866499959933958e-03 4.457331826607432390e+01 1.412963968449712659e+01 5.605205451768937586e-01 3.681439999999999824e+00 2.084187964496570567e+04 1.248248668626426123e-03
3.159192578656636829e+00 9.882826103756219283e+00 1.180113599330985918e+00 3.152866499959933958e-03 4.457331826607432390e+01 1.412963968449712659e+01 5.605205302757325647e-01 3.681439999999999824e+00 2.084187995553391374e+04 1.248248668626426123e-03
3.159192578656636829e+00 9.882826103756219283e+00 1.180113599330985918e+00 3.152866499959933958e-03 4.457331826607432390e+01 1.412963968449712659e+01 5.605205302757325647e-01 3.681439999999999824e+00 2.084187964496570567e+04 1.248263569787619971e-03
3.159240024795642920e+00 9.886250341772486294e+00 1.180116969192176679e+00 2.859225365811170379e-03 4.457333506203343632e+01 1.413016763448012192e+01 5.368386178628294925e-01 3.681439999999999824e+00 2.083902615495417194e+04 1.248381795376622217e-03
3.159240071871987965e+00 9.886250341772486294e+00 1.180116969192176679e+00 2.859225365811170379e-03 4.457333506203343632e+01 1.413016763448012192e+01 5.368386178628294925e-01 3.681439999999999824e+00 2.083902615495417194e+04 1.248381795376622217e-03
3.159240024795642920e+00 9.886250489089096760e+00 1.180116969192176679e+00 2.859225365811170379e-03 4.457333506203343632e+01 1.413016763448012192e+01 5.368386178628294925e-01 3.681439999999999824e+00 2.083902615495417194e+04 1.248381795376622217e-03
3.159240024795642920e+00 9.886250341772486294e+00 1.180116986777289823e+00 2.859225365811170379e-03 4.457333506203343632e+01 1.413016763448012192e+01 5.368386178628294925e-01 3.681439999999999824e+00 2.083902615495417194e+04 1.248381795376622217e-03
3.159240024795642920e+00 9.886250341772486294e+00 1.180116969192176679e+00 2.859240266972364226e-03 4.457333506203343632e+01 1.413016763448012192e+01 5.368386178628294925e-01 3.681439999999999824e+00 2.083902615495417194e+04 1.248381795376622217e-03
3.159240024795642920e+00 9.886250341772486294e+00 1.180116969192176679e+00 2.859225365811170379e-03 4.457333572622788864e+01 1.413016763448012192e+01 5.368386178628294925e-01 3.681439999999999824e+00 2.083902615495417194e+04 1.248381795376622217e-03
3.159240024795642920e+00 9.886250341772486294e+00 1.180116969192176679e+00 2.859225365811170379e-03 4.457333506203343632e+01 1.413016784503602707e+01 5.368386178628294925e-01 3.681439999999999824e+00 2.083902615495417194e+04 1.248381795376622217e-03
3.159240024795642920e+00 9.886250341772486294e+00 1.180116969192176679e+00 2.859225365811170379e-03 4.457333506203343632e+01 1.413016763448012192e+01 5.368386327639906863e-01 3.681439999999999824e+00 2.083902615495417194e+04 1.248381795376622217e-03
3.159240024795642920e+00 9.886250341772486294e+00 1.180116969192176679e+00 2.859225365811170379e-03 4.457333506203343632e+01 1.413016763448012192e+01 5.368386178628294925e-01 3.681439999999999824e+00 2.083902646547985933e+04 1.248381795376622217e-03
3.159240024795642920e+00 9.886250341772486294e+00 1.180116969192176679e+00 2.859225365811170379e-03 4.457333506203343632e+01 1.413016763448012192e+01 5.368386178628294925e-01 3.681439999999999824e+00 2.083902615495417194e+04 1.248396696537816064e-03
3.159179582329147085e+00 9.886707341023363682e+00 1.180022900719081003e+00 2.433368465321316190e-03 4.457424671458630172e+01 1.413067788859078355e+01 5.263889172232385505e-01 3.681439999999999824e+00 2.083412499739362465e+04 1.245914141069482360e-03
3.159179629404591072e+00 9.886707341023363682e+00 1.180022900719081003e+00 2.433368465321316190e-03 4.457424671458630172e+01 1.413067788859078355e+01 5.263889172232385505e-01 3.681439999999999824e+00 2.083412499739362465e+04 1.245914141069482360e-03
3.159179582329147085e+00 9.886707488346782924e+00 1.180022900719081003e+00 2.433368465321316190e-03 4.457424671458630172e+01 1.413067788859078355e+01 5.263889172232385505e-01 3.681439999999999824e+00 2.083412499739362465e+04 1.245914141069482360e-03
3.159179582329147085e+00 9.886707341023363682e+00 1.180022918302792378e+00 2.433368465321316190e-03 4.457424671458630172e+01 1.413067788859078355e+01 5.263889172232385505e-01 3.681439999999999824e+00 2.083412499739362465e+04 1.245914141069482360e-03
3.159179582329147085e+00 9.886707341023363682e+00 1.180022900719081003e+00 2.433383366482510038e-03 4.457424671458630172e+01 1.413067788859078355e+01 5.263889172232385505e-01 3.681439999999999824e+00 2.083412499739362465e+04 1.245914141069482360e-03
3.159179582329147085e+00 9.886707341023363682e+00 1.180022900719081003e+00 2.433368465321316190e-03 4.457424737879433962e+01 1.413067788859078355e+01 5.263889172232385505e-01 3.681439999999999824e+00 2.083412499739362465e+04 1.245914141069482360e-03
3.159179582329147085e+00 9.886707341023363682e+00 1.180022900719081003e+00 2.433368465321316190e-03 4.457424671458630172e+01 1.413067809915429329e+01 5.263889172232385505e-01 3.681439999999999824e+00 2.083412499739362465e+04 1.245914141069482360e-03
3.159179582329147085e+00 9.886707341023363682e+00 1.180022900719081003e+00 2.433368465321316190e-03 4.457424671458630172e+01 1.413067788859078355e+01 5.263889321243997443e-01 3.681439999999999824e+00 2.083412499739362465e+04 1.245914141069482360e-03
3.159179582329147085e+00 9.886707341023363682e+00 1.180022900719081003e+00 2.433368465321316190e-03 4.457424671458630172e+01 1.413067788859078355e+01 5.263889172232385505e-01 3.681439999999999824e+00 2.083412530784627961e+04 1.245914141069482360e-03
3.159179582329147085e+00 9.886707341023363682e+00 1.180022900719081003e+00 2.433368465321316190e-03 4.457424671458630172e+01 1.413067788859078355e+01 5.263889172232385505e-01 3.681439999999999824e+00 2.083412499739362465e+04 1.245929042230676208e-03
3.159084291654552512e+00 9.889728260866032628e+00 1.179847447370261593e+00 1.763469628530581895e-03 4.457899619176619410e+01 1.413144797216173387e+01 5.106905061127757772e-01 3.681439999999999824e+00 2.082390115342681020e+04 1.241814519960556537e-03
3.159084338728576746e+00 9.889728260866032628e+00 1.179847447370261593e+00 1.763469628530581895e-03 4.457899619176619410e+01 1.413144797216173387e+01 5.106905061127757772e-01 3.681439999999999824e+00 2.082390115342681020e+04 1.241814519960556537e-03
3.159084291654552512e+00 9.889728408234468304e+00 1.179847447370261593e+00 1.763469628530581895e-03 4.457899619176619410e+01 1.413144797216173387e+01 5.106905061127757772e-01 3.681439999999999824e+00 2.082390115342681020e+04 1.241814519960556537e-03
3.159084291654552512e+00 9.889728260866032628e+00 1.179847464951358615e+00 1.763469628530581895e-03 4.457899619176619410e+01 1.413144797216173387e+01 5.106905061127757772e-01 3.681439999999999824e+00 2.082390115342681020e+04 1.241814519960556537e-03
3.159084291654552512e+00 9.889728260866032628e+00 1.179847447370261593e+00 1.763484529691775743e-03 4.457899619176619410e+01 1.413144797216173387e+01 5.106905061127757772e-01 3.681439999999999824e+00 2.082390115342681020e+04 1.241814519960556537e-03
3.159084291654552512e+00 9.889728260866032628e+00 1.179847447370261593e+00 1.763469628530581895e-03 4.457899685604500206e+01 1.413144797216173387e+01 5.106905061127757772e-01 3.681439999999999824e+00 2.082390115342681020e+04 1.241814519960556537e-03
3.159084291654552512e+00 9.889728260866032628e+00 1.179847447370261593e+00 1.763469628530581895e-03 4.457899619176619410e+01 1.413144818273671888e+01 5.106905061127757772e-01 3.681439999999999824e+00 2.082390115342681020e+04 1.241814519960556537e-03
3.159084291654552512e+00 9.889728260866032628e+00 1.179847447370261593e+00 1.763469628530581895e-03 4.457899619176619410e+01 1.413144797216173387e+01 5.106905210139369711e-01 3.681439999999999824e+00 2.082390115342681020e+04 1.241814519960556537e-03
3.159084291654552512e+00 9.889728260866032628e+00 1.179847447370261593e+00 1.763469628530581895e-03 4.457899619176619410e+01 1.413144797216173387e+01 5.106905061127757772e-01 3.681439999999999824e+00 2.082390146372711752e+04 1.241814519960556537e-03
3.159084291654552512e+00 9.889728260866032628e+00 1.179847447370261593e+00 1.763469628530581895e-03 4.457899619176619410e+01 1.413144797216173387e+01 5.106905061127757772e-01 3.681439999999999824e+00 2.082390115342681020e+04 1.241829421121750385e-03
3.158901492781843512e+00 9.895777280216401905e+00 1.179108931925644255e+00 9.823146356577913511e-04 4.458508443628761597e+01 1.413255216323671171e+01 4.901041405452959965e-01 3.681439999999999824e+00 2.080273979953263915e+04 1.233215461753965321e-03
3.158901539853143703e+00 9.895777280216401905e+00 1.179108931925644255e+00 9.823146356577913511e-04 4.458508443628761597e+01 1.413255216323671171e+01 4.901041405452959965e-01 3.681439999999999824e+00 2.080273979953263915e+04 1.233215461753965321e-03
3.158901492781843512e+00 9.895777427674973481e+00 1.179108931925644255e+00 9.823146356577913511e-04 4.458508443628761597e+01 1.413255216323671171e+01 4.901041405452959965e-01 3.681439999999999824e+00 2.080273979953263915e+04 1.233215461753965321e-03
3.158901492781843512e+00 9.895777280216401905e+00 1.179108949495736525e+00 9.823146356577913511e-04 4.458508443628761597e+01 1.413255216323671171e+01 4.901041405452959965e-01 3.681439999999999824e+00 2.080273979953263915e+04 1.233215461753965321e-03
3.158901492781843512e+00 9.895777280216401905e+00 1.179108931925644255e+00 9.823295368189851988e-04 4.458508443628761597e+01 1.413255216323671171e+01 4.901041405452959965e-01 3.681439999999999824e+00 2.080273979953263915e+04 1.233215461753965321e-03
3.158901492781843512e+00 9.895777280216401905e+00 1.179108931925644255e+00 9.823146356577913511e-04 4.458508510065714603e+01 1.413255216323671171e+01 4.901041405452959965e-01 3.681439999999999824e+00 2.080273979953263915e+04 1.233215461753965321e-03
3.158901492781843512e+00 9.895777280216401905e+00 1.179108931925644255e+00 9.823146356577913511e-04 4.458508443628761597e+01 1.413255237382814933e+01 4.901041405452959965e-01 3.681439999999999824e+00 2.080273979953263915e+04 1.233215461753965321e-03
3.158901492781843512e+00 9.895777280216401905e+00 1.179108931925644255e+00 9.823146356577913511e-04 4.458508443628761597e+01 1.413255216323671171e+01 4.901041554464571903e-01 3.681439999999999824e+00 2.080273979953263915e+04 1.233215461753965321e-03
3.158901492781843512e+00 9.895777280216401905e+00 1.179108931925644255e+00 9.823146356577913511e-04 4.458508443628761597e+01 1.413255216323671171e+01 4.901041405452959965e-01 3.681439999999999824e+00 2.080274010951761738e+04 1.233215461753965321e-03
3.158901492781843512e+00 9.895777280216401905e+00 1.179108931925644255e+00 9.823146356577913511e-04 4.458508443628761597e+01 1.413255216323671171e+01 4.901041405452959965e-01 3.681439999999999824e+00 2.080273979953263915e+04 1.233230362915159169e-03
3.158604448086433703e+00 9.908049387575681877e+00 1.178740173664352131e+00 6.495932147800996970e-04 4.458531089771176426e+01 1.413337654762944062e+01 4.467905107819773458e-01 3.681439999999999824e+00 2.076021757338781026e+04 1.215780041204527710e-03
3.158604495153307656e+00 9.908049387575681877e+00 1.178740173664352131e+00 6.495932147800996970e-04 4.458531089771176426e+01 1.413337654762944062e+01 4.467905107819773458e-01 3.681439999999999824e+00 2.076021757338781026e+04 1.215780041204527710e-03
3.158604448086433703e+00 9.908049535217122283e+00 1.178740173664352131e+00 6.495932147800996970e-04 4.458531089771176426e+01 1.413337654762944062e+01 4.467905107819773458e-01 3.681439999999999824e+00 2.076021757338781026e+04 1.215780041204527710e-03
3.158604448086433703e+00 9.908049387575681877e+00 1.178740191228949463e+00 6.495932147800996970e-04 4.458531089771176426e+01 1.413337654762944062e+01 4.467905107819773458e-01 3.681439999999999824e+00 2.076021757338781026e+04 1.215780041204527710e-03
3.158604448086433703e+00 9.908049387575681877e+00 1.178740173664352131e+00 6.496081159412935447e-04 4.458531089771176426e+01 1.413337654762944062e+01 4.467905107819773458e-01 3.681439999999999824e+00 2.076021757338781026e+04 1.215780041204527710e-03
3.158604448086433703e+00 9.908049387575681877e+00 1.178740173664352131e+00 6.495932147800996970e-04 4.458531156208466939e+01 1.413337654762944062e+01 4.467905107819773458e-01 3.681439999999999824e+00 2.076021757338781026e+04 1.215780041204527710e-03
3.158604448086433703e+00 9.908049387575681877e+00 1.178740173664352131e+00 6.495932147800996970e-04 4.458531089771176426e+01 1.413337675823316353e+01 4.467905107819773458e-01 3.681439999999999824e+00 2.076021757338781026e+04 1.215780041204527710e-03
3.158604448086433703e+00 9.908049387575681877e+00 1.178740173664352131e+00 6.495932147800996970e-04 4.458531089771176426e+01 1.413337654762944062e+01 4.467905256831385397e-01 3.681439999999999824e+00 2.076021757338781026e+04 1.215780041204527710e-03
3.158604448086433703e+00 9.908049387575681877e+00 1.178740173664352131e+00 6.495932147800996970e-04 4.458531089771176426e+01 1.413337654762944062e+01 4.467905107819773458e-01 3.681439999999999824e+00 2.076021788273915809e+04 1.215780041204527710e-03
3.158604448086433703e+00 9.908049387575681877e+00 1.178740173664352131e+00 6.495932147800996970e-04 4.458531089771176426e+01 1.413337654762944062e+01 4.467905107819773458e-01 3.681439999999999824e+00 2.076021757338781026e+04 1.215794942365721557e-03
3.158555993839957221e+00 9.908286495526956728e+00 1.178764459084957750e+00 1.923733615608560392e-04 4.458385745159414171e+01 1.426506919886058355e+01 1.277299986222981132e-01 3.681439999999999824e+00 2.075986255254067873e+04 1.215545795384332783e-03
3.158556040906109086e+00 9.908286495526956728e+00 1.178764459084957750e+00 1.923733615608560392e-04 4.458385745159414171e+01 1.426506919886058355e+01 1.277299986222981132e-01 3.681439999999999824e+00 2.075986255254067873e+04 1.215545795384332783e-03
3.158555993839957221e+00 9.908286643171930308e+00 1.178764459084957750e+00 1.923733615608560392e-04 4.458385745159414171e+01 1.426506919886058355e+01 1.277299986222981132e-01 3.681439999999999824e+00 2.075986255254067873e+04 1.215545795384332783e-03
3.158555993839957221e+00 9.908286495526956728e+00 1.178764476649917015e+00 1.923733615608560392e-04 4.458385745159414171e+01 1.426506919886058355e+01 1.277299986222981132e-01 3.681439999999999824e+00 2.075986255254067873e+04 1.215545795384332783e-03
3.158555993839957221e+00 9.908286495526956728e+00 1.178764459084957750e+00 1.923882627220498869e-04 4.458385745159414171e+01 1.426506919886058355e+01 1.277299986222981132e-01 3.681439999999999824e+00 2.075986255254067873e+04 1.215545795384332783e-03
3.158555993839957221e+00 9.908286495526956728e+00 1.178764459084957750e+00 1.923733615608560392e-04 4.458385811594538950e+01 1.426506919886058355e+01 1.277299986222981132e-01 3.681439999999999824e+00 2.075986255254067873e+04 1.215545795384332783e-03
3.158555993839957221e+00 9.908286495526956728e+00 1.178764459084957750e+00 1.923733615608560392e-04 4.458385745159414171e+01 1.426506941142667984e+01 1.277299986222981132e-01 3.681439999999999824e+00 2.075986255254067873e+04 1.215545795384332783e-03
3.158555993839957221e+00 9.908286495526956728e+00 1.178764459084957750e+00 1.923733615608560392e-04 4.458385745159414171e+01 1.426506919886058355e+01 1.277300135234593070e-01 3.681439999999999824e+00 2.075986255254067873e+04 1.215545795384332783e-03
3.158555993839957221e+00 9.908286495526956728e+00 1.178764459084957750e+00 1.923733615608560392e-04 4.458385745159414171e+01 1.426506919886058355e+01 1.277299986222981132e-01 3.681439999999999824e+00 2.075986286188673694e+04 1.215545795384332783e-03
3.158555993839957221e+00 9.908286495526956728e+00 1.178764459084957750e+00 1.923733615608560392e-04 4.458385745159414171e+01 1.426506919886058355e+01 1.277299986222981132e-01 3.681439999999999824e+00 2.075986255254067873e+04 1.215560696545526630e-03
3.157929499109656923e+00 9.934327710796916122e+00 1.177150784938158834e+00 2.083493280044434646e-05 4.459537610108556294e+01 1.426506919886058533e+01 1.277299986222981965e-01 3.681439999999999824e+00 2.067309372316061126e+04 1.179780731259679177e-03
3.157929546166473589e+00 9.934327710796916122e+00 1.177150784938158834e+00 2.083493280044434646e-05 4.459537610108556294e+01 1.426506919886058533e+01 1.277299986222981965e-01 3.681439999999999824e+00 2.067309372316061126e+04 1.179780731259679177e-03
3.157929499109656923e+00 9.934327858829934854e+00 1.177150784938158834e+00 2.083493280044434646e-05 4.459537610108556294e+01 1.426506919886058533e+01 1.277299986222981965e-01 3.681439999999999824e+00 2.067309372316061126e+04 1.179780731259679177e-03
3.157929499109656923e+00 9.934327710796916122e+00 1.177150802479072444e+00 2.083493280044434646e-05 4.459537610108556294e+01 1.426506919886058533e+01 1.277299986222981965e-01 3.681439999999999824e+00 2.067309372316061126e+04 1.179780731259679177e-03
3.157929499109656923e+00 9.934327710796916122e+00 1.177150784938158834e+00 2.084983396163819411e-05 4.459537610108556294e+01 1.426506919886058533e+01 1.277299986222981965e-01 3.681439999999999824e+00 2.067309372316061126e+04 1.179780731259679177e-03
3.157929499109656923e+00 9.934327710796916122e+00 1.177150784938158834e+00 2.083493280044434646e-05 4.459537676560844943e+01 1.426506919886058533e+01 1.277299986222981965e-01 3.681439999999999824e+00 2.067309372316061126e+04 1.179780731259679177e-03
3.157929499109656923e+00 9.934327710796916122e+00 1.177150784938158834e+00 2.083493280044434646e-05 4.459537610108556294e+01 1.426506941142668161e+01 1.277299986222981965e-01 3.681439999999999824e+00 2.067309372316061126e+04 1.179780731259679177e-03
3.157929499109656923e+00 9.934327710796916122e+00 1.177150784938158834e+00 2.083493280044434646e-05 4.459537610108556294e+01 1.426506919886058533e+01 1.277300135234593903e-01 3.681439999999999824e+00 2.067309372316061126e+04 1.179780731259679177e-03
3.157929499109656923e+00 9.934327710796916122e+00 1.177150784938158834e+00 2.083493280044434646e-05 4.459537610108556294e+01 1.426506919886058533e+01 1.277299986222981965e-01 3.681439999999999824e+00 2.067309403121371361e+04 1.179780731259679177e-03
3.157929499109656923e+00 9.934327710796916122e+00 1.177150784938158834e+00 2.083493280044434646e-05 4.459537610108556294e+01 1.426506919886058533e+01 1.277299986222981965e-01 3.681439999999999824e+00 2.067309372316061126e+04 1.179795632420873024e-03
3.157794005824484884e+00 9.932836367698817170e+00 1.177224698770293676e+00 7.552450867568682538e-06 4.459322013882989211e+01 1.426506919886053204e+01 1.277299986222978634e-01 3.681439999999999824e+00 2.067188790972958668e+04 1.178690866640832698e-03
3.157794052879282276e+00 9.932836367698817170e+00 1.177224698770293676e+00 7.552450867568682538e-06 4.459322013882989211e+01 1.426506919886053204e+01 1.277299986222978634e-01 3.681439999999999824e+00 2.067188790972958668e+04 1.178690866640832698e-03
3.157794005824484884e+00 9.932836515709613678e+00 1.177224698770293676e+00 7.552450867568682538e-06 4.459322013882989211e+01 1.426506919886053204e+01 1.277299986222978634e-01 3.681439999999999824e+00 2.067188790972958668e+04 1.178690866640832698e-03
3.157794005824484884e+00 9.932836367698817170e+00 1.177224716312308628e+00 7.552450867568682538e-06 4.459322013882989211e+01 1.426506919886053204e+01 1.277299986222978634e-01 3.681439999999999824e+00 2.067188790972958668e+04 1.178690866640832698e-03
3.157794005824484884e+00 9.932836367698817170e+00 1.177224698770293676e+00 7.567352028762530194e-06 4.459322013882989211e+01 1.426506919886053204e+01 1.277299986222978634e-01 3.681439999999999824e+00 2.067188790972958668e+04 1.178690866640832698e-03
3.157794005824484884e+00 9.932836367698817170e+00 1.177224698770293676e+00 7.552450867568682538e-06 4.459322080332065497e+01 1.426506919886053204e+01 1.277299986222978634e-01 3.681439999999999824e+00 2.067188790972958668e+04 1.178690866640832698e-03
3.157794005824484884e+00 9.932836367698817170e+00 1.177224698770293676e+00 7.552450867568682538e-06 4.459322013882989211e+01 1.426506941142662832e+01 1.277299986222978634e-01 3.681439999999999824e+00 2.067188790972958668e+04 1.178690866640832698e-03
3.157794005824484884e+00 9.932836367698817170e+00 1.177224698770293676e+00 7.552450867568682538e-06 4.459322013882989211e+01 1.426506919886053204e+01 1.277300135234590572e-01 3.681439999999999824e+00 2.067188790972958668e+04 1.178690866640832698e-03
3.157794005824484884e+00 9.932836367698817170e+00 1.177224698770293676e+00 7.552450867568682538e-06 4.459322013882989211e+01 1.426506919886053204e+01 1.277299986222978634e-01 3.681439999999999824e+00 2.067188821776472105e+04 1.178690866640832698e-03
3.157794005824484884e+00 9.932836367698817170e+00 1.177224698770293676e+00 7.552450867568682538e-06 4.459322013882989211e+01 1.426506919886053204e+01 1.277299986222978634e-01 3.681439999999999824e+00 2.067188790972958668e+04 1.178705767802026546e-03
3.156137732456739453e+00 9.989652470307909482e+00 1.173540098342533700e+00 7.928272104917505662e-08 4.460760198557892409e+01 1.570518065009787101e+01 3.431079617552255101e-01 3.681439999999999824e+00 2.047447826816867746e+04 1.097348651279887819e-03
3.156137779486856587e+00 9.989652470307909482e+00 1.173540098342533700e+00 7.928272104917505662e-08 4.460760198557892409e+01 1.570518065009787101e+01 3.431079617552255101e-01 3.681439999999999824e+00 2.047447826816867746e+04 1.097348651279887819e-03
3.156137732456739453e+00 9.989652619165331870e+00 1.173540098342533700e+00 7.928272104917505662e-08 4.460760198557892409e+01 1.570518065009787101e+01 3.431079617552255101e-01 3.681439999999999824e+00 2.047447826816867746e+04 1.097348651279887819e-03
3.156137732456739453e+00 9.989652470307909482e+00 1.173540115829643904e+00 7.928272104917505662e-08 4.460760198557892409e+01 1.570518065009787101e+01 3.431079617552255101e-01 3.681439999999999824e+00 2.047447826816867746e+04 1.097348651279887819e-03
3.156137732456739453e+00 9.989652470307909482e+00 1.173540098342533700e+00 9.418388224302271287e-08 4.460760198557892409e+01 1.570518065009787101e+01 3.431079617552255101e-01 3.681439999999999824e+00 2.047447826816867746e+04 1.097348651279887819e-03
3.156137732456739453e+00 9.989652470307909482e+00 1.173540098342533700e+00 7.928272104917505662e-08 4.460760265028399374e+01 1.570518065009787101e+01 3.431079617552255101e-01 3.681439999999999824e+00 2.047447826816867746e+04 1.097348651279887819e-03
3.156137732456739453e+00 9.989652470307909482e+00 1.173540098342533700e+00 7.928272104917505662e-08 4.460760198557892409e+01 1.570518088412329938e+01 3.431079617552255101e-01 3.681439999999999824e+00 2.047447826816867746e+04 1.097348651279887819e-03
3.156137732456739453e+00 9.989652470307909482e+00 1.173540098342533700e+00 7.928272104917505662e-08 4.460760198557892409e+01 1.570518065009787101e+01 3.431079766563867040e-01 3.681439999999999824e+00 2.047447826816867746e+04 1.097348651279887819e-03
3.156137732456739453e+00 9.989652470307909482e+00 1.173540098342533700e+00 7.928272104917505662e-08 4.460760198557892409e+01 1.570518065009787101e+01 3.431079617552255101e-01 3.681439999999999824e+00 2.047447857326217854e+04 1.097348651279887819e-03
3.156137732456739453e+00 9.989652470307909482e+00 1.173540098342533700e+00 7.928272104917505662e-08 4.460760198557892409e+01 1.570518065009787101e+01 3.431079617552255101e-01 3.681439999999999824e+00 2.047447826816867746e+04 1.097363552441081667e-03
3.157761418821536381e+00 9.988660688211410843e+00 1.174032572393383989e+00 1.099728638280007067e-08 4.437899925089453035e+01 1.566772002782183648e+01 9.999675932377016796e-01 3.681439999999999824e+00 2.049392523918644292e+04 1.104367608217331079e-03
3.156283331309733597e+00 9.981664184719196697e+00 1.174241089134822058e+00 3.685944404292720820e-08 4.460702803943899397e+01 1.570518065009787101e+01 3.431079617552194039e-01 3.681439999999999824e+00 2.049986108085184605e+04 1.106021453680336138e-03
3.156283378342020107e+00 9.981664184719196697e+00 1.174241089134822058e+00 3.685944404292720820e-08 4.460702803943899397e+01 1.570518065009787101e+01 3.431079617552194039e-01 3.681439999999999824e+00 2.049986108085184605e+04 1.106021453680336138e-03
3.156283331309733597e+00 9.981664333457583638e+00 1.174241089134822058e+00 3.685944404292720820e-08 4.460702803943899397e+01 1.570518065009787101e+01 3.431079617552194039e-01 3.681439999999999824e+00 2.049986108085184605e+04 1.106021453680336138e-03
3.156283331309733597e+00 9.981664184719196697e+00 1.174241106632377907e+00 3.685944404292720820e-08 4.460702803943899397e+01 1.570518065009787101e+01 3.431079617552194039e-01 3.681439999999999824e+00 2.049986108085184605e+04 1.106021453680336138e-03
3.156283331309733597e+00 9.981664184719196697e+00 1.174241089134822058e+00 5.176060523677486445e-08 4.460702803943899397e+01 1.570518065009787101e+01 3.431079617552194039e-01 3.681439999999999824e+00 2.049986108085184605e+04 1.106021453680336138e-03
3.156283331309733597e+00 9.981664184719196697e+00 1.174241089134822058e+00 3.685944404292720820e-08 4.460702870413550869e+01 1.570518065009787101e+01 3.431079617552194039e-01 3.681439999999999824e+00 2.049986108085184605e+04 1.106021453680336138e-03
3.156283331309733597e+00 9.981664184719196697e+00 1.174241089134822058e+00 3.685944404292720820e-08 4.460702803943899397e+01 1.570518088412329938e+01 3.431079617552194039e-01 3.681439999999999824e+00 2.049986108085184605e+04 1.106021453680336138e-03
3.156283331309733597e+00 9.981664184719196697e+00 1.174241089134822058e+00 3.685944404292720820e-08 4.460702803943899397e+01 1.570518065009787101e+01 3.431079766563805977e-01 3.681439999999999824e+00 2.049986108085184605e+04 1.106021453680336138e-03
3.156283331309733597e+00 9.981664184719196697e+00 1.174241089134822058e+00 3.685944404292720820e-08 4.460702803943899397e+01 1.570518065009787101e+01 3.431079617552194039e-01 3.681439999999999824e+00 2.049986138632358052e+04 1.106021453680336138e-03
3.156283331309733597e+00 9.981664184719196697e+00 1.174241089134822058e+00 3.685944404292720820e-08 4.460702803943899397e+01 1.570518065009787101e+01 3.431079617552194039e-01 3.681439999999999824e+00 2.049986108085184605e+04 1.106036354841529986e-03
3.157520258293887938e+00 9.984817979027971191e+00 1.174273637091840294e+00 1.324280861124520947e-08 4.443120918873509595e+01 1.570518065009784969e+01 3.431079617541399340e-01 3.681439999999999824e+00 2.050325007345388440e+04 1.107691762087898487e-03
3.156605800928885763e+00 9.981788908722716513e+00 1.174272537780609360e+00 1.319991594972719377e-08 4.456928068595648540e+01 1.570518065009786746e+01 3.431079617550347738e-01 3.681439999999999824e+00 2.050319502444381578e+04 1.107671410809649062e-03
3.156605847965977762e+00 9.981788908722716513e+00 1.174272537780609360e+00 1.319991594972719377e-08 4.456928068595648540e+01 1.570518065009786746e+01 3.431079617550347738e-01 3.681439999999999824e+00 2.050319502444381578e+04 1.107671410809649062e-03
3.156605800928885763e+00 9.981789057462961523e+00 1.174272537780609360e+00 1.319991594972719377e-08 4.456928068595648540e+01 1.570518065009786746e+01 3.431079617550347738e-01 3.681439999999999824e+00 2.050319502444381578e+04 1.107671410809649062e-03
3.156605800928885763e+00 9.981788908722716513e+00 1.174272555278633723e+00 1.319991594972719377e-08 4.456928068595648540e+01 1.570518065009786746e+01 3.431079617550347738e-01 3.681439999999999824e+00 2.050319502444381578e+04 1.107671410809649062e-03
3.156605800928885763e+00 9.981788908722716513e+00 1.174272537780609360e+00 2.810107714357485002e-08 4.456928068595648540e+01 1.570518065009786746e+01 3.431079617550347738e-01 3.681439999999999824e+00 2.050319502444381578e+04 1.107671410809649062e-03
3.156605800928885763e+00 9.981788908722716513e+00 1.174272537780609360e+00 1.319991594972719377e-08 4.456928135009052028e+01 1.570518065009786746e+01 3.431079617550347738e-01 3.681439999999999824e+00 2.050319502444381578e+04 1.107671410809649062e-03
3.156605800928885763e+00 9.981788908722716513e+00 1.174272537780609360e+00 1.319991594972719377e-08 4.456928068595648540e+01 1.570518088412329583e+01 3.431079617550347738e-01 3.681439999999999824e+00 2.050319502444381578e+04 1.107671410809649062e-03
3.156605800928885763e+00 9.981788908722716513e+00 1.174272537780609360e+00 1.319991594972719377e-08 4.456928068595648540e+01 1.570518065009786746e+01 3.431079766561959676e-01 3.681439999999999824e+00 2.050319502444381578e+04 1.107671410809649062e-03
3.156605800928885763e+00 9.981788908722716513e+00 1.174272537780609360e+00 1.319991594972719377e-08 4.456928068595648540e+01 1.570518065009786746e+01 3.431079617550347738e-01 3.681439999999999824e+00 2.050319532996523048e+04 1.107671410809649062e-03
3.156605800928885763e+00 9.981788908722716513e+00 1.174272537780609360e+00 1.319991594972719377e-08 4.456928068595648540e+01 1.570518065009786746e+01 3.431079617550347738e-01 3.681439999999999824e+00 2.050319502444381578e+04 1.107686311970842909e-03
3.156922078660965081e+00 9.982870161471756987e+00 1.174264015845053910e+00 2.335028357688245756e-09 4.452496476107265266e+01 1.570518065009786746e+01 3.431079617550487626e-01 3.681439999999999824e+00 2.050294435635025366e+04 1.107582648724139696e-03
3.156922125702769755e+00 9.982870161471756987e+00 1.174264015845053910e+00 2.335028357688245756e-09 4.452496476107265266e+01 1.570518065009786746e+01 3.431079617550487626e-01 3.681439999999999824e+00 2.050294435635025366e+04 1.107582648724139696e-03
3.156922078660965081e+00 9.982870310228113553e+00 1.174264015845053910e+00 2.335028357688245756e-09 4.452496476107265266e+01 1.570518065009786746e+01 3.431079617550487626e-01 3.681439999999999824e+00 2.050294435635025366e+04 1.107582648724139696e-03
3.156922078660965081e+00 9.982870161471756987e+00 1.174264033342951263e+00 2.335028357688245756e-09 4.452496476107265266e+01 1.570518065009786746e+01 3.431079617550487626e-01 3.681439999999999824e+00 2.050294435635025366e+04 1.107582648724139696e-03
3.156922078660965081e+00 9.982870161471756987e+00 1.174264015845053910e+00 1.723618955153590201e-08 4.452496476107265266e+01 1.570518065009786746e+01 3.431079617550487626e-01 3.681439999999999824e+00 2.050294435635025366e+04 1.107582648724139696e-03
3.156922078660965081e+00 9.982870161471756987e+00 1.174264015845053910e+00 2.335028357688245756e-09 4.452496542454633044e+01 1.570518065009786746e+01 3.431079617550487626e-01 3.681439999999999824e+00 2.050294435635025366e+04 1.107582648724139696e-03
3.156922078660965081e+00 9.982870161471756987e+00 1.174264015845053910e+00 2.335028357688245756e-09 4.452496476107265266e+01 1.570518088412329583e+01 3.431079617550487626e-01 3.681439999999999824e+00 2.050294435635025366e+04 1.107582648724139696e-03
3.156922078660965081e+00 9.982870161471756987e+00 1.174264015845053910e+00 2.335028357688245756e-09 4.452496476107265266e+01 1.570518065009786746e+01 3.431079766562099564e-01 3.681439999999999824e+00 2.050294435635025366e+04 1.107582648724139696e-03
3.156922078660965081e+00 9.982870161471756987e+00 1.174264015845053910e+00 2.335028357688245756e-09 4.452496476107265266e+01 1.570518065009786746e+01 3.431079617550487626e-01 3.681439999999999824e+00 2.050294466186793215e+04 1.107582648724139696e-03
3.156922078660965081e+00 9.982870161471756987e+00 1.174264015845053910e+00 2.335028357688245756e-09 4.452496476107265266e+01 1.570518065009786746e+01 3.431079617550487626e-01 3.681439999999999824e+00 2.050294435635025366e+04 1.107597549885333543e-03
3.157016471079022057e+00 9.983109646306388640e+00 1.174266215344759390e+00 3.609291807271215171e-10 4.451388579325336536e+01 1.570518065009786568e+01 3.431079617550243377e-01 3.681439999999999824e+00 2.050300671202251760e+04 1.107605732109274684e-03
3.157016518122233606e+00 9.983109646306388640e+00 1.174266215344759390e+00 3.609291807271215171e-10 4.451388579325336536e+01 1.570518065009786568e+01 3.431079617550243377e-01 3.681439999999999824e+00 2.050300671202251760e+04 1.107605732109274684e-03
3.157016471079022057e+00 9.983109795066313907e+00 1.174266215344759390e+00 3.609291807271215171e-10 4.451388579325336536e+01 1.570518065009786568e+01 3.431079617550243377e-01 3.681439999999999824e+00 2.050300671202251760e+04 1.107605732109274684e-03
3.157016471079022057e+00 9.983109646306388640e+00 1.174266232842689606e+00 3.609291807271215171e-10 4.451388579325336536e+01 1.570518065009786568e+01 3.431079617550243377e-01 3.681439999999999824e+00 2.050300671202251760e+04 1.107605732109274684e-03
3.157016471079022057e+00 9.983109646306388640e+00 1.174266215344759390e+00 1.526209037457477777e-08 4.451388579325336536e+01 1.570518065009786568e+01 3.431079617550243377e-01 3.681439999999999824e+00 2.050300671202251760e+04 1.107605732109274684e-03
3.157016471079022057e+00 9.983109646306388640e+00 1.174266215344759390e+00 3.609291807271215171e-10 4.451388645656195564e+01 1.570518065009786568e+01 3.431079617550243377e-01 3.681439999999999824e+00 2.050300671202251760e+04 1.107605732109274684e-03
3.157016471079022057e+00 9.983109646306388640e+00 1.174266215344759390e+00 3.609291807271215171e-10 4.451388579325336536e+01 1.570518088412329405e+01 3.431079617550243377e-01 3.681439999999999824e+00 2.050300671202251760e+04 1.107605732109274684e-03
3.157016471079022057e+00 9.983109646306388640e+00 1.174266215344759390e+00 3.609291807271215171e-10 4.451388579325336536e+01 1.570518065009786568e+01 3.431079766561855315e-01 3.681439999999999824e+00 2.050300671202251760e+04 1.107605732109274684e-03
3.157016471079022057e+00 9.983109646306388640e+00 1.174266215344759390e+00 3.609291807271215171e-10 4.451388579325336536e+01 1.570518065009786568e+01 3.431079617550243377e-01 3.681439999999999824e+00 2.050300701754112379e+04 1.107605732109274684e-03
3.157016471079022057e+00 9.983109646306388640e+00 1.174266215344759390e+00 3.609291807271215171e-10 4.451388579325336536e+01 1.570518065009786568e+01 3.431079617550243377e-01 3.681439999999999824e+00 2.050300671202251760e+04 1.107620633270468532e-03
3.156872842372842491e+00 9.982599993151188400e+00 1.174267878485301120e+00 1.400891746232111916e-11 4.453605834991590484e+01 1.570518065009786390e+01 3.431079617550243932e-01 3.681439999999999824e+00 2.050305808950338906e+04 1.107629284823766517e-03
3.156985149938747348e+00 9.982975665594675974e+00 1.174267718909562941e+00 1.264510817974293144e-11 4.451941989111308118e+01 1.570518065009786568e+01 3.431079617550243377e-01 3.681439999999999824e+00 2.050305377260609384e+04 1.107627446301467271e-03
3.156985196981492159e+00 9.982975665594675974e+00 1.174267718909562941e+00 1.264510817974293144e-11 4.451941989111308118e+01 1.570518065009786568e+01 3.431079617550243377e-01 3.681439999999999824e+00 2.050305377260609384e+04 1.107627446301467271e-03
3.156985149938747348e+00 9.982975814352606392e+00 1.174267718909562941e+00 1.264510817974293144e-11 4.451941989111308118e+01 1.570518065009786568e+01 3.431079617550243377e-01 3.681439999999999824e+00 2.050305377260609384e+04 1.107627446301467271e-03
3.156985149938747348e+00 9.982975665594675974e+00 1.174267736407515583e+00 1.264510817974293144e-11 4.451941989111308118e+01 1.570518065009786568e+01 3.431079617550243377e-01 3.681439999999999824e+00 2.050305377260609384e+04 1.107627446301467271e-03
3.156985149938747348e+00 9.982975665594675974e+00 1.174267718909562941e+00 1.491380630202739970e-08 4.451941989111308118e+01 1.570518065009786568e+01 3.431079617550243377e-01 3.681439999999999824e+00 2.050305377260609384e+04 1.107627446301467271e-03
3.156985149938747348e+00 9.982975665594675974e+00 1.174267718909562941e+00 1.264510817974293144e-11 4.451942055450412994e+01 1.570518065009786568e+01 3.431079617550243377e-01 3.681439999999999824e+00 2.050305377260609384e+04 1.107627446301467271e-03
3.156985149938747348e+00 9.982975665594675974e+00 1.174267718909562941e+00 1.264510817974293144e-11 4.451941989111308118e+01 1.570518088412329405e+01 3.431079617550243377e-01 3.681439999999999824e+00 2.050305377260609384e+04 1.107627446301467271e-03
3.156985149938747348e+00 9.982975665594675974e+00 1.174267718909562941e+00 1.264510817974293144e-11 4.451941989111308118e+01 1.570518065009786568e+01 3.431079766561855315e-01 3.681439999999999824e+00 2.050305377260609384e+04 1.107627446301467271e-03
3.156985149938747348e+00 9.982975665594675974e+00 1.174267718909562941e+00 1.264510817974293144e-11 4.451941989111308118e+01 1.570518065009786568e+01 3.431079617550243377e-01 3.681439999999999824e+00 2.050305407812540216e+04 1.107627446301467271e-03
3.156985149938747348e+00 9.982975665594675974e+00 1.174267718909562941e+00 1.264510817974293144e-11 4.451941989111308118e+01 1.570518065009786568e+01 3.431079617550243377e-01 3.681439999999999824e+00 2.050305377260609384e+04 1.107642347462661119e-03
3.157469745193999699e+00 9.984709324089614313e+00 1.174266116155681328e+00 2.267679913498919379e-13 4.444636868897598703e+01 1.570518065009786035e+01 3.431079617550242267e-01 3.681439999999999824e+00 2.050305374126872266e+04 1.107625211189766081e-03
3.157105464484703194e+00 9.983408282214831786e+00 1.174266105310837638e+00 9.226686262505437663e-13 4.450115612188647418e+01 1.570518065009786568e+01 3.431079617550243377e-01 3.681439999999999824e+00 2.050305376955324027e+04 1.107625060588461434e-03
3.157014393654065110e+00 9.983083023055549177e+00 1.174266102495453712e+00 3.069188324005054814e-12 4.451485307684188086e+01 1.570518065009786568e+01 3.431079617550243377e-01 3.681439999999999824e+00 2.050305377194760877e+04 1.107625023358980651e-03
3.156991625583057903e+00 9.983001715138831500e+00 1.174266101726185063e+00 7.117994281950671146e-12 4.451827738121403399e+01 1.570518065009786568e+01 3.431079617550243377e-01 3.681439999999999824e+00 2.050305377244678675e+04 1.107625023374159698e-03
3.156991672625899081e+00 9.983001715138831500e+00 1.174266101726185063e+00 7.117994281950671146e-12 4.451827738121403399e+01 1.570518065009786568e+01 3.431079617550243377e-01 3.681439999999999824e+00 2.050305377244678675e+04 1.107625023374159698e-03
3.156991625583057903e+00 9.983001863897149164e+00 1.174266101726185063e+00 7.117994281950671146e-12 4.451827738121403399e+01 1.570518065009786568e+01 3.431079617550243377e-01 3.681439999999999824e+00 2.050305377244678675e+04 1.107625023374159698e-03
3.156991625583057903e+00 9.983001715138831500e+00 1.174266119224113503e+00 7.117994281950671146e-12 4.451827738121403399e+01 1.570518065009786568e+01 3.431079617550243377e-01 3.681439999999999824e+00 2.050305377244678675e+04 1.107625023374159698e-03
3.156991625583057903e+00 9.983001715138831500e+00 1.174266101726185063e+00 1.490827918812960737e-08 4.451827738121403399e+01 1.570518065009786568e+01 3.431079617550243377e-01 3.681439999999999824e+00 2.050305377244678675e+04 1.107625023374159698e-03
3.156991625583057903e+00 9.983001715138831500e+00 1.174266101726185063e+00 7.117994281950671146e-12 4.451827804458805815e+01 1.570518065009786568e+01 3.431079617550243377e-01 3.681439999999999824e+00 2.050305377244678675e+04 1.107625023374159698e-03
3.156991625583057903e+00 9.983001715138831500e+00 1.174266101726185063e+00 7.117994281950671146e-12 4.451827738121403399e+01 1.570518088412329405e+01 3.431079617550243377e-01 3.681439999999999824e+00 2.050305377244678675e+04 1.107625023374159698e-03
3.156991625583057903e+00 9.983001715138831500e+00 1.174266101726185063e+00 7.117994281950671146e-12 4.451827738121403399e+01 1.570518065009786568e+01 3.431079766561855315e-01 3.681439999999999824e+00 2.050305377244678675e+04 1.107625023374159698e-03
3.156991625583057903e+00 9.983001715138831500e+00 1.174266101726185063e+00 7.117994281950671146e-12 4.451827738121403399e+01 1.570518065009786568e+01 3.431079617550243377e-01 3.681439999999999824e+00 2.050305407796609506e+04 1.107625023374159698e-03
3.156991625583057903e+00 9.983001715138831500e+00 1.174266101726185063e+00 7.117994281950671146e-12 4.451827738121403399e+01 1.570518065009786568e+01 3.431079617550243377e-01 3.681439999999999824e+00 2.050305377244678675e+04 1.107639924535353546e-03
3.156989070853815527e+00 9.982997264075079258e+00 1.174266161335338232e+00 9.680842167715094480e-13 4.451861597496434797e+01 1.570518065009786568e+01 3.431079617550246152e-01 3.681439999999999824e+00 2.050304324215897941e+04 1.107622956406646535e-03
3.156989117896618513e+00 9.982997264075079258e+00 1.174266161335338232e+00 9.680842167715094480e-13 4.451861597496434797e+01 1.570518065009786568e+01 3.431079617550246152e-01 3.681439999999999824e+00 2.050304324215897941e+04 1.107622956406646535e-03
3.156989070853815527e+00 9.982997412833331197e+00 1.174266161335338232e+00 9.680842167715094480e-13 4.451861597496434797e+01 1.570518065009786568e+01 3.431079617550246152e-01 3.681439999999999824e+00 2.050304324215897941e+04 1.107622956406646535e-03
3.156989070853815527e+00 9.982997264075079258e+00 1.174266178833267560e+00 9.680842167715094480e-13 4.451861597496434797e+01 1.570518065009786568e+01 3.431079617550246152e-01 3.681439999999999824e+00 2.050304324215897941e+04 1.107622956406646535e-03
3.156989070853815527e+00 9.982997264075079258e+00 1.174266161335338232e+00 1.490212927806442736e-08 4.451861597496434797e+01 1.570518065009786568e+01 3.431079617550246152e-01 3.681439999999999824e+00 2.050304324215897941e+04 1.107622956406646535e-03
3.156989070853815527e+00 9.982997264075079258e+00 1.174266161335338232e+00 9.680842167715094480e-13 4.451861663834342409e+01 1.570518065009786568e+01 3.431079617550246152e-01 3.681439999999999824e+00 2.050304324215897941e+04 1.107622956406646535e-03
3.156989070853815527e+00 9.982997264075079258e+00 1.174266161335338232e+00 9.680842167715094480e-13 4.451861597496434797e+01 1.570518088412329405e+01 3.431079617550246152e-01 3.681439999999999824e+00 2.050304324215897941e+04 1.107622956406646535e-03
3.156989070853815527e+00 9.982997264075079258e+00 1.174266161335338232e+00 9.680842167715094480e-13 4.451861597496434797e+01 1.570518065009786568e+01 3.431079766561858091e-01 3.681439999999999824e+00 2.050304324215897941e+04 1.107622956406646535e-03
3.156989070853815527e+00 9.982997264075079258e+00 1.174266161335338232e+00 9.680842167715094480e-13 4.451861597496434797e+01 1.570518065009786568e+01 3.431079617550246152e-01 3.681439999999999824e+00 2.050304354767813129e+04 1.107622956406646535e-03
3.156989070853815527e+00 9.982997264075079258e+00 1.174266161335338232e+00 9.680842167715094480e-13 4.451861597496434797e+01 1.570518065009786568e+01 3.431079617550246152e-01 3.681439999999999824e+00 2.050304324215897941e+04 1.107637857567840382e-03
3.156988914963314130e+00 9.982997622288236172e+00 1.174265906840903817e+00 2.610110930432000572e-13 4.451869799970903330e+01 1.570518065009786568e+01 3.431079617550246152e-01 3.681439999999999824e+00 2.050303925449817689e+04 1.107622098057110772e-03
3.156988962006114896e+00 9.982997622288236172e+00 1.174265906840903817e+00 2.610110930432000572e-13 4.451869799970903330e+01 1.570518065009786568e+01 3.431079617550246152e-01 3.681439999999999824e+00 2.050303925449817689e+04 1.107622098057110772e-03
3.156988914963314130e+00 9.982997771046493440e+00 1.174265906840903817e+00 2.610110930432000572e-13 4.451869799970903330e+01 1.570518065009786568e+01 3.431079617550246152e-01 3.681439999999999824e+00 2.050303925449817689e+04 1.107622098057110772e-03
3.156988914963314130e+00 9.982997622288236172e+00 1.174265924338829370e+00 2.610110930432000572e-13 4.451869799970903330e+01 1.570518065009786568e+01 3.431079617550246152e-01 3.681439999999999824e+00 2.050303925449817689e+04 1.107622098057110772e-03
3.156988914963314130e+00 9.982997622288236172e+00 1.174265906840903817e+00 1.490142220494069799e-08 4.451869799970903330e+01 1.570518065009786568e+01 3.431079617550246152e-01 3.681439999999999824e+00 2.050303925449817689e+04 1.107622098057110772e-03
3.156988914963314130e+00 9.982997622288236172e+00 1.174265906840903817e+00 2.610110930432000572e-13 4.451869866308933155e+01 1.570518065009786568e+01 3.431079617550246152e-01 3.681439999999999824e+00 2.050303925449817689e+04 1.107622098057110772e-03
3.156988914963314130e+00 9.982997622288236172e+00 1.174265906840903817e+00 2.610110930432000572e-13 4.451869799970903330e+01 1.570518088412329405e+01 3.431079617550246152e-01 3.681439999999999824e+00 2.050303925449817689e+04 1.107622098057110772e-03
3.156988914963314130e+00 9.982997622288236172e+00 1.174265906840903817e+00 2.610110930432000572e-13 4.451869799970903330e+01 1.570518065009786568e+01 3.431079766561858091e-01 3.681439999999999824e+00 2.050303925449817689e+04 1.107622098057110772e-03
3.156988914963314130e+00 9.982997622288236172e+00 1.174265906840903817e+00 2.610110930432000572e-13 4.451869799970903330e+01 1.570518065009786568e+01 3.431079617550246152e-01 3.681439999999999824e+00 2.050303956001727056e+04 1.107622098057110772e-03
3.156988914963314130e+00 9.982997622288236172e+00 1.174265906840903817e+00 2.610110930432000572e-13 4.451869799970903330e+01 1.570518065009786568e+01 3.431079617550246152e-01 3.681439999999999824e+00 2.050303925449817689e+04 1.107636999218304620e-03
