3.303662000000000099e+00 1.054415000000000013e+01 2.926740999999999815e+00 1.671997199999999850e+01 3.571733999999999742e-01 1.530525399999999969e+01 7.001581000000000055e-01 3.097326999999999941e+00 3.016286899999999878e+04 3.253563999999999901e+00 8.825920999999999239e+00 1.059549999999999992e+00 1.834474000000000160e+01 2.191357299999999952e+01 1.500000000000000000e+01 7.234983000000000386e-01 3.013116999999999823e+00 1.906309500000000116e+04 0.000000000000000000e+00
3.303662049228400122e+00 1.054415000000000013e+01 2.926740999999999815e+00 1.671997199999999850e+01 3.571733999999999742e-01 1.530525399999999969e+01 7.001581000000000055e-01 3.097326999999999941e+00 3.016286899999999878e+04 3.253563999999999901e+00 8.825920999999999239e+00 1.059549999999999992e+00 1.834474000000000160e+01 2.191357299999999952e+01 1.500000000000000000e+01 7.234983000000000386e-01 3.013116999999999823e+00 1.906309500000000116e+04 0.000000000000000000e+00
3.303662000000000099e+00 1.054415015712007886e+01 2.926740999999999815e+00 1.671997199999999850e+01 3.571733999999999742e-01 1.530525399999999969e+01 7.001581000000000055e-01 3.097326999999999941e+00 3.016286899999999878e+04 3.253563999999999901e+00 8.825920999999999239e+00 1.059549999999999992e+00 1.834474000000000160e+01 2.191357299999999952e+01 1.500000000000000000e+01 7.234983000000000386e-01 3.013116999999999823e+00 1.906309500000000116e+04 0.000000000000000000e+00
3.303662000000000099e+00 1.054415000000000013e+01 2.926741043611839288e+00 1.671997199999999850e+01 3.571733999999999742e-01 1.530525399999999969e+01 7.001581000000000055e-01 3.097326999999999941e+00 3.016286899999999878e+04 3.253563999999999901e+00 8.825920999999999239e+00 1.059549999999999992e+00 1.834474000000000160e+01 2.191357299999999952e+01 1.500000000000000000e+01 7.234983000000000386e-01 3.013116999999999823e+00 1.906309500000000116e+04 0.000000000000000000e+00
3.303662000000000099e+00 1.054415000000000013e+01 2.926740999999999815e+00 1.671997224914699487e+01 3.571733999999999742e-01 1.530525399999999969e+01 7.001581000000000055e-01 3.097326999999999941e+00 3.016286899999999878e+04 3.253563999999999901e+00 8.825920999999999239e+00 1.059549999999999992e+00 1.834474000000000160e+01 2.191357299999999952e+01 1.500000000000000000e+01 7.234983000000000386e-01 3.013116999999999823e+00 1.906309500000000116e+04 0.000000000000000000e+00
3.303662000000000099e+00 1.054415000000000013e+01 2.926740999999999815e+00 1.671997199999999850e+01 3.571734149011611681e-01 1.530525399999999969e+01 7.001581000000000055e-01 3.097326999999999941e+00 3.016286899999999878e+04 3.253563999999999901e+00 8.825920999999999239e+00 1.059549999999999992e+00 1.834474000000000160e+01 2.191357299999999952e+01 1.500000000000000000e+01 7.234983000000000386e-01 3.013116999999999823e+00 1.906309500000000116e+04 0.000000000000000000e+00
3.303662000000000099e+00 1.054415000000000013e+01 2.926740999999999815e+00 1.671997199999999850e+01 3.571733999999999742e-01 1.530525399999999969e+01 7.001581000000000055e-01 3.097326999999999941e+00 3.016286944946177027e+04 3.253563999999999901e+00 8.825920999999999239e+00 1.059549999999999992e+00 1.834474000000000160e+01 2.191357299999999952e+01 1.500000000000000000e+01 7.234983000000000386e-01 3.013116999999999823e+00 1.906309500000000116e+04 0.000000000000000000e+00
3.303662000000000099e+00 1.054415000000000013e+01 2.926740999999999815e+00 1.671997199999999850e+01 3.571733999999999742e-01 1.530525399999999969e+01 7.001581000000000055e-01 3.097326999999999941e+00 3.016286899999999878e+04 3.253564048481881521e+00 8.825920999999999239e+00 1.059549999999999992e+00 1.834474000000000160e+01 2.191357299999999952e+01 1.500000000000000000e+01 7.234983000000000386e-01 3.013116999999999823e+00 1.906309500000000116e+04 0.000000000000000000e+00
3.303662000000000099e+00 1.054415000000000013e+01 2.926740999999999815e+00 1.671997199999999850e+01 3.571733999999999742e-01 1.530525399999999969e+01 7.001581000000000055e-01 3.097326999999999941e+00 3.016286899999999878e+04 3.253563999999999901e+00 8.825921131516471618e+00 1.059549999999999992e+00 1.834474000000000160e+01 2.191357299999999952e+01 1.500000000000000000e+01 7.234983000000000386e-01 3.013116999999999823e+00 1.906309500000000116e+04 0.000000000000000000e+00
3.303662000000000099e+00 1.054415000000000013e+01 2.926740999999999815e+00 1.671997199999999850e+01 3.571733999999999742e-01 1.530525399999999969e+01 7.001581000000000055e-01 3.097326999999999941e+00 3.016286899999999878e+04 3.253563999999999901e+00 8.825920999999999239e+00 1.059550015788525368e+00 1.834474000000000160e+01 2.191357299999999952e+01 1.500000000000000000e+01 7.234983000000000386e-01 3.013116999999999823e+00 1.906309500000000116e+04 0.000000000000000000e+00
3.303662000000000099e+00 1.054415000000000013e+01 2.926740999999999815e+00 1.671997199999999850e+01 3.571733999999999742e-01 1.530525399999999969e+01 7.001581000000000055e-01 3.097326999999999941e+00 3.016286899999999878e+04 3.253563999999999901e+00 8.825920999999999239e+00 1.059549999999999992e+00 1.834474027335792812e+01 2.191357299999999952e+01 1.500000000000000000e+01 7.234983000000000386e-01 3.013116999999999823e+00 1.906309500000000116e+04 0.000000000000000000e+00
3.303662000000000099e+00 1.054415000000000013e+01 2.926740999999999815e+00 1.671997199999999850e+01 3.571733999999999742e-01 1.530525399999999969e+01 7.001581000000000055e-01 3.097326999999999941e+00 3.016286899999999878e+04 3.253563999999999901e+00 8.825920999999999239e+00 1.059549999999999992e+00 1.834474000000000160e+01 2.191357332653768353e+01 1.500000000000000000e+01 7.234983000000000386e-01 3.013116999999999823e+00 1.906309500000000116e+04 0.000000000000000000e+00
3.303662000000000099e+00 1.054415000000000013e+01 2.926740999999999815e+00 1.671997199999999850e+01 3.571733999999999742e-01 1.530525399999999969e+01 7.001581000000000055e-01 3.097326999999999941e+00 3.016286899999999878e+04 3.253563999999999901e+00 8.825920999999999239e+00 1.059549999999999992e+00 1.834474000000000160e+01 2.191357299999999952e+01 1.500000000000000000e+01 7.234983000000000386e-01 3.013116999999999823e+00 1.906309528406225218e+04 0.000000000000000000e+00
3.303662000000000099e+00 1.054415000000000013e+01 2.926740999999999815e+00 1.671997199999999850e+01 3.571733999999999742e-01 1.530525399999999969e+01 7.001581000000000055e-01 3.097326999999999941e+00 3.016286899999999878e+04 3.253563999999999901e+00 8.825920999999999239e+00 1.059549999999999992e+00 1.834474000000000160e+01 2.191357299999999952e+01 1.500000000000000000e+01 7.234983000000000386e-01 3.013116999999999823e+00 1.906309500000000116e+04 1.490116119384765625e-08
3.303661999934580429e+00 1.871823386841896308e+01 2.926740999981141123e+00 1.671997199966991232e+01 3.571733999893981770e-01 1.530525399999999969e+01 7.001581000000000055e-01 3.097326999999999941e+00 6.058225877337518614e+04 3.253564000071782480e+00 4.412960500000018271e-02 1.059549999965322620e+00 1.834473999978748182e+01 2.191357300277432074e+01 1.500000000000000000e+01 7.234983000000000386e-01 3.013116999999999823e+00 5.767956731554577345e+03 6.971273445926476353e-03
3.303661394192553669e+00 8.179953804663329109e+00 2.926740411753895099e+00 1.671996882931575357e+01 3.571733312001700855e-01 1.530525399999999969e+01 7.001581000000000055e-01 3.097326999999999941e+00 3.609772568887438683e+04 3.253563475638074021e+00 1.286249845198206287e+01 1.059549813202064206e+00 1.834473682497960922e+01 2.191356913710706067e+01 1.500000000000000000e+01 7.234983000000000386e-01 3.013116999999999823e+00 2.486470785160618107e+04 1.709743022275957841e-02
3.303661443420944810e+00 8.179953804663329109e+00 2.926740411753895099e+00 1.671996882931575357e+01 3.571733312001700855e-01 1.530525399999999969e+01 7.001581000000000055e-01 3.097326999999999941e+00 3.609772568887438683e+04 3.253563475638074021e+00 1.286249845198206287e+01 1.059549813202064206e+00 1.834473682497960922e+01 2.191356913710706067e+01 1.500000000000000000e+01 7.234983000000000386e-01 3.013116999999999823e+00 2.486470785160618107e+04 1.709743022275957841e-02
3.303661394192553669e+00 8.179953926554139443e+00 2.926740411753895099e+00 1.671996882931575357e+01 3.571733312001700855e-01 1.530525399999999969e+01 7.001581000000000055e-01 3.097326999999999941e+00 3.609772568887438683e+04 3.253563475638074021e+00 1.286249845198206287e+01 1.059549813202064206e+00 1.834473682497960922e+01 2.191356913710706067e+01 1.500000000000000000e+01 7.234983000000000386e-01 3.013116999999999823e+00 2.486470785160618107e+04 1.709743022275957841e-02
3.303661394192553669e+00 8.179953804663329109e+00 2.926740455365725690e+00 1.671996882931575357e+01 3.571733312001700855e-01 1.530525399999999969e+01 7.001581000000000055e-01 3.097326999999999941e+00 3.609772568887438683e+04 3.253563475638074021e+00 1.286249845198206287e+01 1.059549813202064206e+00 1.834473682497960922e+01 2.191356913710706067e+01 1.500000000000000000e+01 7.234983000000000386e-01 3.013116999999999823e+00 2.486470785160618107e+04 1.709743022275957841e-02
3.303661394192553669e+00 8.179953804663329109e+00 2.926740411753895099e+00 1.671996907846270375e+01 3.571733312001700855e-01 1.530525399999999969e+01 7.001581000000000055e-01 3.097326999999999941e+00 3.609772568887438683e+04 3.253563475638074021e+00 1.286249845198206287e+01 1.059549813202064206e+00 1.834473682497960922e+01 2.191356913710706067e+01 1.500000000000000000e+01 7.234983000000000386e-01 3.013116999999999823e+00 2.486470785160618107e+04 1.709743022275957841e-02
3.303661394192553669e+00 8.179953804663329109e+00 2.926740411753895099e+00 1.671996882931575357e+01 3.571733461013312794e-01 1.530525399999999969e+01 7.001581000000000055e-01 3.097326999999999941e+00 3.609772568887438683e+04 3.253563475638074021e+00 1.286249845198206287e+01 1.059549813202064206e+00 1.834473682497960922e+01 2.191356913710706067e+01 1.500000000000000000e+01 7.234983000000000386e-01 3.013116999999999823e+00 2.486470785160618107e+04 1.709743022275957841e-02
3.303661394192553669e+00 8.179953804663329109e+00 2.926740411753895099e+00 1.671996882931575357e+01 3.571733312001700855e-01 1.530525399999999969e+01 7.001581000000000055e-01 3.097326999999999941e+00 3.609772622677241452e+04 3.253563475638074021e+00 1.286249845198206287e+01 1.059549813202064206e+00 1.834473682497960922e+01 2.191356913710706067e+01 1.500000000000000000e+01 7.234983000000000386e-01 3.013116999999999823e+00 2.486470785160618107e+04 1.709743022275957841e-02
3.303661394192553669e+00 8.179953804663329109e+00 2.926740411753895099e+00 1.671996882931575357e+01 3.571733312001700855e-01 1.530525399999999969e+01 7.001581000000000055e-01 3.097326999999999941e+00 3.609772568887438683e+04 3.253563524119947648e+00 1.286249845198206287e+01 1.059549813202064206e+00 1.834473682497960922e+01 2.191356913710706067e+01 1.500000000000000000e+01 7.234983000000000386e-01 3.013116999999999823e+00 2.486470785160618107e+04 1.709743022275957841e-02
3.303661394192553669e+00 8.179953804663329109e+00 2.926740411753895099e+00 1.671996882931575357e+01 3.571733312001700855e-01 1.530525399999999969e+01 7.001581000000000055e-01 3.097326999999999941e+00 3.609772568887438683e+04 3.253563475638074021e+00 1.286249864364822493e+01 1.059549813202064206e+00 1.834473682497960922e+01 2.191356913710706067e+01 1.500000000000000000e+01 7.234983000000000386e-01 3.013116999999999823e+00 2.486470785160618107e+04 1.709743022275957841e-02
3.303661394192553669e+00 8.179953804663329109e+00 2.926740411753895099e+00 1.671996882931575357e+01 3.571733312001700855e-01 1.530525399999999969e+01 7.001581000000000055e-01 3.097326999999999941e+00 3.609772568887438683e+04 3.253563475638074021e+00 1.286249845198206287e+01 1.059549828990586695e+00 1.834473682497960922e+01 2.191356913710706067e+01 1.500000000000000000e+01 7.234983000000000386e-01 3.013116999999999823e+00 2.486470785160618107e+04 1.709743022275957841e-02
3.303661394192553669e+00 8.179953804663329109e+00 2.926740411753895099e+00 1.671996882931575357e+01 3.571733312001700855e-01 1.530525399999999969e+01 7.001581000000000055e-01 3.097326999999999941e+00 3.609772568887438683e+04 3.253563475638074021e+00 1.286249845198206287e+01 1.059549813202064206e+00 1.834473709833748956e+01 2.191356913710706067e+01 1.500000000000000000e+01 7.234983000000000386e-01 3.013116999999999823e+00 2.486470785160618107e+04 1.709743022275957841e-02
3.303661394192553669e+00 8.179953804663329109e+00 2.926740411753895099e+00 1.671996882931575357e+01 3.571733312001700855e-01 1.530525399999999969e+01 7.001581000000000055e-01 3.097326999999999941e+00 3.609772568887438683e+04 3.253563475638074021e+00 1.286249845198206287e+01 1.059549813202064206e+00 1.834473682497960922e+01 2.191356946364468783e+01 1.500000000000000000e+01 7.234983000000000386e-01 3.013116999999999823e+00 2.486470785160618107e+04 1.709743022275957841e-02
3.303661394192553669e+00 8.179953804663329109e+00 2.926740411753895099e+00 1.671996882931575357e+01 3.571733312001700855e-01 1.530525399999999969e+01 7.001581000000000055e-01 3.097326999999999941e+00 3.609772568887438683e+04 3.253563475638074021e+00 1.286249845198206287e+01 1.059549813202064206e+00 1.834473682497960922e+01 2.191356913710706067e+01 1.500000000000000000e+01 7.234983000000000386e-01 3.013116999999999823e+00 2.486470822211919949e+04 1.709743022275957841e-02
3.303661394192553669e+00 8.179953804663329109e+00 2.926740411753895099e+00 1.671996882931575357e+01 3.571733312001700855e-01 1.530525399999999969e+01 7.001581000000000055e-01 3.097326999999999941e+00 3.609772568887438683e+04 3.253563475638074021e+00 1.286249845198206287e+01 1.059549813202064206e+00 1.834473682497960922e+01 2.191356913710706067e+01 1.500000000000000000e+01 7.234983000000000386e-01 3.013116999999999823e+00 2.486470785160618107e+04 1.709744512392077226e-02
3.303661394181959476e+00 4.931468979022653798e+00 2.926740411631308270e+00 1.671996882924990757e+01 3.571733312017436046e-01 1.530525399999999969e+01 7.001581000000000055e-01 3.097326999999999941e+00 2.231529027590120677e+04 3.253563475108894654e+00 1.473197067951219630e+01 1.059549813196954515e+00 1.834473682431655561e+01 2.191356912540862822e+01 1.500000000000000000e+01 7.234983000000000386e-01 3.013116999999999823e+00 3.411508567976910854e+04 4.264338543587559843e-03
3.303661394192515033e+00 4.983346494711033969e+00 2.926740411636853612e+00 1.671996882930883643e+01 3.571733312028463336e-01 1.530525399999999969e+01 7.001581000000000055e-01 3.097326999999999941e+00 3.199379303855280523e+04 3.253563475099614966e+00 1.473954481350274115e+01 1.059549813201692503e+00 1.834473682437674569e+01 2.191356912498616794e+01 1.500000000000000000e+01 7.234983000000000386e-01 3.013116999999999823e+00 2.424986036634986522e+04 4.242074857606678573e-03
3.303661922635782844e+00 7.708909424187444515e+00 2.926740888629416837e+00 1.671997168689753721e+01 3.571733931159731257e-01 1.530525399999999969e+01 7.001581000000000055e-01 3.097326999999999941e+00 3.535713912588061066e+04 3.253564165142350362e+00 1.252873760545554838e+01 1.059550052307528079e+00 1.834474093892476532e+01 2.191357406484998904e+01 1.500000000000000000e+01 7.234983000000000386e-01 3.013116999999999823e+00 2.413820880994313848e+04 1.090070047584619159e-02
3.303661971864181535e+00 7.708909424187444515e+00 2.926740888629416837e+00 1.671997168689753721e+01 3.571733931159731257e-01 1.530525399999999969e+01 7.001581000000000055e-01 3.097326999999999941e+00 3.535713912588061066e+04 3.253564165142350362e+00 1.252873760545554838e+01 1.059550052307528079e+00 1.834474093892476532e+01 2.191357406484998904e+01 1.500000000000000000e+01 7.234983000000000386e-01 3.013116999999999823e+00 2.413820880994313848e+04 1.090070047584619159e-02
3.303661922635782844e+00 7.708909539059146887e+00 2.926740888629416837e+00 1.671997168689753721e+01 3.571733931159731257e-01 1.530525399999999969e+01 7.001581000000000055e-01 3.097326999999999941e+00 3.535713912588061066e+04 3.253564165142350362e+00 1.252873760545554838e+01 1.059550052307528079e+00 1.834474093892476532e+01 2.191357406484998904e+01 1.500000000000000000e+01 7.234983000000000386e-01 3.013116999999999823e+00 2.413820880994313848e+04 1.090070047584619159e-02
3.303661922635782844e+00 7.708909424187444515e+00 2.926740932241254534e+00 1.671997168689753721e+01 3.571733931159731257e-01 1.530525399999999969e+01 7.001581000000000055e-01 3.097326999999999941e+00 3.535713912588061066e+04 3.253564165142350362e+00 1.252873760545554838e+01 1.059550052307528079e+00 1.834474093892476532e+01 2.191357406484998904e+01 1.500000000000000000e+01 7.234983000000000386e-01 3.013116999999999823e+00 2.413820880994313848e+04 1.090070047584619159e-02
3.303661922635782844e+00 7.708909424187444515e+00 2.926740888629416837e+00 1.671997193604453003e+01 3.571733931159731257e-01 1.530525399999999969e+01 7.001581000000000055e-01 3.097326999999999941e+00 3.535713912588061066e+04 3.253564165142350362e+00 1.252873760545554838e+01 1.059550052307528079e+00 1.834474093892476532e+01 2.191357406484998904e+01 1.500000000000000000e+01 7.234983000000000386e-01 3.013116999999999823e+00 2.413820880994313848e+04 1.090070047584619159e-02
3.303661922635782844e+00 7.708909424187444515e+00 2.926740888629416837e+00 1.671997168689753721e+01 3.571734080171343195e-01 1.530525399999999969e+01 7.001581000000000055e-01 3.097326999999999941e+00 3.535713912588061066e+04 3.253564165142350362e+00 1.252873760545554838e+01 1.059550052307528079e+00 1.834474093892476532e+01 2.191357406484998904e+01 1.500000000000000000e+01 7.234983000000000386e-01 3.013116999999999823e+00 2.413820880994313848e+04 1.090070047584619159e-02
3.303661922635782844e+00 7.708909424187444515e+00 2.926740888629416837e+00 1.671997168689753721e+01 3.571733931159731257e-01 1.530525399999999969e+01 7.001581000000000055e-01 3.097326999999999941e+00 3.535713965274304064e+04 3.253564165142350362e+00 1.252873760545554838e+01 1.059550052307528079e+00 1.834474093892476532e+01 2.191357406484998904e+01 1.500000000000000000e+01 7.234983000000000386e-01 3.013116999999999823e+00 2.413820880994313848e+04 1.090070047584619159e-02
3.303661922635782844e+00 7.708909424187444515e+00 2.926740888629416837e+00 1.671997168689753721e+01 3.571733931159731257e-01 1.530525399999999969e+01 7.001581000000000055e-01 3.097326999999999941e+00 3.535713912588061066e+04 3.253564213624234647e+00 1.252873760545554838e+01 1.059550052307528079e+00 1.834474093892476532e+01 2.191357406484998904e+01 1.500000000000000000e+01 7.234983000000000386e-01 3.013116999999999823e+00 2.413820880994313848e+04 1.090070047584619159e-02
3.303661922635782844e+00 7.708909424187444515e+00 2.926740888629416837e+00 1.671997168689753721e+01 3.571733931159731257e-01 1.530525399999999969e+01 7.001581000000000055e-01 3.097326999999999941e+00 3.535713912588061066e+04 3.253564165142350362e+00 1.252873779214828787e+01 1.059550052307528079e+00 1.834474093892476532e+01 2.191357406484998904e+01 1.500000000000000000e+01 7.234983000000000386e-01 3.013116999999999823e+00 2.413820880994313848e+04 1.090070047584619159e-02
3.303661922635782844e+00 7.708909424187444515e+00 2.926740888629416837e+00 1.671997168689753721e+01 3.571733931159731257e-01 1.530525399999999969e+01 7.001581000000000055e-01 3.097326999999999941e+00 3.535713912588061066e+04 3.253564165142350362e+00 1.252873760545554838e+01 1.059550068096054121e+00 1.834474093892476532e+01 2.191357406484998904e+01 1.500000000000000000e+01 7.234983000000000386e-01 3.013116999999999823e+00 2.413820880994313848e+04 1.090070047584619159e-02
3.303661922635782844e+00 7.708909424187444515e+00 2.926740888629416837e+00 1.671997168689753721e+01 3.571733931159731257e-01 1.530525399999999969e+01 7.001581000000000055e-01 3.097326999999999941e+00 3.535713912588061066e+04 3.253564165142350362e+00 1.252873760545554838e+01 1.059550052307528079e+00 1.834474121228270604e+01 2.191357406484998904e+01 1.500000000000000000e+01 7.234983000000000386e-01 3.013116999999999823e+00 2.413820880994313848e+04 1.090070047584619159e-02
3.303661922635782844e+00 7.708909424187444515e+00 2.926740888629416837e+00 1.671997168689753721e+01 3.571733931159731257e-01 1.530525399999999969e+01 7.001581000000000055e-01 3.097326999999999941e+00 3.535713912588061066e+04 3.253564165142350362e+00 1.252873760545554838e+01 1.059550052307528079e+00 1.834474093892476532e+01 2.191357439138768726e+01 1.500000000000000000e+01 7.234983000000000386e-01 3.013116999999999823e+00 2.413820880994313848e+04 1.090070047584619159e-02
3.303661922635782844e+00 7.708909424187444515e+00 2.926740888629416837e+00 1.671997168689753721e+01 3.571733931159731257e-01 1.530525399999999969e+01 7.001581000000000055e-01 3.097326999999999941e+00 3.535713912588061066e+04 3.253564165142350362e+00 1.252873760545554838e+01 1.059550052307528079e+00 1.834474093892476532e+01 2.191357406484998904e+01 1.500000000000000000e+01 7.234983000000000386e-01 3.013116999999999823e+00 2.413820916963047785e+04 1.090070047584619159e-02
3.303661922635782844e+00 7.708909424187444515e+00 2.926740888629416837e+00 1.671997168689753721e+01 3.571733931159731257e-01 1.530525399999999969e+01 7.001581000000000055e-01 3.097326999999999941e+00 3.535713912588061066e+04 3.253564165142350362e+00 1.252873760545554838e+01 1.059550052307528079e+00 1.834474093892476532e+01 2.191357406484998904e+01 1.500000000000000000e+01 7.234983000000000386e-01 3.013116999999999823e+00 2.413820880994313848e+04 1.090071537700738544e-02
3.303665712136987231e+00 5.043609431196800941e+00 2.926744333395474573e+00 1.671999232451577910e+01 3.571738430852298141e-01 1.530525399999999969e+01 7.001581000000000055e-01 3.097326999999999941e+00 3.387509107462178508e+04 3.253569203700234169e+00 1.455985410162824145e+01 1.059551822630024231e+00 1.834477131725944687e+01 2.191360919009425601e+01 1.500000000000000000e+01 7.234983000000000386e-01 3.013116999999999823e+00 2.268610656250307875e+04 3.957476160065812737e-03
3.303713934419347353e+00 7.008445285527384883e+00 2.926788332482142430e+00 1.672025495016654162e+01 3.571795649417660035e-01 1.530525399999999969e+01 7.001581000000000055e-01 3.097326999999999941e+00 3.498673177090031095e+04 3.253634151169797040e+00 1.303597816829816658e+01 1.059574339447187041e+00 1.834515871660547504e+01 2.191407520390420061e+01 1.500000000000000000e+01 7.234983000000000386e-01 3.013116999999999823e+00 2.377507652624259936e+04 9.073234088832246580e-03
3.303725989968739896e+00 7.499653773315684724e+00 2.926799332233746220e+00 1.672032060645807761e+01 3.571809954032369450e-01 1.530525399999999969e+01 7.001581000000000055e-01 3.097326999999999941e+00 3.526453770990860357e+04 3.253650388003400007e+00 1.265500899839203974e+01 1.059579968639735803e+00 1.834525556624010179e+01 2.191419170711409237e+01 1.500000000000000000e+01 7.234983000000000386e-01 3.013116999999999823e+00 2.404742537929934406e+04 1.035217388579121739e-02
3.303726039198093378e+00 7.499653773315684724e+00 2.926799332233746220e+00 1.672032060645807761e+01 3.571809954032369450e-01 1.530525399999999969e+01 7.001581000000000055e-01 3.097326999999999941e+00 3.526453770990860357e+04 3.253650388003400007e+00 1.265500899839203974e+01 1.059579968639735803e+00 1.834525556624010179e+01 2.191419170711409237e+01 1.500000000000000000e+01 7.234983000000000386e-01 3.013116999999999823e+00 2.404742537929934406e+04 1.035217388579121739e-02
3.303725989968739896e+00 7.499653885069234249e+00 2.926799332233746220e+00 1.672032060645807761e+01 3.571809954032369450e-01 1.530525399999999969e+01 7.001581000000000055e-01 3.097326999999999941e+00 3.526453770990860357e+04 3.253650388003400007e+00 1.265500899839203974e+01 1.059579968639735803e+00 1.834525556624010179e+01 2.191419170711409237e+01 1.500000000000000000e+01 7.234983000000000386e-01 3.013116999999999823e+00 2.404742537929934406e+04 1.035217388579121739e-02
3.303725989968739896e+00 7.499653773315684724e+00 2.926799375846454776e+00 1.672032060645807761e+01 3.571809954032369450e-01 1.530525399999999969e+01 7.001581000000000055e-01 3.097326999999999941e+00 3.526453770990860357e+04 3.253650388003400007e+00 1.265500899839203974e+01 1.059579968639735803e+00 1.834525556624010179e+01 2.191419170711409237e+01 1.500000000000000000e+01 7.234983000000000386e-01 3.013116999999999823e+00 2.404742537929934406e+04 1.035217388579121739e-02
3.303725989968739896e+00 7.499653773315684724e+00 2.926799332233746220e+00 1.672032085561027159e+01 3.571809954032369450e-01 1.530525399999999969e+01 7.001581000000000055e-01 3.097326999999999941e+00 3.526453770990860357e+04 3.253650388003400007e+00 1.265500899839203974e+01 1.059579968639735803e+00 1.834525556624010179e+01 2.191419170711409237e+01 1.500000000000000000e+01 7.234983000000000386e-01 3.013116999999999823e+00 2.404742537929934406e+04 1.035217388579121739e-02
3.303725989968739896e+00 7.499653773315684724e+00 2.926799332233746220e+00 1.672032060645807761e+01 3.571810103043981388e-01 1.530525399999999969e+01 7.001581000000000055e-01 3.097326999999999941e+00 3.526453770990860357e+04 3.253650388003400007e+00 1.265500899839203974e+01 1.059579968639735803e+00 1.834525556624010179e+01 2.191419170711409237e+01 1.500000000000000000e+01 7.234983000000000386e-01 3.013116999999999823e+00 2.404742537929934406e+04 1.035217388579121739e-02
3.303725989968739896e+00 7.499653773315684724e+00 2.926799332233746220e+00 1.672032060645807761e+01 3.571809954032369450e-01 1.530525399999999969e+01 7.001581000000000055e-01 3.097326999999999941e+00 3.526453823539116274e+04 3.253650388003400007e+00 1.265500899839203974e+01 1.059579968639735803e+00 1.834525556624010179e+01 2.191419170711409237e+01 1.500000000000000000e+01 7.234983000000000386e-01 3.013116999999999823e+00 2.404742537929934406e+04 1.035217388579121739e-02
3.303725989968739896e+00 7.499653773315684724e+00 2.926799332233746220e+00 1.672032060645807761e+01 3.571809954032369450e-01 1.530525399999999969e+01 7.001581000000000055e-01 3.097326999999999941e+00 3.526453770990860357e+04 3.253650436486569042e+00 1.265500899839203974e+01 1.059579968639735803e+00 1.834525556624010179e+01 2.191419170711409237e+01 1.500000000000000000e+01 7.234983000000000386e-01 3.013116999999999823e+00 2.404742537929934406e+04 1.035217388579121739e-02
3.303725989968739896e+00 7.499653773315684724e+00 2.926799332233746220e+00 1.672032060645807761e+01 3.571809954032369450e-01 1.530525399999999969e+01 7.001581000000000055e-01 3.097326999999999941e+00 3.526453770990860357e+04 3.253650388003400007e+00 1.265500918696636923e+01 1.059579968639735803e+00 1.834525556624010179e+01 2.191419170711409237e+01 1.500000000000000000e+01 7.234983000000000386e-01 3.013116999999999823e+00 2.404742537929934406e+04 1.035217388579121739e-02
3.303725989968739896e+00 7.499653773315684724e+00 2.926799332233746220e+00 1.672032060645807761e+01 3.571809954032369450e-01 1.530525399999999969e+01 7.001581000000000055e-01 3.097326999999999941e+00 3.526453770990860357e+04 3.253650388003400007e+00 1.265500899839203974e+01 1.059579984428707711e+00 1.834525556624010179e+01 2.191419170711409237e+01 1.500000000000000000e+01 7.234983000000000386e-01 3.013116999999999823e+00 2.404742537929934406e+04 1.035217388579121739e-02
3.303725989968739896e+00 7.499653773315684724e+00 2.926799332233746220e+00 1.672032060645807761e+01 3.571809954032369450e-01 1.530525399999999969e+01 7.001581000000000055e-01 3.097326999999999941e+00 3.526453770990860357e+04 3.253650388003400007e+00 1.265500899839203974e+01 1.059579968639735803e+00 1.834525583960571282e+01 2.191419170711409237e+01 1.500000000000000000e+01 7.234983000000000386e-01 3.013116999999999823e+00 2.404742537929934406e+04 1.035217388579121739e-02
3.303725989968739896e+00 7.499653773315684724e+00 2.926799332233746220e+00 1.672032060645807761e+01 3.571809954032369450e-01 1.530525399999999969e+01 7.001581000000000055e-01 3.097326999999999941e+00 3.526453770990860357e+04 3.253650388003400007e+00 1.265500899839203974e+01 1.059579968639735803e+00 1.834525556624010179e+01 2.191419203366099566e+01 1.500000000000000000e+01 7.234983000000000386e-01 3.013116999999999823e+00 2.404742537929934406e+04 1.035217388579121739e-02
3.303725989968739896e+00 7.499653773315684724e+00 2.926799332233746220e+00 1.672032060645807761e+01 3.571809954032369450e-01 1.530525399999999969e+01 7.001581000000000055e-01 3.097326999999999941e+00 3.526453770990860357e+04 3.253650388003400007e+00 1.265500899839203974e+01 1.059579968639735803e+00 1.834525556624010179e+01 2.191419170711409237e+01 1.500000000000000000e+01 7.234983000000000386e-01 3.013116999999999823e+00 2.404742573763390465e+04 1.035217388579121739e-02
3.303725989968739896e+00 7.499653773315684724e+00 2.926799332233746220e+00 1.672032060645807761e+01 3.571809954032369450e-01 1.530525399999999969e+01 7.001581000000000055e-01 3.097326999999999941e+00 3.526453770990860357e+04 3.253650388003400007e+00 1.265500899839203974e+01 1.059579968639735803e+00 1.834525556624010179e+01 2.191419170711409237e+01 1.500000000000000000e+01 7.234983000000000386e-01 3.013116999999999823e+00 2.404742537929934406e+04 1.035218878695241124e-02
3.303726375899425971e+00 7.499653668330919842e+00 2.926799333173699225e+00 1.672032061544138060e+01 3.571810041551166659e-01 1.530525399999999969e+01 7.001581000000000055e-01 3.097326999999999941e+00 3.526453770957593952e+04 3.253650933454331984e+00 1.265500889724011380e+01 1.059580044033891832e+00 1.834525557124558759e+01 2.191419170868274335e+01 1.500000000000000000e+01 7.234983000000000386e-01 3.013116999999999823e+00 2.404742537907488077e+04 1.035876592606199340e-02
3.303726425128785227e+00 7.499653668330919842e+00 2.926799333173699225e+00 1.672032061544138060e+01 3.571810041551166659e-01 1.530525399999999969e+01 7.001581000000000055e-01 3.097326999999999941e+00 3.526453770957593952e+04 3.253650933454331984e+00 1.265500889724011380e+01 1.059580044033891832e+00 1.834525557124558759e+01 2.191419170868274335e+01 1.500000000000000000e+01 7.234983000000000386e-01 3.013116999999999823e+00 2.404742537907488077e+04 1.035876592606199340e-02
3.303726375899425971e+00 7.499653780084468480e+00 2.926799333173699225e+00 1.672032061544138060e+01 3.571810041551166659e-01 1.530525399999999969e+01 7.001581000000000055e-01 3.097326999999999941e+00 3.526453770957593952e+04 3.253650933454331984e+00 1.265500889724011380e+01 1.059580044033891832e+00 1.834525557124558759e+01 2.191419170868274335e+01 1.500000000000000000e+01 7.234983000000000386e-01 3.013116999999999823e+00 2.404742537907488077e+04 1.035876592606199340e-02
3.303726375899425971e+00 7.499653668330919842e+00 2.926799376786407780e+00 1.672032061544138060e+01 3.571810041551166659e-01 1.530525399999999969e+01 7.001581000000000055e-01 3.097326999999999941e+00 3.526453770957593952e+04 3.253650933454331984e+00 1.265500889724011380e+01 1.059580044033891832e+00 1.834525557124558759e+01 2.191419170868274335e+01 1.500000000000000000e+01 7.234983000000000386e-01 3.013116999999999823e+00 2.404742537907488077e+04 1.035876592606199340e-02
3.303726375899425971e+00 7.499653668330919842e+00 2.926799333173699225e+00 1.672032086459357458e+01 3.571810041551166659e-01 1.530525399999999969e+01 7.001581000000000055e-01 3.097326999999999941e+00 3.526453770957593952e+04 3.253650933454331984e+00 1.265500889724011380e+01 1.059580044033891832e+00 1.834525557124558759e+01 2.191419170868274335e+01 1.500000000000000000e+01 7.234983000000000386e-01 3.013116999999999823e+00 2.404742537907488077e+04 1.035876592606199340e-02
3.303726375899425971e+00 7.499653668330919842e+00 2.926799333173699225e+00 1.672032061544138060e+01 3.571810190562778597e-01 1.530525399999999969e+01 7.001581000000000055e-01 3.097326999999999941e+00 3.526453770957593952e+04 3.253650933454331984e+00 1.265500889724011380e+01 1.059580044033891832e+00 1.834525557124558759e+01 2.191419170868274335e+01 1.500000000000000000e+01 7.234983000000000386e-01 3.013116999999999823e+00 2.404742537907488077e+04 1.035876592606199340e-02
3.303726375899425971e+00 7.499653668330919842e+00 2.926799333173699225e+00 1.672032061544138060e+01 3.571810041551166659e-01 1.530525399999999969e+01 7.001581000000000055e-01 3.097326999999999941e+00 3.526453823505849869e+04 3.253650933454331984e+00 1.265500889724011380e+01 1.059580044033891832e+00 1.834525557124558759e+01 2.191419170868274335e+01 1.500000000000000000e+01 7.234983000000000386e-01 3.013116999999999823e+00 2.404742537907488077e+04 1.035876592606199340e-02
3.303726375899425971e+00 7.499653668330919842e+00 2.926799333173699225e+00 1.672032061544138060e+01 3.571810041551166659e-01 1.530525399999999969e+01 7.001581000000000055e-01 3.097326999999999941e+00 3.526453770957593952e+04 3.253650981937509012e+00 1.265500889724011380e+01 1.059580044033891832e+00 1.834525557124558759e+01 2.191419170868274335e+01 1.500000000000000000e+01 7.234983000000000386e-01 3.013116999999999823e+00 2.404742537907488077e+04 1.035876592606199340e-02
3.303726375899425971e+00 7.499653668330919842e+00 2.926799333173699225e+00 1.672032061544138060e+01 3.571810041551166659e-01 1.530525399999999969e+01 7.001581000000000055e-01 3.097326999999999941e+00 3.526453770957593952e+04 3.253650933454331984e+00 1.265500908581444151e+01 1.059580044033891832e+00 1.834525557124558759e+01 2.191419170868274335e+01 1.500000000000000000e+01 7.234983000000000386e-01 3.013116999999999823e+00 2.404742537907488077e+04 1.035876592606199340e-02
3.303726375899425971e+00 7.499653668330919842e+00 2.926799333173699225e+00 1.672032061544138060e+01 3.571810041551166659e-01 1.530525399999999969e+01 7.001581000000000055e-01 3.097326999999999941e+00 3.526453770957593952e+04 3.253650933454331984e+00 1.265500889724011380e+01 1.059580059822864850e+00 1.834525557124558759e+01 2.191419170868274335e+01 1.500000000000000000e+01 7.234983000000000386e-01 3.013116999999999823e+00 2.404742537907488077e+04 1.035876592606199340e-02
3.303726375899425971e+00 7.499653668330919842e+00 2.926799333173699225e+00 1.672032061544138060e+01 3.571810041551166659e-01 1.530525399999999969e+01 7.001581000000000055e-01 3.097326999999999941e+00 3.526453770957593952e+04 3.253650933454331984e+00 1.265500889724011380e+01 1.059580044033891832e+00 1.834525584461119863e+01 2.191419170868274335e+01 1.500000000000000000e+01 7.234983000000000386e-01 3.013116999999999823e+00 2.404742537907488077e+04 1.035876592606199340e-02
3.303726375899425971e+00 7.499653668330919842e+00 2.926799333173699225e+00 1.672032061544138060e+01 3.571810041551166659e-01 1.530525399999999969e+01 7.001581000000000055e-01 3.097326999999999941e+00 3.526453770957593952e+04 3.253650933454331984e+00 1.265500889724011380e+01 1.059580044033891832e+00 1.834525557124558759e+01 2.191419203522964665e+01 1.500000000000000000e+01 7.234983000000000386e-01 3.013116999999999823e+00 2.404742537907488077e+04 1.035876592606199340e-02
3.303726375899425971e+00 7.499653668330919842e+00 2.926799333173699225e+00 1.672032061544138060e+01 3.571810041551166659e-01 1.530525399999999969e+01 7.001581000000000055e-01 3.097326999999999941e+00 3.526453770957593952e+04 3.253650933454331984e+00 1.265500889724011380e+01 1.059580044033891832e+00 1.834525557124558759e+01 2.191419170868274335e+01 1.500000000000000000e+01 7.234983000000000386e-01 3.013116999999999823e+00 2.404742573740944135e+04 1.035876592606199340e-02
3.303726375899425971e+00 7.499653668330919842e+00 2.926799333173699225e+00 1.672032061544138060e+01 3.571810041551166659e-01 1.530525399999999969e+01 7.001581000000000055e-01 3.097326999999999941e+00 3.526453770957593952e+04 3.253650933454331984e+00 1.265500889724011380e+01 1.059580044033891832e+00 1.834525557124558759e+01 2.191419170868274335e+01 1.500000000000000000e+01 7.234983000000000386e-01 3.013116999999999823e+00 2.404742537907488077e+04 1.035878082722318724e-02
