3.148558737358319704e+00 7.969427871966679788e+00 1.353172055265257079e+00 4.619770176383972517e-05 4.282782224132761684e+01 1.549994700000000059e+01 7.954442999999999930e-01 3.681439999999999824e+00 2.351313951655304481e+04 -6.268899359540369785e-04
3.148558784275500955e+00 7.969427871966679788e+00 1.353172055265257079e+00 4.619770176383972517e-05 4.282782224132761684e+01 1.549994700000000059e+01 7.954442999999999930e-01 3.681439999999999824e+00 2.351313951655304481e+04 -6.268899359540369785e-04
3.148558737358319704e+00 7.969427990720409305e+00 1.353172055265257079e+00 4.619770176383972517e-05 4.282782224132761684e+01 1.549994700000000059e+01 7.954442999999999930e-01 3.681439999999999824e+00 2.351313951655304481e+04 -6.268899359540369785e-04
3.148558737358319704e+00 7.969427871966679788e+00 1.353172075429091903e+00 4.619770176383972517e-05 4.282782224132761684e+01 1.549994700000000059e+01 7.954442999999999930e-01 3.681439999999999824e+00 2.351313951655304481e+04 -6.268899359540369785e-04
3.148558737358319704e+00 7.969427871966679788e+00 1.353172055265257079e+00 4.621260292503357283e-05 4.282782224132761684e+01 1.549994700000000059e+01 7.954442999999999930e-01 3.681439999999999824e+00 2.351313951655304481e+04 -6.268899359540369785e-04
3.148558737358319704e+00 7.969427871966679788e+00 1.353172055265257079e+00 4.619770176383972517e-05 4.282782287951189915e+01 1.549994700000000059e+01 7.954442999999999930e-01 3.681439999999999824e+00 2.351313951655304481e+04 -6.268899359540369785e-04
3.148558737358319704e+00 7.969427871966679788e+00 1.353172055265257079e+00 4.619770176383972517e-05 4.282782224132761684e+01 1.549994723096720861e+01 7.954442999999999930e-01 3.681439999999999824e+00 2.351313951655304481e+04 -6.268899359540369785e-04
3.148558737358319704e+00 7.969427871966679788e+00 1.353172055265257079e+00 4.619770176383972517e-05 4.282782224132761684e+01 1.549994700000000059e+01 7.954443149011611869e-01 3.681439999999999824e+00 2.351313951655304481e+04 -6.268899359540369785e-04
3.148558737358319704e+00 7.969427871966679788e+00 1.353172055265257079e+00 4.619770176383972517e-05 4.282782224132761684e+01 1.549994700000000059e+01 7.954442999999999930e-01 3.681439999999999824e+00 2.351313986692612525e+04 -6.268899359540369785e-04
3.148558737358319704e+00 7.969427871966679788e+00 1.353172055265257079e+00 4.619770176383972517e-05 4.282782224132761684e+01 1.549994700000000059e+01 7.954442999999999930e-01 3.681439999999999824e+00 2.351313951655304481e+04 -6.269048371152308261e-04
2.498416623347840648e+00 7.976864564353370213e+00 1.339535944098504627e+00 5.109769974831459215e-05 1.048035019512492454e+02 1.586924485723140776e+01 6.566186790833318243e-01 3.681439999999999824e+00 2.040401083132271378e+04 -8.550641693788798431e-04
3.171600202709466743e+00 9.260160525459760095e+00 1.348029352286824523e+00 4.500159315018190998e-05 4.302662505824267924e+01 1.593196194577164349e+01 6.636664556211095967e-01 3.681439999999999824e+00 2.101620554503491439e+04 -7.039695200513442549e-04
3.182181648960535014e+00 8.806192015795375028e+00 1.373831591158793941e+00 1.327948089642517224e-05 4.283810917521511641e+01 1.599999751111168855e+01 6.850607159843002947e-01 3.681439999999999824e+00 2.290038807533735962e+04 -2.359897729913064683e-04
3.183635117032009632e+00 8.680716205389202855e+00 1.379425819660108576e+00 1.903916028109311771e-05 4.283147998408717427e+01 1.575975331547084224e+01 6.905683778570764764e-01 3.681439999999999824e+00 2.337415064292458555e+04 -1.192902685175060594e-04
3.181696415188904670e+00 8.600277273338789996e+00 1.379046610609027335e+00 4.497662000192550953e-05 4.283004932117651009e+01 1.551087495908870828e+01 6.973800739232355328e-01 3.681439999999999824e+00 2.350908089581247623e+04 -1.240464892199920430e-04
3.158226856906103830e+00 8.115338821826663107e+00 1.361492527319519308e+00 4.618534141198014096e-05 4.282835155705398478e+01 1.549977321930088081e+01 7.643991659146108786e-01 3.681439999999999824e+00 2.351316790936973848e+04 -6.013442178947534227e-04
3.158226903967351173e+00 8.115338821826663107e+00 1.361492527319519308e+00 4.618534141198014096e-05 4.282835155705398478e+01 1.549977321930088081e+01 7.643991659146108786e-01 3.681439999999999824e+00 2.351316790936973848e+04 -6.013442178947534227e-04
3.158226856906103830e+00 8.115338942754634743e+00 1.361492527319519308e+00 4.618534141198014096e-05 4.282835155705398478e+01 1.549977321930088081e+01 7.643991659146108786e-01 3.681439999999999824e+00 2.351316790936973848e+04 -6.013442178947534227e-04
3.158226856906103830e+00 8.115338821826663107e+00 1.361492547607338954e+00 4.618534141198014096e-05 4.282835155705398478e+01 1.549977321930088081e+01 7.643991659146108786e-01 3.681439999999999824e+00 2.351316790936973848e+04 -6.013442178947534227e-04
3.158226856906103830e+00 8.115338821826663107e+00 1.361492527319519308e+00 4.620024257317398861e-05 4.282835155705398478e+01 1.549977321930088081e+01 7.643991659146108786e-01 3.681439999999999824e+00 2.351316790936973848e+04 -6.013442178947534227e-04
3.158226856906103830e+00 8.115338821826663107e+00 1.361492527319519308e+00 4.618534141198014096e-05 4.282835219524615411e+01 1.549977321930088081e+01 7.643991659146108786e-01 3.681439999999999824e+00 2.351316790936973848e+04 -6.013442178947534227e-04
3.158226856906103830e+00 8.115338821826663107e+00 1.361492527319519308e+00 4.618534141198014096e-05 4.282835155705398478e+01 1.549977345026550068e+01 7.643991659146108786e-01 3.681439999999999824e+00 2.351316790936973848e+04 -6.013442178947534227e-04
3.158226856906103830e+00 8.115338821826663107e+00 1.361492527319519308e+00 4.618534141198014096e-05 4.282835155705398478e+01 1.549977321930088081e+01 7.643991808157720724e-01 3.681439999999999824e+00 2.351316790936973848e+04 -6.013442178947534227e-04
3.158226856906103830e+00 8.115338821826663107e+00 1.361492527319519308e+00 4.618534141198014096e-05 4.282835155705398478e+01 1.549977321930088081e+01 7.643991659146108786e-01 3.681439999999999824e+00 2.351316825974324456e+04 -6.013442178947534227e-04
3.158226856906103830e+00 8.115338821826663107e+00 1.361492527319519308e+00 4.618534141198014096e-05 4.282835155705398478e+01 1.549977321930088081e+01 7.643991659146108786e-01 3.681439999999999824e+00 2.351316790936973848e+04 -6.013591190559472704e-04
3.157591928289915639e+00 8.131025225942545731e+00 1.362219055648991484e+00 4.617702780676420378e-05 4.284316716339946396e+01 1.549967594526036407e+01 7.653423138431241224e-01 3.681439999999999824e+00 2.351316791094593646e+04 -6.208113771809057333e-04
3.157591975341702106e+00 8.131025225942545731e+00 1.362219055648991484e+00 4.617702780676420378e-05 4.284316716339946396e+01 1.549967594526036407e+01 7.653423138431241224e-01 3.681439999999999824e+00 2.351316791094593646e+04 -6.208113771809057333e-04
3.157591928289915639e+00 8.131025347104262835e+00 1.362219055648991484e+00 4.617702780676420378e-05 4.284316716339946396e+01 1.549967594526036407e+01 7.653423138431241224e-01 3.681439999999999824e+00 2.351316791094593646e+04 -6.208113771809057333e-04
3.157591928289915639e+00 8.131025225942545731e+00 1.362219075947637137e+00 4.617702780676420378e-05 4.284316716339946396e+01 1.549967594526036407e+01 7.653423138431241224e-01 3.681439999999999824e+00 2.351316791094593646e+04 -6.208113771809057333e-04
3.157591928289915639e+00 8.131025225942545731e+00 1.362219055648991484e+00 4.619192896795805143e-05 4.284316716339946396e+01 1.549967594526036407e+01 7.653423138431241224e-01 3.681439999999999824e+00 2.351316791094593646e+04 -6.208113771809057333e-04
3.157591928289915639e+00 8.131025225942545731e+00 1.362219055648991484e+00 4.617702780676420378e-05 4.284316780181240603e+01 1.549967594526036407e+01 7.653423138431241224e-01 3.681439999999999824e+00 2.351316791094593646e+04 -6.208113771809057333e-04
3.157591928289915639e+00 8.131025225942545731e+00 1.362219055648991484e+00 4.617702780676420378e-05 4.284316716339946396e+01 1.549967617622353444e+01 7.653423138431241224e-01 3.681439999999999824e+00 2.351316791094593646e+04 -6.208113771809057333e-04
3.157591928289915639e+00 8.131025225942545731e+00 1.362219055648991484e+00 4.617702780676420378e-05 4.284316716339946396e+01 1.549967594526036407e+01 7.653423287442853162e-01 3.681439999999999824e+00 2.351316791094593646e+04 -6.208113771809057333e-04
3.157591928289915639e+00 8.131025225942545731e+00 1.362219055648991484e+00 4.617702780676420378e-05 4.284316716339946396e+01 1.549967594526036407e+01 7.653423138431241224e-01 3.681439999999999824e+00 2.351316826131944254e+04 -6.208113771809057333e-04
3.157591928289915639e+00 8.131025225942545731e+00 1.362219055648991484e+00 4.617702780676420378e-05 4.284316716339946396e+01 1.549967594526036407e+01 7.653423138431241224e-01 3.681439999999999824e+00 2.351316791094593646e+04 -6.208262783420995809e-04
3.158546613782988288e+00 8.162333692690806330e+00 1.362950890003808091e+00 4.039195831323246877e-04 4.284391500471037517e+01 1.549918798354134353e+01 7.627401077916079464e-01 3.681439999999999824e+00 2.351323207062515576e+04 -5.753422910458500265e-04
3.158546660849000709e+00 8.162333692690806330e+00 1.362950890003808091e+00 4.039195831323246877e-04 4.284391500471037517e+01 1.549918798354134353e+01 7.627401077916079464e-01 3.681439999999999824e+00 2.351323207062515576e+04 -5.753422910458500265e-04
3.158546613782988288e+00 8.162333814319056913e+00 1.362950890003808091e+00 4.039195831323246877e-04 4.284391500471037517e+01 1.549918798354134353e+01 7.627401077916079464e-01 3.681439999999999824e+00 2.351323207062515576e+04 -5.753422910458500265e-04
3.158546613782988288e+00 8.162333692690806330e+00 1.362950910313359021e+00 4.039195831323246877e-04 4.284391500471037517e+01 1.549918798354134353e+01 7.627401077916079464e-01 3.681439999999999824e+00 2.351323207062515576e+04 -5.753422910458500265e-04
3.158546613782988288e+00 8.162333692690806330e+00 1.362950890003808091e+00 4.039344842935185353e-04 4.284391500471037517e+01 1.549918798354134353e+01 7.627401077916079464e-01 3.681439999999999824e+00 2.351323207062515576e+04 -5.753422910458500265e-04
3.158546613782988288e+00 8.162333692690806330e+00 1.362950890003808091e+00 4.039195831323246877e-04 4.284391564313445855e+01 1.549918798354134353e+01 7.627401077916079464e-01 3.681439999999999824e+00 2.351323207062515576e+04 -5.753422910458500265e-04
3.158546613782988288e+00 8.162333692690806330e+00 1.362950890003808091e+00 4.039195831323246877e-04 4.284391500471037517e+01 1.549918821449724149e+01 7.627401077916079464e-01 3.681439999999999824e+00 2.351323207062515576e+04 -5.753422910458500265e-04
3.158546613782988288e+00 8.162333692690806330e+00 1.362950890003808091e+00 4.039195831323246877e-04 4.284391500471037517e+01 1.549918798354134353e+01 7.627401226927691402e-01 3.681439999999999824e+00 2.351323207062515576e+04 -5.753422910458500265e-04
3.158546613782988288e+00 8.162333692690806330e+00 1.362950890003808091e+00 4.039195831323246877e-04 4.284391500471037517e+01 1.549918798354134353e+01 7.627401077916079464e-01 3.681439999999999824e+00 2.351323242099961863e+04 -5.753422910458500265e-04
3.158546613782988288e+00 8.162333692690806330e+00 1.362950890003808091e+00 4.039195831323246877e-04 4.284391500471037517e+01 1.549918798354134353e+01 7.627401077916079464e-01 3.681439999999999824e+00 2.351323207062515576e+04 -5.753571922070438742e-04
3.160035825590572056e+00 8.223384866796173753e+00 1.364461544293956718e+00 4.034634873065453859e-04 4.290575408464489726e+01 1.549897305953644455e+01 7.495756454428516014e-01 3.681439999999999824e+00 2.351323207406514484e+04 -4.970225996486143591e-04
3.160035872678775171e+00 8.223384866796173753e+00 1.364461544293956718e+00 4.034634873065453859e-04 4.290575408464489726e+01 1.549897305953644455e+01 7.495756454428516014e-01 3.681439999999999824e+00 2.351323207406514484e+04 -4.970225996486143591e-04
3.160035825590572056e+00 8.223384989334157069e+00 1.364461544293956718e+00 4.034634873065453859e-04 4.290575408464489726e+01 1.549897305953644455e+01 7.495756454428516014e-01 3.681439999999999824e+00 2.351323207406514484e+04 -4.970225996486143591e-04
3.160035825590572056e+00 8.223384866796173753e+00 1.364461564626018086e+00 4.034634873065453859e-04 4.290575408464489726e+01 1.549897305953644455e+01 7.495756454428516014e-01 3.681439999999999824e+00 2.351323207406514484e+04 -4.970225996486143591e-04
3.160035825590572056e+00 8.223384866796173753e+00 1.364461544293956718e+00 4.034783884677392335e-04 4.290575408464489726e+01 1.549897305953644455e+01 7.495756454428516014e-01 3.681439999999999824e+00 2.351323207406514484e+04 -4.970225996486143591e-04
3.160035825590572056e+00 8.223384866796173753e+00 1.364461544293956718e+00 4.034634873065453859e-04 4.290575472399045509e+01 1.549897305953644455e+01 7.495756454428516014e-01 3.681439999999999824e+00 2.351323207406514484e+04 -4.970225996486143591e-04
3.160035825590572056e+00 8.223384866796173753e+00 1.364461544293956718e+00 4.034634873065453859e-04 4.290575408464489726e+01 1.549897329048913974e+01 7.495756454428516014e-01 3.681439999999999824e+00 2.351323207406514484e+04 -4.970225996486143591e-04
3.160035825590572056e+00 8.223384866796173753e+00 1.364461544293956718e+00 4.034634873065453859e-04 4.290575408464489726e+01 1.549897305953644455e+01 7.495756603440127952e-01 3.681439999999999824e+00 2.351323207406514484e+04 -4.970225996486143591e-04
3.160035825590572056e+00 8.223384866796173753e+00 1.364461544293956718e+00 4.034634873065453859e-04 4.290575408464489726e+01 1.549897305953644455e+01 7.495756454428516014e-01 3.681439999999999824e+00 2.351323242443960771e+04 -4.970225996486143591e-04
3.160035825590572056e+00 8.223384866796173753e+00 1.364461544293956718e+00 4.034634873065453859e-04 4.290575408464489726e+01 1.549897305953644455e+01 7.495756454428516014e-01 3.681439999999999824e+00 2.351323207406514484e+04 -4.970375008098082067e-04
3.164794535705203860e+00 8.361618285654522253e+00 1.366984364580484224e+00 4.659094490099198980e-03 4.290642970248806165e+01 1.550121012546278898e+01 7.291348413022287200e-01 3.681439999999999824e+00 2.351296288348859161e+04 -2.925988818823355825e-04
3.164794582864317363e+00 8.361618285654522253e+00 1.366984364580484224e+00 4.659094490099198980e-03 4.290642970248806165e+01 1.550121012546278898e+01 7.291348413022287200e-01 3.681439999999999824e+00 2.351296288348859161e+04 -2.925988818823355825e-04
3.164794535705203860e+00 8.361618410252344091e+00 1.366984364580484224e+00 4.659094490099198980e-03 4.290642970248806165e+01 1.550121012546278898e+01 7.291348413022287200e-01 3.681439999999999824e+00 2.351296288348859161e+04 -2.925988818823355825e-04
3.164794535705203860e+00 8.361618285654522253e+00 1.366984384950138631e+00 4.659094490099198980e-03 4.290642970248806165e+01 1.550121012546278898e+01 7.291348413022287200e-01 3.681439999999999824e+00 2.351296288348859161e+04 -2.925988818823355825e-04
3.164794535705203860e+00 8.361618285654522253e+00 1.366984364580484224e+00 4.659109391260392828e-03 4.290642970248806165e+01 1.550121012546278898e+01 7.291348413022287200e-01 3.681439999999999824e+00 2.351296288348859161e+04 -2.925988818823355825e-04
3.164794535705203860e+00 8.361618285654522253e+00 1.366984364580484224e+00 4.659094490099198980e-03 4.290643034184368787e+01 1.550121012546278898e+01 7.291348413022287200e-01 3.681439999999999824e+00 2.351296288348859161e+04 -2.925988818823355825e-04
3.164794535705203860e+00 8.361618285654522253e+00 1.366984364580484224e+00 4.659094490099198980e-03 4.290642970248806165e+01 1.550121035644881928e+01 7.291348413022287200e-01 3.681439999999999824e+00 2.351296288348859161e+04 -2.925988818823355825e-04
3.164794535705203860e+00 8.361618285654522253e+00 1.366984364580484224e+00 4.659094490099198980e-03 4.290642970248806165e+01 1.550121012546278898e+01 7.291348562033899139e-01 3.681439999999999824e+00 2.351296288348859161e+04 -2.925988818823355825e-04
3.164794535705203860e+00 8.361618285654522253e+00 1.366984364580484224e+00 4.659094490099198980e-03 4.290642970248806165e+01 1.550121012546278898e+01 7.291348413022287200e-01 3.681439999999999824e+00 2.351296323385904179e+04 -2.925988818823355825e-04
3.164794535705203860e+00 8.361618285654522253e+00 1.366984364580484224e+00 4.659094490099198980e-03 4.290642970248806165e+01 1.550121012546278898e+01 7.291348413022287200e-01 3.681439999999999824e+00 2.351296288348859161e+04 -2.926137830435294302e-04
3.166024449010414354e+00 8.423417058100151067e+00 1.368523032439175724e+00 4.635196198030188015e-03 4.295896121739666995e+01 1.550148433196341102e+01 7.183238253842105792e-01 3.681439999999999824e+00 2.351296286074160889e+04 -2.323619470952931621e-04
3.166024496187854975e+00 8.423417058100151067e+00 1.368523032439175724e+00 4.635196198030188015e-03 4.295896121739666995e+01 1.550148433196341102e+01 7.183238253842105792e-01 3.681439999999999824e+00 2.351296286074160889e+04 -2.323619470952931621e-04
3.166024449010414354e+00 8.423417183618846948e+00 1.368523032439175724e+00 4.635196198030188015e-03 4.295896121739666995e+01 1.550148433196341102e+01 7.183238253842105792e-01 3.681439999999999824e+00 2.351296286074160889e+04 -2.323619470952931621e-04
3.166024449010414354e+00 8.423417058100151067e+00 1.368523052831758013e+00 4.635196198030188015e-03 4.295896121739666995e+01 1.550148433196341102e+01 7.183238253842105792e-01 3.681439999999999824e+00 2.351296286074160889e+04 -2.323619470952931621e-04
3.166024449010414354e+00 8.423417058100151067e+00 1.368523032439175724e+00 4.635211099191381863e-03 4.295896121739666995e+01 1.550148433196341102e+01 7.183238253842105792e-01 3.681439999999999824e+00 2.351296286074160889e+04 -2.323619470952931621e-04
3.166024449010414354e+00 8.423417058100151067e+00 1.368523032439175724e+00 4.635196198030188015e-03 4.295896185753507268e+01 1.550148433196341102e+01 7.183238253842105792e-01 3.681439999999999824e+00 2.351296286074160889e+04 -2.323619470952931621e-04
3.166024449010414354e+00 8.423417058100151067e+00 1.368523032439175724e+00 4.635196198030188015e-03 4.295896121739666995e+01 1.550148456295352695e+01 7.183238253842105792e-01 3.681439999999999824e+00 2.351296286074160889e+04 -2.323619470952931621e-04
3.166024449010414354e+00 8.423417058100151067e+00 1.368523032439175724e+00 4.635196198030188015e-03 4.295896121739666995e+01 1.550148433196341102e+01 7.183238402853717730e-01 3.681439999999999824e+00 2.351296286074160889e+04 -2.323619470952931621e-04
3.166024449010414354e+00 8.423417058100151067e+00 1.368523032439175724e+00 4.635196198030188015e-03 4.295896121739666995e+01 1.550148433196341102e+01 7.183238253842105792e-01 3.681439999999999824e+00 2.351296321111205907e+04 -2.323619470952931621e-04
3.166024449010414354e+00 8.423417058100151067e+00 1.368523032439175724e+00 4.635196198030188015e-03 4.295896121739666995e+01 1.550148433196341102e+01 7.183238253842105792e-01 3.681439999999999824e+00 2.351296286074160889e+04 -2.323768482564870098e-04
3.166947632690874315e+00 8.477458851151000729e+00 1.369359346668594712e+00 4.577337699031932064e-03 4.298948466713006411e+01 1.550443346147707224e+01 6.904067134731499689e-01 3.681439999999999824e+00 2.351296263296157849e+04 -1.492630972472901467e-04
3.166947679882071487e+00 8.477458851151000729e+00 1.369359346668594712e+00 4.577337699031932064e-03 4.298948466713006411e+01 1.550443346147707224e+01 6.904067134731499689e-01 3.681439999999999824e+00 2.351296263296157849e+04 -1.492630972472901467e-04
3.166947632690874315e+00 8.477458977474981339e+00 1.369359346668594712e+00 4.577337699031932064e-03 4.298948466713006411e+01 1.550443346147707224e+01 6.904067134731499689e-01 3.681439999999999824e+00 2.351296263296157849e+04 -1.492630972472901467e-04
3.166947632690874315e+00 8.477458851151000729e+00 1.369359367073639033e+00 4.577337699031932064e-03 4.298948466713006411e+01 1.550443346147707224e+01 6.904067134731499689e-01 3.681439999999999824e+00 2.351296263296157849e+04 -1.492630972472901467e-04
3.166947632690874315e+00 8.477458851151000729e+00 1.369359346668594712e+00 4.577352600193125912e-03 4.298948466713006411e+01 1.550443346147707224e+01 6.904067134731499689e-01 3.681439999999999824e+00 2.351296263296157849e+04 -1.492630972472901467e-04
3.166947632690874315e+00 8.477458851151000729e+00 1.369359346668594712e+00 4.577337699031932064e-03 4.298948530772330656e+01 1.550443346147707224e+01 6.904067134731499689e-01 3.681439999999999824e+00 2.351296263296157849e+04 -1.492630972472901467e-04
3.166947632690874315e+00 8.477458851151000729e+00 1.369359346668594712e+00 4.577337699031932064e-03 4.298948466713006411e+01 1.550443369251113523e+01 6.904067134731499689e-01 3.681439999999999824e+00 2.351296263296157849e+04 -1.492630972472901467e-04
3.166947632690874315e+00 8.477458851151000729e+00 1.369359346668594712e+00 4.577337699031932064e-03 4.298948466713006411e+01 1.550443346147707224e+01 6.904067283743111627e-01 3.681439999999999824e+00 2.351296263296157849e+04 -1.492630972472901467e-04
3.166947632690874315e+00 8.477458851151000729e+00 1.369359346668594712e+00 4.577337699031932064e-03 4.298948466713006411e+01 1.550443346147707224e+01 6.904067134731499689e-01 3.681439999999999824e+00 2.351296298333202503e+04 -1.492630972472901467e-04
3.166947632690874315e+00 8.477458851151000729e+00 1.369359346668594712e+00 4.577337699031932064e-03 4.298948466713006411e+01 1.550443346147707224e+01 6.904067134731499689e-01 3.681439999999999824e+00 2.351296263296157849e+04 -1.492779984084839943e-04
3.167138632121135444e+00 8.482475995648195877e+00 1.369538824175765113e+00 1.196646642544857420e-02 4.298964052791203727e+01 1.550595027690452810e+01 6.889285450596591698e-01 3.681439999999999824e+00 2.350978019760717143e+04 -1.437246446684178728e-04
3.167138679315178784e+00 8.482475995648195877e+00 1.369538824175765113e+00 1.196646642544857420e-02 4.298964052791203727e+01 1.550595027690452810e+01 6.889285450596591698e-01 3.681439999999999824e+00 2.350978019760717143e+04 -1.437246446684178728e-04
3.167138632121135444e+00 8.482476122046938016e+00 1.369538824175765113e+00 1.196646642544857420e-02 4.298964052791203727e+01 1.550595027690452810e+01 6.889285450596591698e-01 3.681439999999999824e+00 2.350978019760717143e+04 -1.437246446684178728e-04
3.167138632121135444e+00 8.482475995648195877e+00 1.369538844583483961e+00 1.196646642544857420e-02 4.298964052791203727e+01 1.550595027690452810e+01 6.889285450596591698e-01 3.681439999999999824e+00 2.350978019760717143e+04 -1.437246446684178728e-04
3.167138632121135444e+00 8.482475995648195877e+00 1.369538824175765113e+00 1.196648132660976804e-02 4.298964052791203727e+01 1.550595027690452810e+01 6.889285450596591698e-01 3.681439999999999824e+00 2.350978019760717143e+04 -1.437246446684178728e-04
3.167138632121135444e+00 8.482475995648195877e+00 1.369538824175765113e+00 1.196646642544857420e-02 4.298964116850760320e+01 1.550595027690452810e+01 6.889285450596591698e-01 3.681439999999999824e+00 2.350978019760717143e+04 -1.437246446684178728e-04
3.167138632121135444e+00 8.482475995648195877e+00 1.369538824175765113e+00 1.196646642544857420e-02 4.298964052791203727e+01 1.550595050796119345e+01 6.889285450596591698e-01 3.681439999999999824e+00 2.350978019760717143e+04 -1.437246446684178728e-04
3.167138632121135444e+00 8.482475995648195877e+00 1.369538824175765113e+00 1.196646642544857420e-02 4.298964052791203727e+01 1.550595027690452810e+01 6.889285599608203636e-01 3.681439999999999824e+00 2.350978019760717143e+04 -1.437246446684178728e-04
3.167138632121135444e+00 8.482475995648195877e+00 1.369538824175765113e+00 1.196646642544857420e-02 4.298964052791203727e+01 1.550595027690452810e+01 6.889285450596591698e-01 3.681439999999999824e+00 2.350978054793019692e+04 -1.437246446684178728e-04
3.167138632121135444e+00 8.482475995648195877e+00 1.369538824175765113e+00 1.196646642544857420e-02 4.298964052791203727e+01 1.550595027690452810e+01 6.889285450596591698e-01 3.681439999999999824e+00 2.350978019760717143e+04 -1.437395458296117205e-04
3.167624280313408480e+00 8.504721686337232356e+00 1.369715983412032267e+00 9.736421918356545635e-03 4.300115304115058734e+01 1.558208156186556970e+01 6.738925859976854227e-01 3.681439999999999824e+00 2.350972352842694454e+04 -1.131050776851210131e-04
3.167558108291505636e+00 8.503612675028215051e+00 1.369681147093278151e+00 1.066785474182085219e-02 4.300528181186022181e+01 1.551229831753184385e+01 6.738017144152008697e-01 3.681439999999999824e+00 2.350977810167951611e+04 -1.141678329406492672e-04
3.167256292504566861e+00 8.488790904960492156e+00 1.369392301737430095e+00 1.192726323978304109e-02 4.299627935577081672e+01 1.550605267393575915e+01 6.850223547958976811e-01 3.681439999999999824e+00 2.350978017134520269e+04 -1.340846542002024726e-04
3.167256339700363466e+00 8.488790904960492156e+00 1.369392301737430095e+00 1.192726323978304109e-02 4.299627935577081672e+01 1.550605267393575915e+01 6.850223547958976811e-01 3.681439999999999824e+00 2.350978017134520269e+04 -1.340846542002024726e-04
3.167256292504566861e+00 8.488791031453333247e+00 1.369392301737430095e+00 1.192726323978304109e-02 4.299627935577081672e+01 1.550605267393575915e+01 6.850223547958976811e-01 3.681439999999999824e+00 2.350978017134520269e+04 -1.340846542002024726e-04
3.167256292504566861e+00 8.488790904960492156e+00 1.369392322142965579e+00 1.192726323978304109e-02 4.299627935577081672e+01 1.550605267393575915e+01 6.850223547958976811e-01 3.681439999999999824e+00 2.350978017134520269e+04 -1.340846542002024726e-04
3.167256292504566861e+00 8.488790904960492156e+00 1.369392301737430095e+00 1.192727814094423494e-02 4.299627935577081672e+01 1.550605267393575915e+01 6.850223547958976811e-01 3.681439999999999824e+00 2.350978017134520269e+04 -1.340846542002024726e-04
3.167256292504566861e+00 8.488790904960492156e+00 1.369392301737430095e+00 1.192726323978304109e-02 4.299627999646530441e+01 1.550605267393575915e+01 6.850223547958976811e-01 3.681439999999999824e+00 2.350978017134520269e+04 -1.340846542002024726e-04
3.167256292504566861e+00 8.488790904960492156e+00 1.369392301737430095e+00 1.192726323978304109e-02 4.299627935577081672e+01 1.550605290499395039e+01 6.850223547958976811e-01 3.681439999999999824e+00 2.350978017134520269e+04 -1.340846542002024726e-04
3.167256292504566861e+00 8.488790904960492156e+00 1.369392301737430095e+00 1.192726323978304109e-02 4.299627935577081672e+01 1.550605267393575915e+01 6.850223696970588749e-01 3.681439999999999824e+00 2.350978017134520269e+04 -1.340846542002024726e-04
3.167256292504566861e+00 8.488790904960492156e+00 1.369392301737430095e+00 1.192726323978304109e-02 4.299627935577081672e+01 1.550605267393575915e+01 6.850223547958976811e-01 3.681439999999999824e+00 2.350978052166822818e+04 -1.340846542002024726e-04
3.167256292504566861e+00 8.488790904960492156e+00 1.369392301737430095e+00 1.192726323978304109e-02 4.299627935577081672e+01 1.550605267393575915e+01 6.850223547958976811e-01 3.681439999999999824e+00 2.350978017134520269e+04 -1.340995553613963203e-04
3.167504688741924035e+00 8.496775081225882431e+00 1.369611729421006840e+00 6.663875625005842747e-03 4.299630525881647003e+01 1.550628085683087498e+01 6.827202413202837494e-01 3.681439999999999824e+00 2.350927076098797625e+04 -1.215548777333547436e-04
3.167504735941422123e+00 8.496775081225882431e+00 1.369611729421006840e+00 6.663875625005842747e-03 4.299630525881647003e+01 1.550628085683087498e+01 6.827202413202837494e-01 3.681439999999999824e+00 2.350927076098797625e+04 -1.215548777333547436e-04
3.167504688741924035e+00 8.496775207837696797e+00 1.369611729421006840e+00 6.663875625005842747e-03 4.299630525881647003e+01 1.550628085683087498e+01 6.827202413202837494e-01 3.681439999999999824e+00 2.350927076098797625e+04 -1.215548777333547436e-04
3.167504688741924035e+00 8.496775081225882431e+00 1.369611749829811931e+00 6.663875625005842747e-03 4.299630525881647003e+01 1.550628085683087498e+01 6.827202413202837494e-01 3.681439999999999824e+00 2.350927076098797625e+04 -1.215548777333547436e-04
3.167504688741924035e+00 8.496775081225882431e+00 1.369611729421006840e+00 6.663890526167036595e-03 4.299630525881647003e+01 1.550628085683087498e+01 6.827202413202837494e-01 3.681439999999999824e+00 2.350927076098797625e+04 -1.215548777333547436e-04
3.167504688741924035e+00 8.496775081225882431e+00 1.369611729421006840e+00 6.663875625005842747e-03 4.299630589951134851e+01 1.550628085683087498e+01 6.827202413202837494e-01 3.681439999999999824e+00 2.350927076098797625e+04 -1.215548777333547436e-04
3.167504688741924035e+00 8.496775081225882431e+00 1.369611729421006840e+00 6.663875625005842747e-03 4.299630525881647003e+01 1.550628108789246618e+01 6.827202413202837494e-01 3.681439999999999824e+00 2.350927076098797625e+04 -1.215548777333547436e-04
3.167504688741924035e+00 8.496775081225882431e+00 1.369611729421006840e+00 6.663875625005842747e-03 4.299630525881647003e+01 1.550628085683087498e+01 6.827202562214449433e-01 3.681439999999999824e+00 2.350927076098797625e+04 -1.215548777333547436e-04
3.167504688741924035e+00 8.496775081225882431e+00 1.369611729421006840e+00 6.663875625005842747e-03 4.299630525881647003e+01 1.550628085683087498e+01 6.827202413202837494e-01 3.681439999999999824e+00 2.350927111130340927e+04 -1.215548777333547436e-04
3.167504688741924035e+00 8.496775081225882431e+00 1.369611729421006840e+00 6.663875625005842747e-03 4.299630525881647003e+01 1.550628085683087498e+01 6.827202413202837494e-01 3.681439999999999824e+00 2.350927076098797625e+04 -1.215697788945485912e-04
3.167629717666915479e+00 8.502561721068964573e+00 1.369708501225955777e+00 6.453012100372386775e-03 4.300188245580248747e+01 1.550701511200034766e+01 6.789209662325830230e-01 3.681439999999999824e+00 2.350927045385951351e+04 -1.142541048969438947e-04
3.167629764868276521e+00 8.502561721068964573e+00 1.369708501225955777e+00 6.453012100372386775e-03 4.300188245580248747e+01 1.550701511200034766e+01 6.789209662325830230e-01 3.681439999999999824e+00 2.350927045385951351e+04 -1.142541048969438947e-04
3.167629717666915479e+00 8.502561847767006853e+00 1.369708501225955777e+00 6.453012100372386775e-03 4.300188245580248747e+01 1.550701511200034766e+01 6.789209662325830230e-01 3.681439999999999824e+00 2.350927045385951351e+04 -1.142541048969438947e-04
3.167629717666915479e+00 8.502561721068964573e+00 1.369708521636203047e+00 6.453012100372386775e-03 4.300188245580248747e+01 1.550701511200034766e+01 6.789209662325830230e-01 3.681439999999999824e+00 2.350927045385951351e+04 -1.142541048969438947e-04
3.167629717666915479e+00 8.502561721068964573e+00 1.369708501225955777e+00 6.453027001533580623e-03 4.300188245580248747e+01 1.550701511200034766e+01 6.789209662325830230e-01 3.681439999999999824e+00 2.350927045385951351e+04 -1.142541048969438947e-04
3.167629717666915479e+00 8.502561721068964573e+00 1.369708501225955777e+00 6.453012100372386775e-03 4.300188309658047103e+01 1.550701511200034766e+01 6.789209662325830230e-01 3.681439999999999824e+00 2.350927045385951351e+04 -1.142541048969438947e-04
3.167629717666915479e+00 8.502561721068964573e+00 1.369708501225955777e+00 6.453012100372386775e-03 4.300188245580248747e+01 1.550701534307287943e+01 6.789209662325830230e-01 3.681439999999999824e+00 2.350927045385951351e+04 -1.142541048969438947e-04
3.167629717666915479e+00 8.502561721068964573e+00 1.369708501225955777e+00 6.453012100372386775e-03 4.300188245580248747e+01 1.550701511200034766e+01 6.789209811337442169e-01 3.681439999999999824e+00 2.350927045385951351e+04 -1.142541048969438947e-04
3.167629717666915479e+00 8.502561721068964573e+00 1.369708501225955777e+00 6.453012100372386775e-03 4.300188245580248747e+01 1.550701511200034766e+01 6.789209662325830230e-01 3.681439999999999824e+00 2.350927080417494290e+04 -1.142541048969438947e-04
3.167629717666915479e+00 8.502561721068964573e+00 1.369708501225955777e+00 6.453012100372386775e-03 4.300188245580248747e+01 1.550701511200034766e+01 6.789209662325830230e-01 3.681439999999999824e+00 2.350927045385951351e+04 -1.142690060581377423e-04
3.167609387884698702e+00 8.502482139735976219e+00 1.369661535196309066e+00 6.379310407526213311e-03 4.300185373593887306e+01 1.550712801882629677e+01 6.774244540593167274e-01 3.681439999999999824e+00 2.350809225244910340e+04 -1.148320111184848095e-04
3.167609435085756875e+00 8.502482139735976219e+00 1.369661535196309066e+00 6.379310407526213311e-03 4.300185373593887306e+01 1.550712801882629677e+01 6.774244540593167274e-01 3.681439999999999824e+00 2.350809225244910340e+04 -1.148320111184848095e-04
3.167609387884698702e+00 8.502482266432833669e+00 1.369661535196309066e+00 6.379310407526213311e-03 4.300185373593887306e+01 1.550712801882629677e+01 6.774244540593167274e-01 3.681439999999999824e+00 2.350809225244910340e+04 -1.148320111184848095e-04
3.167609387884698702e+00 8.502482139735976219e+00 1.369661555605856451e+00 6.379310407526213311e-03 4.300185373593887306e+01 1.550712801882629677e+01 6.774244540593167274e-01 3.681439999999999824e+00 2.350809225244910340e+04 -1.148320111184848095e-04
3.167609387884698702e+00 8.502482139735976219e+00 1.369661535196309066e+00 6.379325308687407159e-03 4.300185373593887306e+01 1.550712801882629677e+01 6.774244540593167274e-01 3.681439999999999824e+00 2.350809225244910340e+04 -1.148320111184848095e-04
3.167609387884698702e+00 8.502482139735976219e+00 1.369661535196309066e+00 6.379310407526213311e-03 4.300185437671643029e+01 1.550712801882629677e+01 6.774244540593167274e-01 3.681439999999999824e+00 2.350809225244910340e+04 -1.148320111184848095e-04
3.167609387884698702e+00 8.502482139735976219e+00 1.369661535196309066e+00 6.379310407526213311e-03 4.300185373593887306e+01 1.550712824990051075e+01 6.774244540593167274e-01 3.681439999999999824e+00 2.350809225244910340e+04 -1.148320111184848095e-04
3.167609387884698702e+00 8.502482139735976219e+00 1.369661535196309066e+00 6.379310407526213311e-03 4.300185373593887306e+01 1.550712801882629677e+01 6.774244689604779213e-01 3.681439999999999824e+00 2.350809225244910340e+04 -1.148320111184848095e-04
3.167609387884698702e+00 8.502482139735976219e+00 1.369661535196309066e+00 6.379310407526213311e-03 4.300185373593887306e+01 1.550712801882629677e+01 6.774244540593167274e-01 3.681439999999999824e+00 2.350809260274697590e+04 -1.148320111184848095e-04
3.167609387884698702e+00 8.502482139735976219e+00 1.369661535196309066e+00 6.379310407526213311e-03 4.300185373593887306e+01 1.550712801882629677e+01 6.774244540593167274e-01 3.681439999999999824e+00 2.350809225244910340e+04 -1.148469122796786572e-04
3.167673627899485478e+00 8.503148650638541639e+00 1.369780094305427909e+00 1.044644035031756096e-04 4.300185696775485411e+01 1.550728988253109542e+01 6.772501489697250188e-01 3.681439999999999824e+00 2.350745138522716661e+04 -1.144854480332213348e-04
3.167673675101500663e+00 8.503148650638541639e+00 1.369780094305427909e+00 1.044644035031756096e-04 4.300185696775485411e+01 1.550728988253109542e+01 6.772501489697250188e-01 3.681439999999999824e+00 2.350745138522716661e+04 -1.144854480332213348e-04
3.167673627899485478e+00 8.503148777345330700e+00 1.369780094305427909e+00 1.044644035031756096e-04 4.300185696775485411e+01 1.550728988253109542e+01 6.772501489697250188e-01 3.681439999999999824e+00 2.350745138522716661e+04 -1.144854480332213348e-04
3.167673627899485478e+00 8.503148650638541639e+00 1.369780114716741881e+00 1.044644035031756096e-04 4.300185696775485411e+01 1.550728988253109542e+01 6.772501489697250188e-01 3.681439999999999824e+00 2.350745138522716661e+04 -1.144854480332213348e-04
3.167673627899485478e+00 8.503148650638541639e+00 1.369780094305427909e+00 1.044793046643694573e-04 4.300185696775485411e+01 1.550728988253109542e+01 6.772501489697250188e-01 3.681439999999999824e+00 2.350745138522716661e+04 -1.144854480332213348e-04
3.167673627899485478e+00 8.503148650638541639e+00 1.369780094305427909e+00 1.044644035031756096e-04 4.300185760853245398e+01 1.550728988253109542e+01 6.772501489697250188e-01 3.681439999999999824e+00 2.350745138522716661e+04 -1.144854480332213348e-04
3.167673627899485478e+00 8.503148650638541639e+00 1.369780094305427909e+00 1.044644035031756096e-04 4.300185696775485411e+01 1.550729011360772169e+01 6.772501489697250188e-01 3.681439999999999824e+00 2.350745138522716661e+04 -1.144854480332213348e-04
3.167673627899485478e+00 8.503148650638541639e+00 1.369780094305427909e+00 1.044644035031756096e-04 4.300185696775485411e+01 1.550728988253109542e+01 6.772501638708862126e-01 3.681439999999999824e+00 2.350745138522716661e+04 -1.144854480332213348e-04
3.167673627899485478e+00 8.503148650638541639e+00 1.369780094305427909e+00 1.044644035031756096e-04 4.300185696775485411e+01 1.550728988253109542e+01 6.772501489697250188e-01 3.681439999999999824e+00 2.350745173551548942e+04 -1.144854480332213348e-04
3.167673627899485478e+00 8.503148650638541639e+00 1.369780094305427909e+00 1.044644035031756096e-04 4.300185696775485411e+01 1.550728988253109542e+01 6.772501489697250188e-01 3.681439999999999824e+00 2.350745138522716661e+04 -1.145003491944151825e-04
3.167658719677760359e+00 8.504042650351667731e+00 1.369718634037458749e+00 1.020593009289206643e-04 4.300267819505789646e+01 1.550748880097253490e+01 6.767106420227207986e-01 3.681439999999999824e+00 2.350501988203216388e+04 -1.148674107229025708e-04
3.167658766879553500e+00 8.504042650351667731e+00 1.369718634037458749e+00 1.020593009289206643e-04 4.300267819505789646e+01 1.550748880097253490e+01 6.767106420227207986e-01 3.681439999999999824e+00 2.350501988203216388e+04 -1.148674107229025708e-04
3.167658719677760359e+00 8.504042777071777692e+00 1.369718634037458749e+00 1.020593009289206643e-04 4.300267819505789646e+01 1.550748880097253490e+01 6.767106420227207986e-01 3.681439999999999824e+00 2.350501988203216388e+04 -1.148674107229025708e-04
3.167658719677760359e+00 8.504042650351667731e+00 1.369718654447857009e+00 1.020593009289206643e-04 4.300267819505789646e+01 1.550748880097253490e+01 6.767106420227207986e-01 3.681439999999999824e+00 2.350501988203216388e+04 -1.148674107229025708e-04
3.167658719677760359e+00 8.504042650351667731e+00 1.369718634037458749e+00 1.020742020901145119e-04 4.300267819505789646e+01 1.550748880097253490e+01 6.767106420227207986e-01 3.681439999999999824e+00 2.350501988203216388e+04 -1.148674107229025708e-04
3.167658719677760359e+00 8.504042650351667731e+00 1.369718634037458749e+00 1.020593009289206643e-04 4.300267883584773898e+01 1.550748880097253490e+01 6.767106420227207986e-01 3.681439999999999824e+00 2.350501988203216388e+04 -1.148674107229025708e-04
3.167658719677760359e+00 8.504042650351667731e+00 1.369718634037458749e+00 1.020593009289206643e-04 4.300267819505789646e+01 1.550748903205212592e+01 6.767106420227207986e-01 3.681439999999999824e+00 2.350501988203216388e+04 -1.148674107229025708e-04
3.167658719677760359e+00 8.504042650351667731e+00 1.369718634037458749e+00 1.020593009289206643e-04 4.300267819505789646e+01 1.550748880097253490e+01 6.767106569238819924e-01 3.681439999999999824e+00 2.350501988203216388e+04 -1.148674107229025708e-04
3.167658719677760359e+00 8.504042650351667731e+00 1.369718634037458749e+00 1.020593009289206643e-04 4.300267819505789646e+01 1.550748880097253490e+01 6.767106420227207986e-01 3.681439999999999824e+00 2.350502023228425242e+04 -1.148674107229025708e-04
3.167658719677760359e+00 8.504042650351667731e+00 1.369718634037458749e+00 1.020593009289206643e-04 4.300267819505789646e+01 1.550748880097253490e+01 6.767106420227207986e-01 3.681439999999999824e+00 2.350501988203216388e+04 -1.148823118840964184e-04
3.167647412236389570e+00 8.505670452708960383e+00 1.369655246908474622e+00 9.959533827266906956e-05 4.300268476695126907e+01 1.550787516179200587e+01 6.763559096048284980e-01 3.681439999999999824e+00 2.350014634731514525e+04 -1.155592379747314829e-04
3.167647459438014401e+00 8.505670452708960383e+00 1.369655246908474622e+00 9.959533827266906956e-05 4.300268476695126907e+01 1.550787516179200587e+01 6.763559096048284980e-01 3.681439999999999824e+00 2.350014634731514525e+04 -1.155592379747314829e-04
3.167647412236389570e+00 8.505670579453326496e+00 1.369655246908474622e+00 9.959533827266906956e-05 4.300268476695126907e+01 1.550787516179200587e+01 6.763559096048284980e-01 3.681439999999999824e+00 2.350014634731514525e+04 -1.155592379747314829e-04
3.167647412236389570e+00 8.505670452708960383e+00 1.369655267317928304e+00 9.959533827266906956e-05 4.300268476695126907e+01 1.550787516179200587e+01 6.763559096048284980e-01 3.681439999999999824e+00 2.350014634731514525e+04 -1.155592379747314829e-04
3.167647412236389570e+00 8.505670452708960383e+00 1.369655246908474622e+00 9.961023943386291722e-05 4.300268476695126907e+01 1.550787516179200587e+01 6.763559096048284980e-01 3.681439999999999824e+00 2.350014634731514525e+04 -1.155592379747314829e-04
3.167647412236389570e+00 8.505670452708960383e+00 1.369655246908474622e+00 9.959533827266906956e-05 4.300268540774120396e+01 1.550787516179200587e+01 6.763559096048284980e-01 3.681439999999999824e+00 2.350014634731514525e+04 -1.155592379747314829e-04
3.167647412236389570e+00 8.505670452708960383e+00 1.369655246908474622e+00 9.959533827266906956e-05 4.300268476695126907e+01 1.550787539287735406e+01 6.763559096048284980e-01 3.681439999999999824e+00 2.350014634731514525e+04 -1.155592379747314829e-04
3.167647412236389570e+00 8.505670452708960383e+00 1.369655246908474622e+00 9.959533827266906956e-05 4.300268476695126907e+01 1.550787516179200587e+01 6.763559245059896918e-01 3.681439999999999824e+00 2.350014634731514525e+04 -1.155592379747314829e-04
3.167647412236389570e+00 8.505670452708960383e+00 1.369655246908474622e+00 9.959533827266906956e-05 4.300268476695126907e+01 1.550787516179200587e+01 6.763559096048284980e-01 3.681439999999999824e+00 2.350014669749461245e+04 -1.155592379747314829e-04
3.167647412236389570e+00 8.505670452708960383e+00 1.369655246908474622e+00 9.959533827266906956e-05 4.300268476695126907e+01 1.550787516179200587e+01 6.763559096048284980e-01 3.681439999999999824e+00 2.350014634731514525e+04 -1.155741391359253306e-04
3.167582117623326976e+00 8.507781214242021051e+00 1.369506226952964978e+00 9.497594029987602561e-05 4.300463643101358002e+01 1.550863519470019369e+01 6.753853130347946543e-01 3.681439999999999824e+00 2.349040399280078418e+04 -1.185615270639729836e-04
3.167582164823978808e+00 8.507781214242021051e+00 1.369506226952964978e+00 9.497594029987602561e-05 4.300463643101358002e+01 1.550863519470019369e+01 6.753853130347946543e-01 3.681439999999999824e+00 2.349040399280078418e+04 -1.185615270639729836e-04
3.167582117623326976e+00 8.507781341017841115e+00 1.369506226952964978e+00 9.497594029987602561e-05 4.300463643101358002e+01 1.550863519470019369e+01 6.753853130347946543e-01 3.681439999999999824e+00 2.349040399280078418e+04 -1.185615270639729836e-04
3.167582117623326976e+00 8.507781214242021051e+00 1.369506247360197992e+00 9.497594029987602561e-05 4.300463643101358002e+01 1.550863519470019369e+01 6.753853130347946543e-01 3.681439999999999824e+00 2.349040399280078418e+04 -1.185615270639729836e-04
3.167582117623326976e+00 8.507781214242021051e+00 1.369506226952964978e+00 9.499084146106987327e-05 4.300463643101358002e+01 1.550863519470019369e+01 6.753853130347946543e-01 3.681439999999999824e+00 2.349040399280078418e+04 -1.185615270639729836e-04
3.167582117623326976e+00 8.507781214242021051e+00 1.369506226952964978e+00 9.497594029987602561e-05 4.300463707183259743e+01 1.550863519470019369e+01 6.753853130347946543e-01 3.681439999999999824e+00 2.349040399280078418e+04 -1.185615270639729836e-04
3.167582117623326976e+00 8.507781214242021051e+00 1.369506226952964978e+00 9.497594029987602561e-05 4.300463643101358002e+01 1.550863542579686616e+01 6.753853130347946543e-01 3.681439999999999824e+00 2.349040399280078418e+04 -1.185615270639729836e-04
3.167582117623326976e+00 8.507781214242021051e+00 1.369506226952964978e+00 9.497594029987602561e-05 4.300463643101358002e+01 1.550863519470019369e+01 6.753853279359558481e-01 3.681439999999999824e+00 2.349040399280078418e+04 -1.185615270639729836e-04
3.167582117623326976e+00 8.507781214242021051e+00 1.369506226952964978e+00 9.497594029987602561e-05 4.300463643101358002e+01 1.550863519470019369e+01 6.753853130347946543e-01 3.681439999999999824e+00 2.349040434283508148e+04 -1.185615270639729836e-04
3.167582117623326976e+00 8.507781214242021051e+00 1.369506226952964978e+00 9.497594029987602561e-05 4.300463643101358002e+01 1.550863519470019369e+01 6.753853130347946543e-01 3.681439999999999824e+00 2.349040399280078418e+04 -1.185764282251668312e-04
3.167423113878585106e+00 8.512352850888786904e+00 1.369216896687021734e+00 8.641702592181156834e-05 4.300899970053063726e+01 1.551016788142823266e+01 6.746037328219698370e-01 3.681439999999999824e+00 2.347092300727300972e+04 -1.239968407520967097e-04
3.167423161076867277e+00 8.512352850888786904e+00 1.369216896687021734e+00 8.641702592181156834e-05 4.300899970053063726e+01 1.551016788142823266e+01 6.746037328219698370e-01 3.681439999999999824e+00 2.347092300727300972e+04 -1.239968407520967097e-04
3.167423113878585106e+00 8.512352977732728476e+00 1.369216896687021734e+00 8.641702592181156834e-05 4.300899970053063726e+01 1.551016788142823266e+01 6.746037328219698370e-01 3.681439999999999824e+00 2.347092300727300972e+04 -1.239968407520967097e-04
3.167423113878585106e+00 8.512352850888786904e+00 1.369216917089943530e+00 8.641702592181156834e-05 4.300899970053063726e+01 1.551016788142823266e+01 6.746037328219698370e-01 3.681439999999999824e+00 2.347092300727300972e+04 -1.239968407520967097e-04
3.167423113878585106e+00 8.512352850888786904e+00 1.369216896687021734e+00 8.643192708300541599e-05 4.300899970053063726e+01 1.551016788142823266e+01 6.746037328219698370e-01 3.681439999999999824e+00 2.347092300727300972e+04 -1.239968407520967097e-04
3.167423113878585106e+00 8.512352850888786904e+00 1.369216896687021734e+00 8.641702592181156834e-05 4.300900034141467643e+01 1.551016788142823266e+01 6.746037328219698370e-01 3.681439999999999824e+00 2.347092300727300972e+04 -1.239968407520967097e-04
3.167423113878585106e+00 8.512352850888786904e+00 1.369216896687021734e+00 8.641702592181156834e-05 4.300899970053063726e+01 1.551016811254774375e+01 6.746037328219698370e-01 3.681439999999999824e+00 2.347092300727300972e+04 -1.239968407520967097e-04
3.167423113878585106e+00 8.512352850888786904e+00 1.369216896687021734e+00 8.641702592181156834e-05 4.300899970053063726e+01 1.551016788142823266e+01 6.746037477231310309e-01 3.681439999999999824e+00 2.347092300727300972e+04 -1.239968407520967097e-04
3.167423113878585106e+00 8.512352850888786904e+00 1.369216896687021734e+00 8.641702592181156834e-05 4.300899970053063726e+01 1.551016788142823266e+01 6.746037328219698370e-01 3.681439999999999824e+00 2.347092335701701813e+04 -1.239968407520967097e-04
3.167423113878585106e+00 8.512352850888786904e+00 1.369216896687021734e+00 8.641702592181156834e-05 4.300899970053063726e+01 1.551016788142823266e+01 6.746037328219698370e-01 3.681439999999999824e+00 2.347092300727300972e+04 -1.240117419132905573e-04
3.167428351551406340e+00 8.512435464393742990e+00 1.369226611105967661e+00 1.510156023477324163e-03 4.300900032011372787e+01 1.551023864354749016e+01 6.745856905545948301e-01 3.681439999999999824e+00 2.347061663262546062e+04 -1.240796709500787017e-04
3.167428398749766671e+00 8.512435464393742990e+00 1.369226611105967661e+00 1.510156023477324163e-03 4.300900032011372787e+01 1.551023864354749016e+01 6.745856905545948301e-01 3.681439999999999824e+00 2.347061663262546062e+04 -1.240796709500787017e-04
3.167428351551406340e+00 8.512435591238915578e+00 1.369226611105967661e+00 1.510156023477324163e-03 4.300900032011372787e+01 1.551023864354749016e+01 6.745856905545948301e-01 3.681439999999999824e+00 2.347061663262546062e+04 -1.240796709500787017e-04
3.167428351551406340e+00 8.512435464393742990e+00 1.369226631509034009e+00 1.510156023477324163e-03 4.300900032011372787e+01 1.551023864354749016e+01 6.745856905545948301e-01 3.681439999999999824e+00 2.347061663262546062e+04 -1.240796709500787017e-04
3.167428351551406340e+00 8.512435464393742990e+00 1.369226611105967661e+00 1.510170924638518011e-03 4.300900032011372787e+01 1.551023864354749016e+01 6.745856905545948301e-01 3.681439999999999824e+00 2.347061663262546062e+04 -1.240796709500787017e-04
3.167428351551406340e+00 8.512435464393742990e+00 1.369226611105967661e+00 1.510156023477324163e-03 4.300900096099777414e+01 1.551023864354749016e+01 6.745856905545948301e-01 3.681439999999999824e+00 2.347061663262546062e+04 -1.240796709500787017e-04
3.167428351551406340e+00 8.512435464393742990e+00 1.369226611105967661e+00 1.510156023477324163e-03 4.300900032011372787e+01 1.551023887466805640e+01 6.745856905545948301e-01 3.681439999999999824e+00 2.347061663262546062e+04 -1.240796709500787017e-04
3.167428351551406340e+00 8.512435464393742990e+00 1.369226611105967661e+00 1.510156023477324163e-03 4.300900032011372787e+01 1.551023864354749016e+01 6.745857054557560240e-01 3.681439999999999824e+00 2.347061663262546062e+04 -1.240796709500787017e-04
3.167428351551406340e+00 8.512435464393742990e+00 1.369226611105967661e+00 1.510156023477324163e-03 4.300900032011372787e+01 1.551023864354749016e+01 6.745856905545948301e-01 3.681439999999999824e+00 2.347061698236490338e+04 -1.240796709500787017e-04
3.167428351551406340e+00 8.512435464393742990e+00 1.369226611105967661e+00 1.510156023477324163e-03 4.300900032011372787e+01 1.551023864354749016e+01 6.745856905545948301e-01 3.681439999999999824e+00 2.347061663262546062e+04 -1.240945721112725493e-04
3.167197141237851454e+00 8.521577476234828197e+00 1.368614548876244008e+00 1.285427290766919667e-03 4.301681564947597991e+01 1.551312767189912023e+01 6.723238749044354590e-01 3.681439999999999824e+00 2.343167950472832672e+04 -1.349850337312924811e-04
3.167197188432766541e+00 8.521577476234828197e+00 1.368614548876244008e+00 1.285427290766919667e-03 4.301681564947597991e+01 1.551312767189912023e+01 6.723238749044354590e-01 3.681439999999999824e+00 2.343167950472832672e+04 -1.349850337312924811e-04
3.167197141237851454e+00 8.521577603216227814e+00 1.368614548876244008e+00 1.285427290766919667e-03 4.301681564947597991e+01 1.551312767189912023e+01 6.723238749044354590e-01 3.681439999999999824e+00 2.343167950472832672e+04 -1.349850337312924811e-04
3.167197141237851454e+00 8.521577476234828197e+00 1.368614569270190096e+00 1.285427290766919667e-03 4.301681564947597991e+01 1.551312767189912023e+01 6.723238749044354590e-01 3.681439999999999824e+00 2.343167950472832672e+04 -1.349850337312924811e-04
3.167197141237851454e+00 8.521577476234828197e+00 1.368614548876244008e+00 1.285442191928113514e-03 4.301681564947597991e+01 1.551312767189912023e+01 6.723238749044354590e-01 3.681439999999999824e+00 2.343167950472832672e+04 -1.349850337312924811e-04
3.167197141237851454e+00 8.521577476234828197e+00 1.368614548876244008e+00 1.285427290766919667e-03 4.301681629047648414e+01 1.551312767189912023e+01 6.723238749044354590e-01 3.681439999999999824e+00 2.343167950472832672e+04 -1.349850337312924811e-04
3.167197141237851454e+00 8.521577476234828197e+00 1.368614548876244008e+00 1.285427290766919667e-03 4.301681564947597991e+01 1.551312790306273648e+01 6.723238749044354590e-01 3.681439999999999824e+00 2.343167950472832672e+04 -1.349850337312924811e-04
3.167197141237851454e+00 8.521577476234828197e+00 1.368614548876244008e+00 1.285427290766919667e-03 4.301681564947597991e+01 1.551312767189912023e+01 6.723238898055966528e-01 3.681439999999999824e+00 2.343167950472832672e+04 -1.349850337312924811e-04
3.167197141237851454e+00 8.521577476234828197e+00 1.368614548876244008e+00 1.285427290766919667e-03 4.301681564947597991e+01 1.551312767189912023e+01 6.723238749044354590e-01 3.681439999999999824e+00 2.343167985388755915e+04 -1.349850337312924811e-04
3.167197141237851454e+00 8.521577476234828197e+00 1.368614548876244008e+00 1.285427290766919667e-03 4.301681564947597991e+01 1.551312767189912023e+01 6.723238749044354590e-01 3.681439999999999824e+00 2.343167950472832672e+04 -1.349999348924863288e-04
3.167188863289170264e+00 8.522632584170048986e+00 1.368637716304079488e+00 9.961932001351656366e-04 4.301853534922150146e+01 1.561487529965342169e+01 6.719766891262903830e-01 3.681439999999999824e+00 2.343119203557877699e+04 -1.342503389529107528e-04
3.167188910483961894e+00 8.522632584170048986e+00 1.368637716304079488e+00 9.961932001351656366e-04 4.301853534922150146e+01 1.561487529965342169e+01 6.719766891262903830e-01 3.681439999999999824e+00 2.343119203557877699e+04 -1.342503389529107528e-04
3.167188863289170264e+00 8.522632711167171138e+00 1.368637716304079488e+00 9.961932001351656366e-04 4.301853534922150146e+01 1.561487529965342169e+01 6.719766891262903830e-01 3.681439999999999824e+00 2.343119203557877699e+04 -1.342503389529107528e-04
3.167188863289170264e+00 8.522632584170048986e+00 1.368637736698370633e+00 9.961932001351656366e-04 4.301853534922150146e+01 1.561487529965342169e+01 6.719766891262903830e-01 3.681439999999999824e+00 2.343119203557877699e+04 -1.342503389529107528e-04
3.167188863289170264e+00 8.522632584170048986e+00 1.368637716304079488e+00 9.962081012963594842e-04 4.301853534922150146e+01 1.561487529965342169e+01 6.719766891262903830e-01 3.681439999999999824e+00 2.343119203557877699e+04 -1.342503389529107528e-04
3.167188863289170264e+00 8.522632584170048986e+00 1.368637716304079488e+00 9.961932001351656366e-04 4.301853599024762786e+01 1.561487529965342169e+01 6.719766891262903830e-01 3.681439999999999824e+00 2.343119203557877699e+04 -1.342503389529107528e-04
3.167188863289170264e+00 8.522632584170048986e+00 1.368637716304079488e+00 9.961932001351656366e-04 4.301853534922150146e+01 1.561487553233319581e+01 6.719766891262903830e-01 3.681439999999999824e+00 2.343119203557877699e+04 -1.342503389529107528e-04
3.167188863289170264e+00 8.522632584170048986e+00 1.368637716304079488e+00 9.961932001351656366e-04 4.301853534922150146e+01 1.561487529965342169e+01 6.719767040274515768e-01 3.681439999999999824e+00 2.343119203557877699e+04 -1.342503389529107528e-04
3.167188863289170264e+00 8.522632584170048986e+00 1.368637716304079488e+00 9.961932001351656366e-04 4.301853534922150146e+01 1.561487529965342169e+01 6.719766891262903830e-01 3.681439999999999824e+00 2.343119238473074802e+04 -1.342503389529107528e-04
3.167188863289170264e+00 8.522632584170048986e+00 1.368637716304079488e+00 9.961932001351656366e-04 4.301853534922150146e+01 1.561487529965342169e+01 6.719766891262903830e-01 3.681439999999999824e+00 2.343119203557877699e+04 -1.342652401141046004e-04
3.166454712568332219e+00 8.558369842942758154e+00 1.366274577619819297e+00 3.210779187075109070e-04 4.301877213132521405e+01 1.562311875910694958e+01 6.553065741662016386e-01 3.681439999999999824e+00 2.327549233960514539e+04 -1.796962367471340450e-04
3.166454759752184156e+00 8.558369842942758154e+00 1.366274577619819297e+00 3.210779187075109070e-04 4.301877213132521405e+01 1.562311875910694958e+01 6.553065741662016386e-01 3.681439999999999824e+00 2.327549233960514539e+04 -1.796962367471340450e-04
3.166454712568332219e+00 8.558369970472407218e+00 1.366274577619819297e+00 3.210779187075109070e-04 4.301877213132521405e+01 1.562311875910694958e+01 6.553065741662016386e-01 3.681439999999999824e+00 2.327549233960514539e+04 -1.796962367471340450e-04
3.166454712568332219e+00 8.558369842942758154e+00 1.366274597978897054e+00 3.210779187075109070e-04 4.301877213132521405e+01 1.562311875910694958e+01 6.553065741662016386e-01 3.681439999999999824e+00 2.327549233960514539e+04 -1.796962367471340450e-04
3.166454712568332219e+00 8.558369842942758154e+00 1.366274577619819297e+00 3.210928198687047546e-04 4.301877213132521405e+01 1.562311875910694958e+01 6.553065741662016386e-01 3.681439999999999824e+00 2.327549233960514539e+04 -1.796962367471340450e-04
3.166454712568332219e+00 8.558369842942758154e+00 1.366274577619819297e+00 3.210779187075109070e-04 4.301877277235487185e+01 1.562311875910694958e+01 6.553065741662016386e-01 3.681439999999999824e+00 2.327549233960514539e+04 -1.796962367471340450e-04
3.166454712568332219e+00 8.558369842942758154e+00 1.366274577619819297e+00 3.210779187075109070e-04 4.301877213132521405e+01 1.562311899190956055e+01 6.553065741662016386e-01 3.681439999999999824e+00 2.327549233960514539e+04 -1.796962367471340450e-04
3.166454712568332219e+00 8.558369842942758154e+00 1.366274577619819297e+00 3.210779187075109070e-04 4.301877213132521405e+01 1.562311875910694958e+01 6.553065890673628324e-01 3.681439999999999824e+00 2.327549233960514539e+04 -1.796962367471340450e-04
3.166454712568332219e+00 8.558369842942758154e+00 1.366274577619819297e+00 3.210779187075109070e-04 4.301877213132521405e+01 1.562311875910694958e+01 6.553065741662016386e-01 3.681439999999999824e+00 2.327549268643700998e+04 -1.796962367471340450e-04
3.166454712568332219e+00 8.558369842942758154e+00 1.366274577619819297e+00 3.210779187075109070e-04 4.301877213132521405e+01 1.562311875910694958e+01 6.553065741662016386e-01 3.681439999999999824e+00 2.327549233960514539e+04 -1.797111379083278927e-04
3.166420706548326525e+00 8.560587407510785951e+00 1.366275956250445622e+00 2.740079287028886743e-04 4.301835799919784620e+01 1.570443665439081471e+01 6.581015000477515864e-01 3.681439999999999824e+00 2.327346115090988314e+04 -1.791589164977021201e-04
3.166420753731671756e+00 8.560587407510785951e+00 1.366275956250445622e+00 2.740079287028886743e-04 4.301835799919784620e+01 1.570443665439081471e+01 6.581015000477515864e-01 3.681439999999999824e+00 2.327346115090988314e+04 -1.791589164977021201e-04
3.166420706548326525e+00 8.560587535073478804e+00 1.366275956250445622e+00 2.740079287028886743e-04 4.301835799919784620e+01 1.570443665439081471e+01 6.581015000477515864e-01 3.681439999999999824e+00 2.327346115090988314e+04 -1.791589164977021201e-04
3.166420706548326525e+00 8.560587407510785951e+00 1.366275976609543807e+00 2.740079287028886743e-04 4.301835799919784620e+01 1.570443665439081471e+01 6.581015000477515864e-01 3.681439999999999824e+00 2.327346115090988314e+04 -1.791589164977021201e-04
3.166420706548326525e+00 8.560587407510785951e+00 1.366275956250445622e+00 2.740228298640825220e-04 4.301835799919784620e+01 1.570443665439081471e+01 6.581015000477515864e-01 3.681439999999999824e+00 2.327346115090988314e+04 -1.791589164977021201e-04
3.166420706548326525e+00 8.560587407510785951e+00 1.366275956250445622e+00 2.740079287028886743e-04 4.301835864022133649e+01 1.570443665439081471e+01 6.581015000477515864e-01 3.681439999999999824e+00 2.327346115090988314e+04 -1.791589164977021201e-04
3.166420706548326525e+00 8.560587407510785951e+00 1.366275956250445622e+00 2.740079287028886743e-04 4.301835799919784620e+01 1.570443688840515684e+01 6.581015000477515864e-01 3.681439999999999824e+00 2.327346115090988314e+04 -1.791589164977021201e-04
3.166420706548326525e+00 8.560587407510785951e+00 1.366275956250445622e+00 2.740079287028886743e-04 4.301835799919784620e+01 1.570443665439081471e+01 6.581015149489127802e-01 3.681439999999999824e+00 2.327346115090988314e+04 -1.791589164977021201e-04
3.166420706548326525e+00 8.560587407510785951e+00 1.366275956250445622e+00 2.740079287028886743e-04 4.301835799919784620e+01 1.570443665439081471e+01 6.581015000477515864e-01 3.681439999999999824e+00 2.327346149771147975e+04 -1.791589164977021201e-04
3.166420706548326525e+00 8.560587407510785951e+00 1.366275956250445622e+00 2.740079287028886743e-04 4.301835799919784620e+01 1.570443665439081471e+01 6.581015000477515864e-01 3.681439999999999824e+00 2.327346115090988314e+04 -1.791738176588959677e-04
3.162711013122508685e+00 8.704756995584308044e+00 1.356681014063438440e+00 4.871558082734863022e-05 4.301991512778899107e+01 1.573021843334708869e+01 5.636804894808019606e-01 3.681439999999999824e+00 2.265298320958530894e+04 -3.629455793089363677e-04
3.162711060250575468e+00 8.704756995584308044e+00 1.356681014063438440e+00 4.871558082734863022e-05 4.301991512778899107e+01 1.573021843334708869e+01 5.636804894808019606e-01 3.681439999999999824e+00 2.265298320958530894e+04 -3.629455793089363677e-04
3.162711013122508685e+00 8.704757125295294884e+00 1.356681014063438440e+00 4.871558082734863022e-05 4.301991512778899107e+01 1.573021843334708869e+01 5.636804894808019606e-01 3.681439999999999824e+00 2.265298320958530894e+04 -3.629455793089363677e-04
3.162711013122508685e+00 8.704756995584308044e+00 1.356681034279560993e+00 4.871558082734863022e-05 4.301991512778899107e+01 1.573021843334708869e+01 5.636804894808019606e-01 3.681439999999999824e+00 2.265298320958530894e+04 -3.629455793089363677e-04
3.162711013122508685e+00 8.704756995584308044e+00 1.356681014063438440e+00 4.873048198854247788e-05 4.301991512778899107e+01 1.573021843334708869e+01 5.636804894808019606e-01 3.681439999999999824e+00 2.265298320958530894e+04 -3.629455793089363677e-04
3.162711013122508685e+00 8.704756995584308044e+00 1.356681014063438440e+00 4.871558082734863022e-05 4.301991576883568058e+01 1.573021843334708869e+01 5.636804894808019606e-01 3.681439999999999824e+00 2.265298320958530894e+04 -3.629455793089363677e-04
3.162711013122508685e+00 8.704756995584308044e+00 1.356681014063438440e+00 4.871558082734863022e-05 4.301991512778899107e+01 1.573021866774560884e+01 5.636804894808019606e-01 3.681439999999999824e+00 2.265298320958530894e+04 -3.629455793089363677e-04
3.162711013122508685e+00 8.704756995584308044e+00 1.356681014063438440e+00 4.871558082734863022e-05 4.301991512778899107e+01 1.573021843334708869e+01 5.636805043819631544e-01 3.681439999999999824e+00 2.265298320958530894e+04 -3.629455793089363677e-04
3.162711013122508685e+00 8.704756995584308044e+00 1.356681014063438440e+00 4.871558082734863022e-05 4.301991512778899107e+01 1.573021843334708869e+01 5.636804894808019606e-01 3.681439999999999824e+00 2.265298354714106245e+04 -3.629455793089363677e-04
3.162711013122508685e+00 8.704756995584308044e+00 1.356681014063438440e+00 4.871558082734863022e-05 4.301991512778899107e+01 1.573021843334708869e+01 5.636804894808019606e-01 3.681439999999999824e+00 2.265298320958530894e+04 -3.629604804701302154e-04
3.162711371055753506e+00 8.704756841707288473e+00 1.356681099779081467e+00 4.871726754047495746e-05 4.301991513022434788e+01 1.573021843334737468e+01 5.636804894413887101e-01 3.681439999999999824e+00 2.265298320934245930e+04 -3.578445216267707603e-04
3.162711418183825618e+00 8.704756841707288473e+00 1.356681099779081467e+00 4.871726754047495746e-05 4.301991513022434788e+01 1.573021843334737468e+01 5.636804894413887101e-01 3.681439999999999824e+00 2.265298320934245930e+04 -3.578445216267707603e-04
3.162711371055753506e+00 8.704756971418273537e+00 1.356681099779081467e+00 4.871726754047495746e-05 4.301991513022434788e+01 1.573021843334737468e+01 5.636804894413887101e-01 3.681439999999999824e+00 2.265298320934245930e+04 -3.578445216267707603e-04
3.162711371055753506e+00 8.704756841707288473e+00 1.356681119995205131e+00 4.871726754047495746e-05 4.301991513022434788e+01 1.573021843334737468e+01 5.636804894413887101e-01 3.681439999999999824e+00 2.265298320934245930e+04 -3.578445216267707603e-04
3.162711371055753506e+00 8.704756841707288473e+00 1.356681099779081467e+00 4.873216870166880511e-05 4.301991513022434788e+01 1.573021843334737468e+01 5.636804894413887101e-01 3.681439999999999824e+00 2.265298320934245930e+04 -3.578445216267707603e-04
3.162711371055753506e+00 8.704756841707288473e+00 1.356681099779081467e+00 4.871726754047495746e-05 4.301991577127103739e+01 1.573021843334737468e+01 5.636804894413887101e-01 3.681439999999999824e+00 2.265298320934245930e+04 -3.578445216267707603e-04
3.162711371055753506e+00 8.704756841707288473e+00 1.356681099779081467e+00 4.871726754047495746e-05 4.301991513022434788e+01 1.573021866774589483e+01 5.636804894413887101e-01 3.681439999999999824e+00 2.265298320934245930e+04 -3.578445216267707603e-04
3.162711371055753506e+00 8.704756841707288473e+00 1.356681099779081467e+00 4.871726754047495746e-05 4.301991513022434788e+01 1.573021843334737468e+01 5.636805043425499040e-01 3.681439999999999824e+00 2.265298320934245930e+04 -3.578445216267707603e-04
3.162711371055753506e+00 8.704756841707288473e+00 1.356681099779081467e+00 4.871726754047495746e-05 4.301991513022434788e+01 1.573021843334737468e+01 5.636804894413887101e-01 3.681439999999999824e+00 2.265298354689821281e+04 -3.578445216267707603e-04
3.162711371055753506e+00 8.704756841707288473e+00 1.356681099779081467e+00 4.871726754047495746e-05 4.301991513022434788e+01 1.573021843334737468e+01 5.636804894413887101e-01 3.681439999999999824e+00 2.265298320934245930e+04 -3.578594227879646080e-04
