3.215137005570750883e+00 7.540076665219316965e+00 1.432105590154619801e+00 4.071918088219785847e-01 3.523299556971311119e+01 1.549994700000000059e+01 7.954442999999999930e-01 3.681439999999999824e+00 2.572197380773083205e+04 -3.002726201880692226e-04
3.215137053480025653e+00 7.540076665219316965e+00 1.432105590154619801e+00 4.071918088219785847e-01 3.523299556971311119e+01 1.549994700000000059e+01 7.954442999999999930e-01 3.681439999999999824e+00 2.572197380773083205e+04 -3.002726201880692226e-04
3.215137005570750883e+00 7.540076777575214884e+00 1.432105590154619801e+00 4.071918088219785847e-01 3.523299556971311119e+01 1.549994700000000059e+01 7.954442999999999930e-01 3.681439999999999824e+00 2.572197380773083205e+04 -3.002726201880692226e-04
3.215137005570750883e+00 7.540076665219316965e+00 1.432105611494655983e+00 4.071918088219785847e-01 3.523299556971311119e+01 1.549994700000000059e+01 7.954442999999999930e-01 3.681439999999999824e+00 2.572197380773083205e+04 -3.002726201880692226e-04
3.215137005570750883e+00 7.540076665219316965e+00 1.432105590154619801e+00 4.071918237231397786e-01 3.523299556971311119e+01 1.549994700000000059e+01 7.954442999999999930e-01 3.681439999999999824e+00 2.572197380773083205e+04 -3.002726201880692226e-04
3.215137005570750883e+00 7.540076665219316965e+00 1.432105590154619801e+00 4.071918088219785847e-01 3.523299609472565663e+01 1.549994700000000059e+01 7.954442999999999930e-01 3.681439999999999824e+00 2.572197380773083205e+04 -3.002726201880692226e-04
3.215137005570750883e+00 7.540076665219316965e+00 1.432105590154619801e+00 4.071918088219785847e-01 3.523299556971311119e+01 1.549994723096720861e+01 7.954442999999999930e-01 3.681439999999999824e+00 2.572197380773083205e+04 -3.002726201880692226e-04
3.215137005570750883e+00 7.540076665219316965e+00 1.432105590154619801e+00 4.071918088219785847e-01 3.523299556971311119e+01 1.549994700000000059e+01 7.954443149011611869e-01 3.681439999999999824e+00 2.572197380773083205e+04 -3.002726201880692226e-04
3.215137005570750883e+00 7.540076665219316965e+00 1.432105590154619801e+00 4.071918088219785847e-01 3.523299556971311119e+01 1.549994700000000059e+01 7.954442999999999930e-01 3.681439999999999824e+00 2.572197419101811101e+04 -3.002726201880692226e-04
3.215137005570750883e+00 7.540076665219316965e+00 1.432105590154619801e+00 4.071918088219785847e-01 3.523299556971311119e+01 1.549994700000000059e+01 7.954442999999999930e-01 3.681439999999999824e+00 2.572197380773083205e+04 -3.002875213492630702e-04
2.966017856756095750e+00 7.536015050418277461e+00 1.672463127630741120e-01 5.999100283432438374e+01 3.946270982460622889e+01 1.552432105053749289e+01 7.724101621964364339e-01 3.681439999999999824e+00 2.573627664344794175e+04 -1.079999087936712651e-04
3.155709370745892084e+00 7.556404496747590294e+00 1.010259690802608468e+00 1.437225965161462149e+01 4.051187343996890888e+01 1.551053585155788639e+01 7.759467327597415753e-01 3.681439999999999824e+00 2.575364352061177851e+04 -2.072098066737195496e-04
3.244626670149433068e+00 7.590604368799612978e+00 1.215169194507763839e+00 3.324975150368877586e+00 3.752977939326125068e+01 1.548392430598367575e+01 7.832510479916178214e-01 3.681439999999999824e+00 2.577435332923970054e+04 -3.308038283874303312e-04
3.276959610489417418e+00 7.608092873966850966e+00 1.257162841504186446e+00 1.034120453210874757e+00 3.585232848590484167e+01 1.547071484862966351e+01 7.870641910937217212e-01 3.681439999999999824e+00 2.576091870944789116e+04 -4.013184748621703734e-04
3.286045267628142419e+00 7.614154322780503747e+00 1.266400576376121467e+00 4.934816774478689716e-01 3.532766534719586815e+01 1.547029788082658186e+01 7.884736682079552805e-01 3.681439999999999824e+00 2.573214868332162951e+04 -4.361310204708885229e-04
3.238292428529234268e+00 7.531138755891288561e+00 1.379018154493594661e+00 4.063556960402844309e-01 3.523330612931334116e+01 1.550001969387971812e+01 7.926385296439931727e-01 3.681439999999999824e+00 2.572201642719401207e+04 -4.474318035928050163e-04
3.220883400418165454e+00 7.533892903690663445e+00 1.419217318387795412e+00 4.069856489877076711e-01 3.523305796303306892e+01 1.550001399794652635e+01 7.941240594962651889e-01 3.681439999999999824e+00 2.572198259399936069e+04 -3.532478352849579011e-04
3.216565143642317715e+00 7.538207315945571807e+00 1.428934151797132568e+00 4.071409447933606596e-01 3.523300990760293416e+01 1.549996773621956692e+01 7.950568116277809683e-01 3.681439999999999824e+00 2.572197584369078686e+04 -3.147500080803274027e-04
3.215494367244806195e+00 7.539587682775417576e+00 1.431316963564897904e+00 4.071791587584747685e-01 3.523299908290380245e+01 1.549995244417634943e+01 7.953435803883314170e-01 3.681439999999999824e+00 2.572197430523351068e+04 -3.038473883309715387e-04
3.215227314306714046e+00 7.539952945515859817e+00 1.431909116218949229e+00 4.071886624032723390e-01 3.523299645651417222e+01 1.549994837218753041e+01 7.954189299291736237e-01 3.681439999999999824e+00 2.572197393089596881e+04 -3.010305639882305574e-04
3.215227362217334406e+00 7.539952945515859817e+00 1.431909116218949229e+00 4.071886624032723390e-01 3.523299645651417222e+01 1.549994837218753041e+01 7.954189299291736237e-01 3.681439999999999824e+00 2.572197393089596881e+04 -3.010305639882305574e-04
3.215227314306714046e+00 7.539953057869913877e+00 1.431909116218949229e+00 4.071886624032723390e-01 3.523299645651417222e+01 1.549994837218753041e+01 7.954189299291736237e-01 3.681439999999999824e+00 2.572197393089596881e+04 -3.010305639882305574e-04
3.215227314306714046e+00 7.539952945515859817e+00 1.431909137556057754e+00 4.071886624032723390e-01 3.523299645651417222e+01 1.549994837218753041e+01 7.954189299291736237e-01 3.681439999999999824e+00 2.572197393089596881e+04 -3.010305639882305574e-04
3.215227314306714046e+00 7.539952945515859817e+00 1.431909116218949229e+00 4.071886773044335328e-01 3.523299645651417222e+01 1.549994837218753041e+01 7.954189299291736237e-01 3.681439999999999824e+00 2.572197393089596881e+04 -3.010305639882305574e-04
3.215227314306714046e+00 7.539952945515859817e+00 1.431909116218949229e+00 4.071886624032723390e-01 3.523299698152673187e+01 1.549994837218753041e+01 7.954189299291736237e-01 3.681439999999999824e+00 2.572197393089596881e+04 -3.010305639882305574e-04
3.215227314306714046e+00 7.539952945515859817e+00 1.431909116218949229e+00 4.071886624032723390e-01 3.523299645651417222e+01 1.549994860315475975e+01 7.954189299291736237e-01 3.681439999999999824e+00 2.572197393089596881e+04 -3.010305639882305574e-04
3.215227314306714046e+00 7.539952945515859817e+00 1.431909116218949229e+00 4.071886624032723390e-01 3.523299645651417222e+01 1.549994837218753041e+01 7.954189448303348176e-01 3.681439999999999824e+00 2.572197393089596881e+04 -3.010305639882305574e-04
3.215227314306714046e+00 7.539952945515859817e+00 1.431909116218949229e+00 4.071886624032723390e-01 3.523299645651417222e+01 1.549994837218753041e+01 7.954189299291736237e-01 3.681439999999999824e+00 2.572197431418324777e+04 -3.010305639882305574e-04
3.215227314306714046e+00 7.539952945515859817e+00 1.431909116218949229e+00 4.071886624032723390e-01 3.523299645651417222e+01 1.549994837218753041e+01 7.954189299291736237e-01 3.681439999999999824e+00 2.572197393089596881e+04 -3.010454651494244051e-04
3.215251109024756637e+00 7.539950000620853743e+00 1.431849268899510585e+00 4.071880483563122266e-01 3.523299693905375563e+01 1.549994847744236992e+01 7.953978445754624760e-01 3.681439999999999824e+00 2.572197393089708930e+04 -3.018657749895381579e-04
3.215251156935731824e+00 7.539950000620853743e+00 1.431849268899510585e+00 4.071880483563122266e-01 3.523299693905375563e+01 1.549994847744236992e+01 7.953978445754624760e-01 3.681439999999999824e+00 2.572197393089708930e+04 -3.018657749895381579e-04
3.215251109024756637e+00 7.539950112974864282e+00 1.431849268899510585e+00 4.071880483563122266e-01 3.523299693905375563e+01 1.549994847744236992e+01 7.953978445754624760e-01 3.681439999999999824e+00 2.572197393089708930e+04 -3.018657749895381579e-04
3.215251109024756637e+00 7.539950000620853743e+00 1.431849290235727379e+00 4.071880483563122266e-01 3.523299693905375563e+01 1.549994847744236992e+01 7.953978445754624760e-01 3.681439999999999824e+00 2.572197393089708930e+04 -3.018657749895381579e-04
3.215251109024756637e+00 7.539950000620853743e+00 1.431849268899510585e+00 4.071880632574734205e-01 3.523299693905375563e+01 1.549994847744236992e+01 7.953978445754624760e-01 3.681439999999999824e+00 2.572197393089708930e+04 -3.018657749895381579e-04
3.215251109024756637e+00 7.539950000620853743e+00 1.431849268899510585e+00 4.071880483563122266e-01 3.523299746406632238e+01 1.549994847744236992e+01 7.953978445754624760e-01 3.681439999999999824e+00 2.572197393089708930e+04 -3.018657749895381579e-04
3.215251109024756637e+00 7.539950000620853743e+00 1.431849268899510585e+00 4.071880483563122266e-01 3.523299693905375563e+01 1.549994870840960104e+01 7.953978445754624760e-01 3.681439999999999824e+00 2.572197393089708930e+04 -3.018657749895381579e-04
3.215251109024756637e+00 7.539950000620853743e+00 1.431849268899510585e+00 4.071880483563122266e-01 3.523299693905375563e+01 1.549994847744236992e+01 7.953978594766236698e-01 3.681439999999999824e+00 2.572197393089708930e+04 -3.018657749895381579e-04
3.215251109024756637e+00 7.539950000620853743e+00 1.431849268899510585e+00 4.071880483563122266e-01 3.523299693905375563e+01 1.549994847744236992e+01 7.953978445754624760e-01 3.681439999999999824e+00 2.572197431418436827e+04 -3.018657749895381579e-04
3.215251109024756637e+00 7.539950000620853743e+00 1.431849268899510585e+00 4.071880483563122266e-01 3.523299693905375563e+01 1.549994847744236992e+01 7.953978445754624760e-01 3.681439999999999824e+00 2.572197393089708930e+04 -3.018806761507320056e-04
