3.306828717577225962e+00 7.886204644643075135e+00 2.928077290985918513e+00 1.673158459853892666e+01 3.574332941798212815e-01 1.530525399999999969e+01 7.001581000000000055e-01 3.097326999999999941e+00 3.554245715173516510e+04 3.253219295706365699e+00 1.232120415989396456e+01 1.060389964089181403e+00 1.835412427281007197e+01 2.189703224224451361e+01 1.500000000000000000e+01 7.234983000000000386e-01 3.013116999999999823e+00 2.432718419044309849e+04 1.128164585933966527e-02
3.306828766852813573e+00 7.886204644643075135e+00 2.928077290985918513e+00 1.673158459853892666e+01 3.574332941798212815e-01 1.530525399999999969e+01 7.001581000000000055e-01 3.097326999999999941e+00 3.554245715173516510e+04 3.253219295706365699e+00 1.232120415989396456e+01 1.060389964089181403e+00 1.835412427281007197e+01 2.189703224224451361e+01 1.500000000000000000e+01 7.234983000000000386e-01 3.013116999999999823e+00 2.432718419044309849e+04 1.128164585933966527e-02
3.306828717577225962e+00 7.886204762156681980e+00 2.928077290985918513e+00 1.673158459853892666e+01 3.574332941798212815e-01 1.530525399999999969e+01 7.001581000000000055e-01 3.097326999999999941e+00 3.554245715173516510e+04 3.253219295706365699e+00 1.232120415989396456e+01 1.060389964089181403e+00 1.835412427281007197e+01 2.189703224224451361e+01 1.500000000000000000e+01 7.234983000000000386e-01 3.013116999999999823e+00 2.432718419044309849e+04 1.128164585933966527e-02
3.306828717577225962e+00 7.886204644643075135e+00 2.928077334617670058e+00 1.673158459853892666e+01 3.574332941798212815e-01 1.530525399999999969e+01 7.001581000000000055e-01 3.097326999999999941e+00 3.554245715173516510e+04 3.253219295706365699e+00 1.232120415989396456e+01 1.060389964089181403e+00 1.835412427281007197e+01 2.189703224224451361e+01 1.500000000000000000e+01 7.234983000000000386e-01 3.013116999999999823e+00 2.432718419044309849e+04 1.128164585933966527e-02
3.306828717577225962e+00 7.886204644643075135e+00 2.928077290985918513e+00 1.673158484785896505e+01 3.574332941798212815e-01 1.530525399999999969e+01 7.001581000000000055e-01 3.097326999999999941e+00 3.554245715173516510e+04 3.253219295706365699e+00 1.232120415989396456e+01 1.060389964089181403e+00 1.835412427281007197e+01 2.189703224224451361e+01 1.500000000000000000e+01 7.234983000000000386e-01 3.013116999999999823e+00 2.432718419044309849e+04 1.128164585933966527e-02
3.306828717577225962e+00 7.886204644643075135e+00 2.928077290985918513e+00 1.673158459853892666e+01 3.574333090809824753e-01 1.530525399999999969e+01 7.001581000000000055e-01 3.097326999999999941e+00 3.554245715173516510e+04 3.253219295706365699e+00 1.232120415989396456e+01 1.060389964089181403e+00 1.835412427281007197e+01 2.189703224224451361e+01 1.500000000000000000e+01 7.234983000000000386e-01 3.013116999999999823e+00 2.432718419044309849e+04 1.128164585933966527e-02
3.306828717577225962e+00 7.886204644643075135e+00 2.928077290985918513e+00 1.673158459853892666e+01 3.574332941798212815e-01 1.530525422806605640e+01 7.001581000000000055e-01 3.097326999999999941e+00 3.554245715173516510e+04 3.253219295706365699e+00 1.232120415989396456e+01 1.060389964089181403e+00 1.835412427281007197e+01 2.189703224224451361e+01 1.500000000000000000e+01 7.234983000000000386e-01 3.013116999999999823e+00 2.432718419044309849e+04 1.128164585933966527e-02
3.306828717577225962e+00 7.886204644643075135e+00 2.928077290985918513e+00 1.673158459853892666e+01 3.574332941798212815e-01 1.530525399999999969e+01 7.001581149011611993e-01 3.097326999999999941e+00 3.554245715173516510e+04 3.253219295706365699e+00 1.232120415989396456e+01 1.060389964089181403e+00 1.835412427281007197e+01 2.189703224224451361e+01 1.500000000000000000e+01 7.234983000000000386e-01 3.013116999999999823e+00 2.432718419044309849e+04 1.128164585933966527e-02
3.306828717577225962e+00 7.886204644643075135e+00 2.928077290985918513e+00 1.673158459853892666e+01 3.574332941798212815e-01 1.530525399999999969e+01 7.001581000000000055e-01 3.097326999999999941e+00 3.554245768135904655e+04 3.253219295706365699e+00 1.232120415989396456e+01 1.060389964089181403e+00 1.835412427281007197e+01 2.189703224224451361e+01 1.500000000000000000e+01 7.234983000000000386e-01 3.013116999999999823e+00 2.432718419044309849e+04 1.128164585933966527e-02
3.306828717577225962e+00 7.886204644643075135e+00 2.928077290985918513e+00 1.673158459853892666e+01 3.574332941798212815e-01 1.530525399999999969e+01 7.001581000000000055e-01 3.097326999999999941e+00 3.554245715173516510e+04 3.253219344183110984e+00 1.232120415989396456e+01 1.060389964089181403e+00 1.835412427281007197e+01 2.189703224224451361e+01 1.500000000000000000e+01 7.234983000000000386e-01 3.013116999999999823e+00 2.432718419044309849e+04 1.128164585933966527e-02
3.306828717577225962e+00 7.886204644643075135e+00 2.928077290985918513e+00 1.673158459853892666e+01 3.574332941798212815e-01 1.530525399999999969e+01 7.001581000000000055e-01 3.097326999999999941e+00 3.554245715173516510e+04 3.253219295706365699e+00 1.232120434349421423e+01 1.060389964089181403e+00 1.835412427281007197e+01 2.189703224224451361e+01 1.500000000000000000e+01 7.234983000000000386e-01 3.013116999999999823e+00 2.432718419044309849e+04 1.128164585933966527e-02
3.306828717577225962e+00 7.886204644643075135e+00 2.928077290985918513e+00 1.673158459853892666e+01 3.574332941798212815e-01 1.530525399999999969e+01 7.001581000000000055e-01 3.097326999999999941e+00 3.554245715173516510e+04 3.253219295706365699e+00 1.232120415989396456e+01 1.060389979890223211e+00 1.835412427281007197e+01 2.189703224224451361e+01 1.500000000000000000e+01 7.234983000000000386e-01 3.013116999999999823e+00 2.432718419044309849e+04 1.128164585933966527e-02
3.306828717577225962e+00 7.886204644643075135e+00 2.928077290985918513e+00 1.673158459853892666e+01 3.574332941798212815e-01 1.530525399999999969e+01 7.001581000000000055e-01 3.097326999999999941e+00 3.554245715173516510e+04 3.253219295706365699e+00 1.232120415989396456e+01 1.060389964089181403e+00 1.835412454630783685e+01 2.189703224224451361e+01 1.500000000000000000e+01 7.234983000000000386e-01 3.013116999999999823e+00 2.432718419044309849e+04 1.128164585933966527e-02
3.306828717577225962e+00 7.886204644643075135e+00 2.928077290985918513e+00 1.673158459853892666e+01 3.574332941798212815e-01 1.530525399999999969e+01 7.001581000000000055e-01 3.097326999999999941e+00 3.554245715173516510e+04 3.253219295706365699e+00 1.232120415989396456e+01 1.060389964089181403e+00 1.835412427281007197e+01 2.189703256853572100e+01 1.500000000000000000e+01 7.234983000000000386e-01 3.013116999999999823e+00 2.432718419044309849e+04 1.128164585933966527e-02
3.306828717577225962e+00 7.886204644643075135e+00 2.928077290985918513e+00 1.673158459853892666e+01 3.574332941798212815e-01 1.530525399999999969e+01 7.001581000000000055e-01 3.097326999999999941e+00 3.554245715173516510e+04 3.253219295706365699e+00 1.232120415989396456e+01 1.060389964089181403e+00 1.835412427281007197e+01 2.189703224224451361e+01 1.500000022351741791e+01 7.234983000000000386e-01 3.013116999999999823e+00 2.432718419044309849e+04 1.128164585933966527e-02
3.306828717577225962e+00 7.886204644643075135e+00 2.928077290985918513e+00 1.673158459853892666e+01 3.574332941798212815e-01 1.530525399999999969e+01 7.001581000000000055e-01 3.097326999999999941e+00 3.554245715173516510e+04 3.253219295706365699e+00 1.232120415989396456e+01 1.060389964089181403e+00 1.835412427281007197e+01 2.189703224224451361e+01 1.500000000000000000e+01 7.234983149011612324e-01 3.013116999999999823e+00 2.432718419044309849e+04 1.128164585933966527e-02
3.306828717577225962e+00 7.886204644643075135e+00 2.928077290985918513e+00 1.673158459853892666e+01 3.574332941798212815e-01 1.530525399999999969e+01 7.001581000000000055e-01 3.097326999999999941e+00 3.554245715173516510e+04 3.253219295706365699e+00 1.232120415989396456e+01 1.060389964089181403e+00 1.835412427281007197e+01 2.189703224224451361e+01 1.500000000000000000e+01 7.234983000000000386e-01 3.013116999999999823e+00 2.432718455294638989e+04 1.128164585933966527e-02
3.306828717577225962e+00 7.886204644643075135e+00 2.928077290985918513e+00 1.673158459853892666e+01 3.574332941798212815e-01 1.530525399999999969e+01 7.001581000000000055e-01 3.097326999999999941e+00 3.554245715173516510e+04 3.253219295706365699e+00 1.232120415989396456e+01 1.060389964089181403e+00 1.835412427281007197e+01 2.189703224224451361e+01 1.500000000000000000e+01 7.234983000000000386e-01 3.013116999999999823e+00 2.432718419044309849e+04 1.128166076050085911e-02
3.306803795347479369e+00 4.689455805329135529e+00 2.927796193205923547e+00 1.673143938474323633e+01 3.574362332397271191e-01 1.530405495323241283e+01 7.019248109482857378e-01 3.097326999999999941e+00 3.670447751473697281e+03 3.251972589703064020e+00 1.469170184214372554e+01 1.060400461231299829e+00 1.835271143266798077e+01 2.186889399315030147e+01 1.499932877800368658e+01 7.241272664738662712e-01 3.013116999999999823e+00 5.329706505766908958e+04 4.030322311850170064e-03
3.306805506808697004e+00 4.833579712707093634e+00 2.927767548439830225e+00 1.673144755351763990e+01 3.574371235163593119e-01 1.530391689790501175e+01 7.021279616570915705e-01 3.097326999999999941e+00 2.644572501686251053e+04 3.251833279359527484e+00 1.470130860273398454e+01 1.060403627164307583e+00 1.835258017917270479e+01 2.186566530565655953e+01 1.499924919288548075e+01 7.242014761284609747e-01 3.013116999999999823e+00 3.008842422751305639e+04 4.034983906595823386e-03
3.306853860718888427e+00 4.882682109044103491e+00 2.927802654530408333e+00 1.673171007719694359e+01 3.574430226828337331e-01 1.530381854070785685e+01 7.022678299933972079e-01 3.097326999999999941e+00 3.300757887521966040e+04 3.251856575872667854e+00 1.469678232309453492e+01 1.060426426595141303e+00 1.835291901262977277e+01 2.186519936354673277e+01 1.499915495627835149e+01 7.242823195496965738e-01 3.013116999999999823e+00 2.342121521264172043e+04 4.060068566411501045e-03
3.313092651315500792e+00 5.871647065278454036e+00 2.933450707731657392e+00 1.676562382929887818e+01 3.581786490194933115e-01 1.529616435548742714e+01 7.128968321747354286e-01 3.097326999999999941e+00 3.506020783683330228e+04 3.260106961947069948e+00 1.375630813240774053e+01 1.063279809213939053e+00 1.840199760872168966e+01 2.192529895367440318e+01 1.498984969221395147e+01 7.320429781030288741e-01 3.013116999999999823e+00 2.385779136444854885e+04 7.126496409894519761e-03
3.314870740325443599e+00 6.152146319937906505e+00 2.935060727851730888e+00 1.677528942228093101e+01 3.583882991043708111e-01 1.529398414024091402e+01 7.159243455703546699e-01 3.097326999999999941e+00 3.542200793399504619e+04 3.262459755237949288e+00 1.348813262870054785e+01 1.064093011125379462e+00 1.841598663721057605e+01 2.194245973680391515e+01 1.498719838637865820e+01 7.342542013722487271e-01 3.013116999999999823e+00 2.420973686182194069e+04 8.000523924485494071e-03
3.315315134685482334e+00 6.222343049301002793e+00 2.935463100736587450e+00 1.677770504174371169e+01 3.584406941781929645e-01 1.529343893757958384e+01 7.166816949152160499e-01 3.097326999999999941e+00 3.551238124445808353e+04 3.263047740165730293e+00 1.342103533691691730e+01 1.064296237103176779e+00 1.841948261812873255e+01 2.194674866413754799e+01 1.498653568078273857e+01 7.348072782794783375e-01 3.013116999999999823e+00 2.429784818163294403e+04 8.219185461929529729e-03
3.315425696926725951e+00 6.240187096642638487e+00 2.935563140885470990e+00 1.677830568900194308e+01 3.584537200278267721e-01 1.529330204120130077e+01 7.168729415520128656e-01 3.097326999999999941e+00 3.553506335479683185e+04 3.263193843409328387e+00 1.340404451275533582e+01 1.064346732820766972e+00 1.842035128594726245e+01 2.194781552210147169e+01 1.498637051704241507e+01 7.349466422609504113e-01 3.013116999999999823e+00 2.431997172783357746e+04 8.274477566345210880e-03
3.315448978729269580e+00 6.246503838898407324e+00 2.935583757961696794e+00 1.677842988309200578e+01 3.584563981691894496e-01 1.529326484311973822e+01 7.169320809380553827e-01 3.097326999999999941e+00 3.554120496622032806e+04 3.263223392597560224e+00 1.339846097589127183e+01 1.064356927826747734e+00 1.842052680618650129e+01 2.194803907219415962e+01 1.498633382687081905e+01 7.349877689401207448e-01 3.013116999999999823e+00 2.432596268691337900e+04 8.292126311297800395e-03
3.310591247266616577e+00 7.335302159906466279e+00 2.930845329413811928e+00 1.675033429521261397e+01 3.578360167461684394e-01 1.529631310126652188e+01 7.221991915970912279e-01 3.097326999999999941e+00 3.554245679389145516e+04 3.255890481032206907e+00 1.267794850757689318e+01 1.061811191261074150e+00 1.837682468917381229e+01 2.190033422187828549e+01 1.499427792007178795e+01 7.370853413256136522e-01 3.013116999999999823e+00 2.432718384016400523e+04 1.025613671866027615e-02
3.308767834697366350e+00 7.749037096464081564e+00 2.929009211306338845e+00 1.673968985107710949e+01 3.576015165856205602e-01 1.530187117916074691e+01 7.227358901037171934e-01 3.097326999999999941e+00 3.554245711161557119e+04 3.253096956920307647e+00 1.240615573222402901e+01 1.060837603704931853e+00 1.836010736436326951e+01 2.188341701963607733e+01 1.499848643559256622e+01 7.355362898244491854e-01 3.013116999999999823e+00 2.432718415099634876e+04 1.100325316408215862e-02
3.308293639115621243e+00 7.857395822930645757e+00 2.928401937321038595e+00 1.673665634609469066e+01 3.575381156600955790e-01 1.530443170085073490e+01 7.179888325135382887e-01 3.097326999999999941e+00 3.554245714504495845e+04 3.252391707373045726e+00 1.233936679960545035e+01 1.060593840977932301e+00 1.835585712630338406e+01 2.188383474399076789e+01 1.499967312516345608e+01 7.301718856430600146e-01 3.013116999999999823e+00 2.432718418385223413e+04 1.120306820153110436e-02
3.307797707686773503e+00 7.883094502127340419e+00 2.928106770642991297e+00 1.673368940016572992e+01 3.574843280218503727e-01 1.530511817580493172e+01 7.073108131317333847e-01 3.097326999999999941e+00 3.554245715099469089e+04 3.252467286315838368e+00 1.232533949507957871e+01 1.060687182423011299e+00 1.835588509265144097e+01 2.189307842013350935e+01 1.499994719523249920e+01 7.251732954379066509e-01 3.013116999999999823e+00 2.432718418971937353e+04 1.125924323209093886e-02
3.307406148672032753e+00 7.885802698865505000e+00 2.928076307664138511e+00 1.673204699966015596e+01 3.574480202168467402e-01 1.530522609560577330e+01 7.019832502915761552e-01 3.097326999999999941e+00 3.554245715162617125e+04 3.252709466823528572e+00 1.232224198098676027e+01 1.060772529357088878e+00 1.835502999303867355e+01 2.189628877872185697e+01 1.499998913613111107e+01 7.238697733376745491e-01 3.013116999999999823e+00 2.432718419033788814e+04 1.126954931641045710e-02
3.307229123370463597e+00 7.886135303339155023e+00 2.928076865183083299e+00 1.673168369753689078e+01 3.574369953534816680e-01 1.530524845407457413e+01 7.005378665901338398e-01 3.097326999999999941e+00 3.554245715171501797e+04 3.252883980788304097e+00 1.232141834587476481e+01 1.060642146091323346e+00 1.835435128214135148e+01 2.189689207939930427e+01 1.499999783954809907e+01 7.235732336436305756e-01 3.013116999999999823e+00 2.432718419042372625e+04 1.127258734082956307e-02
3.307021690810535652e+00 7.886192951975623977e+00 2.928077323449602254e+00 1.673160511747433432e+01 3.574340979319822753e-01 1.530525323020037121e+01 7.002115729024532831e-01 3.097326999999999941e+00 3.554245715173192002e+04 3.253079315813359518e+00 1.232123206661254500e+01 1.060448101333761883e+00 1.835415475886963321e+01 2.189701072749786093e+01 1.499999970063029053e+01 7.235087274491415199e-01 3.013116999999999823e+00 2.432718419043995891e+04 1.127681001507423696e-02
