3.303662000000000099e+00 1.054415000000000013e+01 2.926740999999999815e+00 1.671997199999999850e+01 3.571733999999999742e-01 1.530525399999999969e+01 7.001581000000000055e-01 3.097326999999999941e+00 3.016286899999999878e+04 3.253563999999999901e+00 8.825920999999999239e+00 1.059549999999999992e+00 1.834474000000000160e+01 2.191357299999999952e+01 1.500000000000000000e+01 7.234983000000000386e-01 3.013116999999999823e+00 1.906309500000000116e+04 0.000000000000000000e+00
3.303662049228400122e+00 1.054415000000000013e+01 2.926740999999999815e+00 1.671997199999999850e+01 3.571733999999999742e-01 1.530525399999999969e+01 7.001581000000000055e-01 3.097326999999999941e+00 3.016286899999999878e+04 3.253563999999999901e+00 8.825920999999999239e+00 1.059549999999999992e+00 1.834474000000000160e+01 2.191357299999999952e+01 1.500000000000000000e+01 7.234983000000000386e-01 3.013116999999999823e+00 1.906309500000000116e+04 0.000000000000000000e+00
3.303662000000000099e+00 1.054415015712007886e+01 2.926740999999999815e+00 1.671997199999999850e+01 3.571733999999999742e-01 1.530525399999999969e+01 7.001581000000000055e-01 3.097326999999999941e+00 3.016286899999999878e+04 3.253563999999999901e+00 8.825920999999999239e+00 1.059549999999999992e+00 1.834474000000000160e+01 2.191357299999999952e+01 1.500000000000000000e+01 7.234983000000000386e-01 3.013116999999999823e+00 1.906309500000000116e+04 0.000000000000000000e+00
3.303662000000000099e+00 1.054415000000000013e+01 2.926741043611839288e+00 1.671997199999999850e+01 3.571733999999999742e-01 1.530525399999999969e+01 7.001581000000000055e-01 3.097326999999999941e+00 3.016286899999999878e+04 3.253563999999999901e+00 8.825920999999999239e+00 1.059549999999999992e+00 1.834474000000000160e+01 2.191357299999999952e+01 1.500000000000000000e+01 7.234983000000000386e-01 3.013116999999999823e+00 1.906309500000000116e+04 0.000000000000000000e+00
3.303662000000000099e+00 1.054415000000000013e+01 2.926740999999999815e+00 1.671997224914699487e+01 3.571733999999999742e-01 1.530525399999999969e+01 7.001581000000000055e-01 3.097326999999999941e+00 3.016286899999999878e+04 3.253563999999999901e+00 8.825920999999999239e+00 1.059549999999999992e+00 1.834474000000000160e+01 2.191357299999999952e+01 1.500000000000000000e+01 7.234983000000000386e-01 3.013116999999999823e+00 1.906309500000000116e+04 0.000000000000000000e+00
3.303662000000000099e+00 1.054415000000000013e+01 2.926740999999999815e+00 1.671997199999999850e+01 3.571734149011611681e-01 1.530525399999999969e+01 7.001581000000000055e-01 3.097326999999999941e+00 3.016286899999999878e+04 3.253563999999999901e+00 8.825920999999999239e+00 1.059549999999999992e+00 1.834474000000000160e+01 2.191357299999999952e+01 1.500000000000000000e+01 7.234983000000000386e-01 3.013116999999999823e+00 1.906309500000000116e+04 0.000000000000000000e+00
3.303662000000000099e+00 1.054415000000000013e+01 2.926740999999999815e+00 1.671997199999999850e+01 3.571733999999999742e-01 1.530525399999999969e+01 7.001581000000000055e-01 3.097326999999999941e+00 3.016286944946177027e+04 3.253563999999999901e+00 8.825920999999999239e+00 1.059549999999999992e+00 1.834474000000000160e+01 2.191357299999999952e+01 1.500000000000000000e+01 7.234983000000000386e-01 3.013116999999999823e+00 1.906309500000000116e+04 0.000000000000000000e+00
3.303662000000000099e+00 1.054415000000000013e+01 2.926740999999999815e+00 1.671997199999999850e+01 3.571733999999999742e-01 1.530525399999999969e+01 7.001581000000000055e-01 3.097326999999999941e+00 3.016286899999999878e+04 3.253564048481881521e+00 8.825920999999999239e+00 1.059549999999999992e+00 1.834474000000000160e+01 2.191357299999999952e+01 1.500000000000000000e+01 7.234983000000000386e-01 3.013116999999999823e+00 1.906309500000000116e+04 0.000000000000000000e+00
3.303662000000000099e+00 1.054415000000000013e+01 2.926740999999999815e+00 1.671997199999999850e+01 3.571733999999999742e-01 1.530525399999999969e+01 7.001581000000000055e-01 3.097326999999999941e+00 3.016286899999999878e+04 3.253563999999999901e+00 8.825921131516471618e+00 1.059549999999999992e+00 1.834474000000000160e+01 2.191357299999999952e+01 1.500000000000000000e+01 7.234983000000000386e-01 3.013116999999999823e+00 1.906309500000000116e+04 0.000000000000000000e+00
3.303662000000000099e+00 1.054415000000000013e+01 2.926740999999999815e+00 1.671997199999999850e+01 3.571733999999999742e-01 1.530525399999999969e+01 7.001581000000000055e-01 3.097326999999999941e+00 3.016286899999999878e+04 3.253563999999999901e+00 8.825920999999999239e+00 1.059550015788525368e+00 1.834474000000000160e+01 2.191357299999999952e+01 1.500000000000000000e+01 7.234983000000000386e-01 3.013116999999999823e+00 1.906309500000000116e+04 0.000000000000000000e+00
3.303662000000000099e+00 1.054415000000000013e+01 2.926740999999999815e+00 1.671997199999999850e+01 3.571733999999999742e-01 1.530525399999999969e+01 7.001581000000000055e-01 3.097326999999999941e+00 3.016286899999999878e+04 3.253563999999999901e+00 8.825920999999999239e+00 1.059549999999999992e+00 1.834474027335792812e+01 2.191357299999999952e+01 1.500000000000000000e+01 7.234983000000000386e-01 3.013116999999999823e+00 1.906309500000000116e+04 0.000000000000000000e+00
3.303662000000000099e+00 1.054415000000000013e+01 2.926740999999999815e+00 1.671997199999999850e+01 3.571733999999999742e-01 1.530525399999999969e+01 7.001581000000000055e-01 3.097326999999999941e+00 3.016286899999999878e+04 3.253563999999999901e+00 8.825920999999999239e+00 1.059549999999999992e+00 1.834474000000000160e+01 2.191357332653768353e+01 1.500000000000000000e+01 7.234983000000000386e-01 3.013116999999999823e+00 1.906309500000000116e+04 0.000000000000000000e+00
3.303662000000000099e+00 1.054415000000000013e+01 2.926740999999999815e+00 1.671997199999999850e+01 3.571733999999999742e-01 1.530525399999999969e+01 7.001581000000000055e-01 3.097326999999999941e+00 3.016286899999999878e+04 3.253563999999999901e+00 8.825920999999999239e+00 1.059549999999999992e+00 1.834474000000000160e+01 2.191357299999999952e+01 1.500000000000000000e+01 7.234983000000000386e-01 3.013116999999999823e+00 1.906309528406225218e+04 0.000000000000000000e+00
3.303662000000000099e+00 1.054415000000000013e+01 2.926740999999999815e+00 1.671997199999999850e+01 3.571733999999999742e-01 1.530525399999999969e+01 7.001581000000000055e-01 3.097326999999999941e+00 3.016286899999999878e+04 3.253563999999999901e+00 8.825920999999999239e+00 1.059549999999999992e+00 1.834474000000000160e+01 2.191357299999999952e+01 1.500000000000000000e+01 7.234983000000000386e-01 3.013116999999999823e+00 1.906309500000000116e+04 1.490116119384765625e-08
3.303984622092835721e+00 1.054408733556454081e+01 2.926741358057119768e+00 1.671997743565842143e+01 3.571792468194560644e-01 1.530525399999999969e+01 7.001581000000000055e-01 3.097326999999999941e+00 3.016286876452492652e+04 3.253955519955907594e+00 8.825804262040019665e+00 1.059689102138070993e+00 1.834474507143807998e+01 2.191357449301946048e+01 1.500000000000000000e+01 7.234983000000000386e-01 3.013116999999999823e+00 1.906309485246141412e+04 6.098455434192866578e-03
3.303984671326043010e+00 1.054408733556454081e+01 2.926741358057119768e+00 1.671997743565842143e+01 3.571792468194560644e-01 1.530525399999999969e+01 7.001581000000000055e-01 3.097326999999999941e+00 3.016286876452492652e+04 3.253955519955907594e+00 8.825804262040019665e+00 1.059689102138070993e+00 1.834474507143807998e+01 2.191357449301946048e+01 1.500000000000000000e+01 7.234983000000000386e-01 3.013116999999999823e+00 1.906309485246141412e+04 6.098455434192866578e-03
3.303984622092835721e+00 1.054408749268368517e+01 2.926741358057119768e+00 1.671997743565842143e+01 3.571792468194560644e-01 1.530525399999999969e+01 7.001581000000000055e-01 3.097326999999999941e+00 3.016286876452492652e+04 3.253955519955907594e+00 8.825804262040019665e+00 1.059689102138070993e+00 1.834474507143807998e+01 2.191357449301946048e+01 1.500000000000000000e+01 7.234983000000000386e-01 3.013116999999999823e+00 1.906309485246141412e+04 6.098455434192866578e-03
3.303984622092835721e+00 1.054408733556454081e+01 2.926741401668964571e+00 1.671997743565842143e+01 3.571792468194560644e-01 1.530525399999999969e+01 7.001581000000000055e-01 3.097326999999999941e+00 3.016286876452492652e+04 3.253955519955907594e+00 8.825804262040019665e+00 1.059689102138070993e+00 1.834474507143807998e+01 2.191357449301946048e+01 1.500000000000000000e+01 7.234983000000000386e-01 3.013116999999999823e+00 1.906309485246141412e+04 6.098455434192866578e-03
3.303984622092835721e+00 1.054408733556454081e+01 2.926741358057119768e+00 1.671997768480549951e+01 3.571792468194560644e-01 1.530525399999999969e+01 7.001581000000000055e-01 3.097326999999999941e+00 3.016286876452492652e+04 3.253955519955907594e+00 8.825804262040019665e+00 1.059689102138070993e+00 1.834474507143807998e+01 2.191357449301946048e+01 1.500000000000000000e+01 7.234983000000000386e-01 3.013116999999999823e+00 1.906309485246141412e+04 6.098455434192866578e-03
3.303984622092835721e+00 1.054408733556454081e+01 2.926741358057119768e+00 1.671997743565842143e+01 3.571792617206172582e-01 1.530525399999999969e+01 7.001581000000000055e-01 3.097326999999999941e+00 3.016286876452492652e+04 3.253955519955907594e+00 8.825804262040019665e+00 1.059689102138070993e+00 1.834474507143807998e+01 2.191357449301946048e+01 1.500000000000000000e+01 7.234983000000000386e-01 3.013116999999999823e+00 1.906309485246141412e+04 6.098455434192866578e-03
3.303984622092835721e+00 1.054408733556454081e+01 2.926741358057119768e+00 1.671997743565842143e+01 3.571792468194560644e-01 1.530525399999999969e+01 7.001581000000000055e-01 3.097326999999999941e+00 3.016286921398669438e+04 3.253955519955907594e+00 8.825804262040019665e+00 1.059689102138070993e+00 1.834474507143807998e+01 2.191357449301946048e+01 1.500000000000000000e+01 7.234983000000000386e-01 3.013116999999999823e+00 1.906309485246141412e+04 6.098455434192866578e-03
3.303984622092835721e+00 1.054408733556454081e+01 2.926741358057119768e+00 1.671997743565842143e+01 3.571792468194560644e-01 1.530525399999999969e+01 7.001581000000000055e-01 3.097326999999999941e+00 3.016286876452492652e+04 3.253955568443623214e+00 8.825804262040019665e+00 1.059689102138070993e+00 1.834474507143807998e+01 2.191357449301946048e+01 1.500000000000000000e+01 7.234983000000000386e-01 3.013116999999999823e+00 1.906309485246141412e+04 6.098455434192866578e-03
3.303984622092835721e+00 1.054408733556454081e+01 2.926741358057119768e+00 1.671997743565842143e+01 3.571792468194560644e-01 1.530525399999999969e+01 7.001581000000000055e-01 3.097326999999999941e+00 3.016286876452492652e+04 3.253955519955907594e+00 8.825804393554751215e+00 1.059689102138070993e+00 1.834474507143807998e+01 2.191357449301946048e+01 1.500000000000000000e+01 7.234983000000000386e-01 3.013116999999999823e+00 1.906309485246141412e+04 6.098455434192866578e-03
3.303984622092835721e+00 1.054408733556454081e+01 2.926741358057119768e+00 1.671997743565842143e+01 3.571792468194560644e-01 1.530525399999999969e+01 7.001581000000000055e-01 3.097326999999999941e+00 3.016286876452492652e+04 3.253955519955907594e+00 8.825804262040019665e+00 1.059689117928669155e+00 1.834474507143807998e+01 2.191357449301946048e+01 1.500000000000000000e+01 7.234983000000000386e-01 3.013116999999999823e+00 1.906309485246141412e+04 6.098455434192866578e-03
3.303984622092835721e+00 1.054408733556454081e+01 2.926741358057119768e+00 1.671997743565842143e+01 3.571792468194560644e-01 1.530525399999999969e+01 7.001581000000000055e-01 3.097326999999999941e+00 3.016286876452492652e+04 3.253955519955907594e+00 8.825804262040019665e+00 1.059689102138070993e+00 1.834474534479608465e+01 2.191357449301946048e+01 1.500000000000000000e+01 7.234983000000000386e-01 3.013116999999999823e+00 1.906309485246141412e+04 6.098455434192866578e-03
3.303984622092835721e+00 1.054408733556454081e+01 2.926741358057119768e+00 1.671997743565842143e+01 3.571792468194560644e-01 1.530525399999999969e+01 7.001581000000000055e-01 3.097326999999999941e+00 3.016286876452492652e+04 3.253955519955907594e+00 8.825804262040019665e+00 1.059689102138070993e+00 1.834474507143807998e+01 2.191357481955716580e+01 1.500000000000000000e+01 7.234983000000000386e-01 3.013116999999999823e+00 1.906309485246141412e+04 6.098455434192866578e-03
3.303984622092835721e+00 1.054408733556454081e+01 2.926741358057119768e+00 1.671997743565842143e+01 3.571792468194560644e-01 1.530525399999999969e+01 7.001581000000000055e-01 3.097326999999999941e+00 3.016286876452492652e+04 3.253955519955907594e+00 8.825804262040019665e+00 1.059689102138070993e+00 1.834474507143807998e+01 2.191357449301946048e+01 1.500000000000000000e+01 7.234983000000000386e-01 3.013116999999999823e+00 1.906309513652366513e+04 6.098455434192866578e-03
3.303984622092835721e+00 1.054408733556454081e+01 2.926741358057119768e+00 1.671997743565842143e+01 3.571792468194560644e-01 1.530525399999999969e+01 7.001581000000000055e-01 3.097326999999999941e+00 3.016286876452492652e+04 3.253955519955907594e+00 8.825804262040019665e+00 1.059689102138070993e+00 1.834474507143807998e+01 2.191357449301946048e+01 1.500000000000000000e+01 7.234983000000000386e-01 3.013116999999999823e+00 1.906309485246141412e+04 6.098470335354060426e-03
3.411511248323808143e+00 1.054408733176597579e+01 2.716574448455277846e-02 1.104977802480674853e+01 5.781980241421840194e-01 1.530525399999999969e+01 7.001581000000000055e-01 3.097326999999999941e+00 3.016286876339596347e+04 3.223098094234616351e+00 8.825804262737882766e+00 1.033702949803371407e+00 2.017655419851695342e+01 2.294167831555755654e+01 1.500000000000000000e+01 7.234983000000000386e-01 3.013116999999999823e+00 1.906309485175316877e+04 6.023283862513460762e-03
3.650641046347724128e+00 1.054405269957070779e+01 2.922829706941493910e+00 1.646095589907600854e+01 2.410562060657761574e-03 1.530525399999999969e+01 7.001581000000000055e-01 3.097326999999999941e+00 3.016285869765098687e+04 3.053960704615971800e+00 8.825798511652974909e+00 7.246248924164210292e-01 1.854312643591958931e+01 2.162761865579668807e+01 1.500000000000000000e+01 7.234983000000000386e-01 3.013116999999999823e+00 1.906308830059463799e+04 8.721019355968228845e-03
3.405091774021881790e+00 1.055374524106613698e+01 2.926738137088647829e+00 1.672175885971427434e+01 3.595426046785950569e-01 1.530525399999999969e+01 7.001581000000000055e-01 3.097326999999999941e+00 3.016282922444073847e+04 3.115590857504620725e+00 8.850427968067098305e+00 1.144489522780443247e+00 1.834587003955628504e+01 2.191046840276004204e+01 1.500000000000000000e+01 7.234983000000000386e-01 3.013116999999999823e+00 1.906307284702080506e+04 7.760838276285080689e-03
3.331840111883240585e+00 1.054656413445123775e+01 2.926743476932924803e+00 1.672046715012874785e+01 3.578204172566614161e-01 1.530525399999999969e+01 7.001581000000000055e-01 3.097326999999999941e+00 3.016285779116828053e+04 3.222124581468943205e+00 8.832090653810070080e+00 1.081951545287584082e+00 1.834506443784314911e+01 2.191280966616187342e+01 1.500000000000000000e+01 7.234983000000000386e-01 3.013116999999999823e+00 1.906308867553906748e+04 6.177402956501000172e-03
3.331840161531526956e+00 1.054656413445123775e+01 2.926743476932924803e+00 1.672046715012874785e+01 3.578204172566614161e-01 1.530525399999999969e+01 7.001581000000000055e-01 3.097326999999999941e+00 3.016285779116828053e+04 3.222124581468943205e+00 8.832090653810070080e+00 1.081951545287584082e+00 1.834506443784314911e+01 2.191280966616187342e+01 1.500000000000000000e+01 7.234983000000000386e-01 3.013116999999999823e+00 1.906308867553906748e+04 6.177402956501000172e-03
3.331840111883240585e+00 1.054656429160728948e+01 2.926743476932924803e+00 1.672046715012874785e+01 3.578204172566614161e-01 1.530525399999999969e+01 7.001581000000000055e-01 3.097326999999999941e+00 3.016285779116828053e+04 3.222124581468943205e+00 8.832090653810070080e+00 1.081951545287584082e+00 1.834506443784314911e+01 2.191280966616187342e+01 1.500000000000000000e+01 7.234983000000000386e-01 3.013116999999999823e+00 1.906308867553906748e+04 6.177402956501000172e-03
3.331840111883240585e+00 1.054656413445123775e+01 2.926743520544801136e+00 1.672046715012874785e+01 3.578204172566614161e-01 1.530525399999999969e+01 7.001581000000000055e-01 3.097326999999999941e+00 3.016285779116828053e+04 3.222124581468943205e+00 8.832090653810070080e+00 1.081951545287584082e+00 1.834506443784314911e+01 2.191280966616187342e+01 1.500000000000000000e+01 7.234983000000000386e-01 3.013116999999999823e+00 1.906308867553906748e+04 6.177402956501000172e-03
3.331840111883240585e+00 1.054656413445123775e+01 2.926743476932924803e+00 1.672046739928312320e+01 3.578204172566614161e-01 1.530525399999999969e+01 7.001581000000000055e-01 3.097326999999999941e+00 3.016285779116828053e+04 3.222124581468943205e+00 8.832090653810070080e+00 1.081951545287584082e+00 1.834506443784314911e+01 2.191280966616187342e+01 1.500000000000000000e+01 7.234983000000000386e-01 3.013116999999999823e+00 1.906308867553906748e+04 6.177402956501000172e-03
3.331840111883240585e+00 1.054656413445123775e+01 2.926743476932924803e+00 1.672046715012874785e+01 3.578204321578226099e-01 1.530525399999999969e+01 7.001581000000000055e-01 3.097326999999999941e+00 3.016285779116828053e+04 3.222124581468943205e+00 8.832090653810070080e+00 1.081951545287584082e+00 1.834506443784314911e+01 2.191280966616187342e+01 1.500000000000000000e+01 7.234983000000000386e-01 3.013116999999999823e+00 1.906308867553906748e+04 6.177402956501000172e-03
3.331840111883240585e+00 1.054656413445123775e+01 2.926743476932924803e+00 1.672046715012874785e+01 3.578204172566614161e-01 1.530525399999999969e+01 7.001581000000000055e-01 3.097326999999999941e+00 3.016285824062988831e+04 3.222124581468943205e+00 8.832090653810070080e+00 1.081951545287584082e+00 1.834506443784314911e+01 2.191280966616187342e+01 1.500000000000000000e+01 7.234983000000000386e-01 3.013116999999999823e+00 1.906308867553906748e+04 6.177402956501000172e-03
3.331840111883240585e+00 1.054656413445123775e+01 2.926743476932924803e+00 1.672046715012874785e+01 3.578204172566614161e-01 1.530525399999999969e+01 7.001581000000000055e-01 3.097326999999999941e+00 3.016285779116828053e+04 3.222124629482340907e+00 8.832090653810070080e+00 1.081951545287584082e+00 1.834506443784314911e+01 2.191280966616187342e+01 1.500000000000000000e+01 7.234983000000000386e-01 3.013116999999999823e+00 1.906308867553906748e+04 6.177402956501000172e-03
3.331840111883240585e+00 1.054656413445123775e+01 2.926743476932924803e+00 1.672046715012874785e+01 3.578204172566614161e-01 1.530525399999999969e+01 7.001581000000000055e-01 3.097326999999999941e+00 3.016285779116828053e+04 3.222124581468943205e+00 8.832090785418476031e+00 1.081951545287584082e+00 1.834506443784314911e+01 2.191280966616187342e+01 1.500000000000000000e+01 7.234983000000000386e-01 3.013116999999999823e+00 1.906308867553906748e+04 6.177402956501000172e-03
3.331840111883240585e+00 1.054656413445123775e+01 2.926743476932924803e+00 1.672046715012874785e+01 3.578204172566614161e-01 1.530525399999999969e+01 7.001581000000000055e-01 3.097326999999999941e+00 3.016285779116828053e+04 3.222124581468943205e+00 8.832090653810070080e+00 1.081951561409918439e+00 1.834506443784314911e+01 2.191280966616187342e+01 1.500000000000000000e+01 7.234983000000000386e-01 3.013116999999999823e+00 1.906308867553906748e+04 6.177402956501000172e-03
3.331840111883240585e+00 1.054656413445123775e+01 2.926743476932924803e+00 1.672046715012874785e+01 3.578204172566614161e-01 1.530525399999999969e+01 7.001581000000000055e-01 3.097326999999999941e+00 3.016285779116828053e+04 3.222124581468943205e+00 8.832090653810070080e+00 1.081951545287584082e+00 1.834506471120591087e+01 2.191280966616187342e+01 1.500000000000000000e+01 7.234983000000000386e-01 3.013116999999999823e+00 1.906308867553906748e+04 6.177402956501000172e-03
3.331840111883240585e+00 1.054656413445123775e+01 2.926743476932924803e+00 1.672046715012874785e+01 3.578204172566614161e-01 1.530525399999999969e+01 7.001581000000000055e-01 3.097326999999999941e+00 3.016285779116828053e+04 3.222124581468943205e+00 8.832090653810070080e+00 1.081951545287584082e+00 1.834506443784314911e+01 2.191280999268818164e+01 1.500000000000000000e+01 7.234983000000000386e-01 3.013116999999999823e+00 1.906308867553906748e+04 6.177402956501000172e-03
3.331840111883240585e+00 1.054656413445123775e+01 2.926743476932924803e+00 1.672046715012874785e+01 3.578204172566614161e-01 1.530525399999999969e+01 7.001581000000000055e-01 3.097326999999999941e+00 3.016285779116828053e+04 3.222124581468943205e+00 8.832090653810070080e+00 1.081951545287584082e+00 1.834506443784314911e+01 2.191280966616187342e+01 1.500000000000000000e+01 7.234983000000000386e-01 3.013116999999999823e+00 1.906308895960122391e+04 6.177402956501000172e-03
3.331840111883240585e+00 1.054656413445123775e+01 2.926743476932924803e+00 1.672046715012874785e+01 3.578204172566614161e-01 1.530525399999999969e+01 7.001581000000000055e-01 3.097326999999999941e+00 3.016285779116828053e+04 3.222124581468943205e+00 8.832090653810070080e+00 1.081951545287584082e+00 1.834506443784314911e+01 2.191280966616187342e+01 1.500000000000000000e+01 7.234983000000000386e-01 3.013116999999999823e+00 1.906308867553906748e+04 6.177417857662194020e-03
3.346917120901383491e+00 1.055216680091952242e+01 2.926529495877455034e+00 1.677019064631507206e+01 3.591530085226668501e-01 1.530525399999999969e+01 7.001581000000000055e-01 3.097326999999999941e+00 3.016285778651587316e+04 3.201836498073537651e+00 8.845963110837628207e+00 1.092562434754256850e+00 1.837509320599730245e+01 2.172761082003134803e+01 1.500000000000000000e+01 7.234983000000000386e-01 3.013116999999999823e+00 1.906308867152784296e+04 6.431012466853057788e-03
3.344492713326413735e+00 1.054676905573537660e+01 2.926738624692724056e+00 1.672496588755688052e+01 3.579442717185917222e-01 1.530525399999999969e+01 7.001581000000000055e-01 3.097326999999999941e+00 3.016285779098664352e+04 3.206735173566969799e+00 8.832577151534199089e+00 1.086133732606744839e+00 1.834751349368868745e+01 2.190392656324962317e+01 1.500000000000000000e+01 7.234983000000000386e-01 3.013116999999999823e+00 1.906308867538078994e+04 6.323732628650887734e-03
3.335405468164983400e+00 1.054658101597856401e+01 2.926743430538357060e+00 1.672087896699093079e+01 3.578316561292177456e-01 1.530525399999999969e+01 7.001581000000000055e-01 3.097326999999999941e+00 3.016285779115225887e+04 3.218171444130396353e+00 8.832128722099733764e+00 1.082467470842011892e+00 1.834529313362636671e+01 2.191209185590151165e+01 1.500000000000000000e+01 7.234983000000000386e-01 3.013116999999999823e+00 1.906308867552495940e+04 6.180002012753830522e-03
3.335405517866397940e+00 1.054658101597856401e+01 2.926743430538357060e+00 1.672087896699093079e+01 3.578316561292177456e-01 1.530525399999999969e+01 7.001581000000000055e-01 3.097326999999999941e+00 3.016285779115225887e+04 3.218171444130396353e+00 8.832128722099733764e+00 1.082467470842011892e+00 1.834529313362636671e+01 2.191209185590151165e+01 1.500000000000000000e+01 7.234983000000000386e-01 3.013116999999999823e+00 1.906308867552495940e+04 6.180002012753830522e-03
3.335405468164983400e+00 1.054658117313486798e+01 2.926743430538357060e+00 1.672087896699093079e+01 3.578316561292177456e-01 1.530525399999999969e+01 7.001581000000000055e-01 3.097326999999999941e+00 3.016285779115225887e+04 3.218171444130396353e+00 8.832128722099733764e+00 1.082467470842011892e+00 1.834529313362636671e+01 2.191209185590151165e+01 1.500000000000000000e+01 7.234983000000000386e-01 3.013116999999999823e+00 1.906308867552495940e+04 6.180002012753830522e-03
3.335405468164983400e+00 1.054658101597856401e+01 2.926743474150232505e+00 1.672087896699093079e+01 3.578316561292177456e-01 1.530525399999999969e+01 7.001581000000000055e-01 3.097326999999999941e+00 3.016285779115225887e+04 3.218171444130396353e+00 8.832128722099733764e+00 1.082467470842011892e+00 1.834529313362636671e+01 2.191209185590151165e+01 1.500000000000000000e+01 7.234983000000000386e-01 3.013116999999999823e+00 1.906308867552495940e+04 6.180002012753830522e-03
3.335405468164983400e+00 1.054658101597856401e+01 2.926743430538357060e+00 1.672087921615144523e+01 3.578316561292177456e-01 1.530525399999999969e+01 7.001581000000000055e-01 3.097326999999999941e+00 3.016285779115225887e+04 3.218171444130396353e+00 8.832128722099733764e+00 1.082467470842011892e+00 1.834529313362636671e+01 2.191209185590151165e+01 1.500000000000000000e+01 7.234983000000000386e-01 3.013116999999999823e+00 1.906308867552495940e+04 6.180002012753830522e-03
3.335405468164983400e+00 1.054658101597856401e+01 2.926743430538357060e+00 1.672087896699093079e+01 3.578316710303789394e-01 1.530525399999999969e+01 7.001581000000000055e-01 3.097326999999999941e+00 3.016285779115225887e+04 3.218171444130396353e+00 8.832128722099733764e+00 1.082467470842011892e+00 1.834529313362636671e+01 2.191209185590151165e+01 1.500000000000000000e+01 7.234983000000000386e-01 3.013116999999999823e+00 1.906308867552495940e+04 6.180002012753830522e-03
3.335405468164983400e+00 1.054658101597856401e+01 2.926743430538357060e+00 1.672087896699093079e+01 3.578316561292177456e-01 1.530525399999999969e+01 7.001581000000000055e-01 3.097326999999999941e+00 3.016285824061386666e+04 3.218171444130396353e+00 8.832128722099733764e+00 1.082467470842011892e+00 1.834529313362636671e+01 2.191209185590151165e+01 1.500000000000000000e+01 7.234983000000000386e-01 3.013116999999999823e+00 1.906308867552495940e+04 6.180002012753830522e-03
3.335405468164983400e+00 1.054658101597856401e+01 2.926743430538357060e+00 1.672087896699093079e+01 3.578316561292177456e-01 1.530525399999999969e+01 7.001581000000000055e-01 3.097326999999999941e+00 3.016285779115225887e+04 3.218171492084887841e+00 8.832128722099733764e+00 1.082467470842011892e+00 1.834529313362636671e+01 2.191209185590151165e+01 1.500000000000000000e+01 7.234983000000000386e-01 3.013116999999999823e+00 1.906308867552495940e+04 6.180002012753830522e-03
3.335405468164983400e+00 1.054658101597856401e+01 2.926743430538357060e+00 1.672087896699093079e+01 3.578316561292177456e-01 1.530525399999999969e+01 7.001581000000000055e-01 3.097326999999999941e+00 3.016285779115225887e+04 3.218171444130396353e+00 8.832128853708708149e+00 1.082467470842011892e+00 1.834529313362636671e+01 2.191209185590151165e+01 1.500000000000000000e+01 7.234983000000000386e-01 3.013116999999999823e+00 1.906308867552495940e+04 6.180002012753830522e-03
3.335405468164983400e+00 1.054658101597856401e+01 2.926743430538357060e+00 1.672087896699093079e+01 3.578316561292177456e-01 1.530525399999999969e+01 7.001581000000000055e-01 3.097326999999999941e+00 3.016285779115225887e+04 3.218171444130396353e+00 8.832128722099733764e+00 1.082467486972034099e+00 1.834529313362636671e+01 2.191209185590151165e+01 1.500000000000000000e+01 7.234983000000000386e-01 3.013116999999999823e+00 1.906308867552495940e+04 6.180002012753830522e-03
3.335405468164983400e+00 1.054658101597856401e+01 2.926743430538357060e+00 1.672087896699093079e+01 3.578316561292177456e-01 1.530525399999999969e+01 7.001581000000000055e-01 3.097326999999999941e+00 3.016285779115225887e+04 3.218171444130396353e+00 8.832128722099733764e+00 1.082467470842011892e+00 1.834529340699253552e+01 2.191209185590151165e+01 1.500000000000000000e+01 7.234983000000000386e-01 3.013116999999999823e+00 1.906308867552495940e+04 6.180002012753830522e-03
3.335405468164983400e+00 1.054658101597856401e+01 2.926743430538357060e+00 1.672087896699093079e+01 3.578316561292177456e-01 1.530525399999999969e+01 7.001581000000000055e-01 3.097326999999999941e+00 3.016285779115225887e+04 3.218171444130396353e+00 8.832128722099733764e+00 1.082467470842011892e+00 1.834529313362636671e+01 2.191209218241712620e+01 1.500000000000000000e+01 7.234983000000000386e-01 3.013116999999999823e+00 1.906308867552495940e+04 6.180002012753830522e-03
3.335405468164983400e+00 1.054658101597856401e+01 2.926743430538357060e+00 1.672087896699093079e+01 3.578316561292177456e-01 1.530525399999999969e+01 7.001581000000000055e-01 3.097326999999999941e+00 3.016285779115225887e+04 3.218171444130396353e+00 8.832128722099733764e+00 1.082467470842011892e+00 1.834529313362636671e+01 2.191209185590151165e+01 1.500000000000000000e+01 7.234983000000000386e-01 3.013116999999999823e+00 1.906308895958711582e+04 6.180002012753830522e-03
3.335405468164983400e+00 1.054658101597856401e+01 2.926743430538357060e+00 1.672087896699093079e+01 3.578316561292177456e-01 1.530525399999999969e+01 7.001581000000000055e-01 3.097326999999999941e+00 3.016285779115225887e+04 3.218171444130396353e+00 8.832128722099733764e+00 1.082467470842011892e+00 1.834529313362636671e+01 2.191209185590151165e+01 1.500000000000000000e+01 7.234983000000000386e-01 3.013116999999999823e+00 1.906308867552495940e+04 6.180016913915024369e-03
3.341624286651839082e+00 1.054661089738610436e+01 2.926742369029127655e+00 1.672157940315340241e+01 3.578511117043541301e-01 1.530525399999999969e+01 7.001581000000000055e-01 3.097326999999999941e+00 3.016285779112560340e+04 3.209920112018415761e+00 8.832198346802451638e+00 1.084242843752879049e+00 1.834567088320753925e+01 2.191073887183608804e+01 1.500000000000000000e+01 7.234983000000000386e-01 3.013116999999999823e+00 1.906308867550183641e+04 6.274740799983166521e-03
3.341624336445921273e+00 1.054661089738610436e+01 2.926742369029127655e+00 1.672157940315340241e+01 3.578511117043541301e-01 1.530525399999999969e+01 7.001581000000000055e-01 3.097326999999999941e+00 3.016285779112560340e+04 3.209920112018415761e+00 8.832198346802451638e+00 1.084242843752879049e+00 1.834567088320753925e+01 2.191073887183608804e+01 1.500000000000000000e+01 7.234983000000000386e-01 3.013116999999999823e+00 1.906308867550183641e+04 6.274740799983166521e-03
3.341624286651839082e+00 1.054661105454285419e+01 2.926742369029127655e+00 1.672157940315340241e+01 3.578511117043541301e-01 1.530525399999999969e+01 7.001581000000000055e-01 3.097326999999999941e+00 3.016285779112560340e+04 3.209920112018415761e+00 8.832198346802451638e+00 1.084242843752879049e+00 1.834567088320753925e+01 2.191073887183608804e+01 1.500000000000000000e+01 7.234983000000000386e-01 3.013116999999999823e+00 1.906308867550183641e+04 6.274740799983166521e-03
3.341624286651839082e+00 1.054661089738610436e+01 2.926742412640987556e+00 1.672157940315340241e+01 3.578511117043541301e-01 1.530525399999999969e+01 7.001581000000000055e-01 3.097326999999999941e+00 3.016285779112560340e+04 3.209920112018415761e+00 8.832198346802451638e+00 1.084242843752879049e+00 1.834567088320753925e+01 2.191073887183608804e+01 1.500000000000000000e+01 7.234983000000000386e-01 3.013116999999999823e+00 1.906308867550183641e+04 6.274740799983166521e-03
3.341624286651839082e+00 1.054661089738610436e+01 2.926742369029127655e+00 1.672157965232435117e+01 3.578511117043541301e-01 1.530525399999999969e+01 7.001581000000000055e-01 3.097326999999999941e+00 3.016285779112560340e+04 3.209920112018415761e+00 8.832198346802451638e+00 1.084242843752879049e+00 1.834567088320753925e+01 2.191073887183608804e+01 1.500000000000000000e+01 7.234983000000000386e-01 3.013116999999999823e+00 1.906308867550183641e+04 6.274740799983166521e-03
3.341624286651839082e+00 1.054661089738610436e+01 2.926742369029127655e+00 1.672157940315340241e+01 3.578511266055153239e-01 1.530525399999999969e+01 7.001581000000000055e-01 3.097326999999999941e+00 3.016285779112560340e+04 3.209920112018415761e+00 8.832198346802451638e+00 1.084242843752879049e+00 1.834567088320753925e+01 2.191073887183608804e+01 1.500000000000000000e+01 7.234983000000000386e-01 3.013116999999999823e+00 1.906308867550183641e+04 6.274740799983166521e-03
3.341624286651839082e+00 1.054661089738610436e+01 2.926742369029127655e+00 1.672157940315340241e+01 3.578511117043541301e-01 1.530525399999999969e+01 7.001581000000000055e-01 3.097326999999999941e+00 3.016285824058721118e+04 3.209920112018415761e+00 8.832198346802451638e+00 1.084242843752879049e+00 1.834567088320753925e+01 2.191073887183608804e+01 1.500000000000000000e+01 7.234983000000000386e-01 3.013116999999999823e+00 1.906308867550183641e+04 6.274740799983166521e-03
3.341624286651839082e+00 1.054661089738610436e+01 2.926742369029127655e+00 1.672157940315340241e+01 3.578511117043541301e-01 1.530525399999999969e+01 7.001581000000000055e-01 3.097326999999999941e+00 3.016285779112560340e+04 3.209920159849952714e+00 8.832198346802451638e+00 1.084242843752879049e+00 1.834567088320753925e+01 2.191073887183608804e+01 1.500000000000000000e+01 7.234983000000000386e-01 3.013116999999999823e+00 1.906308867550183641e+04 6.274740799983166521e-03
3.341624286651839082e+00 1.054661089738610436e+01 2.926742369029127655e+00 1.672157940315340241e+01 3.578511117043541301e-01 1.530525399999999969e+01 7.001581000000000055e-01 3.097326999999999941e+00 3.016285779112560340e+04 3.209920112018415761e+00 8.832198478412463416e+00 1.084242843752879049e+00 1.834567088320753925e+01 2.191073887183608804e+01 1.500000000000000000e+01 7.234983000000000386e-01 3.013116999999999823e+00 1.906308867550183641e+04 6.274740799983166521e-03
3.341624286651839082e+00 1.054661089738610436e+01 2.926742369029127655e+00 1.672157940315340241e+01 3.578511117043541301e-01 1.530525399999999969e+01 7.001581000000000055e-01 3.097326999999999941e+00 3.016285779112560340e+04 3.209920112018415761e+00 8.832198346802451638e+00 1.084242859909356538e+00 1.834567088320753925e+01 2.191073887183608804e+01 1.500000000000000000e+01 7.234983000000000386e-01 3.013116999999999823e+00 1.906308867550183641e+04 6.274740799983166521e-03
3.341624286651839082e+00 1.054661089738610436e+01 2.926742369029127655e+00 1.672157940315340241e+01 3.578511117043541301e-01 1.530525399999999969e+01 7.001581000000000055e-01 3.097326999999999941e+00 3.016285779112560340e+04 3.209920112018415761e+00 8.832198346802451638e+00 1.084242843752879049e+00 1.834567115657933911e+01 2.191073887183608804e+01 1.500000000000000000e+01 7.234983000000000386e-01 3.013116999999999823e+00 1.906308867550183641e+04 6.274740799983166521e-03
3.341624286651839082e+00 1.054661089738610436e+01 2.926742369029127655e+00 1.672157940315340241e+01 3.578511117043541301e-01 1.530525399999999969e+01 7.001581000000000055e-01 3.097326999999999941e+00 3.016285779112560340e+04 3.209920112018415761e+00 8.832198346802451638e+00 1.084242843752879049e+00 1.834567088320753925e+01 2.191073919833154093e+01 1.500000000000000000e+01 7.234983000000000386e-01 3.013116999999999823e+00 1.906308867550183641e+04 6.274740799983166521e-03
3.341624286651839082e+00 1.054661089738610436e+01 2.926742369029127655e+00 1.672157940315340241e+01 3.578511117043541301e-01 1.530525399999999969e+01 7.001581000000000055e-01 3.097326999999999941e+00 3.016285779112560340e+04 3.209920112018415761e+00 8.832198346802451638e+00 1.084242843752879049e+00 1.834567088320753925e+01 2.191073887183608804e+01 1.500000000000000000e+01 7.234983000000000386e-01 3.013116999999999823e+00 1.906308895956399283e+04 6.274740799983166521e-03
3.341624286651839082e+00 1.054661089738610436e+01 2.926742369029127655e+00 1.672157940315340241e+01 3.578511117043541301e-01 1.530525399999999969e+01 7.001581000000000055e-01 3.097326999999999941e+00 3.016285779112560340e+04 3.209920112018415761e+00 8.832198346802451638e+00 1.084242843752879049e+00 1.834567088320753925e+01 2.191073887183608804e+01 1.500000000000000000e+01 7.234983000000000386e-01 3.013116999999999823e+00 1.906308867550183641e+04 6.274755701144360369e-03
3.347640303583888866e+00 1.054664519113247501e+01 2.926740693706296970e+00 1.672232342733589050e+01 3.578924479781791512e-01 1.530525399999999969e+01 7.001581000000000055e-01 3.097326999999999941e+00 3.016285779109793293e+04 3.201554210579456328e+00 8.832276628017437403e+00 1.086046538967067265e+00 1.834604718342794527e+01 2.190924089885231396e+01 1.500000000000000000e+01 7.234983000000000386e-01 3.013116999999999823e+00 1.906308867547800037e+04 6.369661057800911179e-03
3.347640353467616681e+00 1.054664519113247501e+01 2.926740693706296970e+00 1.672232342733589050e+01 3.578924479781791512e-01 1.530525399999999969e+01 7.001581000000000055e-01 3.097326999999999941e+00 3.016285779109793293e+04 3.201554210579456328e+00 8.832276628017437403e+00 1.086046538967067265e+00 1.834604718342794527e+01 2.190924089885231396e+01 1.500000000000000000e+01 7.234983000000000386e-01 3.013116999999999823e+00 1.906308867547800037e+04 6.369661057800911179e-03
3.347640303583888866e+00 1.054664534828973466e+01 2.926740693706296970e+00 1.672232342733589050e+01 3.578924479781791512e-01 1.530525399999999969e+01 7.001581000000000055e-01 3.097326999999999941e+00 3.016285779109793293e+04 3.201554210579456328e+00 8.832276628017437403e+00 1.086046538967067265e+00 1.834604718342794527e+01 2.190924089885231396e+01 1.500000000000000000e+01 7.234983000000000386e-01 3.013116999999999823e+00 1.906308867547800037e+04 6.369661057800911179e-03
3.347640303583888866e+00 1.054664519113247501e+01 2.926740737318132002e+00 1.672232342733589050e+01 3.578924479781791512e-01 1.530525399999999969e+01 7.001581000000000055e-01 3.097326999999999941e+00 3.016285779109793293e+04 3.201554210579456328e+00 8.832276628017437403e+00 1.086046538967067265e+00 1.834604718342794527e+01 2.190924089885231396e+01 1.500000000000000000e+01 7.234983000000000386e-01 3.013116999999999823e+00 1.906308867547800037e+04 6.369661057800911179e-03
3.347640303583888866e+00 1.054664519113247501e+01 2.926740693706296970e+00 1.672232367651792728e+01 3.578924479781791512e-01 1.530525399999999969e+01 7.001581000000000055e-01 3.097326999999999941e+00 3.016285779109793293e+04 3.201554210579456328e+00 8.832276628017437403e+00 1.086046538967067265e+00 1.834604718342794527e+01 2.190924089885231396e+01 1.500000000000000000e+01 7.234983000000000386e-01 3.013116999999999823e+00 1.906308867547800037e+04 6.369661057800911179e-03
3.347640303583888866e+00 1.054664519113247501e+01 2.926740693706296970e+00 1.672232342733589050e+01 3.578924628793403451e-01 1.530525399999999969e+01 7.001581000000000055e-01 3.097326999999999941e+00 3.016285779109793293e+04 3.201554210579456328e+00 8.832276628017437403e+00 1.086046538967067265e+00 1.834604718342794527e+01 2.190924089885231396e+01 1.500000000000000000e+01 7.234983000000000386e-01 3.013116999999999823e+00 1.906308867547800037e+04 6.369661057800911179e-03
3.347640303583888866e+00 1.054664519113247501e+01 2.926740693706296970e+00 1.672232342733589050e+01 3.578924479781791512e-01 1.530525399999999969e+01 7.001581000000000055e-01 3.097326999999999941e+00 3.016285824055954072e+04 3.201554210579456328e+00 8.832276628017437403e+00 1.086046538967067265e+00 1.834604718342794527e+01 2.190924089885231396e+01 1.500000000000000000e+01 7.234983000000000386e-01 3.013116999999999823e+00 1.906308867547800037e+04 6.369661057800911179e-03
3.347640303583888866e+00 1.054664519113247501e+01 2.926740693706296970e+00 1.672232342733589050e+01 3.578924479781791512e-01 1.530525399999999969e+01 7.001581000000000055e-01 3.097326999999999941e+00 3.016285779109793293e+04 3.201554258286331667e+00 8.832276628017437403e+00 1.086046538967067265e+00 1.834604718342794527e+01 2.190924089885231396e+01 1.500000000000000000e+01 7.234983000000000386e-01 3.013116999999999823e+00 1.906308867547800037e+04 6.369661057800911179e-03
3.347640303583888866e+00 1.054664519113247501e+01 2.926740693706296970e+00 1.672232342733589050e+01 3.578924479781791512e-01 1.530525399999999969e+01 7.001581000000000055e-01 3.097326999999999941e+00 3.016285779109793293e+04 3.201554210579456328e+00 8.832276759628614471e+00 1.086046538967067265e+00 1.834604718342794527e+01 2.190924089885231396e+01 1.500000000000000000e+01 7.234983000000000386e-01 3.013116999999999823e+00 1.906308867547800037e+04 6.369661057800911179e-03
3.347640303583888866e+00 1.054664519113247501e+01 2.926740693706296970e+00 1.672232342733589050e+01 3.578924479781791512e-01 1.530525399999999969e+01 7.001581000000000055e-01 3.097326999999999941e+00 3.016285779109793293e+04 3.201554210579456328e+00 8.832276628017437403e+00 1.086046555150421700e+00 1.834604718342794527e+01 2.190924089885231396e+01 1.500000000000000000e+01 7.234983000000000386e-01 3.013116999999999823e+00 1.906308867547800037e+04 6.369661057800911179e-03
3.347640303583888866e+00 1.054664519113247501e+01 2.926740693706296970e+00 1.672232342733589050e+01 3.578924479781791512e-01 1.530525399999999969e+01 7.001581000000000055e-01 3.097326999999999941e+00 3.016285779109793293e+04 3.201554210579456328e+00 8.832276628017437403e+00 1.086046538967067265e+00 1.834604745680535132e+01 2.190924089885231396e+01 1.500000000000000000e+01 7.234983000000000386e-01 3.013116999999999823e+00 1.906308867547800037e+04 6.369661057800911179e-03
3.347640303583888866e+00 1.054664519113247501e+01 2.926740693706296970e+00 1.672232342733589050e+01 3.578924479781791512e-01 1.530525399999999969e+01 7.001581000000000055e-01 3.097326999999999941e+00 3.016285779109793293e+04 3.201554210579456328e+00 8.832276628017437403e+00 1.086046538967067265e+00 1.834604718342794527e+01 2.190924122532544516e+01 1.500000000000000000e+01 7.234983000000000386e-01 3.013116999999999823e+00 1.906308867547800037e+04 6.369661057800911179e-03
3.347640303583888866e+00 1.054664519113247501e+01 2.926740693706296970e+00 1.672232342733589050e+01 3.578924479781791512e-01 1.530525399999999969e+01 7.001581000000000055e-01 3.097326999999999941e+00 3.016285779109793293e+04 3.201554210579456328e+00 8.832276628017437403e+00 1.086046538967067265e+00 1.834604718342794527e+01 2.190924089885231396e+01 1.500000000000000000e+01 7.234983000000000386e-01 3.013116999999999823e+00 1.906308895954015679e+04 6.369661057800911179e-03
3.347640303583888866e+00 1.054664519113247501e+01 2.926740693706296970e+00 1.672232342733589050e+01 3.578924479781791512e-01 1.530525399999999969e+01 7.001581000000000055e-01 3.097326999999999941e+00 3.016285779109793293e+04 3.201554210579456328e+00 8.832276628017437403e+00 1.086046538967067265e+00 1.834604718342794527e+01 2.190924089885231396e+01 1.500000000000000000e+01 7.234983000000000386e-01 3.013116999999999823e+00 1.906308867547800037e+04 6.369675958962105027e-03
3.353523935242985310e+00 1.054668535722928624e+01 2.926738103417677817e+00 1.672308942272667309e+01 3.579139206022442510e-01 1.530525399999999969e+01 7.001581000000000055e-01 3.097326999999999941e+00 3.016285779107004782e+04 3.193101844179179416e+00 8.832360660412785336e+00 1.087843876937139020e+00 1.834641158115980275e+01 2.190770128048752241e+01 1.500000000000000000e+01 7.234983000000000386e-01 3.013116999999999823e+00 1.906308867545413159e+04 6.463258660234541889e-03
3.353523985214386105e+00 1.054668535722928624e+01 2.926738103417677817e+00 1.672308942272667309e+01 3.579139206022442510e-01 1.530525399999999969e+01 7.001581000000000055e-01 3.097326999999999941e+00 3.016285779107004782e+04 3.193101844179179416e+00 8.832360660412785336e+00 1.087843876937139020e+00 1.834641158115980275e+01 2.190770128048752241e+01 1.500000000000000000e+01 7.234983000000000386e-01 3.013116999999999823e+00 1.906308867545413159e+04 6.463258660234541889e-03
3.353523935242985310e+00 1.054668551438714452e+01 2.926738103417677817e+00 1.672308942272667309e+01 3.579139206022442510e-01 1.530525399999999969e+01 7.001581000000000055e-01 3.097326999999999941e+00 3.016285779107004782e+04 3.193101844179179416e+00 8.832360660412785336e+00 1.087843876937139020e+00 1.834641158115980275e+01 2.190770128048752241e+01 1.500000000000000000e+01 7.234983000000000386e-01 3.013116999999999823e+00 1.906308867545413159e+04 6.463258660234541889e-03
3.353523935242985310e+00 1.054668535722928624e+01 2.926738147029474213e+00 1.672308942272667309e+01 3.579139206022442510e-01 1.530525399999999969e+01 7.001581000000000055e-01 3.097326999999999941e+00 3.016285779107004782e+04 3.193101844179179416e+00 8.832360660412785336e+00 1.087843876937139020e+00 1.834641158115980275e+01 2.190770128048752241e+01 1.500000000000000000e+01 7.234983000000000386e-01 3.013116999999999823e+00 1.906308867545413159e+04 6.463258660234541889e-03
3.353523935242985310e+00 1.054668535722928624e+01 2.926738103417677817e+00 1.672308967192012474e+01 3.579139206022442510e-01 1.530525399999999969e+01 7.001581000000000055e-01 3.097326999999999941e+00 3.016285779107004782e+04 3.193101844179179416e+00 8.832360660412785336e+00 1.087843876937139020e+00 1.834641158115980275e+01 2.190770128048752241e+01 1.500000000000000000e+01 7.234983000000000386e-01 3.013116999999999823e+00 1.906308867545413159e+04 6.463258660234541889e-03
3.353523935242985310e+00 1.054668535722928624e+01 2.926738103417677817e+00 1.672308942272667309e+01 3.579139355034054448e-01 1.530525399999999969e+01 7.001581000000000055e-01 3.097326999999999941e+00 3.016285779107004782e+04 3.193101844179179416e+00 8.832360660412785336e+00 1.087843876937139020e+00 1.834641158115980275e+01 2.190770128048752241e+01 1.500000000000000000e+01 7.234983000000000386e-01 3.013116999999999823e+00 1.906308867545413159e+04 6.463258660234541889e-03
3.353523935242985310e+00 1.054668535722928624e+01 2.926738103417677817e+00 1.672308942272667309e+01 3.579139206022442510e-01 1.530525399999999969e+01 7.001581000000000055e-01 3.097326999999999941e+00 3.016285824053165561e+04 3.193101844179179416e+00 8.832360660412785336e+00 1.087843876937139020e+00 1.834641158115980275e+01 2.190770128048752241e+01 1.500000000000000000e+01 7.234983000000000386e-01 3.013116999999999823e+00 1.906308867545413159e+04 6.463258660234541889e-03
3.353523935242985310e+00 1.054668535722928624e+01 2.926738103417677817e+00 1.672308942272667309e+01 3.579139206022442510e-01 1.530525399999999969e+01 7.001581000000000055e-01 3.097326999999999941e+00 3.016285779107004782e+04 3.193101891760104838e+00 8.832360660412785336e+00 1.087843876937139020e+00 1.834641158115980275e+01 2.190770128048752241e+01 1.500000000000000000e+01 7.234983000000000386e-01 3.013116999999999823e+00 1.906308867545413159e+04 6.463258660234541889e-03
3.353523935242985310e+00 1.054668535722928624e+01 2.926738103417677817e+00 1.672308942272667309e+01 3.579139206022442510e-01 1.530525399999999969e+01 7.001581000000000055e-01 3.097326999999999941e+00 3.016285779107004782e+04 3.193101844179179416e+00 8.832360792025214735e+00 1.087843876937139020e+00 1.834641158115980275e+01 2.190770128048752241e+01 1.500000000000000000e+01 7.234983000000000386e-01 3.013116999999999823e+00 1.906308867545413159e+04 6.463258660234541889e-03
3.353523935242985310e+00 1.054668535722928624e+01 2.926738103417677817e+00 1.672308942272667309e+01 3.579139206022442510e-01 1.530525399999999969e+01 7.001581000000000055e-01 3.097326999999999941e+00 3.016285779107004782e+04 3.193101844179179416e+00 8.832360660412785336e+00 1.087843893147276031e+00 1.834641158115980275e+01 2.190770128048752241e+01 1.500000000000000000e+01 7.234983000000000386e-01 3.013116999999999823e+00 1.906308867545413159e+04 6.463258660234541889e-03
3.353523935242985310e+00 1.054668535722928624e+01 2.926738103417677817e+00 1.672308942272667309e+01 3.579139206022442510e-01 1.530525399999999969e+01 7.001581000000000055e-01 3.097326999999999941e+00 3.016285779107004782e+04 3.193101844179179416e+00 8.832360660412785336e+00 1.087843876937139020e+00 1.834641185454263734e+01 2.190770128048752241e+01 1.500000000000000000e+01 7.234983000000000386e-01 3.013116999999999823e+00 1.906308867545413159e+04 6.463258660234541889e-03
3.353523935242985310e+00 1.054668535722928624e+01 2.926738103417677817e+00 1.672308942272667309e+01 3.579139206022442510e-01 1.530525399999999969e+01 7.001581000000000055e-01 3.097326999999999941e+00 3.016285779107004782e+04 3.193101844179179416e+00 8.832360660412785336e+00 1.087843876937139020e+00 1.834641158115980275e+01 2.190770160693771018e+01 1.500000000000000000e+01 7.234983000000000386e-01 3.013116999999999823e+00 1.906308867545413159e+04 6.463258660234541889e-03
3.353523935242985310e+00 1.054668535722928624e+01 2.926738103417677817e+00 1.672308942272667309e+01 3.579139206022442510e-01 1.530525399999999969e+01 7.001581000000000055e-01 3.097326999999999941e+00 3.016285779107004782e+04 3.193101844179179416e+00 8.832360660412785336e+00 1.087843876937139020e+00 1.834641158115980275e+01 2.190770128048752241e+01 1.500000000000000000e+01 7.234983000000000386e-01 3.013116999999999823e+00 1.906308895951628801e+04 6.463258660234541889e-03
3.353523935242985310e+00 1.054668535722928624e+01 2.926738103417677817e+00 1.672308942272667309e+01 3.579139206022442510e-01 1.530525399999999969e+01 7.001581000000000055e-01 3.097326999999999941e+00 3.016285779107004782e+04 3.193101844179179416e+00 8.832360660412785336e+00 1.087843876937139020e+00 1.834641158115980275e+01 2.190770128048752241e+01 1.500000000000000000e+01 7.234983000000000386e-01 3.013116999999999823e+00 1.906308867545413159e+04 6.463273561395735736e-03
3.359714659921408941e+00 1.054672931908026179e+01 2.926735342846411125e+00 1.672395521445306343e+01 3.579620688785068450e-01 1.530525399999999969e+01 7.001581000000000055e-01 3.097326999999999941e+00 3.016285779103902678e+04 3.184492287320320969e+00 8.832454300414696036e+00 1.088861929965449837e+00 1.834679268976349320e+01 2.190604178700881732e+01 1.500000000000000000e+01 7.234983000000000386e-01 3.013116999999999823e+00 1.906308867542755979e+04 6.557154763136835776e-03
3.354993130256221701e+00 1.054669339989558807e+01 2.926737465953693551e+00 1.672324269891507242e+01 3.579225940989446131e-01 1.530525399999999969e+01 7.001581000000000055e-01 3.097326999999999941e+00 3.016285779106463451e+04 3.190875956149956671e+00 8.832378447134635380e+00 1.088039656555476187e+00 1.834647702693571247e+01 2.190738991571432237e+01 1.500000000000000000e+01 7.234983000000000386e-01 3.013116999999999823e+00 1.906308867544954046e+04 6.479459759287926716e-03
3.354993180249515206e+00 1.054669339989558807e+01 2.926737465953693551e+00 1.672324269891507242e+01 3.579225940989446131e-01 1.530525399999999969e+01 7.001581000000000055e-01 3.097326999999999941e+00 3.016285779106463451e+04 3.190875956149956671e+00 8.832378447134635380e+00 1.088039656555476187e+00 1.834647702693571247e+01 2.190738991571432237e+01 1.500000000000000000e+01 7.234983000000000386e-01 3.013116999999999823e+00 1.906308867544954046e+04 6.479459759287926716e-03
3.354993130256221701e+00 1.054669355705356715e+01 2.926737465953693551e+00 1.672324269891507242e+01 3.579225940989446131e-01 1.530525399999999969e+01 7.001581000000000055e-01 3.097326999999999941e+00 3.016285779106463451e+04 3.190875956149956671e+00 8.832378447134635380e+00 1.088039656555476187e+00 1.834647702693571247e+01 2.190738991571432237e+01 1.500000000000000000e+01 7.234983000000000386e-01 3.013116999999999823e+00 1.906308867544954046e+04 6.479459759287926716e-03
3.354993130256221701e+00 1.054669339989558807e+01 2.926737509565480178e+00 1.672324269891507242e+01 3.579225940989446131e-01 1.530525399999999969e+01 7.001581000000000055e-01 3.097326999999999941e+00 3.016285779106463451e+04 3.190875956149956671e+00 8.832378447134635380e+00 1.088039656555476187e+00 1.834647702693571247e+01 2.190738991571432237e+01 1.500000000000000000e+01 7.234983000000000386e-01 3.013116999999999823e+00 1.906308867544954046e+04 6.479459759287926716e-03
3.354993130256221701e+00 1.054669339989558807e+01 2.926737465953693551e+00 1.672324294811080847e+01 3.579225940989446131e-01 1.530525399999999969e+01 7.001581000000000055e-01 3.097326999999999941e+00 3.016285779106463451e+04 3.190875956149956671e+00 8.832378447134635380e+00 1.088039656555476187e+00 1.834647702693571247e+01 2.190738991571432237e+01 1.500000000000000000e+01 7.234983000000000386e-01 3.013116999999999823e+00 1.906308867544954046e+04 6.479459759287926716e-03
3.354993130256221701e+00 1.054669339989558807e+01 2.926737465953693551e+00 1.672324269891507242e+01 3.579226090001058069e-01 1.530525399999999969e+01 7.001581000000000055e-01 3.097326999999999941e+00 3.016285779106463451e+04 3.190875956149956671e+00 8.832378447134635380e+00 1.088039656555476187e+00 1.834647702693571247e+01 2.190738991571432237e+01 1.500000000000000000e+01 7.234983000000000386e-01 3.013116999999999823e+00 1.906308867544954046e+04 6.479459759287926716e-03
3.354993130256221701e+00 1.054669339989558807e+01 2.926737465953693551e+00 1.672324269891507242e+01 3.579225940989446131e-01 1.530525399999999969e+01 7.001581000000000055e-01 3.097326999999999941e+00 3.016285824052624230e+04 3.190875956149956671e+00 8.832378447134635380e+00 1.088039656555476187e+00 1.834647702693571247e+01 2.190738991571432237e+01 1.500000000000000000e+01 7.234983000000000386e-01 3.013116999999999823e+00 1.906308867544954046e+04 6.479459759287926716e-03
3.354993130256221701e+00 1.054669339989558807e+01 2.926737465953693551e+00 1.672324269891507242e+01 3.579225940989446131e-01 1.530525399999999969e+01 7.001581000000000055e-01 3.097326999999999941e+00 3.016285779106463451e+04 3.190876003697713514e+00 8.832378447134635380e+00 1.088039656555476187e+00 1.834647702693571247e+01 2.190738991571432237e+01 1.500000000000000000e+01 7.234983000000000386e-01 3.013116999999999823e+00 1.906308867544954046e+04 6.479459759287926716e-03
3.354993130256221701e+00 1.054669339989558807e+01 2.926737465953693551e+00 1.672324269891507242e+01 3.579225940989446131e-01 1.530525399999999969e+01 7.001581000000000055e-01 3.097326999999999941e+00 3.016285779106463451e+04 3.190875956149956671e+00 8.832378578747331233e+00 1.088039656555476187e+00 1.834647702693571247e+01 2.190738991571432237e+01 1.500000000000000000e+01 7.234983000000000386e-01 3.013116999999999823e+00 1.906308867544954046e+04 6.479459759287926716e-03
3.354993130256221701e+00 1.054669339989558807e+01 2.926737465953693551e+00 1.672324269891507242e+01 3.579225940989446131e-01 1.530525399999999969e+01 7.001581000000000055e-01 3.097326999999999941e+00 3.016285779106463451e+04 3.190875956149956671e+00 8.832378447134635380e+00 1.088039672768530419e+00 1.834647702693571247e+01 2.190738991571432237e+01 1.500000000000000000e+01 7.234983000000000386e-01 3.013116999999999823e+00 1.906308867544954046e+04 6.479459759287926716e-03
3.354993130256221701e+00 1.054669339989558807e+01 2.926737465953693551e+00 1.672324269891507242e+01 3.579225940989446131e-01 1.530525399999999969e+01 7.001581000000000055e-01 3.097326999999999941e+00 3.016285779106463451e+04 3.190875956149956671e+00 8.832378447134635380e+00 1.088039656555476187e+00 1.834647730031952406e+01 2.190738991571432237e+01 1.500000000000000000e+01 7.234983000000000386e-01 3.013116999999999823e+00 1.906308867544954046e+04 6.479459759287926716e-03
3.354993130256221701e+00 1.054669339989558807e+01 2.926737465953693551e+00 1.672324269891507242e+01 3.579225940989446131e-01 1.530525399999999969e+01 7.001581000000000055e-01 3.097326999999999941e+00 3.016285779106463451e+04 3.190875956149956671e+00 8.832378447134635380e+00 1.088039656555476187e+00 1.834647702693571247e+01 2.190739024215987030e+01 1.500000000000000000e+01 7.234983000000000386e-01 3.013116999999999823e+00 1.906308867544954046e+04 6.479459759287926716e-03
3.354993130256221701e+00 1.054669339989558807e+01 2.926737465953693551e+00 1.672324269891507242e+01 3.579225940989446131e-01 1.530525399999999969e+01 7.001581000000000055e-01 3.097326999999999941e+00 3.016285779106463451e+04 3.190875956149956671e+00 8.832378447134635380e+00 1.088039656555476187e+00 1.834647702693571247e+01 2.190738991571432237e+01 1.500000000000000000e+01 7.234983000000000386e-01 3.013116999999999823e+00 1.906308895951169688e+04 6.479459759287926716e-03
3.354993130256221701e+00 1.054669339989558807e+01 2.926737465953693551e+00 1.672324269891507242e+01 3.579225940989446131e-01 1.530525399999999969e+01 7.001581000000000055e-01 3.097326999999999941e+00 3.016285779106463451e+04 3.190875956149956671e+00 8.832378447134635380e+00 1.088039656555476187e+00 1.834647702693571247e+01 2.190738991571432237e+01 1.500000000000000000e+01 7.234983000000000386e-01 3.013116999999999823e+00 1.906308867544954046e+04 6.479474660449120564e-03
3.357768413260211471e+00 1.054671206631313218e+01 2.926735541505518068e+00 1.672353001284083263e+01 3.579394652186866366e-01 1.530525399999999969e+01 7.001581000000000055e-01 3.097326999999999941e+00 3.016285779105483380e+04 3.186332938420662231e+00 8.832421529309884889e+00 1.088449510716860580e+00 1.834658449641862532e+01 2.190669404230481732e+01 1.500000000000000000e+01 7.234983000000000386e-01 3.013116999999999823e+00 1.906308867544156237e+04 6.509823615632823884e-03
3.355709174602167000e+00 1.054669791178145388e+01 2.926737021825931873e+00 1.672331323432362993e+01 3.579267210524784693e-01 1.530525399999999969e+01 7.001581000000000055e-01 3.097326999999999941e+00 3.016285779106222617e+04 3.189752436624198939e+00 8.832388724819006498e+00 1.088139549270482398e+00 1.834650381486173387e+01 2.190722336354865973e+01 1.500000000000000000e+01 7.234983000000000386e-01 3.013116999999999823e+00 1.906308867544756868e+04 6.479322958746715731e-03
3.355709224606130192e+00 1.054669791178145388e+01 2.926737021825931873e+00 1.672331323432362993e+01 3.579267210524784693e-01 1.530525399999999969e+01 7.001581000000000055e-01 3.097326999999999941e+00 3.016285779106222617e+04 3.189752436624198939e+00 8.832388724819006498e+00 1.088139549270482398e+00 1.834650381486173387e+01 2.190722336354865973e+01 1.500000000000000000e+01 7.234983000000000386e-01 3.013116999999999823e+00 1.906308867544756868e+04 6.479322958746715731e-03
3.355709174602167000e+00 1.054669806893949868e+01 2.926737021825931873e+00 1.672331323432362993e+01 3.579267210524784693e-01 1.530525399999999969e+01 7.001581000000000055e-01 3.097326999999999941e+00 3.016285779106222617e+04 3.189752436624198939e+00 8.832388724819006498e+00 1.088139549270482398e+00 1.834650381486173387e+01 2.190722336354865973e+01 1.500000000000000000e+01 7.234983000000000386e-01 3.013116999999999823e+00 1.906308867544756868e+04 6.479322958746715731e-03
3.355709174602167000e+00 1.054669791178145388e+01 2.926737065437711838e+00 1.672331323432362993e+01 3.579267210524784693e-01 1.530525399999999969e+01 7.001581000000000055e-01 3.097326999999999941e+00 3.016285779106222617e+04 3.189752436624198939e+00 8.832388724819006498e+00 1.088139549270482398e+00 1.834650381486173387e+01 2.190722336354865973e+01 1.500000000000000000e+01 7.234983000000000386e-01 3.013116999999999823e+00 1.906308867544756868e+04 6.479322958746715731e-03
3.355709174602167000e+00 1.054669791178145388e+01 2.926737021825931873e+00 1.672331348352041758e+01 3.579267210524784693e-01 1.530525399999999969e+01 7.001581000000000055e-01 3.097326999999999941e+00 3.016285779106222617e+04 3.189752436624198939e+00 8.832388724819006498e+00 1.088139549270482398e+00 1.834650381486173387e+01 2.190722336354865973e+01 1.500000000000000000e+01 7.234983000000000386e-01 3.013116999999999823e+00 1.906308867544756868e+04 6.479322958746715731e-03
3.355709174602167000e+00 1.054669791178145388e+01 2.926737021825931873e+00 1.672331323432362993e+01 3.579267359536396631e-01 1.530525399999999969e+01 7.001581000000000055e-01 3.097326999999999941e+00 3.016285779106222617e+04 3.189752436624198939e+00 8.832388724819006498e+00 1.088139549270482398e+00 1.834650381486173387e+01 2.190722336354865973e+01 1.500000000000000000e+01 7.234983000000000386e-01 3.013116999999999823e+00 1.906308867544756868e+04 6.479322958746715731e-03
3.355709174602167000e+00 1.054669791178145388e+01 2.926737021825931873e+00 1.672331323432362993e+01 3.579267210524784693e-01 1.530525399999999969e+01 7.001581000000000055e-01 3.097326999999999941e+00 3.016285824052383396e+04 3.189752436624198939e+00 8.832388724819006498e+00 1.088139549270482398e+00 1.834650381486173387e+01 2.190722336354865973e+01 1.500000000000000000e+01 7.234983000000000386e-01 3.013116999999999823e+00 1.906308867544756868e+04 6.479322958746715731e-03
3.355709174602167000e+00 1.054669791178145388e+01 2.926737021825931873e+00 1.672331323432362993e+01 3.579267210524784693e-01 1.530525399999999969e+01 7.001581000000000055e-01 3.097326999999999941e+00 3.016285779106222617e+04 3.189752484155214063e+00 8.832388724819006498e+00 1.088139549270482398e+00 1.834650381486173387e+01 2.190722336354865973e+01 1.500000000000000000e+01 7.234983000000000386e-01 3.013116999999999823e+00 1.906308867544756868e+04 6.479322958746715731e-03
3.355709174602167000e+00 1.054669791178145388e+01 2.926737021825931873e+00 1.672331323432362993e+01 3.579267210524784693e-01 1.530525399999999969e+01 7.001581000000000055e-01 3.097326999999999941e+00 3.016285779106222617e+04 3.189752436624198939e+00 8.832388856431855118e+00 1.088139549270482398e+00 1.834650381486173387e+01 2.190722336354865973e+01 1.500000000000000000e+01 7.234983000000000386e-01 3.013116999999999823e+00 1.906308867544756868e+04 6.479322958746715731e-03
3.355709174602167000e+00 1.054669791178145388e+01 2.926737021825931873e+00 1.672331323432362993e+01 3.579267210524784693e-01 1.530525399999999969e+01 7.001581000000000055e-01 3.097326999999999941e+00 3.016285779106222617e+04 3.189752436624198939e+00 8.832388724819006498e+00 1.088139565485025217e+00 1.834650381486173387e+01 2.190722336354865973e+01 1.500000000000000000e+01 7.234983000000000386e-01 3.013116999999999823e+00 1.906308867544756868e+04 6.479322958746715731e-03
3.355709174602167000e+00 1.054669791178145388e+01 2.926737021825931873e+00 1.672331323432362993e+01 3.579267210524784693e-01 1.530525399999999969e+01 7.001581000000000055e-01 3.097326999999999941e+00 3.016285779106222617e+04 3.189752436624198939e+00 8.832388724819006498e+00 1.088139549270482398e+00 1.834650408824594336e+01 2.190722336354865973e+01 1.500000000000000000e+01 7.234983000000000386e-01 3.013116999999999823e+00 1.906308867544756868e+04 6.479322958746715731e-03
3.355709174602167000e+00 1.054669791178145388e+01 2.926737021825931873e+00 1.672331323432362993e+01 3.579267210524784693e-01 1.530525399999999969e+01 7.001581000000000055e-01 3.097326999999999941e+00 3.016285779106222617e+04 3.189752436624198939e+00 8.832388724819006498e+00 1.088139549270482398e+00 1.834650381486173387e+01 2.190722368999172787e+01 1.500000000000000000e+01 7.234983000000000386e-01 3.013116999999999823e+00 1.906308867544756868e+04 6.479322958746715731e-03
3.355709174602167000e+00 1.054669791178145388e+01 2.926737021825931873e+00 1.672331323432362993e+01 3.579267210524784693e-01 1.530525399999999969e+01 7.001581000000000055e-01 3.097326999999999941e+00 3.016285779106222617e+04 3.189752436624198939e+00 8.832388724819006498e+00 1.088139549270482398e+00 1.834650381486173387e+01 2.190722336354865973e+01 1.500000000000000000e+01 7.234983000000000386e-01 3.013116999999999823e+00 1.906308895950972510e+04 6.479322958746715731e-03
3.355709174602167000e+00 1.054669791178145388e+01 2.926737021825931873e+00 1.672331323432362993e+01 3.579267210524784693e-01 1.530525399999999969e+01 7.001581000000000055e-01 3.097326999999999941e+00 3.016285779106222617e+04 3.189752436624198939e+00 8.832388724819006498e+00 1.088139549270482398e+00 1.834650381486173387e+01 2.190722336354865973e+01 1.500000000000000000e+01 7.234983000000000386e-01 3.013116999999999823e+00 1.906308867544756868e+04 6.479337859907909579e-03
3.355806985930670283e+00 1.054671779358233863e+01 2.926736958288767454e+00 1.672331513096180799e+01 3.579318121993732005e-01 1.530525399999999969e+01 7.001581000000000055e-01 3.097326999999999941e+00 3.016285775781515986e+04 3.189614306278605760e+00 8.832427240778050859e+00 1.088217017940543485e+00 1.834650453650649382e+01 2.190722022060227658e+01 1.500000000000000000e+01 7.234983000000000386e-01 3.013116999999999823e+00 1.906308865786444221e+04 6.487478714158364038e-03
3.355807035936090976e+00 1.054671779358233863e+01 2.926736958288767454e+00 1.672331513096180799e+01 3.579318121993732005e-01 1.530525399999999969e+01 7.001581000000000055e-01 3.097326999999999941e+00 3.016285775781515986e+04 3.189614306278605760e+00 8.832427240778050859e+00 1.088217017940543485e+00 1.834650453650649382e+01 2.190722022060227658e+01 1.500000000000000000e+01 7.234983000000000386e-01 3.013116999999999823e+00 1.906308865786444221e+04 6.487478714158364038e-03
3.355806985930670283e+00 1.054671795074068008e+01 2.926736958288767454e+00 1.672331513096180799e+01 3.579318121993732005e-01 1.530525399999999969e+01 7.001581000000000055e-01 3.097326999999999941e+00 3.016285775781515986e+04 3.189614306278605760e+00 8.832427240778050859e+00 1.088217017940543485e+00 1.834650453650649382e+01 2.190722022060227658e+01 1.500000000000000000e+01 7.234983000000000386e-01 3.013116999999999823e+00 1.906308865786444221e+04 6.487478714158364038e-03
3.355806985930670283e+00 1.054671779358233863e+01 2.926737001900546531e+00 1.672331513096180799e+01 3.579318121993732005e-01 1.530525399999999969e+01 7.001581000000000055e-01 3.097326999999999941e+00 3.016285775781515986e+04 3.189614306278605760e+00 8.832427240778050859e+00 1.088217017940543485e+00 1.834650453650649382e+01 2.190722022060227658e+01 1.500000000000000000e+01 7.234983000000000386e-01 3.013116999999999823e+00 1.906308865786444221e+04 6.487478714158364038e-03
3.355806985930670283e+00 1.054671779358233863e+01 2.926736958288767454e+00 1.672331538015862407e+01 3.579318121993732005e-01 1.530525399999999969e+01 7.001581000000000055e-01 3.097326999999999941e+00 3.016285775781515986e+04 3.189614306278605760e+00 8.832427240778050859e+00 1.088217017940543485e+00 1.834650453650649382e+01 2.190722022060227658e+01 1.500000000000000000e+01 7.234983000000000386e-01 3.013116999999999823e+00 1.906308865786444221e+04 6.487478714158364038e-03
3.355806985930670283e+00 1.054671779358233863e+01 2.926736958288767454e+00 1.672331513096180799e+01 3.579318271005343943e-01 1.530525399999999969e+01 7.001581000000000055e-01 3.097326999999999941e+00 3.016285775781515986e+04 3.189614306278605760e+00 8.832427240778050859e+00 1.088217017940543485e+00 1.834650453650649382e+01 2.190722022060227658e+01 1.500000000000000000e+01 7.234983000000000386e-01 3.013116999999999823e+00 1.906308865786444221e+04 6.487478714158364038e-03
3.355806985930670283e+00 1.054671779358233863e+01 2.926736958288767454e+00 1.672331513096180799e+01 3.579318121993732005e-01 1.530525399999999969e+01 7.001581000000000055e-01 3.097326999999999941e+00 3.016285820727676401e+04 3.189614306278605760e+00 8.832427240778050859e+00 1.088217017940543485e+00 1.834650453650649382e+01 2.190722022060227658e+01 1.500000000000000000e+01 7.234983000000000386e-01 3.013116999999999823e+00 1.906308865786444221e+04 6.487478714158364038e-03
3.355806985930670283e+00 1.054671779358233863e+01 2.926736958288767454e+00 1.672331513096180799e+01 3.579318121993732005e-01 1.530525399999999969e+01 7.001581000000000055e-01 3.097326999999999941e+00 3.016285775781515986e+04 3.189614353807562530e+00 8.832427240778050859e+00 1.088217017940543485e+00 1.834650453650649382e+01 2.190722022060227658e+01 1.500000000000000000e+01 7.234983000000000386e-01 3.013116999999999823e+00 1.906308865786444221e+04 6.487478714158364038e-03
3.355806985930670283e+00 1.054671779358233863e+01 2.926736958288767454e+00 1.672331513096180799e+01 3.579318121993732005e-01 1.530525399999999969e+01 7.001581000000000055e-01 3.097326999999999941e+00 3.016285775781515986e+04 3.189614306278605760e+00 8.832427372391473241e+00 1.088217017940543485e+00 1.834650453650649382e+01 2.190722022060227658e+01 1.500000000000000000e+01 7.234983000000000386e-01 3.013116999999999823e+00 1.906308865786444221e+04 6.487478714158364038e-03
3.355806985930670283e+00 1.054671779358233863e+01 2.926736958288767454e+00 1.672331513096180799e+01 3.579318121993732005e-01 1.530525399999999969e+01 7.001581000000000055e-01 3.097326999999999941e+00 3.016285775781515986e+04 3.189614306278605760e+00 8.832427240778050859e+00 1.088217034156240715e+00 1.834650453650649382e+01 2.190722022060227658e+01 1.500000000000000000e+01 7.234983000000000386e-01 3.013116999999999823e+00 1.906308865786444221e+04 6.487478714158364038e-03
3.355806985930670283e+00 1.054671779358233863e+01 2.926736958288767454e+00 1.672331513096180799e+01 3.579318121993732005e-01 1.530525399999999969e+01 7.001581000000000055e-01 3.097326999999999941e+00 3.016285775781515986e+04 3.189614306278605760e+00 8.832427240778050859e+00 1.088217017940543485e+00 1.834650480989071397e+01 2.190722022060227658e+01 1.500000000000000000e+01 7.234983000000000386e-01 3.013116999999999823e+00 1.906308865786444221e+04 6.487478714158364038e-03
3.355806985930670283e+00 1.054671779358233863e+01 2.926736958288767454e+00 1.672331513096180799e+01 3.579318121993732005e-01 1.530525399999999969e+01 7.001581000000000055e-01 3.097326999999999941e+00 3.016285775781515986e+04 3.189614306278605760e+00 8.832427240778050859e+00 1.088217017940543485e+00 1.834650453650649382e+01 2.190722054704529498e+01 1.500000000000000000e+01 7.234983000000000386e-01 3.013116999999999823e+00 1.906308865786444221e+04 6.487478714158364038e-03
3.355806985930670283e+00 1.054671779358233863e+01 2.926736958288767454e+00 1.672331513096180799e+01 3.579318121993732005e-01 1.530525399999999969e+01 7.001581000000000055e-01 3.097326999999999941e+00 3.016285775781515986e+04 3.189614306278605760e+00 8.832427240778050859e+00 1.088217017940543485e+00 1.834650453650649382e+01 2.190722022060227658e+01 1.500000000000000000e+01 7.234983000000000386e-01 3.013116999999999823e+00 1.906308894192659864e+04 6.487478714158364038e-03
3.355806985930670283e+00 1.054671779358233863e+01 2.926736958288767454e+00 1.672331513096180799e+01 3.579318121993732005e-01 1.530525399999999969e+01 7.001581000000000055e-01 3.097326999999999941e+00 3.016285775781515986e+04 3.189614306278605760e+00 8.832427240778050859e+00 1.088217017940543485e+00 1.834650453650649382e+01 2.190722022060227658e+01 1.500000000000000000e+01 7.234983000000000386e-01 3.013116999999999823e+00 1.906308865786444221e+04 6.487493615319557885e-03
