3.044371354872577928e+00 7.428304482220808858e+00 1.373411809631825964e+00 1.865428368465445533e-02 5.424141741483849444e+01 1.549994700000000059e+01 7.954442999999999930e-01 3.681439999999999824e+00 2.571453464439796880e+04 2.378379716118837154e-04
3.044371400237246394e+00 7.428304482220808858e+00 1.373411809631825964e+00 1.865428368465445533e-02 5.424141741483849444e+01 1.549994700000000059e+01 7.954442999999999930e-01 3.681439999999999824e+00 2.571453464439796880e+04 2.378379716118837154e-04
3.044371354872577928e+00 7.428304592911171511e+00 1.373411809631825964e+00 1.865428368465445533e-02 5.424141741483849444e+01 1.549994700000000059e+01 7.954442999999999930e-01 3.681439999999999824e+00 2.571453464439796880e+04 2.378379716118837154e-04
3.044371354872577928e+00 7.428304482220808858e+00 1.373411830097256647e+00 1.865428368465445533e-02 5.424141741483849444e+01 1.549994700000000059e+01 7.954442999999999930e-01 3.681439999999999824e+00 2.571453464439796880e+04 2.378379716118837154e-04
3.044371354872577928e+00 7.428304482220808858e+00 1.373411809631825964e+00 1.865429858581564918e-02 5.424141741483849444e+01 1.549994700000000059e+01 7.954442999999999930e-01 3.681439999999999824e+00 2.571453464439796880e+04 2.378379716118837154e-04
3.044371354872577928e+00 7.428304482220808858e+00 1.373411809631825964e+00 1.865428368465445533e-02 5.424141822309859862e+01 1.549994700000000059e+01 7.954442999999999930e-01 3.681439999999999824e+00 2.571453464439796880e+04 2.378379716118837154e-04
3.044371354872577928e+00 7.428304482220808858e+00 1.373411809631825964e+00 1.865428368465445533e-02 5.424141741483849444e+01 1.549994723096720861e+01 7.954442999999999930e-01 3.681439999999999824e+00 2.571453464439796880e+04 2.378379716118837154e-04
3.044371354872577928e+00 7.428304482220808858e+00 1.373411809631825964e+00 1.865428368465445533e-02 5.424141741483849444e+01 1.549994700000000059e+01 7.954443149011611869e-01 3.681439999999999824e+00 2.571453464439796880e+04 2.378379716118837154e-04
3.044371354872577928e+00 7.428304482220808858e+00 1.373411809631825964e+00 1.865428368465445533e-02 5.424141741483849444e+01 1.549994700000000059e+01 7.954442999999999930e-01 3.681439999999999824e+00 2.571453502757439492e+04 2.378379716118837154e-04
3.044371354872577928e+00 7.428304482220808858e+00 1.373411809631825964e+00 1.865428368465445533e-02 5.424141741483849444e+01 1.549994700000000059e+01 7.954442999999999930e-01 3.681439999999999824e+00 2.571453464439796880e+04 2.378528727730775630e-04
3.044497629698046826e+00 4.443054834308682643e+00 1.373438857058455032e+00 1.865463270619017663e-02 5.424414638825589918e+01 1.549985852125172592e+01 7.956792269474061152e-01 3.681439999999999824e+00 2.971475166427313525e+04 -6.607549312853126106e-03
3.023182532617150642e+00 4.353448071732299418e+00 1.358240239614016742e+00 1.845290127496865273e-02 5.378368333410590907e+01 1.551334643766309895e+01 7.643478120760180961e-01 3.681439999999999824e+00 2.671458444779097772e+04 -9.926307593497222387e-03
3.017853743511559106e+00 4.331051474712015015e+00 1.354440512810948238e+00 1.840246746621098869e-02 5.366856702747066521e+01 1.551671845768021996e+01 7.565148327083415225e-01 3.681439999999999824e+00 2.596452907384686478e+04 -1.075599345354926774e-02
3.016521487115929823e+00 4.325472734223870575e+00 1.353490291102974474e+00 1.838985520710373703e-02 5.363978578178928558e+01 1.551756162640362646e+01 7.545560849259729252e-01 3.681439999999999824e+00 2.577696090826949148e+04 -1.096340000439703297e-02
3.016188201088151999e+00 4.324161943832145916e+00 1.353251559647554281e+00 1.838668670680750419e-02 5.363258201363786526e+01 1.551777307769345349e+01 7.540643633338980356e-01 3.681439999999999824e+00 2.572984873082766353e+04 -1.101518715289430926e-02
3.016107870656476120e+00 4.324614190888770082e+00 1.353186442238795140e+00 1.838582374341653225e-02 5.363081844483092198e+01 1.551782790597517980e+01 7.539331201504676505e-01 3.681439999999999824e+00 2.571690470551018734e+04 -1.102661786906779587e-02
3.047690662329622047e+00 6.452755315296631267e+00 1.351778970553134007e+00 1.838127671563339130e-02 5.420951342519222749e+01 1.550854338558856860e+01 7.603197374377319573e-01 3.681439999999999824e+00 2.571453496253696721e+04 -3.781086853518591650e-03
3.058642794916301089e+00 7.188106138268713252e+00 1.351462046643696624e+00 1.842786693337133616e-02 5.434454349584686383e+01 1.550292464647289492e+01 7.635430323533761721e-01 3.681439999999999824e+00 2.571453470441962418e+04 -1.262346451638542231e-03
3.060723214242286883e+00 7.380193199571695395e+00 1.351867091027012080e+00 1.853856766288954766e-02 5.429025004639078134e+01 1.550065417044415739e+01 7.681157777576722578e-01 3.681439999999999824e+00 2.571453465595833768e+04 -5.445590362971743743e-04
3.052786569074983802e+00 7.425704589559909863e+00 1.360380343223628108e+00 1.864278508132349854e-02 5.424282427071106838e+01 1.550000046414448107e+01 7.875142579091842787e-01 3.681439999999999824e+00 2.571453464512733990e+04 -4.725599372098129576e-05
3.047532478894795283e+00 7.427913708618503641e+00 1.370016468948357824e+00 1.865245867736430377e-02 5.424157749315790511e+01 1.549995540645695691e+01 7.939781901151873322e-01 3.681439999999999824e+00 2.571453464451058971e+04 9.129633202364172248e-05
3.045885519505240779e+00 7.428242797213701287e+00 1.373007630227818687e+00 1.865408748582520621e-02 5.424155203860268415e+01 1.549994763764782846e+01 7.953079306068588927e-01 3.681439999999999824e+00 2.571453464441029064e+04 1.376648737345899029e-04
3.044782127894478219e+00 7.428298275073816903e+00 1.373425391316824395e+00 1.865429009074993580e-02 5.424146165747004744e+01 1.549994687046718411e+01 7.954591889409924343e-01 3.681439999999999824e+00 2.571453464439767413e+04 2.072290397252895633e-04
3.044473557054955037e+00 7.428303135366085996e+00 1.373417540359922917e+00 1.865428639619294213e-02 5.424142857542322815e+01 1.549994696205269129e+01 7.954489881175598187e-01 3.681439999999999824e+00 2.571453464439782692e+04 2.296875613619665259e-04
3.044473602421146285e+00 7.428303135366085996e+00 1.373417540359922917e+00 1.865428639619294213e-02 5.424142857542322815e+01 1.549994696205269129e+01 7.954489881175598187e-01 3.681439999999999824e+00 2.571453464439782692e+04 2.296875613619665259e-04
3.044473557054955037e+00 7.428303246056428222e+00 1.373417540359922917e+00 1.865428639619294213e-02 5.424142857542322815e+01 1.549994696205269129e+01 7.954489881175598187e-01 3.681439999999999824e+00 2.571453464439782692e+04 2.296875613619665259e-04
3.044473557054955037e+00 7.428303135366085996e+00 1.373417560825439088e+00 1.865428639619294213e-02 5.424142857542322815e+01 1.549994696205269129e+01 7.954489881175598187e-01 3.681439999999999824e+00 2.571453464439782692e+04 2.296875613619665259e-04
3.044473557054955037e+00 7.428303135366085996e+00 1.373417540359922917e+00 1.865430129735413597e-02 5.424142857542322815e+01 1.549994696205269129e+01 7.954489881175598187e-01 3.681439999999999824e+00 2.571453464439782692e+04 2.296875613619665259e-04
3.044473557054955037e+00 7.428303135366085996e+00 1.373417540359922917e+00 1.865428639619294213e-02 5.424142938368349576e+01 1.549994696205269129e+01 7.954489881175598187e-01 3.681439999999999824e+00 2.571453464439782692e+04 2.296875613619665259e-04
3.044473557054955037e+00 7.428303135366085996e+00 1.373417540359922917e+00 1.865428639619294213e-02 5.424142857542322815e+01 1.549994719301989932e+01 7.954489881175598187e-01 3.681439999999999824e+00 2.571453464439782692e+04 2.296875613619665259e-04
3.044473557054955037e+00 7.428303135366085996e+00 1.373417540359922917e+00 1.865428639619294213e-02 5.424142857542322815e+01 1.549994696205269129e+01 7.954490030187210126e-01 3.681439999999999824e+00 2.571453464439782692e+04 2.296875613619665259e-04
3.044473557054955037e+00 7.428303135366085996e+00 1.373417540359922917e+00 1.865428639619294213e-02 5.424142857542322815e+01 1.549994696205269129e+01 7.954489881175598187e-01 3.681439999999999824e+00 2.571453502757425304e+04 2.296875613619665259e-04
3.044473557054955037e+00 7.428303135366085996e+00 1.373417540359922917e+00 1.865428639619294213e-02 5.424142857542322815e+01 1.549994696205269129e+01 7.954489881175598187e-01 3.681439999999999824e+00 2.571453464439782692e+04 2.297024625231603736e-04
