3.185286598751739806e+00 8.705273404537036797e+00 1.225166472410956109e+00 1.000000000000000036e-10 4.219675513705900727e+01 1.549994700000000059e+01 7.954442999999999930e-01 3.681439999999999824e+00 2.469940839814821447e+04 3.170712242296983702e-03
3.185286646216209050e+00 8.705273404537036797e+00 1.225166472410956109e+00 1.000000000000000036e-10 4.219675513705900727e+01 1.549994700000000059e+01 7.954442999999999930e-01 3.681439999999999824e+00 2.469940839814821447e+04 3.170712242296983702e-03
3.185286598751739806e+00 8.705273534255718815e+00 1.225166472410956109e+00 1.000000000000000036e-10 4.219675513705900727e+01 1.549994700000000059e+01 7.954442999999999930e-01 3.681439999999999824e+00 2.469940839814821447e+04 3.170712242296983702e-03
3.185286598751739806e+00 8.705273404537036797e+00 1.225166490667359165e+00 1.000000000000000036e-10 4.219675513705900727e+01 1.549994700000000059e+01 7.954442999999999930e-01 3.681439999999999824e+00 2.469940839814821447e+04 3.170712242296983702e-03
3.185286598751739806e+00 8.705273404537036797e+00 1.225166472410956109e+00 1.500116119384765715e-08 4.219675513705900727e+01 1.549994700000000059e+01 7.954442999999999930e-01 3.681439999999999824e+00 2.469940839814821447e+04 3.170712242296983702e-03
3.185286598751739806e+00 8.705273404537036797e+00 1.225166472410956109e+00 1.000000000000000036e-10 4.219675576583965437e+01 1.549994700000000059e+01 7.954442999999999930e-01 3.681439999999999824e+00 2.469940839814821447e+04 3.170712242296983702e-03
3.185286598751739806e+00 8.705273404537036797e+00 1.225166472410956109e+00 1.000000000000000036e-10 4.219675513705900727e+01 1.549994723096720861e+01 7.954442999999999930e-01 3.681439999999999824e+00 2.469940839814821447e+04 3.170712242296983702e-03
3.185286598751739806e+00 8.705273404537036797e+00 1.225166472410956109e+00 1.000000000000000036e-10 4.219675513705900727e+01 1.549994700000000059e+01 7.954443149011611869e-01 3.681439999999999824e+00 2.469940839814821447e+04 3.170712242296983702e-03
3.185286598751739806e+00 8.705273404537036797e+00 1.225166472410956109e+00 1.000000000000000036e-10 4.219675513705900727e+01 1.549994700000000059e+01 7.954442999999999930e-01 3.681439999999999824e+00 2.469940876619808114e+04 3.170712242296983702e-03
3.185286598751739806e+00 8.705273404537036797e+00 1.225166472410956109e+00 1.000000000000000036e-10 4.219675513705900727e+01 1.549994700000000059e+01 7.954442999999999930e-01 3.681439999999999824e+00 2.469940839814821447e+04 3.170727143458177549e-03
2.820827675206057261e+00 7.684409712518387003e+00 1.219069715312678381e+00 3.582298766636378738e-12 8.608329578375082747e+01 1.412906588515537010e+01 7.901888568471486796e-01 3.681439999999999824e+00 2.452660864464770202e+04 3.122111500295399189e-03
3.093151581160994645e+00 8.465993068144172184e+00 1.219086028538372890e+00 3.565068354077120058e-12 5.306362578197114743e+01 1.412882536703729741e+01 7.902420645086267736e-01 3.681439999999999824e+00 2.452803452237449528e+04 3.122366747077768255e-03
3.164148307152708117e+00 8.669663300286943652e+00 1.219096250744992282e+00 3.554222106929557933e-12 4.445530436667885255e+01 1.412887278249345080e+01 7.902592751237133006e-01 3.681439999999999824e+00 2.452874847728301029e+04 3.122562098865345331e-03
3.164148354302191990e+00 8.669663300286943652e+00 1.219096250744992282e+00 3.554222106929557933e-12 4.445530436667885255e+01 1.412887278249345080e+01 7.902592751237133006e-01 3.681439999999999824e+00 2.452874847728301029e+04 3.122562098865345331e-03
3.164148307152708117e+00 8.669663429474994132e+00 1.219096250744992282e+00 3.554222106929557933e-12 4.445530436667885255e+01 1.412887278249345080e+01 7.902592751237133006e-01 3.681439999999999824e+00 2.452874847728301029e+04 3.122562098865345331e-03
3.164148307152708117e+00 8.669663300286943652e+00 1.219096268910941916e+00 3.554222106929557933e-12 4.445530436667885255e+01 1.412887278249345080e+01 7.902592751237133006e-01 3.681439999999999824e+00 2.452874847728301029e+04 3.122562098865345331e-03
3.164148307152708117e+00 8.669663300286943652e+00 1.219096250744992282e+00 1.490471541595458560e-08 4.445530436667885255e+01 1.412887278249345080e+01 7.902592751237133006e-01 3.681439999999999824e+00 2.452874847728301029e+04 3.122562098865345331e-03
3.164148307152708117e+00 8.669663300286943652e+00 1.219096250744992282e+00 3.554222106929557933e-12 4.445530502911450554e+01 1.412887278249345080e+01 7.902592751237133006e-01 3.681439999999999824e+00 2.452874847728301029e+04 3.122562098865345331e-03
3.164148307152708117e+00 8.669663300286943652e+00 1.219096250744992282e+00 3.554222106929557933e-12 4.445530436667885255e+01 1.412887299303006117e+01 7.902592751237133006e-01 3.681439999999999824e+00 2.452874847728301029e+04 3.122562098865345331e-03
3.164148307152708117e+00 8.669663300286943652e+00 1.219096250744992282e+00 3.554222106929557933e-12 4.445530436667885255e+01 1.412887278249345080e+01 7.902592900248744945e-01 3.681439999999999824e+00 2.452874847728301029e+04 3.122562098865345331e-03
3.164148307152708117e+00 8.669663300286943652e+00 1.219096250744992282e+00 3.554222106929557933e-12 4.445530436667885255e+01 1.412887278249345080e+01 7.902592751237133006e-01 3.681439999999999824e+00 2.452874884278984609e+04 3.122562098865345331e-03
3.164148307152708117e+00 8.669663300286943652e+00 1.219096250744992282e+00 3.554222106929557933e-12 4.445530436667885255e+01 1.412887278249345080e+01 7.902592751237133006e-01 3.681439999999999824e+00 2.452874847728301029e+04 3.122577000026539179e-03
3.163121774058837321e+00 8.667602977088534999e+00 1.218343546208037864e+00 3.358583975094415200e-12 4.443914899727601409e+01 1.402454623484417695e+01 7.916359866895800179e-01 3.681439999999999824e+00 2.452927977360406658e+04 3.126835773768273964e-03
3.163121821193024541e+00 8.667602977088534999e+00 1.218343546208037864e+00 3.358583975094415200e-12 4.443914899727601409e+01 1.402454623484417695e+01 7.916359866895800179e-01 3.681439999999999824e+00 2.452927977360406658e+04 3.126835773768273964e-03
3.163121774058837321e+00 8.667603106245884703e+00 1.218343546208037864e+00 3.358583975094415200e-12 4.443914899727601409e+01 1.402454623484417695e+01 7.916359866895800179e-01 3.681439999999999824e+00 2.452927977360406658e+04 3.126835773768273964e-03
3.163121774058837321e+00 8.667602977088534999e+00 1.218343564362771358e+00 3.358583975094415200e-12 4.443914899727601409e+01 1.402454623484417695e+01 7.916359866895800179e-01 3.681439999999999824e+00 2.452927977360406658e+04 3.126835773768273964e-03
3.163121774058837321e+00 8.667602977088534999e+00 1.218343546208037864e+00 1.490451977782275102e-08 4.443914899727601409e+01 1.402454623484417695e+01 7.916359866895800179e-01 3.681439999999999824e+00 2.452927977360406658e+04 3.126835773768273964e-03
3.163121774058837321e+00 8.667602977088534999e+00 1.218343546208037864e+00 3.358583975094415200e-12 4.443914965947093521e+01 1.402454623484417695e+01 7.916359866895800179e-01 3.681439999999999824e+00 2.452927977360406658e+04 3.126835773768273964e-03
3.163121774058837321e+00 8.667602977088534999e+00 1.218343546208037864e+00 3.358583975094415200e-12 4.443914899727601409e+01 1.402454644382620152e+01 7.916359866895800179e-01 3.681439999999999824e+00 2.452927977360406658e+04 3.126835773768273964e-03
3.163121774058837321e+00 8.667602977088534999e+00 1.218343546208037864e+00 3.358583975094415200e-12 4.443914899727601409e+01 1.402454623484417695e+01 7.916360015907412118e-01 3.681439999999999824e+00 2.452927977360406658e+04 3.126835773768273964e-03
3.163121774058837321e+00 8.667602977088534999e+00 1.218343546208037864e+00 3.358583975094415200e-12 4.443914899727601409e+01 1.402454623484417695e+01 7.916359866895800179e-01 3.681439999999999824e+00 2.452928013911881862e+04 3.126835773768273964e-03
3.163121774058837321e+00 8.667602977088534999e+00 1.218343546208037864e+00 3.358583975094415200e-12 4.443914899727601409e+01 1.402454623484417695e+01 7.916359866895800179e-01 3.681439999999999824e+00 2.452927977360406658e+04 3.126850674929467812e-03
3.162134676261022292e+00 8.640182421318822747e+00 1.216514782982422549e+00 1.841954022230783227e-12 4.441980106467186573e+01 1.400078053400318367e+01 7.952976712755541744e-01 3.681439999999999824e+00 2.452970410930342769e+04 3.109743697936533536e-03
3.161791238991336517e+00 8.629546569519439103e+00 1.215848586881191018e+00 1.506269295667307724e-12 4.440771725168597328e+01 1.400794364881389420e+01 7.968706224899785306e-01 3.681439999999999824e+00 2.452928025053746023e+04 3.102154494057474381e-03
3.162293039871814315e+00 8.643552358399098523e+00 1.216697371009679562e+00 2.786084146784367430e-12 4.441574834591833820e+01 1.402240038351100715e+01 7.951393597219715836e-01 3.681439999999999824e+00 2.452927980497579119e+04 3.111481733874117001e-03
3.162855026643297762e+00 8.661029900353948818e+00 1.217681775203505623e+00 3.265069126208173056e-12 4.443257169219165092e+01 1.402426304844176919e+01 7.928753949303769533e-01 3.681439999999999824e+00 2.452927977658275995e+04 3.123796203807240480e-03
3.163014478159854370e+00 8.666058780380001991e+00 1.217984361817991967e+00 3.338240600331819448e-12 4.443759304186034598e+01 1.402448657270357479e+01 7.922105065741057439e-01 3.681439999999999824e+00 2.452927977418452429e+04 3.127262737148163267e-03
3.163014525292442869e+00 8.666058780380001991e+00 1.217984361817991967e+00 3.338240600331819448e-12 4.443759304186034598e+01 1.402448657270357479e+01 7.922105065741057439e-01 3.681439999999999824e+00 2.452927977418452429e+04 3.127262737148163267e-03
3.163014478159854370e+00 8.666058909514340769e+00 1.217984361817991967e+00 3.338240600331819448e-12 4.443759304186034598e+01 1.402448657270357479e+01 7.922105065741057439e-01 3.681439999999999824e+00 2.452927977418452429e+04 3.127262737148163267e-03
3.163014478159854370e+00 8.666058780380001991e+00 1.217984379967373298e+00 3.338240600331819448e-12 4.443759304186034598e+01 1.402448657270357479e+01 7.922105065741057439e-01 3.681439999999999824e+00 2.452927977418452429e+04 3.127262737148163267e-03
3.163014478159854370e+00 8.666058780380001991e+00 1.217984361817991967e+00 1.490449943444798892e-08 4.443759304186034598e+01 1.402448657270357479e+01 7.922105065741057439e-01 3.681439999999999824e+00 2.452927977418452429e+04 3.127262737148163267e-03
3.163014478159854370e+00 8.666058780380001991e+00 1.217984361817991967e+00 3.338240600331819448e-12 4.443759370403208209e+01 1.402448657270357479e+01 7.922105065741057439e-01 3.681439999999999824e+00 2.452927977418452429e+04 3.127262737148163267e-03
3.163014478159854370e+00 8.666058780380001991e+00 1.217984361817991967e+00 3.338240600331819448e-12 4.443759304186034598e+01 1.402448678168470941e+01 7.922105065741057439e-01 3.681439999999999824e+00 2.452927977418452429e+04 3.127262737148163267e-03
3.163014478159854370e+00 8.666058780380001991e+00 1.217984361817991967e+00 3.338240600331819448e-12 4.443759304186034598e+01 1.402448657270357479e+01 7.922105214752669378e-01 3.681439999999999824e+00 2.452927977418452429e+04 3.127262737148163267e-03
3.163014478159854370e+00 8.666058780380001991e+00 1.217984361817991967e+00 3.338240600331819448e-12 4.443759304186034598e+01 1.402448657270357479e+01 7.922105065741057439e-01 3.681439999999999824e+00 2.452928013969927633e+04 3.127262737148163267e-03
3.163014478159854370e+00 8.666058780380001991e+00 1.217984361817991967e+00 3.338240600331819448e-12 4.443759304186034598e+01 1.402448657270357479e+01 7.922105065741057439e-01 3.681439999999999824e+00 2.452927977418452429e+04 3.127277638309357115e-03
3.162627218978192989e+00 8.656298395226370346e+00 1.217858917225507209e+00 3.321920509645699740e-12 4.443640623842042459e+01 1.402443845404777178e+01 7.932078383866643101e-01 3.681439999999999824e+00 2.452929286875225807e+04 3.120926301895767061e-03
3.162900440347258257e+00 8.663507599620661637e+00 1.218038860386706723e+00 3.334933050213161729e-12 4.443728409752039710e+01 1.402447692715280247e+01 7.923154483947174587e-01 3.681439999999999824e+00 2.452928195533241887e+04 3.126104680988260349e-03
3.162900487478147671e+00 8.663507599620661637e+00 1.218038860386706723e+00 3.334933050213161729e-12 4.443728409752039710e+01 1.402447692715280247e+01 7.923154483947174587e-01 3.681439999999999824e+00 2.452928195533241887e+04 3.126104680988260349e-03
3.162900440347258257e+00 8.663507728716984602e+00 1.218038860386706723e+00 3.334933050213161729e-12 4.443728409752039710e+01 1.402447692715280247e+01 7.923154483947174587e-01 3.681439999999999824e+00 2.452928195533241887e+04 3.126104680988260349e-03
3.162900440347258257e+00 8.663507599620661637e+00 1.218038878536900071e+00 3.334933050213161729e-12 4.443728409752039710e+01 1.402447692715280247e+01 7.923154483947174587e-01 3.681439999999999824e+00 2.452928195533241887e+04 3.126104680988260349e-03
3.162900440347258257e+00 8.663507599620661637e+00 1.218038860386706723e+00 1.490449612689786870e-08 4.443728409752039710e+01 1.402447692715280247e+01 7.923154483947174587e-01 3.681439999999999824e+00 2.452928195533241887e+04 3.126104680988260349e-03
3.162900440347258257e+00 8.663507599620661637e+00 1.218038860386706723e+00 3.334933050213161729e-12 4.443728475968752889e+01 1.402447692715280247e+01 7.923154483947174587e-01 3.681439999999999824e+00 2.452928195533241887e+04 3.126104680988260349e-03
3.162900440347258257e+00 8.663507599620661637e+00 1.218038860386706723e+00 3.334933050213161729e-12 4.443728409752039710e+01 1.402447713613379321e+01 7.923154483947174587e-01 3.681439999999999824e+00 2.452928195533241887e+04 3.126104680988260349e-03
3.162900440347258257e+00 8.663507599620661637e+00 1.218038860386706723e+00 3.334933050213161729e-12 4.443728409752039710e+01 1.402447692715280247e+01 7.923154632958786525e-01 3.681439999999999824e+00 2.452928195533241887e+04 3.126104680988260349e-03
3.162900440347258257e+00 8.663507599620661637e+00 1.218038860386706723e+00 3.334933050213161729e-12 4.443728409752039710e+01 1.402447692715280247e+01 7.923154483947174587e-01 3.681439999999999824e+00 2.452928232084720366e+04 3.126104680988260349e-03
3.162900440347258257e+00 8.663507599620661637e+00 1.218038860386706723e+00 3.334933050213161729e-12 4.443728409752039710e+01 1.402447692715280247e+01 7.923154483947174587e-01 3.681439999999999824e+00 2.452928195533241887e+04 3.126119582149454196e-03
3.162836619457968013e+00 8.661811493395708439e+00 1.217983512678399327e+00 3.316686907217278783e-12 4.443556590807926199e+01 1.402442369832946056e+01 7.925099586509747329e-01 3.681439999999999824e+00 2.452928195581484397e+04 3.125184624225244446e-03
3.162836666587906187e+00 8.661811493395708439e+00 1.217983512678399327e+00 3.316686907217278783e-12 4.443556590807926199e+01 1.402442369832946056e+01 7.925099586509747329e-01 3.681439999999999824e+00 2.452928195581484397e+04 3.125184624225244446e-03
3.162836619457968013e+00 8.661811622466757399e+00 1.217983512678399327e+00 3.316686907217278783e-12 4.443556590807926199e+01 1.402442369832946056e+01 7.925099586509747329e-01 3.681439999999999824e+00 2.452928195581484397e+04 3.125184624225244446e-03
3.162836619457968013e+00 8.661811493395708439e+00 1.217983530827768002e+00 3.316686907217278783e-12 4.443556590807926199e+01 1.402442369832946056e+01 7.925099586509747329e-01 3.681439999999999824e+00 2.452928195581484397e+04 3.125184624225244446e-03
3.162836619457968013e+00 8.661811493395708439e+00 1.217983512678399327e+00 1.490447788075487290e-08 4.443556590807926199e+01 1.402442369832946056e+01 7.925099586509747329e-01 3.681439999999999824e+00 2.452928195581484397e+04 3.125184624225244446e-03
3.162836619457968013e+00 8.661811493395708439e+00 1.217983512678399327e+00 3.316686907217278783e-12 4.443556657022079293e+01 1.402442369832946056e+01 7.925099586509747329e-01 3.681439999999999824e+00 2.452928195581484397e+04 3.125184624225244446e-03
3.162836619457968013e+00 8.661811493395708439e+00 1.217983512678399327e+00 3.316686907217278783e-12 4.443556590807926199e+01 1.402442390730965904e+01 7.925099586509747329e-01 3.681439999999999824e+00 2.452928195581484397e+04 3.125184624225244446e-03
3.162836619457968013e+00 8.661811493395708439e+00 1.217983512678399327e+00 3.316686907217278783e-12 4.443556590807926199e+01 1.402442369832946056e+01 7.925099735521359268e-01 3.681439999999999824e+00 2.452928195581484397e+04 3.125184624225244446e-03
3.162836619457968013e+00 8.661811493395708439e+00 1.217983512678399327e+00 3.316686907217278783e-12 4.443556590807926199e+01 1.402442369832946056e+01 7.925099586509747329e-01 3.681439999999999824e+00 2.452928232132962876e+04 3.125184624225244446e-03
3.162836619457968013e+00 8.661811493395708439e+00 1.217983512678399327e+00 3.316686907217278783e-12 4.443556590807926199e+01 1.402442369832946056e+01 7.925099586509747329e-01 3.681439999999999824e+00 2.452928195581484397e+04 3.125199525386438294e-03
3.162814765379466042e+00 8.661383703614120577e+00 1.217954613753688964e+00 3.312458862472246185e-12 4.443513814115112126e+01 1.402441129019304711e+01 7.924992397663376265e-01 3.681439999999999824e+00 2.452928195592155316e+04 3.125178292417317080e-03
3.162814812509078699e+00 8.661383703614120577e+00 1.217954613753688964e+00 3.312458862472246185e-12 4.443513814115112126e+01 1.402441129019304711e+01 7.924992397663376265e-01 3.681439999999999824e+00 2.452928195592155316e+04 3.125178292417317080e-03
3.162814765379466042e+00 8.661383832678795969e+00 1.217954613753688964e+00 3.312458862472246185e-12 4.443513814115112126e+01 1.402441129019304711e+01 7.924992397663376265e-01 3.681439999999999824e+00 2.452928195592155316e+04 3.125178292417317080e-03
3.162814765379466042e+00 8.661383703614120577e+00 1.217954631902627094e+00 3.312458862472246185e-12 4.443513814115112126e+01 1.402441129019304711e+01 7.924992397663376265e-01 3.681439999999999824e+00 2.452928195592155316e+04 3.125178292417317080e-03
3.162814765379466042e+00 8.661383703614120577e+00 1.217954613753688964e+00 1.490447365271013015e-08 4.443513814115112126e+01 1.402441129019304711e+01 7.924992397663376265e-01 3.681439999999999824e+00 2.452928195592155316e+04 3.125178292417317080e-03
3.162814765379466042e+00 8.661383703614120577e+00 1.217954613753688964e+00 3.312458862472246185e-12 4.443513880328627863e+01 1.402441129019304711e+01 7.924992397663376265e-01 3.681439999999999824e+00 2.452928195592155316e+04 3.125178292417317080e-03
3.162814765379466042e+00 8.661383703614120577e+00 1.217954613753688964e+00 3.312458862472246185e-12 4.443513814115112126e+01 1.402441149917306085e+01 7.924992397663376265e-01 3.681439999999999824e+00 2.452928195592155316e+04 3.125178292417317080e-03
3.162814765379466042e+00 8.661383703614120577e+00 1.217954613753688964e+00 3.312458862472246185e-12 4.443513814115112126e+01 1.402441129019304711e+01 7.924992546674988203e-01 3.681439999999999824e+00 2.452928195592155316e+04 3.125178292417317080e-03
3.162814765379466042e+00 8.661383703614120577e+00 1.217954613753688964e+00 3.312458862472246185e-12 4.443513814115112126e+01 1.402441129019304711e+01 7.924992397663376265e-01 3.681439999999999824e+00 2.452928232143633795e+04 3.125178292417317080e-03
3.162814765379466042e+00 8.661383703614120577e+00 1.217954613753688964e+00 3.312458862472246185e-12 4.443513814115112126e+01 1.402441129019304711e+01 7.924992397663376265e-01 3.681439999999999824e+00 2.452928195592155316e+04 3.125193193578510928e-03
3.162705873220734709e+00 8.658955640060700176e+00 1.217910425785035278e+00 3.309104827388191662e-12 4.443485107426651837e+01 1.402440129450058137e+01 7.927597908383321457e-01 3.681439999999999824e+00 2.452928195602261621e+04 3.123025128740686707e-03
3.162705920348724664e+00 8.658955640060700176e+00 1.217910425785035278e+00 3.309104827388191662e-12 4.443485107426651837e+01 1.402440129450058137e+01 7.927597908383321457e-01 3.681439999999999824e+00 2.452928195602261621e+04 3.123025128740686707e-03
3.162705873220734709e+00 8.658955769089194732e+00 1.217910425785035278e+00 3.309104827388191662e-12 4.443485107426651837e+01 1.402440129450058137e+01 7.927597908383321457e-01 3.681439999999999824e+00 2.452928195602261621e+04 3.123025128740686707e-03
3.162705873220734709e+00 8.658955640060700176e+00 1.217910443933314824e+00 3.309104827388191662e-12 4.443485107426651837e+01 1.402440129450058137e+01 7.927597908383321457e-01 3.681439999999999824e+00 2.452928195602261621e+04 3.123025128740686707e-03
3.162705873220734709e+00 8.658955640060700176e+00 1.217910425785035278e+00 1.490447029867504362e-08 4.443485107426651837e+01 1.402440129450058137e+01 7.927597908383321457e-01 3.681439999999999824e+00 2.452928195602261621e+04 3.123025128740686707e-03
3.162705873220734709e+00 8.658955640060700176e+00 1.217910425785035278e+00 3.309104827388191662e-12 4.443485173639739827e+01 1.402440129450058137e+01 7.927597908383321457e-01 3.681439999999999824e+00 2.452928195602261621e+04 3.123025128740686707e-03
3.162705873220734709e+00 8.658955640060700176e+00 1.217910425785035278e+00 3.309104827388191662e-12 4.443485107426651837e+01 1.402440150348044590e+01 7.927597908383321457e-01 3.681439999999999824e+00 2.452928195602261621e+04 3.123025128740686707e-03
3.162705873220734709e+00 8.658955640060700176e+00 1.217910425785035278e+00 3.309104827388191662e-12 4.443485107426651837e+01 1.402440129450058137e+01 7.927598057394933395e-01 3.681439999999999824e+00 2.452928195602261621e+04 3.123025128740686707e-03
3.162705873220734709e+00 8.658955640060700176e+00 1.217910425785035278e+00 3.309104827388191662e-12 4.443485107426651837e+01 1.402440129450058137e+01 7.927597908383321457e-01 3.681439999999999824e+00 2.452928232153740100e+04 3.123025128740686707e-03
3.162705873220734709e+00 8.658955640060700176e+00 1.217910425785035278e+00 3.309104827388191662e-12 4.443485107426651837e+01 1.402440129450058137e+01 7.927597908383321457e-01 3.681439999999999824e+00 2.452928195602261621e+04 3.123040029901880555e-03
3.162682138317282288e+00 8.658104337937327699e+00 1.217796639827452010e+00 3.300789327952553875e-12 4.443399830309368781e+01 1.402437672345978470e+01 7.927879188923021569e-01 3.681439999999999824e+00 2.452928195624162981e+04 3.123155810107790600e-03
3.162682185444918748e+00 8.658104337937327699e+00 1.217796639827452010e+00 3.300789327952553875e-12 4.443399830309368781e+01 1.402437672345978470e+01 7.927879188923021569e-01 3.681439999999999824e+00 2.452928195624162981e+04 3.123155810107790600e-03
3.162682138317282288e+00 8.658104466953135514e+00 1.217796639827452010e+00 3.300789327952553875e-12 4.443399830309368781e+01 1.402437672345978470e+01 7.927879188923021569e-01 3.681439999999999824e+00 2.452928195624162981e+04 3.123155810107790600e-03
3.162682138317282288e+00 8.658104337937327699e+00 1.217796657974036023e+00 3.300789327952553875e-12 4.443399830309368781e+01 1.402437672345978470e+01 7.927879188923021569e-01 3.681439999999999824e+00 2.452928195624162981e+04 3.123155810107790600e-03
3.162682138317282288e+00 8.658104337937327699e+00 1.217796639827452010e+00 1.490446198317561024e-08 4.443399830309368781e+01 1.402437672345978470e+01 7.927879188923021569e-01 3.681439999999999824e+00 2.452928195624162981e+04 3.123155810107790600e-03
3.162682138317282288e+00 8.658104337937327699e+00 1.217796639827452010e+00 3.300789327952553875e-12 4.443399896521185610e+01 1.402437672345978470e+01 7.927879188923021569e-01 3.681439999999999824e+00 2.452928195624162981e+04 3.123155810107790600e-03
3.162682138317282288e+00 8.658104337937327699e+00 1.217796639827452010e+00 3.300789327952553875e-12 4.443399830309368781e+01 1.402437693243928329e+01 7.927879188923021569e-01 3.681439999999999824e+00 2.452928195624162981e+04 3.123155810107790600e-03
3.162682138317282288e+00 8.658104337937327699e+00 1.217796639827452010e+00 3.300789327952553875e-12 4.443399830309368781e+01 1.402437672345978470e+01 7.927879337934633508e-01 3.681439999999999824e+00 2.452928195624162981e+04 3.123155810107790600e-03
3.162682138317282288e+00 8.658104337937327699e+00 1.217796639827452010e+00 3.300789327952553875e-12 4.443399830309368781e+01 1.402437672345978470e+01 7.927879188923021569e-01 3.681439999999999824e+00 2.452928232175641460e+04 3.123155810107790600e-03
3.162682138317282288e+00 8.658104337937327699e+00 1.217796639827452010e+00 3.300789327952553875e-12 4.443399830309368781e+01 1.402437672345978470e+01 7.927879188923021569e-01 3.681439999999999824e+00 2.452928195624162981e+04 3.123170711268984448e-03
3.162673921428398316e+00 8.657494289603320681e+00 1.217834774943397536e+00 3.299947508150839907e-12 4.443399664473140831e+01 1.402437421235054948e+01 7.928160475780857697e-01 3.681439999999999824e+00 2.452928256836896981e+04 3.122121262164510858e-03
3.162673968555912207e+00 8.657494289603320681e+00 1.217834774943397536e+00 3.299947508150839907e-12 4.443399664473140831e+01 1.402437421235054948e+01 7.928160475780857697e-01 3.681439999999999824e+00 2.452928256836896981e+04 3.122121262164510858e-03
3.162673921428398316e+00 8.657494418610038878e+00 1.217834774943397536e+00 3.299947508150839907e-12 4.443399664473140831e+01 1.402437421235054948e+01 7.928160475780857697e-01 3.681439999999999824e+00 2.452928256836896981e+04 3.122121262164510858e-03
3.162673921428398316e+00 8.657494289603320681e+00 1.217834793090549761e+00 3.299947508150839907e-12 4.443399664473140831e+01 1.402437421235054948e+01 7.928160475780857697e-01 3.681439999999999824e+00 2.452928256836896981e+04 3.122121262164510858e-03
3.162673921428398316e+00 8.657494289603320681e+00 1.217834774943397536e+00 1.490446114135580667e-08 4.443399664473140831e+01 1.402437421235054948e+01 7.928160475780857697e-01 3.681439999999999824e+00 2.452928256836896981e+04 3.122121262164510858e-03
3.162673921428398316e+00 8.657494289603320681e+00 1.217834774943397536e+00 3.299947508150839907e-12 4.443399730684955529e+01 1.402437421235054948e+01 7.928160475780857697e-01 3.681439999999999824e+00 2.452928256836896981e+04 3.122121262164510858e-03
3.162673921428398316e+00 8.657494289603320681e+00 1.217834774943397536e+00 3.299947508150839907e-12 4.443399664473140831e+01 1.402437442133001078e+01 7.928160475780857697e-01 3.681439999999999824e+00 2.452928256836896981e+04 3.122121262164510858e-03
3.162673921428398316e+00 8.657494289603320681e+00 1.217834774943397536e+00 3.299947508150839907e-12 4.443399664473140831e+01 1.402437421235054948e+01 7.928160624792469635e-01 3.681439999999999824e+00 2.452928256836896981e+04 3.122121262164510858e-03
3.162673921428398316e+00 8.657494289603320681e+00 1.217834774943397536e+00 3.299947508150839907e-12 4.443399664473140831e+01 1.402437421235054948e+01 7.928160475780857697e-01 3.681439999999999824e+00 2.452928293388376187e+04 3.122121262164510858e-03
3.162673921428398316e+00 8.657494289603320681e+00 1.217834774943397536e+00 3.299947508150839907e-12 4.443399664473140831e+01 1.402437421235054948e+01 7.928160475780857697e-01 3.681439999999999824e+00 2.452928256836896981e+04 3.122136163325704705e-03
3.162619893774222479e+00 8.656305169585285952e+00 1.217815063841231504e+00 3.298348872625555164e-12 4.443385026173410779e+01 1.402436947017961089e+01 7.929661874818600964e-01 3.681439999999999824e+00 2.452928256841704206e+04 3.121467549630775520e-03
3.162655659654499463e+00 8.657197699111499389e+00 1.217835074813262697e+00 3.299555930491722565e-12 4.443395962147207712e+01 1.402437305144540503e+01 7.928538046272392004e-01 3.681439999999999824e+00 2.452928256838048401e+04 3.122077542898977955e-03
3.162655706781741127e+00 8.657197699111499389e+00 1.217835074813262697e+00 3.299555930491722565e-12 4.443395962147207712e+01 1.402437305144540503e+01 7.928538046272392004e-01 3.681439999999999824e+00 2.452928256838048401e+04 3.122077542898977955e-03
3.162655659654499463e+00 8.657197828113798010e+00 1.217835074813262697e+00 3.299555930491722565e-12 4.443395962147207712e+01 1.402437305144540503e+01 7.928538046272392004e-01 3.681439999999999824e+00 2.452928256838048401e+04 3.122077542898977955e-03
3.162655659654499463e+00 8.657197699111499389e+00 1.217835092960419363e+00 3.299555930491722565e-12 4.443395962147207712e+01 1.402437305144540503e+01 7.928538046272392004e-01 3.681439999999999824e+00 2.452928256838048401e+04 3.122077542898977955e-03
3.162655659654499463e+00 8.657197699111499389e+00 1.217835074813262697e+00 1.490446074977814961e-08 4.443395962147207712e+01 1.402437305144540503e+01 7.928538046272392004e-01 3.681439999999999824e+00 2.452928256838048401e+04 3.122077542898977955e-03
3.162655659654499463e+00 8.657197699111499389e+00 1.217835074813262697e+00 3.299555930491722565e-12 4.443396028358966987e+01 1.402437305144540503e+01 7.928538046272392004e-01 3.681439999999999824e+00 2.452928256838048401e+04 3.122077542898977955e-03
3.162655659654499463e+00 8.657197699111499389e+00 1.217835074813262697e+00 3.299555930491722565e-12 4.443395962147207712e+01 1.402437326042484855e+01 7.928538046272392004e-01 3.681439999999999824e+00 2.452928256838048401e+04 3.122077542898977955e-03
3.162655659654499463e+00 8.657197699111499389e+00 1.217835074813262697e+00 3.299555930491722565e-12 4.443395962147207712e+01 1.402437305144540503e+01 7.928538195284003942e-01 3.681439999999999824e+00 2.452928256838048401e+04 3.122077542898977955e-03
3.162655659654499463e+00 8.657197699111499389e+00 1.217835074813262697e+00 3.299555930491722565e-12 4.443395962147207712e+01 1.402437305144540503e+01 7.928538046272392004e-01 3.681439999999999824e+00 2.452928293389527607e+04 3.122077542898977955e-03
3.162655659654499463e+00 8.657197699111499389e+00 1.217835074813262697e+00 3.299555930491722565e-12 4.443395962147207712e+01 1.402437305144540503e+01 7.928538046272392004e-01 3.681439999999999824e+00 2.452928256838048401e+04 3.122092444060171803e-03
3.162637768955915085e+00 8.656987728749315991e+00 1.217808790818363018e+00 3.297511668051454965e-12 4.443375004651779392e+01 1.402436701121465212e+01 7.928866454761230864e-01 3.681439999999999824e+00 2.452928256843471900e+04 3.122474755569276499e-03
3.162637816082890296e+00 8.656987728749315991e+00 1.217808790818363018e+00 3.297511668051454965e-12 4.443375004651779392e+01 1.402436701121465212e+01 7.928866454761230864e-01 3.681439999999999824e+00 2.452928256843471900e+04 3.122474755569276499e-03
3.162637768955915085e+00 8.656987857748486448e+00 1.217808790818363018e+00 3.297511668051454965e-12 4.443375004651779392e+01 1.402436701121465212e+01 7.928866454761230864e-01 3.681439999999999824e+00 2.452928256843471900e+04 3.122474755569276499e-03
3.162637768955915085e+00 8.656987728749315991e+00 1.217808808965128220e+00 3.297511668051454965e-12 4.443375004651779392e+01 1.402436701121465212e+01 7.928866454761230864e-01 3.681439999999999824e+00 2.452928256843471900e+04 3.122474755569276499e-03
3.162637768955915085e+00 8.656987728749315991e+00 1.217808790818363018e+00 1.490445870551570778e-08 4.443375004651779392e+01 1.402436701121465212e+01 7.928866454761230864e-01 3.681439999999999824e+00 2.452928256843471900e+04 3.122474755569276499e-03
3.162637768955915085e+00 8.656987728749315991e+00 1.217808790818363018e+00 3.297511668051454965e-12 4.443375070863226739e+01 1.402436701121465212e+01 7.928866454761230864e-01 3.681439999999999824e+00 2.452928256843471900e+04 3.122474755569276499e-03
3.162637768955915085e+00 8.656987728749315991e+00 1.217808790818363018e+00 3.297511668051454965e-12 4.443375004651779392e+01 1.402436722019400506e+01 7.928866454761230864e-01 3.681439999999999824e+00 2.452928256843471900e+04 3.122474755569276499e-03
3.162637768955915085e+00 8.656987728749315991e+00 1.217808790818363018e+00 3.297511668051454965e-12 4.443375004651779392e+01 1.402436701121465212e+01 7.928866603772842803e-01 3.681439999999999824e+00 2.452928256843471900e+04 3.122474755569276499e-03
3.162637768955915085e+00 8.656987728749315991e+00 1.217808790818363018e+00 3.297511668051454965e-12 4.443375004651779392e+01 1.402436701121465212e+01 7.928866454761230864e-01 3.681439999999999824e+00 2.452928293394951106e+04 3.122474755569276499e-03
3.162637768955915085e+00 8.656987728749315991e+00 1.217808790818363018e+00 3.297511668051454965e-12 4.443375004651779392e+01 1.402436701121465212e+01 7.928866454761230864e-01 3.681439999999999824e+00 2.452928256843471900e+04 3.122489656730470346e-03
3.162604978824708368e+00 8.655798476022422250e+00 1.217808630920558688e+00 3.295719085167730229e-12 4.443374669780443753e+01 1.402436163923089829e+01 7.929638251447992392e-01 3.681439999999999824e+00 2.452928256849240643e+04 3.120820488478091154e-03
3.162605025951195081e+00 8.655798476022422250e+00 1.217808630920558688e+00 3.295719085167730229e-12 4.443374669780443753e+01 1.402436163923089829e+01 7.929638251447992392e-01 3.681439999999999824e+00 2.452928256849240643e+04 3.120820488478091154e-03
3.162604978824708368e+00 8.655798605003869994e+00 1.217808630920558688e+00 3.295719085167730229e-12 4.443374669780443753e+01 1.402436163923089829e+01 7.929638251447992392e-01 3.681439999999999824e+00 2.452928256849240643e+04 3.120820488478091154e-03
3.162604978824708368e+00 8.655798476022422250e+00 1.217808649067321447e+00 3.295719085167730229e-12 4.443374669780443753e+01 1.402436163923089829e+01 7.929638251447992392e-01 3.681439999999999824e+00 2.452928256849240643e+04 3.120820488478091154e-03
3.162604978824708368e+00 8.655798476022422250e+00 1.217808630920558688e+00 1.490445691293282400e-08 4.443374669780443753e+01 1.402436163923089829e+01 7.929638251447992392e-01 3.681439999999999824e+00 2.452928256849240643e+04 3.120820488478091154e-03
3.162604978824708368e+00 8.655798476022422250e+00 1.217808630920558688e+00 3.295719085167730229e-12 4.443374735991886126e+01 1.402436163923089829e+01 7.929638251447992392e-01 3.681439999999999824e+00 2.452928256849240643e+04 3.120820488478091154e-03
3.162604978824708368e+00 8.655798476022422250e+00 1.217808630920558688e+00 3.295719085167730229e-12 4.443374669780443753e+01 1.402436184821017129e+01 7.929638251447992392e-01 3.681439999999999824e+00 2.452928256849240643e+04 3.120820488478091154e-03
3.162604978824708368e+00 8.655798476022422250e+00 1.217808630920558688e+00 3.295719085167730229e-12 4.443374669780443753e+01 1.402436163923089829e+01 7.929638400459604330e-01 3.681439999999999824e+00 2.452928256849240643e+04 3.120820488478091154e-03
3.162604978824708368e+00 8.655798476022422250e+00 1.217808630920558688e+00 3.295719085167730229e-12 4.443374669780443753e+01 1.402436163923089829e+01 7.929638251447992392e-01 3.681439999999999824e+00 2.452928293400719849e+04 3.120820488478091154e-03
3.162604978824708368e+00 8.655798476022422250e+00 1.217808630920558688e+00 3.295719085167730229e-12 4.443374669780443753e+01 1.402436163923089829e+01 7.929638251447992392e-01 3.681439999999999824e+00 2.452928256849240643e+04 3.120835389639285001e-03
3.162575567735142368e+00 8.655388296616793653e+00 1.217759968217977606e+00 3.291664950362902231e-12 4.443334315952404268e+01 1.402434954003997447e+01 7.930701928049294080e-01 3.681439999999999824e+00 2.452928256860410329e+04 3.121404780266799021e-03
3.162575614861190765e+00 8.655388296616793653e+00 1.217759968217977606e+00 3.291664950362902231e-12 4.443334315952404268e+01 1.402434954003997447e+01 7.930701928049294080e-01 3.681439999999999824e+00 2.452928256860410329e+04 3.121404780266799021e-03
3.162575567735142368e+00 8.655388425592130730e+00 1.217759968217977606e+00 3.291664950362902231e-12 4.443334315952404268e+01 1.402434954003997447e+01 7.930701928049294080e-01 3.681439999999999824e+00 2.452928256860410329e+04 3.121404780266799021e-03
3.162575567735142368e+00 8.655388296616793653e+00 1.217759986364015168e+00 3.291664950362902231e-12 4.443334315952404268e+01 1.402434954003997447e+01 7.930701928049294080e-01 3.681439999999999824e+00 2.452928256860410329e+04 3.121404780266799021e-03
3.162575567735142368e+00 8.655388296616793653e+00 1.217759968217977606e+00 1.490445285879802063e-08 4.443334315952404268e+01 1.402434954003997447e+01 7.930701928049294080e-01 3.681439999999999824e+00 2.452928256860410329e+04 3.121404780266799021e-03
3.162575567735142368e+00 8.655388296616793653e+00 1.217759968217977606e+00 3.291664950362902231e-12 4.443334382163244811e+01 1.402434954003997447e+01 7.930701928049294080e-01 3.681439999999999824e+00 2.452928256860410329e+04 3.121404780266799021e-03
3.162575567735142368e+00 8.655388296616793653e+00 1.217759968217977606e+00 3.291664950362902231e-12 4.443334315952404268e+01 1.402434974901906806e+01 7.930701928049294080e-01 3.681439999999999824e+00 2.452928256860410329e+04 3.121404780266799021e-03
3.162575567735142368e+00 8.655388296616793653e+00 1.217759968217977606e+00 3.291664950362902231e-12 4.443334315952404268e+01 1.402434954003997447e+01 7.930702077060906019e-01 3.681439999999999824e+00 2.452928256860410329e+04 3.121404780266799021e-03
3.162575567735142368e+00 8.655388296616793653e+00 1.217759968217977606e+00 3.291664950362902231e-12 4.443334315952404268e+01 1.402434954003997447e+01 7.930701928049294080e-01 3.681439999999999824e+00 2.452928293411889535e+04 3.121404780266799021e-03
3.162575567735142368e+00 8.655388296616793653e+00 1.217759968217977606e+00 3.291664950362902231e-12 4.443334315952404268e+01 1.402434954003997447e+01 7.930701928049294080e-01 3.681439999999999824e+00 2.452928256860410329e+04 3.121419681427992868e-03
3.162562651390874890e+00 8.655282262871089927e+00 1.217743758729985970e+00 3.290686889667049028e-12 4.443323649372264583e+01 1.402434664685377363e+01 7.930646357422956871e-01 3.681439999999999824e+00 2.452928256862957278e+04 3.121595798838963307e-03
3.162562698516730553e+00 8.655282262871089927e+00 1.217743758729985970e+00 3.290686889667049028e-12 4.443323649372264583e+01 1.402434664685377363e+01 7.930646357422956871e-01 3.681439999999999824e+00 2.452928256862957278e+04 3.121595798838963307e-03
3.162562651390874890e+00 8.655282391844846046e+00 1.217743758729985970e+00 3.290686889667049028e-12 4.443323649372264583e+01 1.402434664685377363e+01 7.930646357422956871e-01 3.681439999999999824e+00 2.452928256862957278e+04 3.121595798838963307e-03
3.162562651390874890e+00 8.655282262871089927e+00 1.217743776875781947e+00 3.290686889667049028e-12 4.443323649372264583e+01 1.402434664685377363e+01 7.930646357422956871e-01 3.681439999999999824e+00 2.452928256862957278e+04 3.121595798838963307e-03
3.162562651390874890e+00 8.655282262871089927e+00 1.217743758729985970e+00 1.490445188073732177e-08 4.443323649372264583e+01 1.402434664685377363e+01 7.930646357422956871e-01 3.681439999999999824e+00 2.452928256862957278e+04 3.121595798838963307e-03
3.162562651390874890e+00 8.655282262871089927e+00 1.217743758729985970e+00 3.290686889667049028e-12 4.443323715582946676e+01 1.402434664685377363e+01 7.930646357422956871e-01 3.681439999999999824e+00 2.452928256862957278e+04 3.121595798838963307e-03
3.162562651390874890e+00 8.655282262871089927e+00 1.217743758729985970e+00 3.290686889667049028e-12 4.443323649372264583e+01 1.402434685583282281e+01 7.930646357422956871e-01 3.681439999999999824e+00 2.452928256862957278e+04 3.121595798838963307e-03
3.162562651390874890e+00 8.655282262871089927e+00 1.217743758729985970e+00 3.290686889667049028e-12 4.443323649372264583e+01 1.402434664685377363e+01 7.930646506434568810e-01 3.681439999999999824e+00 2.452928256862957278e+04 3.121595798838963307e-03
3.162562651390874890e+00 8.655282262871089927e+00 1.217743758729985970e+00 3.290686889667049028e-12 4.443323649372264583e+01 1.402434664685377363e+01 7.930646357422956871e-01 3.681439999999999824e+00 2.452928293414436484e+04 3.121595798838963307e-03
3.162562651390874890e+00 8.655282262871089927e+00 1.217743758729985970e+00 3.290686889667049028e-12 4.443323649372264583e+01 1.402434664685377363e+01 7.930646357422956871e-01 3.681439999999999824e+00 2.452928256862957278e+04 3.121610700000157154e-03
