3.132050709915818576e+00 7.641010731078075047e+00 1.184981878103305464e+00 1.349127140622419198e-06 3.696288257141847566e+01 1.549994700000000059e+01 7.954442999999999930e-01 3.681439999999999824e+00 2.263662632287818269e+04 1.276874832695487324e-03
3.132050756587011264e+00 7.641010731078075047e+00 1.184981878103305464e+00 1.349127140622419198e-06 3.696288257141847566e+01 1.549994700000000059e+01 7.954442999999999930e-01 3.681439999999999824e+00 2.263662632287818269e+04 1.276874832695487324e-03
3.132050709915818576e+00 7.641010844938007196e+00 1.184981878103305464e+00 1.349127140622419198e-06 3.696288257141847566e+01 1.549994700000000059e+01 7.954442999999999930e-01 3.681439999999999824e+00 2.263662632287818269e+04 1.276874832695487324e-03
3.132050709915818576e+00 7.641010731078075047e+00 1.184981895760911508e+00 1.349127140622419198e-06 3.696288257141847566e+01 1.549994700000000059e+01 7.954442999999999930e-01 3.681439999999999824e+00 2.263662632287818269e+04 1.276874832695487324e-03
3.132050709915818576e+00 7.641010731078075047e+00 1.184981878103305464e+00 1.364028301816266854e-06 3.696288257141847566e+01 1.549994700000000059e+01 7.954442999999999930e-01 3.681439999999999824e+00 2.263662632287818269e+04 1.276874832695487324e-03
3.132050709915818576e+00 7.641010731078075047e+00 1.184981878103305464e+00 1.349127140622419198e-06 3.696288312220834626e+01 1.549994700000000059e+01 7.954442999999999930e-01 3.681439999999999824e+00 2.263662632287818269e+04 1.276874832695487324e-03
3.132050709915818576e+00 7.641010731078075047e+00 1.184981878103305464e+00 1.349127140622419198e-06 3.696288257141847566e+01 1.549994723096720861e+01 7.954442999999999930e-01 3.681439999999999824e+00 2.263662632287818269e+04 1.276874832695487324e-03
3.132050709915818576e+00 7.641010731078075047e+00 1.184981878103305464e+00 1.349127140622419198e-06 3.696288257141847566e+01 1.549994700000000059e+01 7.954443149011611869e-01 3.681439999999999824e+00 2.263662632287818269e+04 1.276874832695487324e-03
3.132050709915818576e+00 7.641010731078075047e+00 1.184981878103305464e+00 1.349127140622419198e-06 3.696288257141847566e+01 1.549994700000000059e+01 7.954442999999999930e-01 3.681439999999999824e+00 2.263662666019019889e+04 1.276874832695487324e-03
3.132050709915818576e+00 7.641010731078075047e+00 1.184981878103305464e+00 1.349127140622419198e-06 3.696288257141847566e+01 1.549994700000000059e+01 7.954442999999999930e-01 3.681439999999999824e+00 2.263662632287818269e+04 1.276889733856681171e-03
3.026221774956372901e+00 7.615505673040360968e+00 1.165978358331002607e+00 6.348375212844282567e-07 4.644285661173841362e+01 1.599999851675380746e+01 7.949773064260983180e-01 3.681439999999999824e+00 2.158194471915471877e+04 9.003770113350841866e-04
3.129642621371691025e+00 7.746184088957409841e+00 1.178494759094224298e+00 4.091281412124736003e-07 3.696358675168404773e+01 1.599999892139516966e+01 7.955594843592257437e-01 3.681439999999999824e+00 2.221575622161877254e+04 1.116688665029991808e-03
3.129642668007000417e+00 7.746184088957409841e+00 1.178494759094224298e+00 4.091281412124736003e-07 3.696358675168404773e+01 1.599999892139516966e+01 7.955594843592257437e-01 3.681439999999999824e+00 2.221575622161877254e+04 1.116688665029991808e-03
3.129642621371691025e+00 7.746184204384547911e+00 1.178494759094224298e+00 4.091281412124736003e-07 3.696358675168404773e+01 1.599999892139516966e+01 7.955594843592257437e-01 3.681439999999999824e+00 2.221575622161877254e+04 1.116688665029991808e-03
3.129642621371691025e+00 7.746184088957409841e+00 1.178494776655164777e+00 4.091281412124736003e-07 3.696358675168404773e+01 1.599999892139516966e+01 7.955594843592257437e-01 3.681439999999999824e+00 2.221575622161877254e+04 1.116688665029991808e-03
3.129642621371691025e+00 7.746184088957409841e+00 1.178494759094224298e+00 4.240293024063212565e-07 3.696358675168404773e+01 1.599999892139516966e+01 7.955594843592257437e-01 3.681439999999999824e+00 2.221575622161877254e+04 1.116688665029991808e-03
3.129642621371691025e+00 7.746184088957409841e+00 1.178494759094224298e+00 4.091281412124736003e-07 3.696358730248441304e+01 1.599999892139516966e+01 7.955594843592257437e-01 3.681439999999999824e+00 2.221575622161877254e+04 1.116688665029991808e-03
3.129642621371691025e+00 7.746184088957409841e+00 1.178494759094224298e+00 4.091281412124736003e-07 3.696358675168404773e+01 1.599999915981373277e+01 7.955594843592257437e-01 3.681439999999999824e+00 2.221575622161877254e+04 1.116688665029991808e-03
3.129642621371691025e+00 7.746184088957409841e+00 1.178494759094224298e+00 4.091281412124736003e-07 3.696358675168404773e+01 1.599999892139516966e+01 7.955594992603869375e-01 3.681439999999999824e+00 2.221575622161877254e+04 1.116688665029991808e-03
3.129642621371691025e+00 7.746184088957409841e+00 1.178494759094224298e+00 4.091281412124736003e-07 3.696358675168404773e+01 1.599999892139516966e+01 7.955594843592257437e-01 3.681439999999999824e+00 2.221575655265933528e+04 1.116688665029991808e-03
3.129642621371691025e+00 7.746184088957409841e+00 1.178494759094224298e+00 4.091281412124736003e-07 3.696358675168404773e+01 1.599999892139516966e+01 7.955594843592257437e-01 3.681439999999999824e+00 2.221575622161877254e+04 1.116703566191185656e-03
3.128409681214849414e+00 7.716572311964219999e+00 1.176923388384942148e+00 3.672790606239293083e-07 3.694729992890862036e+01 1.599999918240550656e+01 7.970155849327255071e-01 3.681439999999999824e+00 2.220985034355556854e+04 1.095093149595487148e-03
3.128409727831786391e+00 7.716572311964219999e+00 1.176923388384942148e+00 3.672790606239293083e-07 3.694729992890862036e+01 1.599999918240550656e+01 7.970155849327255071e-01 3.681439999999999824e+00 2.220985034355556854e+04 1.095093149595487148e-03
3.128409681214849414e+00 7.716572426950107477e+00 1.176923388384942148e+00 3.672790606239293083e-07 3.694729992890862036e+01 1.599999918240550656e+01 7.970155849327255071e-01 3.681439999999999824e+00 2.220985034355556854e+04 1.095093149595487148e-03
3.128409681214849414e+00 7.716572311964219999e+00 1.176923405922467358e+00 3.672790606239293083e-07 3.694729992890862036e+01 1.599999918240550656e+01 7.970155849327255071e-01 3.681439999999999824e+00 2.220985034355556854e+04 1.095093149595487148e-03
3.128409681214849414e+00 7.716572311964219999e+00 1.176923388384942148e+00 3.821802218177769646e-07 3.694729992890862036e+01 1.599999918240550656e+01 7.970155849327255071e-01 3.681439999999999824e+00 2.220985034355556854e+04 1.095093149595487148e-03
3.128409681214849414e+00 7.716572311964219999e+00 1.176923388384942148e+00 3.672790606239293083e-07 3.694730047946629270e+01 1.599999918240550656e+01 7.970155849327255071e-01 3.681439999999999824e+00 2.220985034355556854e+04 1.095093149595487148e-03
3.128409681214849414e+00 7.716572311964219999e+00 1.176923388384942148e+00 3.672790606239293083e-07 3.694729992890862036e+01 1.599999942082407323e+01 7.970155849327255071e-01 3.681439999999999824e+00 2.220985034355556854e+04 1.095093149595487148e-03
3.128409681214849414e+00 7.716572311964219999e+00 1.176923388384942148e+00 3.672790606239293083e-07 3.694729992890862036e+01 1.599999918240550656e+01 7.970155998338867009e-01 3.681439999999999824e+00 2.220985034355556854e+04 1.095093149595487148e-03
3.128409681214849414e+00 7.716572311964219999e+00 1.176923388384942148e+00 3.672790606239293083e-07 3.694729992890862036e+01 1.599999918240550656e+01 7.970155849327255071e-01 3.681439999999999824e+00 2.220985067450812858e+04 1.095093149595487148e-03
3.128409681214849414e+00 7.716572311964219999e+00 1.176923388384942148e+00 3.672790606239293083e-07 3.694729992890862036e+01 1.599999918240550656e+01 7.970155849327255071e-01 3.681439999999999824e+00 2.220985034355556854e+04 1.095108050756680995e-03
3.128404837002960903e+00 7.724893552869038338e+00 1.176684013364175385e+00 1.960882705869436478e-07 3.694594393579799174e+01 1.599999984529300612e+01 7.971023058727719768e-01 3.681439999999999824e+00 2.219803843980504098e+04 1.093612116768995180e-03
3.128404883619825494e+00 7.724893552869038338e+00 1.176684013364175385e+00 1.960882705869436478e-07 3.694594393579799174e+01 1.599999984529300612e+01 7.971023058727719768e-01 3.681439999999999824e+00 2.219803843980504098e+04 1.093612116768995180e-03
3.128404837002960903e+00 7.724893667978922629e+00 1.176684013364175385e+00 1.960882705869436478e-07 3.694594393579799174e+01 1.599999984529300612e+01 7.971023058727719768e-01 3.681439999999999824e+00 2.219803843980504098e+04 1.093612116768995180e-03
3.128404837002960903e+00 7.724893552869038338e+00 1.176684030898133448e+00 1.960882705869436478e-07 3.694594393579799174e+01 1.599999984529300612e+01 7.971023058727719768e-01 3.681439999999999824e+00 2.219803843980504098e+04 1.093612116768995180e-03
3.128404837002960903e+00 7.724893552869038338e+00 1.176684013364175385e+00 2.109894317807913040e-07 3.694594393579799174e+01 1.599999984529300612e+01 7.971023058727719768e-01 3.681439999999999824e+00 2.219803843980504098e+04 1.093612116768995180e-03
3.128404837002960903e+00 7.724893552869038338e+00 1.176684013364175385e+00 1.960882705869436478e-07 3.694594448633545625e+01 1.599999984529300612e+01 7.971023058727719768e-01 3.681439999999999824e+00 2.219803843980504098e+04 1.093612116768995180e-03
3.128404837002960903e+00 7.724893552869038338e+00 1.176684013364175385e+00 1.960882705869436478e-07 3.694594393579799174e+01 1.599999960687442879e+01 7.971023058727719768e-01 3.681439999999999824e+00 2.219803843980504098e+04 1.093612116768995180e-03
3.128404837002960903e+00 7.724893552869038338e+00 1.176684013364175385e+00 1.960882705869436478e-07 3.694594393579799174e+01 1.599999984529300612e+01 7.971023207739331706e-01 3.681439999999999824e+00 2.219803843980504098e+04 1.093612116768995180e-03
3.128404837002960903e+00 7.724893552869038338e+00 1.176684013364175385e+00 1.960882705869436478e-07 3.694594393579799174e+01 1.599999984529300612e+01 7.971023058727719768e-01 3.681439999999999824e+00 2.219803877058158832e+04 1.093612116768995180e-03
3.128404837002960903e+00 7.724893552869038338e+00 1.176684013364175385e+00 1.960882705869436478e-07 3.694594393579799174e+01 1.599999984529300612e+01 7.971023058727719768e-01 3.681439999999999824e+00 2.219803843980504098e+04 1.093627017930189028e-03
3.128233373342556245e+00 7.732459406227575549e+00 1.176244989233551586e+00 4.332726682818494238e-08 3.694782473239940401e+01 1.599999998822676339e+01 7.969056916527298418e-01 3.681439999999999824e+00 2.217441462760401919e+04 1.087420502326880579e-03
3.128233419956865990e+00 7.732459406227575549e+00 1.176244989233551586e+00 4.332726682818494238e-08 3.694782473239940401e+01 1.599999998822676339e+01 7.969056916527298418e-01 3.681439999999999824e+00 2.217441462760401919e+04 1.087420502326880579e-03
3.128233373342556245e+00 7.732459521450199880e+00 1.176244989233551586e+00 4.332726682818494238e-08 3.694782473239940401e+01 1.599999998822676339e+01 7.969056916527298418e-01 3.681439999999999824e+00 2.217441462760401919e+04 1.087420502326880579e-03
3.128233373342556245e+00 7.732459406227575549e+00 1.176245006760967771e+00 4.332726682818494238e-08 3.694782473239940401e+01 1.599999998822676339e+01 7.969056916527298418e-01 3.681439999999999824e+00 2.217441462760401919e+04 1.087420502326880579e-03
3.128233373342556245e+00 7.732459406227575549e+00 1.176244989233551586e+00 5.822842802203259863e-08 3.694782473239940401e+01 1.599999998822676339e+01 7.969056916527298418e-01 3.681439999999999824e+00 2.217441462760401919e+04 1.087420502326880579e-03
3.128233373342556245e+00 7.732459406227575549e+00 1.176244989233551586e+00 4.332726682818494238e-08 3.694782528296489943e+01 1.599999998822676339e+01 7.969056916527298418e-01 3.681439999999999824e+00 2.217441462760401919e+04 1.087420502326880579e-03
3.128233373342556245e+00 7.732459406227575549e+00 1.176244989233551586e+00 4.332726682818494238e-08 3.694782473239940401e+01 1.599999974980818429e+01 7.969056916527298418e-01 3.681439999999999824e+00 2.217441462760401919e+04 1.087420502326880579e-03
3.128233373342556245e+00 7.732459406227575549e+00 1.176244989233551586e+00 4.332726682818494238e-08 3.694782473239940401e+01 1.599999998822676339e+01 7.969057065538910356e-01 3.681439999999999824e+00 2.217441462760401919e+04 1.087420502326880579e-03
3.128233373342556245e+00 7.732459406227575549e+00 1.176244989233551586e+00 4.332726682818494238e-08 3.694782473239940401e+01 1.599999998822676339e+01 7.969056916527298418e-01 3.681439999999999824e+00 2.217441495802854479e+04 1.087420502326880579e-03
3.128233373342556245e+00 7.732459406227575549e+00 1.176244989233551586e+00 4.332726682818494238e-08 3.694782473239940401e+01 1.599999998822676339e+01 7.969056916527298418e-01 3.681439999999999824e+00 2.217441462760401919e+04 1.087435403488074426e-03
3.059566364008701633e+00 7.657812863082278376e+00 1.166705677624439108e+00 7.172725926250190694e-09 4.329268307961670814e+01 1.599999999999997513e+01 7.967812571559733659e-01 3.681439999999999824e+00 2.170390289559631128e+04 9.202105605274425769e-04
3.126055194288189565e+00 7.790065412721406624e+00 1.171013131549305752e+00 5.690221213790819064e-09 3.694957604034118503e+01 1.599999999999997868e+01 7.968588555567471809e-01 3.681439999999999824e+00 2.191718476343924340e+04 9.961400951602626588e-04
3.127707407252424687e+00 7.747368629395053219e+00 1.174910918626437262e+00 3.025597724484853084e-09 3.694801893271205273e+01 1.599999999883202761e+01 7.969254545620210184e-01 3.681439999999999824e+00 2.211010748313702425e+04 1.064930991874510650e-03
3.127707453858897146e+00 7.747368629395053219e+00 1.174910918626437262e+00 3.025597724484853084e-09 3.694801893271205273e+01 1.599999999883202761e+01 7.969254545620210184e-01 3.681439999999999824e+00 2.211010748313702425e+04 1.064930991874510650e-03
3.127707407252424687e+00 7.747368744839842059e+00 1.174910918626437262e+00 3.025597724484853084e-09 3.694801893271205273e+01 1.599999999883202761e+01 7.969254545620210184e-01 3.681439999999999824e+00 2.211010748313702425e+04 1.064930991874510650e-03
3.127707407252424687e+00 7.747368629395053219e+00 1.174910936133974237e+00 3.025597724484853084e-09 3.694801893271205273e+01 1.599999999883202761e+01 7.969254545620210184e-01 3.681439999999999824e+00 2.211010748313702425e+04 1.064930991874510650e-03
3.127707407252424687e+00 7.747368629395053219e+00 1.174910918626437262e+00 1.792675891833250933e-08 3.694801893271205273e+01 1.599999999883202761e+01 7.969254545620210184e-01 3.681439999999999824e+00 2.211010748313702425e+04 1.064930991874510650e-03
3.127707407252424687e+00 7.747368629395053219e+00 1.174910918626437262e+00 3.025597724484853084e-09 3.694801948328044006e+01 1.599999999883202761e+01 7.969254545620210184e-01 3.681439999999999824e+00 2.211010748313702425e+04 1.064930991874510650e-03
3.127707407252424687e+00 7.747368629395053219e+00 1.174910918626437262e+00 3.025597724484853084e-09 3.694801893271205273e+01 1.599999976041344851e+01 7.969254545620210184e-01 3.681439999999999824e+00 2.211010748313702425e+04 1.064930991874510650e-03
3.127707407252424687e+00 7.747368629395053219e+00 1.174910918626437262e+00 3.025597724484853084e-09 3.694801893271205273e+01 1.599999999883202761e+01 7.969254694631822122e-01 3.681439999999999824e+00 2.211010748313702425e+04 1.064930991874510650e-03
3.127707407252424687e+00 7.747368629395053219e+00 1.174910918626437262e+00 3.025597724484853084e-09 3.694801893271205273e+01 1.599999999883202761e+01 7.969254545620210184e-01 3.681439999999999824e+00 2.211010781260329895e+04 1.064930991874510650e-03
3.127707407252424687e+00 7.747368629395053219e+00 1.174910918626437262e+00 3.025597724484853084e-09 3.694801893271205273e+01 1.599999999883202761e+01 7.969254545620210184e-01 3.681439999999999824e+00 2.211010748313702425e+04 1.064945893035704498e-03
3.127815229813849740e+00 7.752100351577676740e+00 1.174900365740313868e+00 1.711830768221805483e-09 3.694977642519896932e+01 1.599999999962428632e+01 7.967067902254854062e-01 3.681439999999999824e+00 2.210924372421904263e+04 1.068647993915611532e-03
3.127815276421928470e+00 7.752100351577676740e+00 1.174900365740313868e+00 1.711830768221805483e-09 3.694977642519896932e+01 1.599999999962428632e+01 7.967067902254854062e-01 3.681439999999999824e+00 2.210924372421904263e+04 1.068647993915611532e-03
3.127815229813849740e+00 7.752100467092973624e+00 1.174900365740313868e+00 1.711830768221805483e-09 3.694977642519896932e+01 1.599999999962428632e+01 7.967067902254854062e-01 3.681439999999999824e+00 2.210924372421904263e+04 1.068647993915611532e-03
3.127815229813849740e+00 7.752100351577676740e+00 1.174900383247693636e+00 1.711830768221805483e-09 3.694977642519896932e+01 1.599999999962428632e+01 7.967067902254854062e-01 3.681439999999999824e+00 2.210924372421904263e+04 1.068647993915611532e-03
3.127815229813849740e+00 7.752100351577676740e+00 1.174900365740313868e+00 1.661299196206946297e-08 3.694977642519896932e+01 1.599999999962428632e+01 7.967067902254854062e-01 3.681439999999999824e+00 2.210924372421904263e+04 1.068647993915611532e-03
3.127815229813849740e+00 7.752100351577676740e+00 1.174900365740313868e+00 1.711830768221805483e-09 3.694977697579354725e+01 1.599999999962428632e+01 7.967067902254854062e-01 3.681439999999999824e+00 2.210924372421904263e+04 1.068647993915611532e-03
3.127815229813849740e+00 7.752100351577676740e+00 1.174900365740313868e+00 1.711830768221805483e-09 3.694977642519896932e+01 1.599999976120570722e+01 7.967067902254854062e-01 3.681439999999999824e+00 2.210924372421904263e+04 1.068647993915611532e-03
3.127815229813849740e+00 7.752100351577676740e+00 1.174900365740313868e+00 1.711830768221805483e-09 3.694977642519896932e+01 1.599999999962428632e+01 7.967068051266466000e-01 3.681439999999999824e+00 2.210924372421904263e+04 1.068647993915611532e-03
3.127815229813849740e+00 7.752100351577676740e+00 1.174900365740313868e+00 1.711830768221805483e-09 3.694977642519896932e+01 1.599999999962428632e+01 7.967067902254854062e-01 3.681439999999999824e+00 2.210924405367244617e+04 1.068647993915611532e-03
3.127815229813849740e+00 7.752100351577676740e+00 1.174900365740313868e+00 1.711830768221805483e-09 3.694977642519896932e+01 1.599999999962428632e+01 7.967067902254854062e-01 3.681439999999999824e+00 2.210924372421904263e+04 1.068662895076805380e-03
3.127751669163564507e+00 7.751250785831511614e+00 1.174766710245838564e+00 5.606350526473844300e-10 3.694918043036608424e+01 1.599999999993768185e+01 7.967055289677362762e-01 3.681439999999999824e+00 2.210751618050742036e+04 1.067414770326975204e-03
3.127751715770696439e+00 7.751250785831511614e+00 1.174766710245838564e+00 5.606350526473844300e-10 3.694918043036608424e+01 1.599999999993768185e+01 7.967055289677362762e-01 3.681439999999999824e+00 2.210751618050742036e+04 1.067414770326975204e-03
3.127751669163564507e+00 7.751250901334149290e+00 1.174766710245838564e+00 5.606350526473844300e-10 3.694918043036608424e+01 1.599999999993768185e+01 7.967055289677362762e-01 3.681439999999999824e+00 2.210751618050742036e+04 1.067414770326975204e-03
3.127751669163564507e+00 7.751250785831511614e+00 1.174766727751226592e+00 5.606350526473844300e-10 3.694918043036608424e+01 1.599999999993768185e+01 7.967055289677362762e-01 3.681439999999999824e+00 2.210751618050742036e+04 1.067414770326975204e-03
3.127751669163564507e+00 7.751250785831511614e+00 1.174766710245838564e+00 1.546179624649504233e-08 3.694918043036608424e+01 1.599999999993768185e+01 7.967055289677362762e-01 3.681439999999999824e+00 2.210751618050742036e+04 1.067414770326975204e-03
3.127751669163564507e+00 7.751250785831511614e+00 1.174766710245838564e+00 5.606350526473844300e-10 3.694918098095178038e+01 1.599999999993768185e+01 7.967055289677362762e-01 3.681439999999999824e+00 2.210751618050742036e+04 1.067414770326975204e-03
3.127751669163564507e+00 7.751250785831511614e+00 1.174766710245838564e+00 5.606350526473844300e-10 3.694918043036608424e+01 1.599999976151910275e+01 7.967055289677362762e-01 3.681439999999999824e+00 2.210751618050742036e+04 1.067414770326975204e-03
3.127751669163564507e+00 7.751250785831511614e+00 1.174766710245838564e+00 5.606350526473844300e-10 3.694918043036608424e+01 1.599999999993768185e+01 7.967055438688974700e-01 3.681439999999999824e+00 2.210751618050742036e+04 1.067414770326975204e-03
3.127751669163564507e+00 7.751250785831511614e+00 1.174766710245838564e+00 5.606350526473844300e-10 3.694918043036608424e+01 1.599999999993768185e+01 7.967055289677362762e-01 3.681439999999999824e+00 2.210751650993508156e+04 1.067414770326975204e-03
3.127751669163564507e+00 7.751250785831511614e+00 1.174766710245838564e+00 5.606350526473844300e-10 3.694918043036608424e+01 1.599999999993768185e+01 7.967055289677362762e-01 3.681439999999999824e+00 2.210751618050742036e+04 1.067429671488169052e-03
3.103290885576342806e+00 7.769878266568981395e+00 1.167663702835282091e+00 2.115063805864225924e-10 3.906012198637661470e+01 1.599999999999999822e+01 7.964885800290426587e-01 3.681439999999999824e+00 2.175468639864829674e+04 9.402473614980624535e-04
3.126745670298628266e+00 7.776207485045500079e+00 1.172507710256170288e+00 1.995706431280973496e-10 3.695184293572471290e+01 1.599999999999999822e+01 7.966547473529433931e-01 3.681439999999999824e+00 2.199367057544227646e+04 1.026084904524080009e-03
3.126745716890769522e+00 7.776207485045500079e+00 1.172507710256170288e+00 1.995706431280973496e-10 3.695184293572471290e+01 1.599999999999999822e+01 7.966547473529433931e-01 3.681439999999999824e+00 2.199367057544227646e+04 1.026084904524080009e-03
3.126745670298628266e+00 7.776207600920021612e+00 1.172507710256170288e+00 1.995706431280973496e-10 3.695184293572471290e+01 1.599999999999999822e+01 7.966547473529433931e-01 3.681439999999999824e+00 2.199367057544227646e+04 1.026084904524080009e-03
3.126745670298628266e+00 7.776207485045500079e+00 1.172507727727896576e+00 1.995706431280973496e-10 3.695184293572471290e+01 1.599999999999999822e+01 7.966547473529433931e-01 3.681439999999999824e+00 2.199367057544227646e+04 1.026084904524080009e-03
3.126745670298628266e+00 7.776207485045500079e+00 1.172507710256170288e+00 1.510073183697575215e-08 3.695184293572471290e+01 1.599999999999999822e+01 7.966547473529433931e-01 3.681439999999999824e+00 2.199367057544227646e+04 1.026084904524080009e-03
3.126745670298628266e+00 7.776207485045500079e+00 1.172507710256170288e+00 1.995706431280973496e-10 3.695184348635007865e+01 1.599999999999999822e+01 7.966547473529433931e-01 3.681439999999999824e+00 2.199367057544227646e+04 1.026084904524080009e-03
3.126745670298628266e+00 7.776207485045500079e+00 1.172507710256170288e+00 1.995706431280973496e-10 3.695184293572471290e+01 1.599999976158141912e+01 7.966547473529433931e-01 3.681439999999999824e+00 2.199367057544227646e+04 1.026084904524080009e-03
3.126745670298628266e+00 7.776207485045500079e+00 1.172507710256170288e+00 1.995706431280973496e-10 3.695184293572471290e+01 1.599999999999999822e+01 7.966547622541045870e-01 3.681439999999999824e+00 2.199367057544227646e+04 1.026084904524080009e-03
3.126745670298628266e+00 7.776207485045500079e+00 1.172507710256170288e+00 1.995706431280973496e-10 3.695184293572471290e+01 1.599999999999999822e+01 7.966547473529433931e-01 3.681439999999999824e+00 2.199367090317350812e+04 1.026084904524080009e-03
3.126745670298628266e+00 7.776207485045500079e+00 1.172507710256170288e+00 1.995706431280973496e-10 3.695184293572471290e+01 1.599999999999999822e+01 7.966547473529433931e-01 3.681439999999999824e+00 2.199367057544227646e+04 1.026099805685273857e-03
3.126876693978532185e+00 7.783376279633840156e+00 1.172484060528500516e+00 1.381027629479538916e-10 3.695342505686090817e+01 1.599999999999999822e+01 7.959901008349045126e-01 3.681439999999999824e+00 2.199287657447898891e+04 1.031880501812642214e-03
3.126876740572625657e+00 7.783376279633840156e+00 1.172484060528500516e+00 1.381027629479538916e-10 3.695342505686090817e+01 1.599999999999999822e+01 7.959901008349045126e-01 3.681439999999999824e+00 2.199287657447898891e+04 1.031880501812642214e-03
3.126876693978532185e+00 7.783376395615184684e+00 1.172484060528500516e+00 1.381027629479538916e-10 3.695342505686090817e+01 1.599999999999999822e+01 7.959901008349045126e-01 3.681439999999999824e+00 2.199287657447898891e+04 1.031880501812642214e-03
3.126876693978532185e+00 7.783376279633840156e+00 1.172484077999874419e+00 1.381027629479538916e-10 3.695342505686090817e+01 1.599999999999999822e+01 7.959901008349045126e-01 3.681439999999999824e+00 2.199287657447898891e+04 1.031880501812642214e-03
3.126876693978532185e+00 7.783376279633840156e+00 1.172484060528500516e+00 1.503926395679561014e-08 3.695342505686090817e+01 1.599999999999999822e+01 7.959901008349045126e-01 3.681439999999999824e+00 2.199287657447898891e+04 1.031880501812642214e-03
3.126876693978532185e+00 7.783376279633840156e+00 1.172484060528500516e+00 1.381027629479538916e-10 3.695342560750984973e+01 1.599999999999999822e+01 7.959901008349045126e-01 3.681439999999999824e+00 2.199287657447898891e+04 1.031880501812642214e-03
3.126876693978532185e+00 7.783376279633840156e+00 1.172484060528500516e+00 1.381027629479538916e-10 3.695342505686090817e+01 1.599999976158141912e+01 7.959901008349045126e-01 3.681439999999999824e+00 2.199287657447898891e+04 1.031880501812642214e-03
3.126876693978532185e+00 7.783376279633840156e+00 1.172484060528500516e+00 1.381027629479538916e-10 3.695342505686090817e+01 1.599999999999999822e+01 7.959901157360657065e-01 3.681439999999999824e+00 2.199287657447898891e+04 1.031880501812642214e-03
3.126876693978532185e+00 7.783376279633840156e+00 1.172484060528500516e+00 1.381027629479538916e-10 3.695342505686090817e+01 1.599999999999999822e+01 7.959901008349045126e-01 3.681439999999999824e+00 2.199287690219838623e+04 1.031880501812642214e-03
3.126876693978532185e+00 7.783376279633840156e+00 1.172484060528500516e+00 1.381027629479538916e-10 3.695342505686090817e+01 1.599999999999999822e+01 7.959901008349045126e-01 3.681439999999999824e+00 2.199287657447898891e+04 1.031895402973836062e-03
3.126876986254170099e+00 7.783376202138358124e+00 1.172484191050367386e+00 1.704442356524477331e-09 3.695342505955835577e+01 1.599999999999999822e+01 7.959901320582773998e-01 3.681439999999999824e+00 2.199287657427630984e+04 1.036104028077396893e-03
3.126877032848268012e+00 7.783376202138358124e+00 1.172484191050367386e+00 1.704442356524477331e-09 3.695342505955835577e+01 1.599999999999999822e+01 7.959901320582773998e-01 3.681439999999999824e+00 2.199287657427630984e+04 1.036104028077396893e-03
3.126876986254170099e+00 7.783376318119701764e+00 1.172484191050367386e+00 1.704442356524477331e-09 3.695342505955835577e+01 1.599999999999999822e+01 7.959901320582773998e-01 3.681439999999999824e+00 2.199287657427630984e+04 1.036104028077396893e-03
3.126876986254170099e+00 7.783376202138358124e+00 1.172484208521743287e+00 1.704442356524477331e-09 3.695342505955835577e+01 1.599999999999999822e+01 7.959901320582773998e-01 3.681439999999999824e+00 2.199287657427630984e+04 1.036104028077396893e-03
3.126876986254170099e+00 7.783376202138358124e+00 1.172484191050367386e+00 1.660560355037213379e-08 3.695342505955835577e+01 1.599999999999999822e+01 7.959901320582773998e-01 3.681439999999999824e+00 2.199287657427630984e+04 1.036104028077396893e-03
3.126876986254170099e+00 7.783376202138358124e+00 1.172484191050367386e+00 1.704442356524477331e-09 3.695342561020729732e+01 1.599999999999999822e+01 7.959901320582773998e-01 3.681439999999999824e+00 2.199287657427630984e+04 1.036104028077396893e-03
3.126876986254170099e+00 7.783376202138358124e+00 1.172484191050367386e+00 1.704442356524477331e-09 3.695342505955835577e+01 1.599999976158141912e+01 7.959901320582773998e-01 3.681439999999999824e+00 2.199287657427630984e+04 1.036104028077396893e-03
3.126876986254170099e+00 7.783376202138358124e+00 1.172484191050367386e+00 1.704442356524477331e-09 3.695342505955835577e+01 1.599999999999999822e+01 7.959901469594385937e-01 3.681439999999999824e+00 2.199287657427630984e+04 1.036104028077396893e-03
3.126876986254170099e+00 7.783376202138358124e+00 1.172484191050367386e+00 1.704442356524477331e-09 3.695342505955835577e+01 1.599999999999999822e+01 7.959901320582773998e-01 3.681439999999999824e+00 2.199287690199570716e+04 1.036104028077396893e-03
3.126876986254170099e+00 7.783376202138358124e+00 1.172484191050367386e+00 1.704442356524477331e-09 3.695342505955835577e+01 1.599999999999999822e+01 7.959901320582773998e-01 3.681439999999999824e+00 2.199287657427630984e+04 1.036118929238590740e-03
