3.205843000000000220e+00 7.511125999999999969e+00 1.235333999999999932e+00 1.528337999999999867e-05 3.753042800000000057e+01 1.549994700000000059e+01 7.954442999999999930e-01 3.681439999999999824e+00 2.571453499999999985e+04 0.000000000000000000e+00
3.205843047770783549e+00 7.511125999999999969e+00 1.235333999999999932e+00 1.528337999999999867e-05 3.753042800000000057e+01 1.549994700000000059e+01 7.954442999999999930e-01 3.681439999999999824e+00 2.571453499999999985e+04 0.000000000000000000e+00
3.205843000000000220e+00 7.511126111924498971e+00 1.235333999999999932e+00 1.528337999999999867e-05 3.753042800000000057e+01 1.549994700000000059e+01 7.954442999999999930e-01 3.681439999999999824e+00 2.571453499999999985e+04 0.000000000000000000e+00
3.205843000000000220e+00 7.511125999999999969e+00 1.235334018407910905e+00 1.528337999999999867e-05 3.753042800000000057e+01 1.549994700000000059e+01 7.954442999999999930e-01 3.681439999999999824e+00 2.571453499999999985e+04 0.000000000000000000e+00
3.205843000000000220e+00 7.511125999999999969e+00 1.235333999999999932e+00 1.529828116119384633e-05 3.753042800000000057e+01 1.549994700000000059e+01 7.954442999999999930e-01 3.681439999999999824e+00 2.571453499999999985e+04 0.000000000000000000e+00
3.205843000000000220e+00 7.511125999999999969e+00 1.235333999999999932e+00 1.528337999999999867e-05 3.753042855924695687e+01 1.549994700000000059e+01 7.954442999999999930e-01 3.681439999999999824e+00 2.571453499999999985e+04 0.000000000000000000e+00
3.205843000000000220e+00 7.511125999999999969e+00 1.235333999999999932e+00 1.528337999999999867e-05 3.753042800000000057e+01 1.549994700000000059e+01 7.954442999999999930e-01 3.681439999999999824e+00 2.571453538317642960e+04 0.000000000000000000e+00
3.205843000000000220e+00 7.511125999999999969e+00 1.235333999999999932e+00 1.528337999999999867e-05 3.753042800000000057e+01 1.549994700000000059e+01 7.954442999999999930e-01 3.681439999999999824e+00 2.571453499999999985e+04 1.490116119384765625e-08
3.205864704860737824e+00 7.511110563479749480e+00 1.235343318150526448e+00 1.572351512072642742e-05 3.753042818035687134e+01 1.549994700000000059e+01 7.954442999999999930e-01 3.681439999999999824e+00 2.571453497756042998e+04 7.087776050092407928e-04
3.205864752631844450e+00 7.511110563479749480e+00 1.235343318150526448e+00 1.572351512072642742e-05 3.753042818035687134e+01 1.549994700000000059e+01 7.954442999999999930e-01 3.681439999999999824e+00 2.571453497756042998e+04 7.087776050092407928e-04
3.205864704860737824e+00 7.511110675404018444e+00 1.235343318150526448e+00 1.572351512072642742e-05 3.753042818035687134e+01 1.549994700000000059e+01 7.954442999999999930e-01 3.681439999999999824e+00 2.571453497756042998e+04 7.087776050092407928e-04
3.205864704860737824e+00 7.511110563479749480e+00 1.235343336558576421e+00 1.572351512072642742e-05 3.753042818035687134e+01 1.549994700000000059e+01 7.954442999999999930e-01 3.681439999999999824e+00 2.571453497756042998e+04 7.087776050092407928e-04
3.205864704860737824e+00 7.511110563479749480e+00 1.235343318150526448e+00 1.573841628192027507e-05 3.753042818035687134e+01 1.549994700000000059e+01 7.954442999999999930e-01 3.681439999999999824e+00 2.571453497756042998e+04 7.087776050092407928e-04
3.205864704860737824e+00 7.511110563479749480e+00 1.235343318150526448e+00 1.572351512072642742e-05 3.753042873960383474e+01 1.549994700000000059e+01 7.954442999999999930e-01 3.681439999999999824e+00 2.571453497756042998e+04 7.087776050092407928e-04
3.205864704860737824e+00 7.511110563479749480e+00 1.235343318150526448e+00 1.572351512072642742e-05 3.753042818035687134e+01 1.549994700000000059e+01 7.954442999999999930e-01 3.681439999999999824e+00 2.571453536073685973e+04 7.087776050092407928e-04
3.205864704860737824e+00 7.511110563479749480e+00 1.235343318150526448e+00 1.572351512072642742e-05 3.753042818035687134e+01 1.549994700000000059e+01 7.954442999999999930e-01 3.681439999999999824e+00 2.571453497756042998e+04 7.087925061704346405e-04
3.169347743416611074e+00 7.224910246132560943e+00 1.238087964339512626e+00 1.556862261274362608e-05 3.708277098295030783e+01 1.549994700000000059e+01 7.954442999999999930e-01 3.681439999999999824e+00 2.554978557403471859e+04 2.231273011675347084e-03
3.169347790643572527e+00 7.224910246132560943e+00 1.238087964339512626e+00 1.556862261274362608e-05 3.708277098295030783e+01 1.549994700000000059e+01 7.954442999999999930e-01 3.681439999999999824e+00 2.554978557403471859e+04 2.231273011675347084e-03
3.169347743416611074e+00 7.224910353792113327e+00 1.238087964339512626e+00 1.556862261274362608e-05 3.708277098295030783e+01 1.549994700000000059e+01 7.954442999999999930e-01 3.681439999999999824e+00 2.554978557403471859e+04 2.231273011675347084e-03
3.169347743416611074e+00 7.224910246132560943e+00 1.238087982788460994e+00 1.556862261274362608e-05 3.708277098295030783e+01 1.549994700000000059e+01 7.954442999999999930e-01 3.681439999999999824e+00 2.554978557403471859e+04 2.231273011675347084e-03
3.169347743416611074e+00 7.224910246132560943e+00 1.238087964339512626e+00 1.558352377393747374e-05 3.708277098295030783e+01 1.549994700000000059e+01 7.954442999999999930e-01 3.681439999999999824e+00 2.554978557403471859e+04 2.231273011675347084e-03
3.169347743416611074e+00 7.224910246132560943e+00 1.238087964339512626e+00 1.556862261274362608e-05 3.708277153552665339e+01 1.549994700000000059e+01 7.954442999999999930e-01 3.681439999999999824e+00 2.554978557403471859e+04 2.231273011675347084e-03
3.169347743416611074e+00 7.224910246132560943e+00 1.238087964339512626e+00 1.556862261274362608e-05 3.708277098295030783e+01 1.549994700000000059e+01 7.954442999999999930e-01 3.681439999999999824e+00 2.554978595475619295e+04 2.231273011675347084e-03
3.169347743416611074e+00 7.224910246132560943e+00 1.238087964339512626e+00 1.556862261274362608e-05 3.708277098295030783e+01 1.549994700000000059e+01 7.954442999999999930e-01 3.681439999999999824e+00 2.554978557403471859e+04 2.231287912836540932e-03
3.159911732760453784e+00 7.174432121985490518e+00 1.237768085292937803e+00 1.543158135672459636e-05 3.696234198799382398e+01 1.549994700000000059e+01 7.954442999999999930e-01 3.681439999999999824e+00 2.522028667030693032e+04 2.010783208447065526e-03
3.159911779846807711e+00 7.174432121985490518e+00 1.237768085292937803e+00 1.543158135672459636e-05 3.696234198799382398e+01 1.549994700000000059e+01 7.954442999999999930e-01 3.681439999999999824e+00 2.522028667030693032e+04 2.010783208447065526e-03
3.159911732760453784e+00 7.174432228892859698e+00 1.237768085292937803e+00 1.543158135672459636e-05 3.696234198799382398e+01 1.549994700000000059e+01 7.954442999999999930e-01 3.681439999999999824e+00 2.522028667030693032e+04 2.010783208447065526e-03
3.159911732760453784e+00 7.174432121985490518e+00 1.237768103737119540e+00 1.543158135672459636e-05 3.696234198799382398e+01 1.549994700000000059e+01 7.954442999999999930e-01 3.681439999999999824e+00 2.522028667030693032e+04 2.010783208447065526e-03
3.159911732760453784e+00 7.174432121985490518e+00 1.237768085292937803e+00 1.544648251791844401e-05 3.696234198799382398e+01 1.549994700000000059e+01 7.954442999999999930e-01 3.681439999999999824e+00 2.522028667030693032e+04 2.010783208447065526e-03
3.159911732760453784e+00 7.174432121985490518e+00 1.237768085292937803e+00 1.543158135672459636e-05 3.696234253877563702e+01 1.549994700000000059e+01 7.954442999999999930e-01 3.681439999999999824e+00 2.522028667030693032e+04 2.010783208447065526e-03
3.159911732760453784e+00 7.174432121985490518e+00 1.237768085292937803e+00 1.543158135672459636e-05 3.696234198799382398e+01 1.549994700000000059e+01 7.954442999999999930e-01 3.681439999999999824e+00 2.522028704611848661e+04 2.010783208447065526e-03
3.159911732760453784e+00 7.174432121985490518e+00 1.237768085292937803e+00 1.543158135672459636e-05 3.696234198799382398e+01 1.549994700000000059e+01 7.954442999999999930e-01 3.681439999999999824e+00 2.522028667030693032e+04 2.010798109608259374e-03
3.152861681927782822e+00 7.270030459569589709e+00 1.216877687094582772e+00 1.489519774357920885e-05 3.687075041977760037e+01 1.549994700000000059e+01 7.954442999999999930e-01 3.681439999999999824e+00 2.456128886123138727e+04 1.822648680992652089e-03
3.157473318654304695e+00 7.198839080056007589e+00 1.233323290939164707e+00 1.501285337050102159e-05 3.693066862913217818e+01 1.549994700000000059e+01 7.954442999999999930e-01 3.681439999999999824e+00 2.505553721813606899e+04 1.962653171501095844e-03
3.157473365704323687e+00 7.198839080056007589e+00 1.233323290939164707e+00 1.501285337050102159e-05 3.693066862913217818e+01 1.549994700000000059e+01 7.954442999999999930e-01 3.681439999999999824e+00 2.505553721813606899e+04 1.962653171501095844e-03
3.157473318654304695e+00 7.198839187327068956e+00 1.233323290939164707e+00 1.501285337050102159e-05 3.693066862913217818e+01 1.549994700000000059e+01 7.954442999999999930e-01 3.681439999999999824e+00 2.505553721813606899e+04 1.962653171501095844e-03
3.157473318654304695e+00 7.198839080056007589e+00 1.233323309317113869e+00 1.501285337050102159e-05 3.693066862913217818e+01 1.549994700000000059e+01 7.954442999999999930e-01 3.681439999999999824e+00 2.505553721813606899e+04 1.962653171501095844e-03
3.157473318654304695e+00 7.198839080056007589e+00 1.233323290939164707e+00 1.502775453169486925e-05 3.693066862913217818e+01 1.549994700000000059e+01 7.954442999999999930e-01 3.681439999999999824e+00 2.505553721813606899e+04 1.962653171501095844e-03
3.157473318654304695e+00 7.198839080056007589e+00 1.233323290939164707e+00 1.501285337050102159e-05 3.693066917944202743e+01 1.549994700000000059e+01 7.954442999999999930e-01 3.681439999999999824e+00 2.505553721813606899e+04 1.962653171501095844e-03
3.157473318654304695e+00 7.198839080056007589e+00 1.233323290939164707e+00 1.501285337050102159e-05 3.693066862913217818e+01 1.549994700000000059e+01 7.954442999999999930e-01 3.681439999999999824e+00 2.505553759149266625e+04 1.962653171501095844e-03
3.157473318654304695e+00 7.198839080056007589e+00 1.233323290939164707e+00 1.501285337050102159e-05 3.693066862913217818e+01 1.549994700000000059e+01 7.954442999999999930e-01 3.681439999999999824e+00 2.505553721813606899e+04 1.962668072662289692e-03
3.157436995808990066e+00 7.198838972898238708e+00 1.233582558946049845e+00 1.442820617455406636e-02 3.694885058779502884e+01 1.549994700000000059e+01 7.954442999999999930e-01 3.681439999999999824e+00 2.505337981659802972e+04 1.962186094428288417e-03
3.157437042858467713e+00 7.198838972898238708e+00 1.233582558946049845e+00 1.442820617455406636e-02 3.694885058779502884e+01 1.549994700000000059e+01 7.954442999999999930e-01 3.681439999999999824e+00 2.505337981659802972e+04 1.962186094428288417e-03
3.157436995808990066e+00 7.198839080169298299e+00 1.233582558946049845e+00 1.442820617455406636e-02 3.694885058779502884e+01 1.549994700000000059e+01 7.954442999999999930e-01 3.681439999999999824e+00 2.505337981659802972e+04 1.962186094428288417e-03
3.157436995808990066e+00 7.198838972898238708e+00 1.233582577327862362e+00 1.442820617455406636e-02 3.694885058779502884e+01 1.549994700000000059e+01 7.954442999999999930e-01 3.681439999999999824e+00 2.505337981659802972e+04 1.962186094428288417e-03
3.157436995808990066e+00 7.198838972898238708e+00 1.233582558946049845e+00 1.442822107571526020e-02 3.694885058779502884e+01 1.549994700000000059e+01 7.954442999999999930e-01 3.681439999999999824e+00 2.505337981659802972e+04 1.962186094428288417e-03
3.157436995808990066e+00 7.198838972898238708e+00 1.233582558946049845e+00 1.442820617455406636e-02 3.694885113837580803e+01 1.549994700000000059e+01 7.954442999999999930e-01 3.681439999999999824e+00 2.505337981659802972e+04 1.962186094428288417e-03
3.157436995808990066e+00 7.198838972898238708e+00 1.233582558946049845e+00 1.442820617455406636e-02 3.694885058779502884e+01 1.549994700000000059e+01 7.954442999999999930e-01 3.681439999999999824e+00 2.505338018992248180e+04 1.962186094428288417e-03
3.157436995808990066e+00 7.198838972898238708e+00 1.233582558946049845e+00 1.442820617455406636e-02 3.694885058779502884e+01 1.549994700000000059e+01 7.954442999999999930e-01 3.681439999999999824e+00 2.505337981659802972e+04 1.962200995589482265e-03
3.157232844178050168e+00 7.198838775165991244e+00 1.233714067155606386e+00 4.210159087910177178e-03 3.697136157062909234e+01 1.549994700000000059e+01 7.954442999999999930e-01 3.681439999999999824e+00 2.505004507852115421e+04 1.961339221741193427e-03
3.157232891224485805e+00 7.198838775165991244e+00 1.233714067155606386e+00 4.210159087910177178e-03 3.697136157062909234e+01 1.549994700000000059e+01 7.954442999999999930e-01 3.681439999999999824e+00 2.505004507852115421e+04 1.961339221741193427e-03
3.157232844178050168e+00 7.198838882437048170e+00 1.233714067155606386e+00 4.210159087910177178e-03 3.697136157062909234e+01 1.549994700000000059e+01 7.954442999999999930e-01 3.681439999999999824e+00 2.505004507852115421e+04 1.961339221741193427e-03
3.157232844178050168e+00 7.198838775165991244e+00 1.233714085539378669e+00 4.210159087910177178e-03 3.697136157062909234e+01 1.549994700000000059e+01 7.954442999999999930e-01 3.681439999999999824e+00 2.505004507852115421e+04 1.961339221741193427e-03
3.157232844178050168e+00 7.198838775165991244e+00 1.233714067155606386e+00 4.210173989071371026e-03 3.697136157062909234e+01 1.549994700000000059e+01 7.954442999999999930e-01 3.681439999999999824e+00 2.505004507852115421e+04 1.961339221741193427e-03
3.157232844178050168e+00 7.198838775165991244e+00 1.233714067155606386e+00 4.210159087910177178e-03 3.697136212154531165e+01 1.549994700000000059e+01 7.954442999999999930e-01 3.681439999999999824e+00 2.505004507852115421e+04 1.961339221741193427e-03
3.157232844178050168e+00 7.198838775165991244e+00 1.233714067155606386e+00 4.210159087910177178e-03 3.697136157062909234e+01 1.549994700000000059e+01 7.954442999999999930e-01 3.681439999999999824e+00 2.505004545179591514e+04 1.961339221741193427e-03
3.157232844178050168e+00 7.198838775165991244e+00 1.233714067155606386e+00 4.210159087910177178e-03 3.697136157062909234e+01 1.549994700000000059e+01 7.954442999999999930e-01 3.681439999999999824e+00 2.505004507852115421e+04 1.961354122902387274e-03
3.157159605985857986e+00 7.198838813096147149e+00 1.233771883487751353e+00 4.032294375115331661e-03 3.698140373609192721e+01 1.549994700000000059e+01 7.954442999999999930e-01 3.681439999999999824e+00 2.504855629122876053e+04 1.960960540231812717e-03
3.157159653031202051e+00 7.198838813096147149e+00 1.233771883487751353e+00 4.032294375115331661e-03 3.698140373609192721e+01 1.549994700000000059e+01 7.954442999999999930e-01 3.681439999999999824e+00 2.504855629122876053e+04 1.960960540231812717e-03
3.157159605985857986e+00 7.198838920367204963e+00 1.233771883487751353e+00 4.032294375115331661e-03 3.698140373609192721e+01 1.549994700000000059e+01 7.954442999999999930e-01 3.681439999999999824e+00 2.504855629122876053e+04 1.960960540231812717e-03
3.157159605985857986e+00 7.198838813096147149e+00 1.233771901872385168e+00 4.032294375115331661e-03 3.698140373609192721e+01 1.549994700000000059e+01 7.954442999999999930e-01 3.681439999999999824e+00 2.504855629122876053e+04 1.960960540231812717e-03
3.157159605985857986e+00 7.198838813096147149e+00 1.233771883487751353e+00 4.032309276276525509e-03 3.698140373609192721e+01 1.549994700000000059e+01 7.954442999999999930e-01 3.681439999999999824e+00 2.504855629122876053e+04 1.960960540231812717e-03
3.157159605985857986e+00 7.198838813096147149e+00 1.233771883487751353e+00 4.032294375115331661e-03 3.698140428715778683e+01 1.549994700000000059e+01 7.954442999999999930e-01 3.681439999999999824e+00 2.504855629122876053e+04 1.960960540231812717e-03
3.157159605985857986e+00 7.198838813096147149e+00 1.233771883487751353e+00 4.032294375115331661e-03 3.698140373609192721e+01 1.549994700000000059e+01 7.954442999999999930e-01 3.681439999999999824e+00 2.504855666448133707e+04 1.960960540231812717e-03
3.157159605985857986e+00 7.198838813096147149e+00 1.233771883487751353e+00 4.032294375115331661e-03 3.698140373609192721e+01 1.549994700000000059e+01 7.954442999999999930e-01 3.681439999999999824e+00 2.504855629122876053e+04 1.960975441393006564e-03
3.110131061808619535e+00 7.880430419075537429e+00 1.153819081603829400e+00 2.685205357674638575e-03 3.626612480070914302e+01 1.549994700000000059e+01 7.954442999999999930e-01 3.681439999999999824e+00 2.055478161158047806e+04 7.102846572747448760e-04
3.143871309431791605e+00 7.369244775057834929e+00 1.214706458332271755e+00 7.705973732466285184e-04 3.688420740251347496e+01 1.549994700000000059e+01 7.954442999999999930e-01 3.681439999999999824e+00 2.392513469350519881e+04 1.652801905135614646e-03
3.143871356279124729e+00 7.369244775057834929e+00 1.214706458332271755e+00 7.705973732466285184e-04 3.688420740251347496e+01 1.549994700000000059e+01 7.954442999999999930e-01 3.681439999999999824e+00 2.392513469350519881e+04 1.652801905135614646e-03
3.143871309431791605e+00 7.369244884868138890e+00 1.214706458332271755e+00 7.705973732466285184e-04 3.688420740251347496e+01 1.549994700000000059e+01 7.954442999999999930e-01 3.681439999999999824e+00 2.392513469350519881e+04 1.652801905135614646e-03
3.143871309431791605e+00 7.369244775057834929e+00 1.214706476432808602e+00 7.705973732466285184e-04 3.688420740251347496e+01 1.549994700000000059e+01 7.954442999999999930e-01 3.681439999999999824e+00 2.392513469350519881e+04 1.652801905135614646e-03
3.143871309431791605e+00 7.369244775057834929e+00 1.214706458332271755e+00 7.706122744078223660e-04 3.688420740251347496e+01 1.549994700000000059e+01 7.954442999999999930e-01 3.681439999999999824e+00 2.392513469350519881e+04 1.652801905135614646e-03
3.143871309431791605e+00 7.369244775057834929e+00 1.214706458332271755e+00 7.705973732466285184e-04 3.688420795213099268e+01 1.549994700000000059e+01 7.954442999999999930e-01 3.681439999999999824e+00 2.392513469350519881e+04 1.652801905135614646e-03
3.143871309431791605e+00 7.369244775057834929e+00 1.214706458332271755e+00 7.705973732466285184e-04 3.688420740251347496e+01 1.549994700000000059e+01 7.954442999999999930e-01 3.681439999999999824e+00 2.392513505001748854e+04 1.652801905135614646e-03
3.143871309431791605e+00 7.369244775057834929e+00 1.214706458332271755e+00 7.705973732466285184e-04 3.688420740251347496e+01 1.549994700000000059e+01 7.954442999999999930e-01 3.681439999999999824e+00 2.392513469350519881e+04 1.652816806296808494e-03
3.143931003582380868e+00 7.369532379294182256e+00 1.214801214680583552e+00 1.073435515585134323e-02 3.688453329026503269e+01 1.549994700000000059e+01 7.954442999999999930e-01 3.681439999999999824e+00 2.392406556073733736e+04 1.652539294899446620e-03
3.143931050430603502e+00 7.369532379294182256e+00 1.214801214680583552e+00 1.073435515585134323e-02 3.688453329026503269e+01 1.549994700000000059e+01 7.954442999999999930e-01 3.681439999999999824e+00 2.392406556073733736e+04 1.652539294899446620e-03
3.143931003582380868e+00 7.369532489108772566e+00 1.214801214680583552e+00 1.073435515585134323e-02 3.688453329026503269e+01 1.549994700000000059e+01 7.954442999999999930e-01 3.681439999999999824e+00 2.392406556073733736e+04 1.652539294899446620e-03
3.143931003582380868e+00 7.369532379294182256e+00 1.214801232782532381e+00 1.073435515585134323e-02 3.688453329026503269e+01 1.549994700000000059e+01 7.954442999999999930e-01 3.681439999999999824e+00 2.392406556073733736e+04 1.652539294899446620e-03
3.143931003582380868e+00 7.369532379294182256e+00 1.214801214680583552e+00 1.073437005701253708e-02 3.688453329026503269e+01 1.549994700000000059e+01 7.954442999999999930e-01 3.681439999999999824e+00 2.392406556073733736e+04 1.652539294899446620e-03
3.143931003582380868e+00 7.369532379294182256e+00 1.214801214680583552e+00 1.073435515585134323e-02 3.688453383988741052e+01 1.549994700000000059e+01 7.954442999999999930e-01 3.681439999999999824e+00 2.392406556073733736e+04 1.652539294899446620e-03
3.143931003582380868e+00 7.369532379294182256e+00 1.214801214680583552e+00 1.073435515585134323e-02 3.688453329026503269e+01 1.549994700000000059e+01 7.954442999999999930e-01 3.681439999999999824e+00 2.392406591723369638e+04 1.652539294899446620e-03
3.143931003582380868e+00 7.369532379294182256e+00 1.214801214680583552e+00 1.073435515585134323e-02 3.688453329026503269e+01 1.549994700000000059e+01 7.954442999999999930e-01 3.681439999999999824e+00 2.392406556073733736e+04 1.652554196060640468e-03
3.144230496450893586e+00 7.394787468508152273e+00 1.212290984929318860e+00 5.186661331460962372e-03 3.701701334720452508e+01 1.549994700000000059e+01 7.954442999999999930e-01 3.681439999999999824e+00 2.390986463995437589e+04 1.662153106822316815e-03
3.144230543303578873e+00 7.394787468508152273e+00 1.212290984929318860e+00 5.186661331460962372e-03 3.701701334720452508e+01 1.549994700000000059e+01 7.954442999999999930e-01 3.681439999999999824e+00 2.390986463995437589e+04 1.662153106822316815e-03
3.144230496450893586e+00 7.394787578699072661e+00 1.212290984929318860e+00 5.186661331460962372e-03 3.701701334720452508e+01 1.549994700000000059e+01 7.954442999999999930e-01 3.681439999999999824e+00 2.390986463995437589e+04 1.662153106822316815e-03
3.144230496450893586e+00 7.394787468508152273e+00 1.212291002993862277e+00 5.186661331460962372e-03 3.701701334720452508e+01 1.549994700000000059e+01 7.954442999999999930e-01 3.681439999999999824e+00 2.390986463995437589e+04 1.662153106822316815e-03
3.144230496450893586e+00 7.394787468508152273e+00 1.212290984929318860e+00 5.186676232622156220e-03 3.701701334720452508e+01 1.549994700000000059e+01 7.954442999999999930e-01 3.681439999999999824e+00 2.390986463995437589e+04 1.662153106822316815e-03
3.144230496450893586e+00 7.394787468508152273e+00 1.212290984929318860e+00 5.186661331460962372e-03 3.701701389880101090e+01 1.549994700000000059e+01 7.954442999999999930e-01 3.681439999999999824e+00 2.390986463995437589e+04 1.662153106822316815e-03
3.144230496450893586e+00 7.394787468508152273e+00 1.212290984929318860e+00 5.186661331460962372e-03 3.701701334720452508e+01 1.549994700000000059e+01 7.954442999999999930e-01 3.681439999999999824e+00 2.390986499623912459e+04 1.662153106822316815e-03
3.144230496450893586e+00 7.394787468508152273e+00 1.212290984929318860e+00 5.186661331460962372e-03 3.701701334720452508e+01 1.549994700000000059e+01 7.954442999999999930e-01 3.681439999999999824e+00 2.390986463995437589e+04 1.662168007983510663e-03
3.143935659399303084e+00 7.400939450180516133e+00 1.211626527998285185e+00 3.270736944949143021e-03 3.701799274642191762e+01 1.549994700000000059e+01 7.954442999999999930e-01 3.681439999999999824e+00 2.388146253083578631e+04 1.656384660298558563e-03
3.143935706247594997e+00 7.400939450180516133e+00 1.211626527998285185e+00 3.270736944949143021e-03 3.701799274642191762e+01 1.549994700000000059e+01 7.954442999999999930e-01 3.681439999999999824e+00 2.388146253083578631e+04 1.656384660298558563e-03
3.143935659399303084e+00 7.400939560463108080e+00 1.211626527998285185e+00 3.270736944949143021e-03 3.701799274642191762e+01 1.549994700000000059e+01 7.954442999999999930e-01 3.681439999999999824e+00 2.388146253083578631e+04 1.656384660298558563e-03
3.143935659399303084e+00 7.400939450180516133e+00 1.211626546052927411e+00 3.270736944949143021e-03 3.701799274642191762e+01 1.549994700000000059e+01 7.954442999999999930e-01 3.681439999999999824e+00 2.388146253083578631e+04 1.656384660298558563e-03
3.143935659399303084e+00 7.400939450180516133e+00 1.211626527998285185e+00 3.270751846110336869e-03 3.701799274642191762e+01 1.549994700000000059e+01 7.954442999999999930e-01 3.681439999999999824e+00 2.388146253083578631e+04 1.656384660298558563e-03
3.143935659399303084e+00 7.400939450180516133e+00 1.211626527998285185e+00 3.270736944949143021e-03 3.701799329803299798e+01 1.549994700000000059e+01 7.954442999999999930e-01 3.681439999999999824e+00 2.388146253083578631e+04 1.656384660298558563e-03
3.143935659399303084e+00 7.400939450180516133e+00 1.211626527998285185e+00 3.270736944949143021e-03 3.701799274642191762e+01 1.549994700000000059e+01 7.954442999999999930e-01 3.681439999999999824e+00 2.388146288669731075e+04 1.656384660298558563e-03
3.143935659399303084e+00 7.400939450180516133e+00 1.211626527998285185e+00 3.270736944949143021e-03 3.701799274642191762e+01 1.549994700000000059e+01 7.954442999999999930e-01 3.681439999999999824e+00 2.388146253083578631e+04 1.656399561459752411e-03
2.819634322608216337e+00 7.134393941384479021e+00 1.158194266956238616e+00 1.338882426055183544e-03 6.477963310785054318e+01 1.549994700000000059e+01 7.954442999999999930e-01 3.681439999999999824e+00 2.106866244861331506e+04 7.845661001270221209e-04
3.131635886990347561e+00 7.620935835837344463e+00 1.187230797557119688e+00 5.948515333013787258e-04 3.703241620090447128e+01 1.549994700000000059e+01 7.954442999999999930e-01 3.681439999999999824e+00 2.259896908615532448e+04 1.259127359849808014e-03
3.140921337343978159e+00 7.456241152934702576e+00 1.205501876789992766e+00 2.224059063238958793e-04 3.701938696363644965e+01 1.549994700000000059e+01 7.954442999999999930e-01 3.681439999999999824e+00 2.356093965077072789e+04 1.557732695671428923e-03
3.140921384147353113e+00 7.456241152934702576e+00 1.205501876789992766e+00 2.224059063238958793e-04 3.701938696363644965e+01 1.549994700000000059e+01 7.954442999999999930e-01 3.681439999999999824e+00 2.356093965077072789e+04 1.557732695671428923e-03
3.140921337343978159e+00 7.456241264041353567e+00 1.205501876789992766e+00 2.224059063238958793e-04 3.701938696363644965e+01 1.549994700000000059e+01 7.954442999999999930e-01 3.681439999999999824e+00 2.356093965077072789e+04 1.557732695671428923e-03
3.140921337343978159e+00 7.456241152934702576e+00 1.205501894753370662e+00 2.224059063238958793e-04 3.701938696363644965e+01 1.549994700000000059e+01 7.954442999999999930e-01 3.681439999999999824e+00 2.356093965077072789e+04 1.557732695671428923e-03
3.140921337343978159e+00 7.456241152934702576e+00 1.205501876789992766e+00 2.224208074850897270e-04 3.701938696363644965e+01 1.549994700000000059e+01 7.954442999999999930e-01 3.681439999999999824e+00 2.356093965077072789e+04 1.557732695671428923e-03
3.140921337343978159e+00 7.456241152934702576e+00 1.205501876789992766e+00 2.224059063238958793e-04 3.701938751526829918e+01 1.549994700000000059e+01 7.954442999999999930e-01 3.681439999999999824e+00 2.356093965077072789e+04 1.557732695671428923e-03
3.140921337343978159e+00 7.456241152934702576e+00 1.205501876789992766e+00 2.224059063238958793e-04 3.701938696363644965e+01 1.549994700000000059e+01 7.954442999999999930e-01 3.681439999999999824e+00 2.356094000185608820e+04 1.557732695671428923e-03
3.140921337343978159e+00 7.456241152934702576e+00 1.205501876789992766e+00 2.224059063238958793e-04 3.701938696363644965e+01 1.549994700000000059e+01 7.954442999999999930e-01 3.681439999999999824e+00 2.356093965077072789e+04 1.557747596832622771e-03
3.140673064384590152e+00 7.460450904680242523e+00 1.204429958586548111e+00 2.064629545656161702e-04 3.701623478255470445e+01 1.549994700000000059e+01 7.954442999999999930e-01 3.681439999999999824e+00 2.355886476488430344e+04 1.562780556365869116e-03
3.140673111184265842e+00 7.460450904680242523e+00 1.204429958586548111e+00 2.064629545656161702e-04 3.701623478255470445e+01 1.549994700000000059e+01 7.954442999999999930e-01 3.681439999999999824e+00 2.355886476488430344e+04 1.562780556365869116e-03
3.140673064384590152e+00 7.460451015849623779e+00 1.204429958586548111e+00 2.064629545656161702e-04 3.701623478255470445e+01 1.549994700000000059e+01 7.954442999999999930e-01 3.681439999999999824e+00 2.355886476488430344e+04 1.562780556365869116e-03
3.140673064384590152e+00 7.460450904680242523e+00 1.204429976533953006e+00 2.064629545656161702e-04 3.701623478255470445e+01 1.549994700000000059e+01 7.954442999999999930e-01 3.681439999999999824e+00 2.355886476488430344e+04 1.562780556365869116e-03
3.140673064384590152e+00 7.460450904680242523e+00 1.204429958586548111e+00 2.064778557268100178e-04 3.701623478255470445e+01 1.549994700000000059e+01 7.954442999999999930e-01 3.681439999999999824e+00 2.355886476488430344e+04 1.562780556365869116e-03
3.140673064384590152e+00 7.460450904680242523e+00 1.204429958586548111e+00 2.064629545656161702e-04 3.701623533413958711e+01 1.549994700000000059e+01 7.954442999999999930e-01 3.681439999999999824e+00 2.355886476488430344e+04 1.562780556365869116e-03
3.140673064384590152e+00 7.460450904680242523e+00 1.204429958586548111e+00 2.064629545656161702e-04 3.701623478255470445e+01 1.549994700000000059e+01 7.954442999999999930e-01 3.681439999999999824e+00 2.355886511593874457e+04 1.562780556365869116e-03
3.140673064384590152e+00 7.460450904680242523e+00 1.204429958586548111e+00 2.064629545656161702e-04 3.701623478255470445e+01 1.549994700000000059e+01 7.954442999999999930e-01 3.681439999999999824e+00 2.355886476488430344e+04 1.562795457527062963e-03
3.140733045600502482e+00 7.460547913871946157e+00 1.204529414119120734e+00 4.940433654711186458e-03 3.701625965721463274e+01 1.549994700000000059e+01 7.954442999999999930e-01 3.681439999999999824e+00 2.355861362596596518e+04 1.562756583316675775e-03
3.140733092401071680e+00 7.460547913871946157e+00 1.204529414119120734e+00 4.940433654711186458e-03 3.701625965721463274e+01 1.549994700000000059e+01 7.954442999999999930e-01 3.681439999999999824e+00 2.355861362596596518e+04 1.562756583316675775e-03
3.140733045600502482e+00 7.460548025042773368e+00 1.204529414119120734e+00 4.940433654711186458e-03 3.701625965721463274e+01 1.549994700000000059e+01 7.954442999999999930e-01 3.681439999999999824e+00 2.355861362596596518e+04 1.562756583316675775e-03
3.140733045600502482e+00 7.460547913871946157e+00 1.204529432068007777e+00 4.940433654711186458e-03 3.701625965721463274e+01 1.549994700000000059e+01 7.954442999999999930e-01 3.681439999999999824e+00 2.355861362596596518e+04 1.562756583316675775e-03
3.140733045600502482e+00 7.460547913871946157e+00 1.204529414119120734e+00 4.940448555872380305e-03 3.701625965721463274e+01 1.549994700000000059e+01 7.954442999999999930e-01 3.681439999999999824e+00 2.355861362596596518e+04 1.562756583316675775e-03
3.140733045600502482e+00 7.460547913871946157e+00 1.204529414119120734e+00 4.940433654711186458e-03 3.701626020879988488e+01 1.549994700000000059e+01 7.954442999999999930e-01 3.681439999999999824e+00 2.355861362596596518e+04 1.562756583316675775e-03
3.140733045600502482e+00 7.460547913871946157e+00 1.204529414119120734e+00 4.940433654711186458e-03 3.701625965721463274e+01 1.549994700000000059e+01 7.954442999999999930e-01 3.681439999999999824e+00 2.355861397701666283e+04 1.562756583316675775e-03
3.140733045600502482e+00 7.460547913871946157e+00 1.204529414119120734e+00 4.940433654711186458e-03 3.701625965721463274e+01 1.549994700000000059e+01 7.954442999999999930e-01 3.681439999999999824e+00 2.355861362596596518e+04 1.562771484477869623e-03
3.140816560015693870e+00 7.460660506776324752e+00 1.204639750663735631e+00 7.955532974145296948e-04 3.701626784773627321e+01 1.549994700000000059e+01 7.954442999999999930e-01 3.681439999999999824e+00 2.355832216232650171e+04 1.562731566539574514e-03
3.140816606817507850e+00 7.460660506776324752e+00 1.204639750663735631e+00 7.955532974145296948e-04 3.701626784773627321e+01 1.549994700000000059e+01 7.954442999999999930e-01 3.681439999999999824e+00 2.355832216232650171e+04 1.562731566539574514e-03
3.140816560015693870e+00 7.460660617948829731e+00 1.204639750663735631e+00 7.955532974145296948e-04 3.701626784773627321e+01 1.549994700000000059e+01 7.954442999999999930e-01 3.681439999999999824e+00 2.355832216232650171e+04 1.562731566539574514e-03
3.140816560015693870e+00 7.460660506776324752e+00 1.204639768614266693e+00 7.955532974145296948e-04 3.701626784773627321e+01 1.549994700000000059e+01 7.954442999999999930e-01 3.681439999999999824e+00 2.355832216232650171e+04 1.562731566539574514e-03
3.140816560015693870e+00 7.460660506776324752e+00 1.204639750663735631e+00 7.955681985757235425e-04 3.701626784773627321e+01 1.549994700000000059e+01 7.954442999999999930e-01 3.681439999999999824e+00 2.355832216232650171e+04 1.562731566539574514e-03
3.140816560015693870e+00 7.460660506776324752e+00 1.204639750663735631e+00 7.955532974145296948e-04 3.701626839932164614e+01 1.549994700000000059e+01 7.954442999999999930e-01 3.681439999999999824e+00 2.355832216232650171e+04 1.562731566539574514e-03
3.140816560015693870e+00 7.460660506776324752e+00 1.204639750663735631e+00 7.955532974145296948e-04 3.701626784773627321e+01 1.549994700000000059e+01 7.954442999999999930e-01 3.681439999999999824e+00 2.355832251337285925e+04 1.562731566539574514e-03
3.140816560015693870e+00 7.460660506776324752e+00 1.204639750663735631e+00 7.955532974145296948e-04 3.701626784773627321e+01 1.549994700000000059e+01 7.954442999999999930e-01 3.681439999999999824e+00 2.355832216232650171e+04 1.562746467700768362e-03
3.135164803780435605e+00 7.575791759360082089e+00 1.192615916483664051e+00 1.355976305472222877e-04 3.697726904478021481e+01 1.549994700000000059e+01 7.954442999999999930e-01 3.681439999999999824e+00 2.292164228244190235e+04 1.359581093766029560e-03
3.139159889582766816e+00 7.489050525969002337e+00 1.201807139395781876e+00 2.218354920339581527e-04 3.702206088793332839e+01 1.549994700000000059e+01 7.954442999999999930e-01 3.681439999999999824e+00 2.339917845120733182e+04 1.512227330344099833e-03
3.139159936359894321e+00 7.489050525969002337e+00 1.201807139395781876e+00 2.218354920339581527e-04 3.702206088793332839e+01 1.549994700000000059e+01 7.954442999999999930e-01 3.681439999999999824e+00 2.339917845120733182e+04 1.512227330344099833e-03
3.139159889582766816e+00 7.489050637564551138e+00 1.201807139395781876e+00 2.218354920339581527e-04 3.702206088793332839e+01 1.549994700000000059e+01 7.954442999999999930e-01 3.681439999999999824e+00 2.339917845120733182e+04 1.512227330344099833e-03
3.139159889582766816e+00 7.489050525969002337e+00 1.201807157304103812e+00 2.218354920339581527e-04 3.702206088793332839e+01 1.549994700000000059e+01 7.954442999999999930e-01 3.681439999999999824e+00 2.339917845120733182e+04 1.512227330344099833e-03
3.139159889582766816e+00 7.489050525969002337e+00 1.201807139395781876e+00 2.218503931951520004e-04 3.702206088793332839e+01 1.549994700000000059e+01 7.954442999999999930e-01 3.681439999999999824e+00 2.339917845120733182e+04 1.512227330344099833e-03
3.139159889582766816e+00 7.489050525969002337e+00 1.201807139395781876e+00 2.218354920339581527e-04 3.702206143960502516e+01 1.549994700000000059e+01 7.954442999999999930e-01 3.681439999999999824e+00 2.339917845120733182e+04 1.512227330344099833e-03
3.139159889582766816e+00 7.489050525969002337e+00 1.201807139395781876e+00 2.218354920339581527e-04 3.702206088793332839e+01 1.549994700000000059e+01 7.954442999999999930e-01 3.681439999999999824e+00 2.339917879988226196e+04 1.512227330344099833e-03
3.139159889582766816e+00 7.489050525969002337e+00 1.201807139395781876e+00 2.218354920339581527e-04 3.702206088793332839e+01 1.549994700000000059e+01 7.954442999999999930e-01 3.681439999999999824e+00 2.339917845120733182e+04 1.512242231505293681e-03
3.139036646387041163e+00 7.490894673085261246e+00 1.201520370319542286e+00 1.899675565326506177e-04 3.702013055552925636e+01 1.549994700000000059e+01 7.954442999999999930e-01 3.681439999999999824e+00 2.339710356244045033e+04 1.514679796061681313e-03
3.139036693162332359e+00 7.490894673085261246e+00 1.201520370319542286e+00 1.899675565326506177e-04 3.702013055552925636e+01 1.549994700000000059e+01 7.954442999999999930e-01 3.681439999999999824e+00 2.339710356244045033e+04 1.514679796061681313e-03
3.139036646387041163e+00 7.490894784708290288e+00 1.201520370319542286e+00 1.899675565326506177e-04 3.702013055552925636e+01 1.549994700000000059e+01 7.954442999999999930e-01 3.681439999999999824e+00 2.339710356244045033e+04 1.514679796061681313e-03
3.139036646387041163e+00 7.490894673085261246e+00 1.201520388223590974e+00 1.899675565326506177e-04 3.702013055552925636e+01 1.549994700000000059e+01 7.954442999999999930e-01 3.681439999999999824e+00 2.339710356244045033e+04 1.514679796061681313e-03
3.139036646387041163e+00 7.490894673085261246e+00 1.201520370319542286e+00 1.899824576938444654e-04 3.702013055552925636e+01 1.549994700000000059e+01 7.954442999999999930e-01 3.681439999999999824e+00 2.339710356244045033e+04 1.514679796061681313e-03
3.139036646387041163e+00 7.490894673085261246e+00 1.201520370319542286e+00 1.899675565326506177e-04 3.702013110717219035e+01 1.549994700000000059e+01 7.954442999999999930e-01 3.681439999999999824e+00 2.339710356244045033e+04 1.514679796061681313e-03
3.139036646387041163e+00 7.490894673085261246e+00 1.201520370319542286e+00 1.899675565326506177e-04 3.702013055552925636e+01 1.549994700000000059e+01 7.954442999999999930e-01 3.681439999999999824e+00 2.339710391108446129e+04 1.514679796061681313e-03
3.139036646387041163e+00 7.490894673085261246e+00 1.201520370319542286e+00 1.899675565326506177e-04 3.702013055552925636e+01 1.549994700000000059e+01 7.954442999999999930e-01 3.681439999999999824e+00 2.339710356244045033e+04 1.514694697222875161e-03
3.132531078326472151e+00 7.608777325611171705e+00 1.189204161560000417e+00 5.674837445093561033e-05 3.695404346049011224e+01 1.549994700000000059e+01 7.954442999999999930e-01 3.681439999999999824e+00 2.276261098708243298e+04 1.308863421144055130e-03
3.132531125004822670e+00 7.608777325611171705e+00 1.189204161560000417e+00 5.674837445093561033e-05 3.695404346049011224e+01 1.549994700000000059e+01 7.954442999999999930e-01 3.681439999999999824e+00 2.276261098708243298e+04 1.308863421144055130e-03
3.132531078326472151e+00 7.608777438990789399e+00 1.189204161560000417e+00 5.674837445093561033e-05 3.695404346049011224e+01 1.549994700000000059e+01 7.954442999999999930e-01 3.681439999999999824e+00 2.276261098708243298e+04 1.308863421144055130e-03
3.132531078326472151e+00 7.608777325611171705e+00 1.189204179280523244e+00 5.674837445093561033e-05 3.695404346049011224e+01 1.549994700000000059e+01 7.954442999999999930e-01 3.681439999999999824e+00 2.276261098708243298e+04 1.308863421144055130e-03
3.132531078326472151e+00 7.608777325611171705e+00 1.189204161560000417e+00 5.676327561212945799e-05 3.695404346049011224e+01 1.549994700000000059e+01 7.954442999999999930e-01 3.681439999999999824e+00 2.276261098708243298e+04 1.308863421144055130e-03
3.132531078326472151e+00 7.608777325611171705e+00 1.189204161560000417e+00 5.674837445093561033e-05 3.695404401114826953e+01 1.549994700000000059e+01 7.954442999999999930e-01 3.681439999999999824e+00 2.276261098708243298e+04 1.308863421144055130e-03
3.132531078326472151e+00 7.608777325611171705e+00 1.189204161560000417e+00 5.674837445093561033e-05 3.695404346049011224e+01 1.549994700000000059e+01 7.954442999999999930e-01 3.681439999999999824e+00 2.276261132627176994e+04 1.308863421144055130e-03
3.132531078326472151e+00 7.608777325611171705e+00 1.189204161560000417e+00 5.674837445093561033e-05 3.695404346049011224e+01 1.549994700000000059e+01 7.954442999999999930e-01 3.681439999999999824e+00 2.276261098708243298e+04 1.308878322305248977e-03
3.132555530331058602e+00 7.608858246861985641e+00 1.189243585658086522e+00 4.435696206621275034e-03 3.695406810758304772e+01 1.549994700000000059e+01 7.954442999999999930e-01 3.681439999999999824e+00 2.276237090189894298e+04 1.308813470608692240e-03
3.132555577009773717e+00 7.608858246861985641e+00 1.189243585658086522e+00 4.435696206621275034e-03 3.695406810758304772e+01 1.549994700000000059e+01 7.954442999999999930e-01 3.681439999999999824e+00 2.276237090189894298e+04 1.308813470608692240e-03
3.132555530331058602e+00 7.608858360242808594e+00 1.189243585658086522e+00 4.435696206621275034e-03 3.695406810758304772e+01 1.549994700000000059e+01 7.954442999999999930e-01 3.681439999999999824e+00 2.276237090189894298e+04 1.308813470608692240e-03
3.132555530331058602e+00 7.608858246861985641e+00 1.189243603379196879e+00 4.435696206621275034e-03 3.695406810758304772e+01 1.549994700000000059e+01 7.954442999999999930e-01 3.681439999999999824e+00 2.276237090189894298e+04 1.308813470608692240e-03
3.132555530331058602e+00 7.608858246861985641e+00 1.189243585658086522e+00 4.435711107782468882e-03 3.695406810758304772e+01 1.549994700000000059e+01 7.954442999999999930e-01 3.681439999999999824e+00 2.276237090189894298e+04 1.308813470608692240e-03
3.132555530331058602e+00 7.608858246861985641e+00 1.189243585658086522e+00 4.435696206621275034e-03 3.695406865824157450e+01 1.549994700000000059e+01 7.954442999999999930e-01 3.681439999999999824e+00 2.276237090189894298e+04 1.308813470608692240e-03
3.132555530331058602e+00 7.608858246861985641e+00 1.189243585658086522e+00 4.435696206621275034e-03 3.695406810758304772e+01 1.549994700000000059e+01 7.954442999999999930e-01 3.681439999999999824e+00 2.276237124108470016e+04 1.308813470608692240e-03
3.132555530331058602e+00 7.608858246861985641e+00 1.189243585658086522e+00 4.435696206621275034e-03 3.695406810758304772e+01 1.549994700000000059e+01 7.954442999999999930e-01 3.681439999999999824e+00 2.276237090189894298e+04 1.308828371769886088e-03
3.120376548072785194e+00 7.860173503690977448e+00 1.136923985216333532e+00 1.362352246779799120e-03 3.712064863757845501e+01 1.549994700000000059e+01 7.954442999999999930e-01 3.681439999999999824e+00 2.151106716203107499e+04 8.845946540315020737e-04
3.130495509114691988e+00 7.678174807529162038e+00 1.174287211240132356e+00 4.271839147073240237e-04 3.695886762582257035e+01 1.549994700000000059e+01 7.954442999999999930e-01 3.681439999999999824e+00 2.244964229020733183e+04 1.206670930463479233e-03
3.132640413994455031e+00 7.631544986151520327e+00 1.183627234217634605e+00 6.608097076826642546e-04 3.695526830013431407e+01 1.549994700000000059e+01 7.954442999999999930e-01 3.681439999999999824e+00 2.268465817680642795e+04 1.287263378379950498e-03
3.133165976545651876e+00 7.619777901083903515e+00 1.185937265813949981e+00 2.382391290095209769e-03 3.695450988123315739e+01 1.549994700000000059e+01 7.954442999999999930e-01 3.681439999999999824e+00 2.274344407104458514e+04 1.307221683872031390e-03
3.133285869928074341e+00 7.616519482121581142e+00 1.186498497113081640e+00 3.734658298434357596e-03 3.695431984564253725e+01 1.549994700000000059e+01 7.954442999999999930e-01 3.681439999999999824e+00 2.275790895408502183e+04 1.311368047240413877e-03
3.133297499847097711e+00 7.614152692415113499e+00 1.186689342499602784e+00 4.293418947664112348e-03 3.695422883046530416e+01 1.549994700000000059e+01 7.954442999999999930e-01 3.681439999999999824e+00 2.276158644551092948e+04 1.309153491547136944e-03
3.133173754045281534e+00 7.609356561470549174e+00 1.187219234838438942e+00 4.430756487972162781e-03 3.695408859918369870e+01 1.549994700000000059e+01 7.954442999999999930e-01 3.681439999999999824e+00 2.276234786039875689e+04 1.299654756239415187e-03
3.132818368331908410e+00 7.608875247854785862e+00 1.188771902962371341e+00 4.435423234424035709e-03 3.695407132203299483e+01 1.549994700000000059e+01 7.954442999999999930e-01 3.681439999999999824e+00 2.276236992694189394e+04 1.299553581907529924e-03
3.132818415014539948e+00 7.608875247854785862e+00 1.188771902962371341e+00 4.435423234424035709e-03 3.695407132203299483e+01 1.549994700000000059e+01 7.954442999999999930e-01 3.681439999999999824e+00 2.276236992694189394e+04 1.299553581907529924e-03
3.132818368331908410e+00 7.608875361235862833e+00 1.188771902962371341e+00 4.435423234424035709e-03 3.695407132203299483e+01 1.549994700000000059e+01 7.954442999999999930e-01 3.681439999999999824e+00 2.276236992694189394e+04 1.299553581907529924e-03
3.132818368331908410e+00 7.608875247854785862e+00 1.188771920676453098e+00 4.435423234424035709e-03 3.695407132203299483e+01 1.549994700000000059e+01 7.954442999999999930e-01 3.681439999999999824e+00 2.276236992694189394e+04 1.299553581907529924e-03
3.132818368331908410e+00 7.608875247854785862e+00 1.188771902962371341e+00 4.435438135585229556e-03 3.695407132203299483e+01 1.549994700000000059e+01 7.954442999999999930e-01 3.681439999999999824e+00 2.276236992694189394e+04 1.299553581907529924e-03
3.132818368331908410e+00 7.608875247854785862e+00 1.188771902962371341e+00 4.435423234424035709e-03 3.695407187269157134e+01 1.549994700000000059e+01 7.954442999999999930e-01 3.681439999999999824e+00 2.276236992694189394e+04 1.299553581907529924e-03
3.132818368331908410e+00 7.608875247854785862e+00 1.188771902962371341e+00 4.435423234424035709e-03 3.695407132203299483e+01 1.549994700000000059e+01 7.954442999999999930e-01 3.681439999999999824e+00 2.276237026612763657e+04 1.299553581907529924e-03
3.132818368331908410e+00 7.608875247854785862e+00 1.188771902962371341e+00 4.435423234424035709e-03 3.695407132203299483e+01 1.549994700000000059e+01 7.954442999999999930e-01 3.681439999999999824e+00 2.276236992694189394e+04 1.299568483068723771e-03
3.132922827380022923e+00 7.608899677640381221e+00 1.188703561506654349e+00 4.416125784210165467e-03 3.695407249847705344e+01 1.549994700000000059e+01 7.954442999999999930e-01 3.681439999999999824e+00 2.276236971693142186e+04 1.300825067257826506e-03
3.132922874064210994e+00 7.608899677640381221e+00 1.188703561506654349e+00 4.416125784210165467e-03 3.695407249847705344e+01 1.549994700000000059e+01 7.954442999999999930e-01 3.681439999999999824e+00 2.276236971693142186e+04 1.300825067257826506e-03
3.132922827380022923e+00 7.608899791021821457e+00 1.188703561506654349e+00 4.416125784210165467e-03 3.695407249847705344e+01 1.549994700000000059e+01 7.954442999999999930e-01 3.681439999999999824e+00 2.276236971693142186e+04 1.300825067257826506e-03
3.132922827380022923e+00 7.608899677640381221e+00 1.188703579219717810e+00 4.416125784210165467e-03 3.695407249847705344e+01 1.549994700000000059e+01 7.954442999999999930e-01 3.681439999999999824e+00 2.276236971693142186e+04 1.300825067257826506e-03
3.132922827380022923e+00 7.608899677640381221e+00 1.188703561506654349e+00 4.416140685371359315e-03 3.695407249847705344e+01 1.549994700000000059e+01 7.954442999999999930e-01 3.681439999999999824e+00 2.276236971693142186e+04 1.300825067257826506e-03
3.132922827380022923e+00 7.608899677640381221e+00 1.188703561506654349e+00 4.416125784210165467e-03 3.695407304913564417e+01 1.549994700000000059e+01 7.954442999999999930e-01 3.681439999999999824e+00 2.276236971693142186e+04 1.300825067257826506e-03
3.132922827380022923e+00 7.608899677640381221e+00 1.188703561506654349e+00 4.416125784210165467e-03 3.695407249847705344e+01 1.549994700000000059e+01 7.954442999999999930e-01 3.681439999999999824e+00 2.276237005611716086e+04 1.300825067257826506e-03
3.132922827380022923e+00 7.608899677640381221e+00 1.188703561506654349e+00 4.416125784210165467e-03 3.695407249847705344e+01 1.549994700000000059e+01 7.954442999999999930e-01 3.681439999999999824e+00 2.276236971693142186e+04 1.300839968419020354e-03
3.133072437871524230e+00 7.608912880696887093e+00 1.188481289530213036e+00 4.415977932800311569e-03 3.695407481534646621e+01 1.549994700000000059e+01 7.954442999999999930e-01 3.681439999999999824e+00 2.276236902385655412e+04 1.299790700750889060e-03
3.133072484557941628e+00 7.608912880696887093e+00 1.188481289530213036e+00 4.415977932800311569e-03 3.695407481534646621e+01 1.549994700000000059e+01 7.954442999999999930e-01 3.681439999999999824e+00 2.276236902385655412e+04 1.299790700750889060e-03
3.133072437871524230e+00 7.608912994078524505e+00 1.188481289530213036e+00 4.415977932800311569e-03 3.695407481534646621e+01 1.549994700000000059e+01 7.954442999999999930e-01 3.681439999999999824e+00 2.276236902385655412e+04 1.299790700750889060e-03
3.133072437871524230e+00 7.608912880696887093e+00 1.188481307239964258e+00 4.415977932800311569e-03 3.695407481534646621e+01 1.549994700000000059e+01 7.954442999999999930e-01 3.681439999999999824e+00 2.276236902385655412e+04 1.299790700750889060e-03
3.133072437871524230e+00 7.608912880696887093e+00 1.188481289530213036e+00 4.415992833961505416e-03 3.695407481534646621e+01 1.549994700000000059e+01 7.954442999999999930e-01 3.681439999999999824e+00 2.276236902385655412e+04 1.299790700750889060e-03
3.133072437871524230e+00 7.608912880696887093e+00 1.188481289530213036e+00 4.415977932800311569e-03 3.695407536600509246e+01 1.549994700000000059e+01 7.954442999999999930e-01 3.681439999999999824e+00 2.276236902385655412e+04 1.299790700750889060e-03
3.133072437871524230e+00 7.608912880696887093e+00 1.188481289530213036e+00 4.415977932800311569e-03 3.695407481534646621e+01 1.549994700000000059e+01 7.954442999999999930e-01 3.681439999999999824e+00 2.276236936304228584e+04 1.299790700750889060e-03
3.133072437871524230e+00 7.608912880696887093e+00 1.188481289530213036e+00 4.415977932800311569e-03 3.695407481534646621e+01 1.549994700000000059e+01 7.954442999999999930e-01 3.681439999999999824e+00 2.276236902385655412e+04 1.299805601912082907e-03
3.133199189645476945e+00 7.608941595381327083e+00 1.188218479755749568e+00 4.415701743709627043e-03 3.695412426160572039e+01 1.549994700000000059e+01 7.954442999999999930e-01 3.681439999999999824e+00 2.276236902380143147e+04 1.298852455604969196e-03
3.133199236333783055e+00 7.608941595381327083e+00 1.188218479755749568e+00 4.415701743709627043e-03 3.695412426160572039e+01 1.549994700000000059e+01 7.954442999999999930e-01 3.681439999999999824e+00 2.276236902380143147e+04 1.298852455604969196e-03
3.133199189645476945e+00 7.608941708763392597e+00 1.188218479755749568e+00 4.415701743709627043e-03 3.695412426160572039e+01 1.549994700000000059e+01 7.954442999999999930e-01 3.681439999999999824e+00 2.276236902380143147e+04 1.298852455604969196e-03
3.133199189645476945e+00 7.608941595381327083e+00 1.188218497461584588e+00 4.415701743709627043e-03 3.695412426160572039e+01 1.549994700000000059e+01 7.954442999999999930e-01 3.681439999999999824e+00 2.276236902380143147e+04 1.298852455604969196e-03
3.133199189645476945e+00 7.608941595381327083e+00 1.188218479755749568e+00 4.415716644870820891e-03 3.695412426160572039e+01 1.549994700000000059e+01 7.954442999999999930e-01 3.681439999999999824e+00 2.276236902380143147e+04 1.298852455604969196e-03
3.133199189645476945e+00 7.608941595381327083e+00 1.188218479755749568e+00 4.415701743709627043e-03 3.695412481226508561e+01 1.549994700000000059e+01 7.954442999999999930e-01 3.681439999999999824e+00 2.276236902380143147e+04 1.298852455604969196e-03
3.133199189645476945e+00 7.608941595381327083e+00 1.188218479755749568e+00 4.415701743709627043e-03 3.695412426160572039e+01 1.549994700000000059e+01 7.954442999999999930e-01 3.681439999999999824e+00 2.276236936298716319e+04 1.298852455604969196e-03
3.133199189645476945e+00 7.608941595381327083e+00 1.188218479755749568e+00 4.415701743709627043e-03 3.695412426160572039e+01 1.549994700000000059e+01 7.954442999999999930e-01 3.681439999999999824e+00 2.276236902380143147e+04 1.298867356766163043e-03
3.133266003424755919e+00 7.609085734229088516e+00 1.188000948808481283e+00 4.413176150171646377e-03 3.695428308125774208e+01 1.549994700000000059e+01 7.954442999999999930e-01 3.681439999999999824e+00 2.276236902353095138e+04 1.299004064245020849e-03
3.133266050114057677e+00 7.609085734229088516e+00 1.188000948808481283e+00 4.413176150171646377e-03 3.695428308125774208e+01 1.549994700000000059e+01 7.954442999999999930e-01 3.681439999999999824e+00 2.276236902353095138e+04 1.299004064245020849e-03
3.133266003424755919e+00 7.609085847613301645e+00 1.188000948808481283e+00 4.413176150171646377e-03 3.695428308125774208e+01 1.549994700000000059e+01 7.954442999999999930e-01 3.681439999999999824e+00 2.276236902353095138e+04 1.299004064245020849e-03
3.133266003424755919e+00 7.609085734229088516e+00 1.188000966511074896e+00 4.413176150171646377e-03 3.695428308125774208e+01 1.549994700000000059e+01 7.954442999999999930e-01 3.681439999999999824e+00 2.276236902353095138e+04 1.299004064245020849e-03
3.133266003424755919e+00 7.609085734229088516e+00 1.188000948808481283e+00 4.413191051332840224e-03 3.695428308125774208e+01 1.549994700000000059e+01 7.954442999999999930e-01 3.681439999999999824e+00 2.276236902353095138e+04 1.299004064245020849e-03
3.133266003424755919e+00 7.609085734229088516e+00 1.188000948808481283e+00 4.413176150171646377e-03 3.695428363191947341e+01 1.549994700000000059e+01 7.954442999999999930e-01 3.681439999999999824e+00 2.276236902353095138e+04 1.299004064245020849e-03
3.133266003424755919e+00 7.609085734229088516e+00 1.188000948808481283e+00 4.413176150171646377e-03 3.695428308125774208e+01 1.549994700000000059e+01 7.954442999999999930e-01 3.681439999999999824e+00 2.276236936271668310e+04 1.299004064245020849e-03
3.133266003424755919e+00 7.609085734229088516e+00 1.188000948808481283e+00 4.413176150171646377e-03 3.695428308125774208e+01 1.549994700000000059e+01 7.954442999999999930e-01 3.681439999999999824e+00 2.276236902353095138e+04 1.299018965406214697e-03
3.133283309187955279e+00 7.609561319128894219e+00 1.187940557197627589e+00 4.409112226358324199e-03 3.695473998215223332e+01 1.549994700000000059e+01 7.954442999999999930e-01 3.681439999999999824e+00 2.276234885570928236e+04 1.300113998856365768e-03
3.133283355877515053e+00 7.609561319128894219e+00 1.187940557197627589e+00 4.409112226358324199e-03 3.695473998215223332e+01 1.549994700000000059e+01 7.954442999999999930e-01 3.681439999999999824e+00 2.276234885570928236e+04 1.300113998856365768e-03
3.133283309187955279e+00 7.609561432520194124e+00 1.187940557197627589e+00 4.409112226358324199e-03 3.695473998215223332e+01 1.549994700000000059e+01 7.954442999999999930e-01 3.681439999999999824e+00 2.276234885570928236e+04 1.300113998856365768e-03
3.133283309187955279e+00 7.609561319128894219e+00 1.187940574899321255e+00 4.409112226358324199e-03 3.695473998215223332e+01 1.549994700000000059e+01 7.954442999999999930e-01 3.681439999999999824e+00 2.276234885570928236e+04 1.300113998856365768e-03
3.133283309187955279e+00 7.609561319128894219e+00 1.187940557197627589e+00 4.409127127519518047e-03 3.695473998215223332e+01 1.549994700000000059e+01 7.954442999999999930e-01 3.681439999999999824e+00 2.276234885570928236e+04 1.300113998856365768e-03
3.133283309187955279e+00 7.609561319128894219e+00 1.187940557197627589e+00 4.409112226358324199e-03 3.695474053282077165e+01 1.549994700000000059e+01 7.954442999999999930e-01 3.681439999999999824e+00 2.276234885570928236e+04 1.300113998856365768e-03
3.133283309187955279e+00 7.609561319128894219e+00 1.187940557197627589e+00 4.409112226358324199e-03 3.695473998215223332e+01 1.549994700000000059e+01 7.954442999999999930e-01 3.681439999999999824e+00 2.276234919489471213e+04 1.300113998856365768e-03
3.133283309187955279e+00 7.609561319128894219e+00 1.187940557197627589e+00 4.409112226358324199e-03 3.695473998215223332e+01 1.549994700000000059e+01 7.954442999999999930e-01 3.681439999999999824e+00 2.276234885570928236e+04 1.300128900017559616e-03
3.133282931135488170e+00 7.610462590449836640e+00 1.187903669239200877e+00 4.389816655527628217e-03 3.695568239751210626e+01 1.549994700000000059e+01 7.954442999999999930e-01 3.681439999999999824e+00 2.276230008007748256e+04 1.301988359080788558e-03
3.133282977825042170e+00 7.610462590449836640e+00 1.187903669239200877e+00 4.389816655527628217e-03 3.695568239751210626e+01 1.549994700000000059e+01 7.954442999999999930e-01 3.681439999999999824e+00 2.276230008007748256e+04 1.301988359080788558e-03
3.133282931135488170e+00 7.610462703854566691e+00 1.187903669239200877e+00 4.389816655527628217e-03 3.695568239751210626e+01 1.549994700000000059e+01 7.954442999999999930e-01 3.681439999999999824e+00 2.276230008007748256e+04 1.301988359080788558e-03
3.133282931135488170e+00 7.610462590449836640e+00 1.187903686940344983e+00 4.389816655527628217e-03 3.695568239751210626e+01 1.549994700000000059e+01 7.954442999999999930e-01 3.681439999999999824e+00 2.276230008007748256e+04 1.301988359080788558e-03
3.133282931135488170e+00 7.610462590449836640e+00 1.187903669239200877e+00 4.389831556688822065e-03 3.695568239751210626e+01 1.549994700000000059e+01 7.954442999999999930e-01 3.681439999999999824e+00 2.276230008007748256e+04 1.301988359080788558e-03
3.133282931135488170e+00 7.610462590449836640e+00 1.187903669239200877e+00 4.389816655527628217e-03 3.695568294819468491e+01 1.549994700000000059e+01 7.954442999999999930e-01 3.681439999999999824e+00 2.276230008007748256e+04 1.301988359080788558e-03
3.133282931135488170e+00 7.610462590449836640e+00 1.187903669239200877e+00 4.389816655527628217e-03 3.695568239751210626e+01 1.549994700000000059e+01 7.954442999999999930e-01 3.681439999999999824e+00 2.276230041926218473e+04 1.301988359080788558e-03
3.133282931135488170e+00 7.610462590449836640e+00 1.187903669239200877e+00 4.389816655527628217e-03 3.695568239751210626e+01 1.549994700000000059e+01 7.954442999999999930e-01 3.681439999999999824e+00 2.276230008007748256e+04 1.302003260241982405e-03
3.133325282357550812e+00 7.614957574655355721e+00 1.187856651216882442e+00 4.358877547110264795e-03 3.695570037007500019e+01 1.549994700000000059e+01 7.954442999999999930e-01 3.681439999999999824e+00 2.276213286571791105e+04 1.311483811177884852e-03
3.133325329047735863e+00 7.614957574655355721e+00 1.187856651216882442e+00 4.358877547110264795e-03 3.695570037007500019e+01 1.549994700000000059e+01 7.954442999999999930e-01 3.681439999999999824e+00 2.276213286571791105e+04 1.311483811177884852e-03
3.133325282357550812e+00 7.614957688127065971e+00 1.187856651216882442e+00 4.358877547110264795e-03 3.695570037007500019e+01 1.549994700000000059e+01 7.954442999999999930e-01 3.681439999999999824e+00 2.276213286571791105e+04 1.311483811177884852e-03
3.133325282357550812e+00 7.614957574655355721e+00 1.187856668917325775e+00 4.358877547110264795e-03 3.695570037007500019e+01 1.549994700000000059e+01 7.954442999999999930e-01 3.681439999999999824e+00 2.276213286571791105e+04 1.311483811177884852e-03
3.133325282357550812e+00 7.614957574655355721e+00 1.187856651216882442e+00 4.358892448271458643e-03 3.695570037007500019e+01 1.549994700000000059e+01 7.954442999999999930e-01 3.681439999999999824e+00 2.276213286571791105e+04 1.311483811177884852e-03
3.133325282357550812e+00 7.614957574655355721e+00 1.187856651216882442e+00 4.358877547110264795e-03 3.695570092075784885e+01 1.549994700000000059e+01 7.954442999999999930e-01 3.681439999999999824e+00 2.276213286571791105e+04 1.311483811177884852e-03
3.133325282357550812e+00 7.614957574655355721e+00 1.187856651216882442e+00 4.358877547110264795e-03 3.695570037007500019e+01 1.549994700000000059e+01 7.954442999999999930e-01 3.681439999999999824e+00 2.276213320490012120e+04 1.311483811177884852e-03
3.133325282357550812e+00 7.614957574655355721e+00 1.187856651216882442e+00 4.358877547110264795e-03 3.695570037007500019e+01 1.549994700000000059e+01 7.954442999999999930e-01 3.681439999999999824e+00 2.276213286571791105e+04 1.311498712339078700e-03
3.133335334003274131e+00 7.616055969200139053e+00 1.187825796240477461e+00 4.258584099170896475e-03 3.695570861360231874e+01 1.549994700000000059e+01 7.954442999999999930e-01 3.681439999999999824e+00 2.276156925079902066e+04 1.313891277962032705e-03
3.133335380693608840e+00 7.616055969200139053e+00 1.187825796240477461e+00 4.258584099170896475e-03 3.695570861360231874e+01 1.549994700000000059e+01 7.954442999999999930e-01 3.681439999999999824e+00 2.276156925079902066e+04 1.313891277962032705e-03
3.133335334003274131e+00 7.616056082688216655e+00 1.187825796240477461e+00 4.258584099170896475e-03 3.695570861360231874e+01 1.549994700000000059e+01 7.954442999999999930e-01 3.681439999999999824e+00 2.276156925079902066e+04 1.313891277962032705e-03
3.133335334003274131e+00 7.616055969200139053e+00 1.187825813940461162e+00 4.258584099170896475e-03 3.695570861360231874e+01 1.549994700000000059e+01 7.954442999999999930e-01 3.681439999999999824e+00 2.276156925079902066e+04 1.313891277962032705e-03
3.133335334003274131e+00 7.616055969200139053e+00 1.187825796240477461e+00 4.258599000332090323e-03 3.695570861360231874e+01 1.549994700000000059e+01 7.954442999999999930e-01 3.681439999999999824e+00 2.276156925079902066e+04 1.313891277962032705e-03
3.133335334003274131e+00 7.616055969200139053e+00 1.187825796240477461e+00 4.258584099170896475e-03 3.695570916428528818e+01 1.549994700000000059e+01 7.954442999999999930e-01 3.681439999999999824e+00 2.276156925079902066e+04 1.313891277962032705e-03
3.133335334003274131e+00 7.616055969200139053e+00 1.187825796240477461e+00 4.258584099170896475e-03 3.695570861360231874e+01 1.549994700000000059e+01 7.954442999999999930e-01 3.681439999999999824e+00 2.276156958997283436e+04 1.313891277962032705e-03
3.133335334003274131e+00 7.616055969200139053e+00 1.187825796240477461e+00 4.258584099170896475e-03 3.695570861360231874e+01 1.549994700000000059e+01 7.954442999999999930e-01 3.681439999999999824e+00 2.276156925079902066e+04 1.313906179123226553e-03
3.133325903400196566e+00 7.616327554446138848e+00 1.187794998330989671e+00 3.939615624728812562e-03 3.695620343071080782e+01 1.549994700000000059e+01 7.954442999999999930e-01 3.681439999999999824e+00 2.276059477340323429e+04 1.313607600601424553e-03
3.133325950090390943e+00 7.616327554446138848e+00 1.187794998330989671e+00 3.939615624728812562e-03 3.695620343071080782e+01 1.549994700000000059e+01 7.954442999999999930e-01 3.681439999999999824e+00 2.276059477340323429e+04 1.313607600601424553e-03
3.133325903400196566e+00 7.616327667938263879e+00 1.187794998330989671e+00 3.939615624728812562e-03 3.695620343071080782e+01 1.549994700000000059e+01 7.954442999999999930e-01 3.681439999999999824e+00 2.276059477340323429e+04 1.313607600601424553e-03
3.133325903400196566e+00 7.616327554446138848e+00 1.187795016030514406e+00 3.939615624728812562e-03 3.695620343071080782e+01 1.549994700000000059e+01 7.954442999999999930e-01 3.681439999999999824e+00 2.276059477340323429e+04 1.313607600601424553e-03
3.133325903400196566e+00 7.616327554446138848e+00 1.187794998330989671e+00 3.939630525890006410e-03 3.695620343071080782e+01 1.549994700000000059e+01 7.954442999999999930e-01 3.681439999999999824e+00 2.276059477340323429e+04 1.313607600601424553e-03
3.133325903400196566e+00 7.616327554446138848e+00 1.187794998330989671e+00 3.939615624728812562e-03 3.695620398140115270e+01 1.549994700000000059e+01 7.954442999999999930e-01 3.681439999999999824e+00 2.276059477340323429e+04 1.313607600601424553e-03
3.133325903400196566e+00 7.616327554446138848e+00 1.187794998330989671e+00 3.939615624728812562e-03 3.695620343071080782e+01 1.549994700000000059e+01 7.954442999999999930e-01 3.681439999999999824e+00 2.276059511256252517e+04 1.313607600601424553e-03
3.133325903400196566e+00 7.616327554446138848e+00 1.187794998330989671e+00 3.939615624728812562e-03 3.695620343071080782e+01 1.549994700000000059e+01 7.954442999999999930e-01 3.681439999999999824e+00 2.276059477340323429e+04 1.313622501762618400e-03
3.133306028139759114e+00 7.616826371091004688e+00 1.187762700065828847e+00 3.592553130356679076e-03 3.695621914256093987e+01 1.549994700000000059e+01 7.954442999999999930e-01 3.681439999999999824e+00 2.275829606727051942e+04 1.313018105368518812e-03
3.133306074829657284e+00 7.616826371091004688e+00 1.187762700065828847e+00 3.592553130356679076e-03 3.695621914256093987e+01 1.549994700000000059e+01 7.954442999999999930e-01 3.681439999999999824e+00 2.275829606727051942e+04 1.313018105368518812e-03
3.133306028139759114e+00 7.616826484590561996e+00 1.187762700065828847e+00 3.592553130356679076e-03 3.695621914256093987e+01 1.549994700000000059e+01 7.954442999999999930e-01 3.681439999999999824e+00 2.275829606727051942e+04 1.313018105368518812e-03
3.133306028139759114e+00 7.616826371091004688e+00 1.187762717764872411e+00 3.592553130356679076e-03 3.695621914256093987e+01 1.549994700000000059e+01 7.954442999999999930e-01 3.681439999999999824e+00 2.275829606727051942e+04 1.313018105368518812e-03
3.133306028139759114e+00 7.616826371091004688e+00 1.187762700065828847e+00 3.592568031517872924e-03 3.695621914256093987e+01 1.549994700000000059e+01 7.954442999999999930e-01 3.681439999999999824e+00 2.275829606727051942e+04 1.313018105368518812e-03
3.133306028139759114e+00 7.616826371091004688e+00 1.187762700065828847e+00 3.592553130356679076e-03 3.695621969325151923e+01 1.549994700000000059e+01 7.954442999999999930e-01 3.681439999999999824e+00 2.275829606727051942e+04 1.313018105368518812e-03
3.133306028139759114e+00 7.616826371091004688e+00 1.187762700065828847e+00 3.592553130356679076e-03 3.695621914256093987e+01 1.549994700000000059e+01 7.954442999999999930e-01 3.681439999999999824e+00 2.275829640639555873e+04 1.313018105368518812e-03
3.133306028139759114e+00 7.616826371091004688e+00 1.187762700065828847e+00 3.592553130356679076e-03 3.695621914256093987e+01 1.549994700000000059e+01 7.954442999999999930e-01 3.681439999999999824e+00 2.275829606727051942e+04 1.313033006529712660e-03
3.133247408587300775e+00 7.617636835675362761e+00 1.187695787793744184e+00 2.654100071405650439e-03 3.695797975240905942e+01 1.549994700000000059e+01 7.954442999999999930e-01 3.681439999999999824e+00 2.275401535895531197e+04 1.311482231735234183e-03
3.133247455276325422e+00 7.617636835675362761e+00 1.187695787793744184e+00 2.654100071405650439e-03 3.695797975240905942e+01 1.549994700000000059e+01 7.954442999999999930e-01 3.681439999999999824e+00 2.275401535895531197e+04 1.311482231735234183e-03
3.133247408587300775e+00 7.617636949186997519e+00 1.187695787793744184e+00 2.654100071405650439e-03 3.695797975240905942e+01 1.549994700000000059e+01 7.954442999999999930e-01 3.681439999999999824e+00 2.275401535895531197e+04 1.311482231735234183e-03
3.133247408587300775e+00 7.617636835675362761e+00 1.187695805491790546e+00 2.654100071405650439e-03 3.695797975240905942e+01 1.549994700000000059e+01 7.954442999999999930e-01 3.681439999999999824e+00 2.275401535895531197e+04 1.311482231735234183e-03
3.133247408587300775e+00 7.617636835675362761e+00 1.187695787793744184e+00 2.654114972566844286e-03 3.695797975240905942e+01 1.549994700000000059e+01 7.954442999999999930e-01 3.681439999999999824e+00 2.275401535895531197e+04 1.311482231735234183e-03
3.133247408587300775e+00 7.617636835675362761e+00 1.187695787793744184e+00 2.654100071405650439e-03 3.695798030312587201e+01 1.549994700000000059e+01 7.954442999999999930e-01 3.681439999999999824e+00 2.275401535895531197e+04 1.311482231735234183e-03
3.133247408587300775e+00 7.617636835675362761e+00 1.187695787793744184e+00 2.654100071405650439e-03 3.695797975240905942e+01 1.549994700000000059e+01 7.954442999999999930e-01 3.681439999999999824e+00 2.275401569801656296e+04 1.311482231735234183e-03
3.133247408587300775e+00 7.617636835675362761e+00 1.187695787793744184e+00 2.654100071405650439e-03 3.695797975240905942e+01 1.549994700000000059e+01 7.954442999999999930e-01 3.681439999999999824e+00 2.275401535895531197e+04 1.311497132896428030e-03
3.133170653549486762e+00 7.619595871767297801e+00 1.187502487492015701e+00 1.890144819957044389e-03 3.695803598240818388e+01 1.549994700000000059e+01 7.954442999999999930e-01 3.681439999999999824e+00 2.274449443713109940e+04 1.308391018711597921e-03
3.133170700237367878e+00 7.619595871767297801e+00 1.187502487492015701e+00 1.890144819957044389e-03 3.695803598240818388e+01 1.549994700000000059e+01 7.954442999999999930e-01 3.681439999999999824e+00 2.274449443713109940e+04 1.308391018711597921e-03
3.133170653549486762e+00 7.619595985308124320e+00 1.187502487492015701e+00 1.890144819957044389e-03 3.695803598240818388e+01 1.549994700000000059e+01 7.954442999999999930e-01 3.681439999999999824e+00 2.274449443713109940e+04 1.308391018711597921e-03
3.133170653549486762e+00 7.619595871767297801e+00 1.187502505187181701e+00 1.890144819957044389e-03 3.695803598240818388e+01 1.549994700000000059e+01 7.954442999999999930e-01 3.681439999999999824e+00 2.274449443713109940e+04 1.308391018711597921e-03
3.133170653549486762e+00 7.619595871767297801e+00 1.187502487492015701e+00 1.890159721118238236e-03 3.695803598240818388e+01 1.549994700000000059e+01 7.954442999999999930e-01 3.681439999999999824e+00 2.274449443713109940e+04 1.308391018711597921e-03
3.133170653549486762e+00 7.619595871767297801e+00 1.187502487492015701e+00 1.890144819957044389e-03 3.695803653312583492e+01 1.549994700000000059e+01 7.954442999999999930e-01 3.681439999999999824e+00 2.274449443713109940e+04 1.308391018711597921e-03
3.133170653549486762e+00 7.619595871767297801e+00 1.187502487492015701e+00 1.890144819957044389e-03 3.695803598240818388e+01 1.549994700000000059e+01 7.954442999999999930e-01 3.681439999999999824e+00 2.274449477605047650e+04 1.308391018711597921e-03
3.133170653549486762e+00 7.619595871767297801e+00 1.187502487492015701e+00 1.890144819957044389e-03 3.695803598240818388e+01 1.549994700000000059e+01 7.954442999999999930e-01 3.681439999999999824e+00 2.274449443713109940e+04 1.308405919872791768e-03
3.132956566425490585e+00 7.622971375700005936e+00 1.187129561003921641e+00 8.242295801081810005e-04 3.696270942342399479e+01 1.549994700000000059e+01 7.954442999999999930e-01 3.681439999999999824e+00 2.272529682054138539e+04 1.301850540085881195e-03
3.132956613110181365e+00 7.622971375700005936e+00 1.187129561003921641e+00 8.242295801081810005e-04 3.696270942342399479e+01 1.549994700000000059e+01 7.954442999999999930e-01 3.681439999999999824e+00 2.272529682054138539e+04 1.301850540085881195e-03
3.132956566425490585e+00 7.622971489291130887e+00 1.187129561003921641e+00 8.242295801081810005e-04 3.696270942342399479e+01 1.549994700000000059e+01 7.954442999999999930e-01 3.681439999999999824e+00 2.272529682054138539e+04 1.301850540085881195e-03
3.132956566425490585e+00 7.622971375700005936e+00 1.187129578693530529e+00 8.242295801081810005e-04 3.696270942342399479e+01 1.549994700000000059e+01 7.954442999999999930e-01 3.681439999999999824e+00 2.272529682054138539e+04 1.301850540085881195e-03
3.132956566425490585e+00 7.622971375700005936e+00 1.187129561003921641e+00 8.242444812693748481e-04 3.696270942342399479e+01 1.549994700000000059e+01 7.954442999999999930e-01 3.681439999999999824e+00 2.272529682054138539e+04 1.301850540085881195e-03
3.132956566425490585e+00 7.622971375700005936e+00 1.187129561003921641e+00 8.242295801081810005e-04 3.696270997421128612e+01 1.549994700000000059e+01 7.954442999999999930e-01 3.681439999999999824e+00 2.272529682054138539e+04 1.301850540085881195e-03
3.132956566425490585e+00 7.622971375700005936e+00 1.187129561003921641e+00 8.242295801081810005e-04 3.696270942342399479e+01 1.549994700000000059e+01 7.954442999999999930e-01 3.681439999999999824e+00 2.272529715917469730e+04 1.301850540085881195e-03
3.132956566425490585e+00 7.622971375700005936e+00 1.187129561003921641e+00 8.242295801081810005e-04 3.696270942342399479e+01 1.549994700000000059e+01 7.954442999999999930e-01 3.681439999999999824e+00 2.272529682054138539e+04 1.301865441247075043e-03
3.132914694848463188e+00 7.623366462979963565e+00 1.187091253310983419e+00 3.908149162714971681e-04 3.696388078584313774e+01 1.549994700000000059e+01 7.954442999999999930e-01 3.681439999999999824e+00 2.272503789931259234e+04 1.302130457600148613e-03
3.132914741532530023e+00 7.623366462979963565e+00 1.187091253310983419e+00 3.908149162714971681e-04 3.696388078584313774e+01 1.549994700000000059e+01 7.954442999999999930e-01 3.681439999999999824e+00 2.272503789931259234e+04 1.302130457600148613e-03
3.132914694848463188e+00 7.623366576576976250e+00 1.187091253310983419e+00 3.908149162714971681e-04 3.696388078584313774e+01 1.549994700000000059e+01 7.954442999999999930e-01 3.681439999999999824e+00 2.272503789931259234e+04 1.302130457600148613e-03
3.132914694848463188e+00 7.623366462979963565e+00 1.187091271000021431e+00 3.908149162714971681e-04 3.696388078584313774e+01 1.549994700000000059e+01 7.954442999999999930e-01 3.681439999999999824e+00 2.272503789931259234e+04 1.302130457600148613e-03
3.132914694848463188e+00 7.623366462979963565e+00 1.187091253310983419e+00 3.908298174326910158e-04 3.696388078584313774e+01 1.549994700000000059e+01 7.954442999999999930e-01 3.681439999999999824e+00 2.272503789931259234e+04 1.302130457600148613e-03
3.132914694848463188e+00 7.623366462979963565e+00 1.187091253310983419e+00 3.908149162714971681e-04 3.696388133664788711e+01 1.549994700000000059e+01 7.954442999999999930e-01 3.681439999999999824e+00 2.272503789931259234e+04 1.302130457600148613e-03
3.132914694848463188e+00 7.623366462979963565e+00 1.187091253310983419e+00 3.908149162714971681e-04 3.696388078584313774e+01 1.549994700000000059e+01 7.954442999999999930e-01 3.681439999999999824e+00 2.272503823794204436e+04 1.302130457600148613e-03
3.132914694848463188e+00 7.623366462979963565e+00 1.187091253310983419e+00 3.908149162714971681e-04 3.696388078584313774e+01 1.549994700000000059e+01 7.954442999999999930e-01 3.681439999999999824e+00 2.272503789931259234e+04 1.302145358761342461e-03
3.132222627154817918e+00 7.637676679522779288e+00 1.185540558083223894e+00 2.663353012632117822e-06 3.696408062821310381e+01 1.549994700000000059e+01 7.954442999999999930e-01 3.681439999999999824e+00 2.264690172580507351e+04 1.275141373808620160e-03
3.132222673828572113e+00 7.637676679522779288e+00 1.185540558083223894e+00 2.663353012632117822e-06 3.696408062821310381e+01 1.549994700000000059e+01 7.954442999999999930e-01 3.681439999999999824e+00 2.264690172580507351e+04 1.275141373808620160e-03
3.132222627154817918e+00 7.637676793333030290e+00 1.185540558083223894e+00 2.663353012632117822e-06 3.696408062821310381e+01 1.549994700000000059e+01 7.954442999999999930e-01 3.681439999999999824e+00 2.264690172580507351e+04 1.275141373808620160e-03
3.132222627154817918e+00 7.637676679522779288e+00 1.185540575749154835e+00 2.663353012632117822e-06 3.696408062821310381e+01 1.549994700000000059e+01 7.954442999999999930e-01 3.681439999999999824e+00 2.264690172580507351e+04 1.275141373808620160e-03
3.132222627154817918e+00 7.637676679522779288e+00 1.185540558083223894e+00 2.678254173825965478e-06 3.696408062821310381e+01 1.549994700000000059e+01 7.954442999999999930e-01 3.681439999999999824e+00 2.264690172580507351e+04 1.275141373808620160e-03
3.132222627154817918e+00 7.637676679522779288e+00 1.185540558083223894e+00 2.663353012632117822e-06 3.696408117902083035e+01 1.549994700000000059e+01 7.954442999999999930e-01 3.681439999999999824e+00 2.264690172580507351e+04 1.275141373808620160e-03
3.132222627154817918e+00 7.637676679522779288e+00 1.185540558083223894e+00 2.663353012632117822e-06 3.696408062821310381e+01 1.549994700000000059e+01 7.954442999999999930e-01 3.681439999999999824e+00 2.264690206327020496e+04 1.275141373808620160e-03
3.132222627154817918e+00 7.637676679522779288e+00 1.185540558083223894e+00 2.663353012632117822e-06 3.696408062821310381e+01 1.549994700000000059e+01 7.954442999999999930e-01 3.681439999999999824e+00 2.264690172580507351e+04 1.275156274969814008e-03
3.132149197958327580e+00 7.639209762101150325e+00 1.185397405251438441e+00 2.006122904316574560e-06 3.696287996138929088e+01 1.549994700000000059e+01 7.954442999999999930e-01 3.681439999999999824e+00 2.264638300559995332e+04 1.275934205000020267e-03
3.132149244630987539e+00 7.639209762101150325e+00 1.185397405251438441e+00 2.006122904316574560e-06 3.696287996138929088e+01 1.549994700000000059e+01 7.954442999999999930e-01 3.681439999999999824e+00 2.264638300559995332e+04 1.275934205000020267e-03
3.132149197958327580e+00 7.639209875934246163e+00 1.185397405251438441e+00 2.006122904316574560e-06 3.696287996138929088e+01 1.549994700000000059e+01 7.954442999999999930e-01 3.681439999999999824e+00 2.264638300559995332e+04 1.275934205000020267e-03
3.132149197958327580e+00 7.639209762101150325e+00 1.185397422915236199e+00 2.006122904316574560e-06 3.696287996138929088e+01 1.549994700000000059e+01 7.954442999999999930e-01 3.681439999999999824e+00 2.264638300559995332e+04 1.275934205000020267e-03
3.132149197958327580e+00 7.639209762101150325e+00 1.185397405251438441e+00 2.021024065510422216e-06 3.696287996138929088e+01 1.549994700000000059e+01 7.954442999999999930e-01 3.681439999999999824e+00 2.264638300559995332e+04 1.275934205000020267e-03
3.132149197958327580e+00 7.639209762101150325e+00 1.185397405251438441e+00 2.006122904316574560e-06 3.696288051217912596e+01 1.549994700000000059e+01 7.954442999999999930e-01 3.681439999999999824e+00 2.264638300559995332e+04 1.275934205000020267e-03
3.132149197958327580e+00 7.639209762101150325e+00 1.185397405251438441e+00 2.006122904316574560e-06 3.696287996138929088e+01 1.549994700000000059e+01 7.954442999999999930e-01 3.681439999999999824e+00 2.264638334305735771e+04 1.275934205000020267e-03
3.132149197958327580e+00 7.639209762101150325e+00 1.185397405251438441e+00 2.006122904316574560e-06 3.696287996138929088e+01 1.549994700000000059e+01 7.954442999999999930e-01 3.681439999999999824e+00 2.264638300559995332e+04 1.275949106161214115e-03
3.130412530225735956e+00 7.668092208741418503e+00 1.179129192385033775e+00 2.645655587399796025e-08 3.696319729372004304e+01 1.549994700000000059e+01 7.954442999999999930e-01 3.681439999999999824e+00 2.249027194481683546e+04 1.221664273756289248e-03
3.131723466462911887e+00 7.646428192410977154e+00 1.183811295657132501e+00 6.037922852791453319e-07 3.696290242269154902e+01 1.549994700000000059e+01 7.954442999999999930e-01 3.681439999999999824e+00 2.260735550183895975e+04 1.262443336365795055e-03
3.132050496260033068e+00 7.641010813413514846e+00 1.184981817261114179e+00 1.348215903244522582e-06 3.696288256893415536e+01 1.549994700000000059e+01 7.954442999999999930e-01 3.681439999999999824e+00 2.263662632310349727e+04 1.272638070648401173e-03
3.132050542931222203e+00 7.641010813413514846e+00 1.184981817261114179e+00 1.348215903244522582e-06 3.696288256893415536e+01 1.549994700000000059e+01 7.954442999999999930e-01 3.681439999999999824e+00 2.263662632310349727e+04 1.272638070648401173e-03
3.132050496260033068e+00 7.641010927273448772e+00 1.184981817261114179e+00 1.348215903244522582e-06 3.696288256893415536e+01 1.549994700000000059e+01 7.954442999999999930e-01 3.681439999999999824e+00 2.263662632310349727e+04 1.272638070648401173e-03
3.132050496260033068e+00 7.641010813413514846e+00 1.184981834918719334e+00 1.348215903244522582e-06 3.696288256893415536e+01 1.549994700000000059e+01 7.954442999999999930e-01 3.681439999999999824e+00 2.263662632310349727e+04 1.272638070648401173e-03
3.132050496260033068e+00 7.641010813413514846e+00 1.184981817261114179e+00 1.363117064438370239e-06 3.696288256893415536e+01 1.549994700000000059e+01 7.954442999999999930e-01 3.681439999999999824e+00 2.263662632310349727e+04 1.272638070648401173e-03
3.132050496260033068e+00 7.641010813413514846e+00 1.184981817261114179e+00 1.348215903244522582e-06 3.696288311972402596e+01 1.549994700000000059e+01 7.954442999999999930e-01 3.681439999999999824e+00 2.263662632310349727e+04 1.272638070648401173e-03
3.132050496260033068e+00 7.641010813413514846e+00 1.184981817261114179e+00 1.348215903244522582e-06 3.696288256893415536e+01 1.549994700000000059e+01 7.954442999999999930e-01 3.681439999999999824e+00 2.263662666041551347e+04 1.272638070648401173e-03
3.132050496260033068e+00 7.641010813413514846e+00 1.184981817261114179e+00 1.348215903244522582e-06 3.696288256893415536e+01 1.549994700000000059e+01 7.954442999999999930e-01 3.681439999999999824e+00 2.263662632310349727e+04 1.272652971809595020e-03
3.132050709915818576e+00 7.641010731078075047e+00 1.184981878103305464e+00 1.349127140622419198e-06 3.696288257141847566e+01 1.549994700000000059e+01 7.954442999999999930e-01 3.681439999999999824e+00 2.263662632287818269e+04 1.276859931534293476e-03
3.132050756587011264e+00 7.641010731078075047e+00 1.184981878103305464e+00 1.349127140622419198e-06 3.696288257141847566e+01 1.549994700000000059e+01 7.954442999999999930e-01 3.681439999999999824e+00 2.263662632287818269e+04 1.276859931534293476e-03
3.132050709915818576e+00 7.641010844938007196e+00 1.184981878103305464e+00 1.349127140622419198e-06 3.696288257141847566e+01 1.549994700000000059e+01 7.954442999999999930e-01 3.681439999999999824e+00 2.263662632287818269e+04 1.276859931534293476e-03
3.132050709915818576e+00 7.641010731078075047e+00 1.184981895760911508e+00 1.349127140622419198e-06 3.696288257141847566e+01 1.549994700000000059e+01 7.954442999999999930e-01 3.681439999999999824e+00 2.263662632287818269e+04 1.276859931534293476e-03
3.132050709915818576e+00 7.641010731078075047e+00 1.184981878103305464e+00 1.364028301816266854e-06 3.696288257141847566e+01 1.549994700000000059e+01 7.954442999999999930e-01 3.681439999999999824e+00 2.263662632287818269e+04 1.276859931534293476e-03
3.132050709915818576e+00 7.641010731078075047e+00 1.184981878103305464e+00 1.349127140622419198e-06 3.696288312220834626e+01 1.549994700000000059e+01 7.954442999999999930e-01 3.681439999999999824e+00 2.263662632287818269e+04 1.276859931534293476e-03
3.132050709915818576e+00 7.641010731078075047e+00 1.184981878103305464e+00 1.349127140622419198e-06 3.696288257141847566e+01 1.549994700000000059e+01 7.954442999999999930e-01 3.681439999999999824e+00 2.263662666019019889e+04 1.276859931534293476e-03
3.132050709915818576e+00 7.641010731078075047e+00 1.184981878103305464e+00 1.349127140622419198e-06 3.696288257141847566e+01 1.549994700000000059e+01 7.954442999999999930e-01 3.681439999999999824e+00 2.263662632287818269e+04 1.276874832695487324e-03
