3.205843000000000220e+00 7.511125999999999969e+00 1.235333999999999932e+00 1.528337999999999867e-05 3.753042800000000057e+01 1.549994700000000059e+01 7.954442999999999930e-01 3.681439999999999824e+00 2.571453499999999985e+04 0.000000000000000000e+00
3.205843047770783549e+00 7.511125999999999969e+00 1.235333999999999932e+00 1.528337999999999867e-05 3.753042800000000057e+01 1.549994700000000059e+01 7.954442999999999930e-01 3.681439999999999824e+00 2.571453499999999985e+04 0.000000000000000000e+00
3.205843000000000220e+00 7.511126111924498971e+00 1.235333999999999932e+00 1.528337999999999867e-05 3.753042800000000057e+01 1.549994700000000059e+01 7.954442999999999930e-01 3.681439999999999824e+00 2.571453499999999985e+04 0.000000000000000000e+00
3.205843000000000220e+00 7.511125999999999969e+00 1.235334018407910905e+00 1.528337999999999867e-05 3.753042800000000057e+01 1.549994700000000059e+01 7.954442999999999930e-01 3.681439999999999824e+00 2.571453499999999985e+04 0.000000000000000000e+00
3.205843000000000220e+00 7.511125999999999969e+00 1.235333999999999932e+00 1.529828116119384633e-05 3.753042800000000057e+01 1.549994700000000059e+01 7.954442999999999930e-01 3.681439999999999824e+00 2.571453499999999985e+04 0.000000000000000000e+00
3.205843000000000220e+00 7.511125999999999969e+00 1.235333999999999932e+00 1.528337999999999867e-05 3.753042855924695687e+01 1.549994700000000059e+01 7.954442999999999930e-01 3.681439999999999824e+00 2.571453499999999985e+04 0.000000000000000000e+00
3.205843000000000220e+00 7.511125999999999969e+00 1.235333999999999932e+00 1.528337999999999867e-05 3.753042800000000057e+01 1.549994700000000059e+01 7.954442999999999930e-01 3.681439999999999824e+00 2.571453538317642960e+04 0.000000000000000000e+00
3.205843000000000220e+00 7.511125999999999969e+00 1.235333999999999932e+00 1.528337999999999867e-05 3.753042800000000057e+01 1.549994700000000059e+01 7.954442999999999930e-01 3.681439999999999824e+00 2.571453499999999985e+04 1.490116119384765625e-08
3.205858898994910611e+00 7.511114513178207552e+00 1.235340579514620618e+00 1.559890553279437038e-05 3.753042813146435464e+01 1.549994700000000059e+01 7.954442999999999930e-01 3.681439999999999824e+00 2.571453498368830697e+04 5.051902706887082982e-04
3.205858946765930639e+00 7.511114513178207552e+00 1.235340579514620618e+00 1.559890553279437038e-05 3.753042813146435464e+01 1.549994700000000059e+01 7.954442999999999930e-01 3.681439999999999824e+00 2.571453498368830697e+04 5.051902706887082982e-04
3.205858898994910611e+00 7.511114625102536024e+00 1.235340579514620618e+00 1.559890553279437038e-05 3.753042813146435464e+01 1.549994700000000059e+01 7.954442999999999930e-01 3.681439999999999824e+00 2.571453498368830697e+04 5.051902706887082982e-04
3.205858898994910611e+00 7.511114513178207552e+00 1.235340597922629735e+00 1.559890553279437038e-05 3.753042813146435464e+01 1.549994700000000059e+01 7.954442999999999930e-01 3.681439999999999824e+00 2.571453498368830697e+04 5.051902706887082982e-04
3.205858898994910611e+00 7.511114513178207552e+00 1.235340579514620618e+00 1.561380669398821803e-05 3.753042813146435464e+01 1.549994700000000059e+01 7.954442999999999930e-01 3.681439999999999824e+00 2.571453498368830697e+04 5.051902706887082982e-04
3.205858898994910611e+00 7.511114513178207552e+00 1.235340579514620618e+00 1.559890553279437038e-05 3.753042869071131094e+01 1.549994700000000059e+01 7.954442999999999930e-01 3.681439999999999824e+00 2.571453498368830697e+04 5.051902706887082982e-04
3.205858898994910611e+00 7.511114513178207552e+00 1.235340579514620618e+00 1.559890553279437038e-05 3.753042813146435464e+01 1.549994700000000059e+01 7.954442999999999930e-01 3.681439999999999824e+00 2.571453536686473672e+04 5.051902706887082982e-04
3.205858898994910611e+00 7.511114513178207552e+00 1.235340579514620618e+00 1.559890553279437038e-05 3.753042813146435464e+01 1.549994700000000059e+01 7.954442999999999930e-01 3.681439999999999824e+00 2.571453498368830697e+04 5.052051718499021458e-04
3.167686386275402111e+00 7.294634208890442117e+00 1.239105184965130446e+00 1.540724417347828106e-05 3.706863667976682564e+01 1.549994700000000059e+01 7.954442999999999930e-01 3.681439999999999824e+00 2.587928440018833862e+04 3.123058513619581065e-03
3.167686433477607366e+00 7.294634208890442117e+00 1.239105184965130446e+00 1.540724417347828106e-05 3.706863667976682564e+01 1.549994700000000059e+01 7.954442999999999930e-01 3.681439999999999824e+00 2.587928440018833862e+04 3.123058513619581065e-03
3.167686386275402111e+00 7.294634317588962524e+00 1.239105184965130446e+00 1.540724417347828106e-05 3.706863667976682564e+01 1.549994700000000059e+01 7.954442999999999930e-01 3.681439999999999824e+00 2.587928440018833862e+04 3.123058513619581065e-03
3.167686386275402111e+00 7.294634208890442117e+00 1.239105203429236468e+00 1.540724417347828106e-05 3.706863667976682564e+01 1.549994700000000059e+01 7.954442999999999930e-01 3.681439999999999824e+00 2.587928440018833862e+04 3.123058513619581065e-03
3.167686386275402111e+00 7.294634208890442117e+00 1.239105184965130446e+00 1.542214533467212872e-05 3.706863667976682564e+01 1.549994700000000059e+01 7.954442999999999930e-01 3.681439999999999824e+00 2.587928440018833862e+04 3.123058513619581065e-03
3.167686386275402111e+00 7.294634208890442117e+00 1.239105184965130446e+00 1.540724417347828106e-05 3.706863723213255923e+01 1.549994700000000059e+01 7.954442999999999930e-01 3.681439999999999824e+00 2.587928440018833862e+04 3.123058513619581065e-03
3.167686386275402111e+00 7.294634208890442117e+00 1.239105184965130446e+00 1.540724417347828106e-05 3.706863667976682564e+01 1.549994700000000059e+01 7.954442999999999930e-01 3.681439999999999824e+00 2.587928478581972740e+04 3.123058513619581065e-03
3.167686386275402111e+00 7.294634208890442117e+00 1.239105184965130446e+00 1.540724417347828106e-05 3.706863667976682564e+01 1.549994700000000059e+01 7.954442999999999930e-01 3.681439999999999824e+00 2.587928440018833862e+04 3.123073414780774913e-03
3.162774826547176676e+00 7.144896012871029711e+00 1.250974885707256012e+00 1.532710151068820913e-05 3.700556402154708024e+01 1.549994700000000059e+01 7.954442999999999930e-01 3.681439999999999824e+00 2.620878327404834636e+04 3.059823549306239093e-03
3.162774873676194254e+00 7.144896012871029711e+00 1.250974885707256012e+00 1.532710151068820913e-05 3.700556402154708024e+01 1.549994700000000059e+01 7.954442999999999930e-01 3.681439999999999824e+00 2.620878327404834636e+04 3.059823549306239093e-03
3.162774826547176676e+00 7.144896119338277174e+00 1.250974885707256012e+00 1.532710151068820913e-05 3.700556402154708024e+01 1.549994700000000059e+01 7.954442999999999930e-01 3.681439999999999824e+00 2.620878327404834636e+04 3.059823549306239093e-03
3.162774826547176676e+00 7.144896012871029711e+00 1.250974904348234329e+00 1.532710151068820913e-05 3.700556402154708024e+01 1.549994700000000059e+01 7.954442999999999930e-01 3.681439999999999824e+00 2.620878327404834636e+04 3.059823549306239093e-03
3.162774826547176676e+00 7.144896012871029711e+00 1.250974885707256012e+00 1.534200267188205678e-05 3.700556402154708024e+01 1.549994700000000059e+01 7.954442999999999930e-01 3.681439999999999824e+00 2.620878327404834636e+04 3.059823549306239093e-03
3.162774826547176676e+00 7.144896012871029711e+00 1.250974885707256012e+00 1.532710151068820913e-05 3.700556457297295765e+01 1.549994700000000059e+01 7.954442999999999930e-01 3.681439999999999824e+00 2.620878327404834636e+04 3.059823549306239093e-03
3.162774826547176676e+00 7.144896012871029711e+00 1.250974885707256012e+00 1.532710151068820913e-05 3.700556402154708024e+01 1.549994700000000059e+01 7.954442999999999930e-01 3.681439999999999824e+00 2.620878366458964956e+04 3.059823549306239093e-03
3.162774826547176676e+00 7.144896012871029711e+00 1.250974885707256012e+00 1.532710151068820913e-05 3.700556402154708024e+01 1.549994700000000059e+01 7.954442999999999930e-01 3.681439999999999824e+00 2.620878327404834636e+04 3.059838450467432941e-03
3.162914180906452266e+00 7.144896030933340469e+00 1.251987307967499907e+00 4.735071237246246678e-02 3.702213245743116232e+01 1.549994700000000059e+01 7.954442999999999930e-01 3.681439999999999824e+00 2.620841381482182624e+04 3.060387072219881901e-03
3.162914228037546405e+00 7.144896030933340469e+00 1.251987307967499907e+00 4.735071237246246678e-02 3.702213245743116232e+01 1.549994700000000059e+01 7.954442999999999930e-01 3.681439999999999824e+00 2.620841381482182624e+04 3.060387072219881901e-03
3.162914180906452266e+00 7.144896137400587932e+00 1.251987307967499907e+00 4.735071237246246678e-02 3.702213245743116232e+01 1.549994700000000059e+01 7.954442999999999930e-01 3.681439999999999824e+00 2.620841381482182624e+04 3.060387072219881901e-03
3.162914180906452266e+00 7.144896030933340469e+00 1.251987326623564600e+00 4.735071237246246678e-02 3.702213245743116232e+01 1.549994700000000059e+01 7.954442999999999930e-01 3.681439999999999824e+00 2.620841381482182624e+04 3.060387072219881901e-03
3.162914180906452266e+00 7.144896030933340469e+00 1.251987307967499907e+00 4.735072727362366063e-02 3.702213245743116232e+01 1.549994700000000059e+01 7.954442999999999930e-01 3.681439999999999824e+00 2.620841381482182624e+04 3.060387072219881901e-03
3.162914180906452266e+00 7.144896030933340469e+00 1.251987307967499907e+00 4.735071237246246678e-02 3.702213300910392491e+01 1.549994700000000059e+01 7.954442999999999930e-01 3.681439999999999824e+00 2.620841381482182624e+04 3.060387072219881901e-03
3.162914180906452266e+00 7.144896030933340469e+00 1.251987307967499907e+00 4.735071237246246678e-02 3.702213245743116232e+01 1.549994700000000059e+01 7.954442999999999930e-01 3.681439999999999824e+00 2.620841420535762518e+04 3.060387072219881901e-03
3.162914180906452266e+00 7.144896030933340469e+00 1.251987307967499907e+00 4.735071237246246678e-02 3.702213245743116232e+01 1.549994700000000059e+01 7.954442999999999930e-01 3.681439999999999824e+00 2.620841381482182624e+04 3.060401973381075749e-03
3.166446270131121121e+00 7.057689526410293013e+00 1.267389595030533833e+00 4.542238134734672556e-02 3.707118661371259094e+01 1.549994700000000059e+01 7.954442999999999930e-01 3.681439999999999824e+00 2.686741162525730397e+04 3.281945879772196154e-03
3.166446317314847381e+00 7.057689526410293013e+00 1.267389595030533833e+00 4.542238134734672556e-02 3.707118661371259094e+01 1.549994700000000059e+01 7.954442999999999930e-01 3.681439999999999824e+00 2.686741162525730397e+04 3.281945879772196154e-03
3.166446270131121121e+00 7.057689631578062617e+00 1.267389595030533833e+00 4.542238134734672556e-02 3.707118661371259094e+01 1.549994700000000059e+01 7.954442999999999930e-01 3.681439999999999824e+00 2.686741162525730397e+04 3.281945879772196154e-03
3.166446270131121121e+00 7.057689526410293013e+00 1.267389613916110491e+00 4.542238134734672556e-02 3.707118661371259094e+01 1.549994700000000059e+01 7.954442999999999930e-01 3.681439999999999824e+00 2.686741162525730397e+04 3.281945879772196154e-03
3.166446270131121121e+00 7.057689526410293013e+00 1.267389595030533833e+00 4.542239624850791940e-02 3.707118661371259094e+01 1.549994700000000059e+01 7.954442999999999930e-01 3.681439999999999824e+00 2.686741162525730397e+04 3.281945879772196154e-03
3.166446270131121121e+00 7.057689526410293013e+00 1.267389595030533833e+00 4.542238134734672556e-02 3.707118716611631726e+01 1.549994700000000059e+01 7.954442999999999930e-01 3.681439999999999824e+00 2.686741162525730397e+04 3.281945879772196154e-03
3.166446270131121121e+00 7.057689526410293013e+00 1.267389595030533833e+00 4.542238134734672556e-02 3.707118661371259094e+01 1.549994700000000059e+01 7.954442999999999930e-01 3.681439999999999824e+00 2.686741202561293539e+04 3.281945879772196154e-03
3.166446270131121121e+00 7.057689526410293013e+00 1.267389595030533833e+00 4.542238134734672556e-02 3.707118661371259094e+01 1.549994700000000059e+01 7.954442999999999930e-01 3.681439999999999824e+00 2.686741162525730397e+04 3.281960780933390002e-03
3.166717631458111804e+00 7.057689529820019736e+00 1.269825583886777354e+00 1.289107798106568781e-02 3.711255082680185069e+01 1.549994700000000059e+01 7.954442999999999930e-01 3.681439999999999824e+00 2.686595097721894126e+04 3.282998938024721345e-03
3.166960229706242025e+00 7.059356546949786981e+00 1.269295848776558433e+00 3.227732735412908172e-02 3.707121646254569214e+01 1.549994700000000059e+01 7.954442999999999930e-01 3.681439999999999824e+00 2.686760092069978054e+04 3.282514237738455489e-03
3.166960276897627047e+00 7.059356546949786981e+00 1.269295848776558433e+00 3.227732735412908172e-02 3.707121646254569214e+01 1.549994700000000059e+01 7.954442999999999930e-01 3.681439999999999824e+00 2.686760092069978054e+04 3.282514237738455489e-03
3.166960229706242025e+00 7.059356652142397159e+00 1.269295848776558433e+00 3.227732735412908172e-02 3.707121646254569214e+01 1.549994700000000059e+01 7.954442999999999930e-01 3.681439999999999824e+00 2.686760092069978054e+04 3.282514237738455489e-03
3.166960229706242025e+00 7.059356546949786981e+00 1.269295867690540369e+00 3.227732735412908172e-02 3.707121646254569214e+01 1.549994700000000059e+01 7.954442999999999930e-01 3.681439999999999824e+00 2.686760092069978054e+04 3.282514237738455489e-03
3.166960229706242025e+00 7.059356546949786981e+00 1.269295848776558433e+00 3.227734225529027556e-02 3.707121646254569214e+01 1.549994700000000059e+01 7.954442999999999930e-01 3.681439999999999824e+00 2.686760092069978054e+04 3.282514237738455489e-03
3.166960229706242025e+00 7.059356546949786981e+00 1.269295848776558433e+00 3.227732735412908172e-02 3.707121701494986610e+01 1.549994700000000059e+01 7.954442999999999930e-01 3.681439999999999824e+00 2.686760092069978054e+04 3.282514237738455489e-03
3.166960229706242025e+00 7.059356546949786981e+00 1.269295848776558433e+00 3.227732735412908172e-02 3.707121646254569214e+01 1.549994700000000059e+01 7.954442999999999930e-01 3.681439999999999824e+00 2.686760132105823141e+04 3.282514237738455489e-03
3.166960229706242025e+00 7.059356546949786981e+00 1.269295848776558433e+00 3.227732735412908172e-02 3.707121646254569214e+01 1.549994700000000059e+01 7.954442999999999930e-01 3.681439999999999824e+00 2.686760092069978054e+04 3.282529138899649337e-03
3.166936368179616768e+00 7.060663436288768580e+00 1.268365268744657604e+00 3.088258745346039724e-02 3.707331069384029831e+01 1.549994700000000059e+01 7.954442999999999930e-01 3.681439999999999824e+00 2.686761167438371922e+04 3.287221194753945069e-03
3.166936415370646074e+00 7.060663436288768580e+00 1.268365268744657604e+00 3.088258745346039724e-02 3.707331069384029831e+01 1.549994700000000059e+01 7.954442999999999930e-01 3.681439999999999824e+00 2.686761167438371922e+04 3.287221194753945069e-03
3.166936368179616768e+00 7.060663541500852958e+00 1.268365268744657604e+00 3.088258745346039724e-02 3.707331069384029831e+01 1.549994700000000059e+01 7.954442999999999930e-01 3.681439999999999824e+00 2.686761167438371922e+04 3.287221194753945069e-03
3.166936368179616768e+00 7.060663436288768580e+00 1.268365287644772854e+00 3.088258745346039724e-02 3.707331069384029831e+01 1.549994700000000059e+01 7.954442999999999930e-01 3.681439999999999824e+00 2.686761167438371922e+04 3.287221194753945069e-03
3.166936368179616768e+00 7.060663436288768580e+00 1.268365268744657604e+00 3.088260235462159109e-02 3.707331069384029831e+01 1.549994700000000059e+01 7.954442999999999930e-01 3.681439999999999824e+00 2.686761167438371922e+04 3.287221194753945069e-03
3.166936368179616768e+00 7.060663436288768580e+00 1.268365268744657604e+00 3.088258745346039724e-02 3.707331124627567931e+01 1.549994700000000059e+01 7.954442999999999930e-01 3.681439999999999824e+00 2.686761167438371922e+04 3.287221194753945069e-03
3.166936368179616768e+00 7.060663436288768580e+00 1.268365268744657604e+00 3.088258745346039724e-02 3.707331069384029831e+01 1.549994700000000059e+01 7.954442999999999930e-01 3.681439999999999824e+00 2.686761207474233015e+04 3.287221194753945069e-03
3.166936368179616768e+00 7.060663436288768580e+00 1.268365268744657604e+00 3.088258745346039724e-02 3.707331069384029831e+01 1.549994700000000059e+01 7.954442999999999930e-01 3.681439999999999824e+00 2.686761167438371922e+04 3.287236095915138916e-03
3.166881230501294109e+00 7.060357772095213313e+00 1.268367323887081177e+00 2.619392199842398780e-02 3.708122337783490252e+01 1.549994700000000059e+01 7.954442999999999930e-01 3.681439999999999824e+00 2.686761189284779903e+04 3.287084894639824909e-03
3.166881277691501850e+00 7.060357772095213313e+00 1.268367323887081177e+00 2.619392199842398780e-02 3.708122337783490252e+01 1.549994700000000059e+01 7.954442999999999930e-01 3.681439999999999824e+00 2.686761189284779903e+04 3.287084894639824909e-03
3.166881230501294109e+00 7.060357877302742224e+00 1.268367323887081177e+00 2.619392199842398780e-02 3.708122337783490252e+01 1.549994700000000059e+01 7.954442999999999930e-01 3.681439999999999824e+00 2.686761189284779903e+04 3.287084894639824909e-03
3.166881230501294109e+00 7.060357772095213313e+00 1.268367342787227070e+00 2.619392199842398780e-02 3.708122337783490252e+01 1.549994700000000059e+01 7.954442999999999930e-01 3.681439999999999824e+00 2.686761189284779903e+04 3.287084894639824909e-03
3.166881230501294109e+00 7.060357772095213313e+00 1.268367323887081177e+00 2.619393689958518165e-02 3.708122337783490252e+01 1.549994700000000059e+01 7.954442999999999930e-01 3.681439999999999824e+00 2.686761189284779903e+04 3.287084894639824909e-03
3.166881230501294109e+00 7.060357772095213313e+00 1.268367323887081177e+00 2.619392199842398780e-02 3.708122393038819098e+01 1.549994700000000059e+01 7.954442999999999930e-01 3.681439999999999824e+00 2.686761189284779903e+04 3.287084894639824909e-03
3.166881230501294109e+00 7.060357772095213313e+00 1.268367323887081177e+00 2.619392199842398780e-02 3.708122337783490252e+01 1.549994700000000059e+01 7.954442999999999930e-01 3.681439999999999824e+00 2.686761229320641360e+04 3.287084894639824909e-03
3.166881230501294109e+00 7.060357772095213313e+00 1.268367323887081177e+00 2.619392199842398780e-02 3.708122337783490252e+01 1.549994700000000059e+01 7.954442999999999930e-01 3.681439999999999824e+00 2.686761189284779903e+04 3.287099795801018756e-03
3.167234723248478545e+00 7.060705761815018633e+00 1.268943810056622379e+00 4.905879688335210154e-05 3.708124274702550593e+01 1.549994700000000059e+01 7.954442999999999930e-01 3.681439999999999824e+00 2.686798460631704802e+04 3.287779531417368232e-03
3.167234770443953629e+00 7.060705761815018633e+00 1.268943810056622379e+00 4.905879688335210154e-05 3.708124274702550593e+01 1.549994700000000059e+01 7.954442999999999930e-01 3.681439999999999824e+00 2.686798460631704802e+04 3.287779531417368232e-03
3.167234723248478545e+00 7.060705867027733618e+00 1.268943810056622379e+00 4.905879688335210154e-05 3.708124274702550593e+01 1.549994700000000059e+01 7.954442999999999930e-01 3.681439999999999824e+00 2.686798460631704802e+04 3.287779531417368232e-03
3.167234723248478545e+00 7.060705761815018633e+00 1.268943828965358733e+00 4.905879688335210154e-05 3.708124274702550593e+01 1.549994700000000059e+01 7.954442999999999930e-01 3.681439999999999824e+00 2.686798460631704802e+04 3.287779531417368232e-03
3.167234723248478545e+00 7.060705761815018633e+00 1.268943810056622379e+00 4.907369804454594919e-05 3.708124274702550593e+01 1.549994700000000059e+01 7.954442999999999930e-01 3.681439999999999824e+00 2.686798460631704802e+04 3.287779531417368232e-03
3.167234723248478545e+00 7.060705761815018633e+00 1.268943810056622379e+00 4.905879688335210154e-05 3.708124329957907861e+01 1.549994700000000059e+01 7.954442999999999930e-01 3.681439999999999824e+00 2.686798460631704802e+04 3.287779531417368232e-03
3.167234723248478545e+00 7.060705761815018633e+00 1.268943810056622379e+00 4.905879688335210154e-05 3.708124274702550593e+01 1.549994700000000059e+01 7.954442999999999930e-01 3.681439999999999824e+00 2.686798500668121778e+04 3.287779531417368232e-03
3.167234723248478545e+00 7.060705761815018633e+00 1.268943810056622379e+00 4.905879688335210154e-05 3.708124274702550593e+01 1.549994700000000059e+01 7.954442999999999930e-01 3.681439999999999824e+00 2.686798460631704802e+04 3.287794432578562080e-03
3.167198277304832388e+00 7.060869555154496879e+00 1.268810421989417403e+00 4.150596903095433174e-05 3.708051801225177968e+01 1.549994700000000059e+01 7.954442999999999930e-01 3.681439999999999824e+00 2.686803802430533324e+04 3.288291687293171638e-03
3.167198324499764350e+00 7.060869555154496879e+00 1.268810421989417403e+00 4.150596903095433174e-05 3.708051801225177968e+01 1.549994700000000059e+01 7.954442999999999930e-01 3.681439999999999824e+00 2.686803802430533324e+04 3.288291687293171638e-03
3.167198277304832388e+00 7.060869660369652578e+00 1.268810421989417403e+00 4.150596903095433174e-05 3.708051801225177968e+01 1.549994700000000059e+01 7.954442999999999930e-01 3.681439999999999824e+00 2.686803802430533324e+04 3.288291687293171638e-03
3.167198277304832388e+00 7.060869555154496879e+00 1.268810440896166014e+00 4.150596903095433174e-05 3.708051801225177968e+01 1.549994700000000059e+01 7.954442999999999930e-01 3.681439999999999824e+00 2.686803802430533324e+04 3.288291687293171638e-03
3.167198277304832388e+00 7.060869555154496879e+00 1.268810421989417403e+00 4.152087019214817940e-05 3.708051801225177968e+01 1.549994700000000059e+01 7.954442999999999930e-01 3.681439999999999824e+00 2.686803802430533324e+04 3.288291687293171638e-03
3.167198277304832388e+00 7.060869555154496879e+00 1.268810421989417403e+00 4.150596903095433174e-05 3.708051856479455921e+01 1.549994700000000059e+01 7.954442999999999930e-01 3.681439999999999824e+00 2.686803802430533324e+04 3.288291687293171638e-03
3.167198277304832388e+00 7.060869555154496879e+00 1.268810421989417403e+00 4.150596903095433174e-05 3.708051801225177968e+01 1.549994700000000059e+01 7.954442999999999930e-01 3.681439999999999824e+00 2.686803842467029972e+04 3.288291687293171638e-03
3.167198277304832388e+00 7.060869555154496879e+00 1.268810421989417403e+00 4.150596903095433174e-05 3.708051801225177968e+01 1.549994700000000059e+01 7.954442999999999930e-01 3.681439999999999824e+00 2.686803802430533324e+04 3.288306588454365485e-03
3.167253309184909771e+00 7.060940324966827220e+00 1.268811273205234791e+00 9.503242584896479572e-06 3.707633733166733947e+01 1.549994700000000059e+01 7.954442999999999930e-01 3.681439999999999824e+00 2.686814476532894696e+04 3.288210967118941098e-03
3.167253356380661966e+00 7.060940324966827220e+00 1.268811273205234791e+00 9.503242584896479572e-06 3.707633733166733947e+01 1.549994700000000059e+01 7.954442999999999930e-01 3.681439999999999824e+00 2.686814476532894696e+04 3.288210967118941098e-03
3.167253309184909771e+00 7.060940430183037186e+00 1.268811273205234791e+00 9.503242584896479572e-06 3.707633733166733947e+01 1.549994700000000059e+01 7.954442999999999930e-01 3.681439999999999824e+00 2.686814476532894696e+04 3.288210967118941098e-03
3.167253309184909771e+00 7.060940324966827220e+00 1.268811292111996059e+00 9.503242584896479572e-06 3.707633733166733947e+01 1.549994700000000059e+01 7.954442999999999930e-01 3.681439999999999824e+00 2.686814476532894696e+04 3.288210967118941098e-03
3.167253309184909771e+00 7.060940324966827220e+00 1.268811273205234791e+00 9.518143746090327228e-06 3.707633733166733947e+01 1.549994700000000059e+01 7.954442999999999930e-01 3.681439999999999824e+00 2.686814476532894696e+04 3.288210967118941098e-03
3.167253309184909771e+00 7.060940324966827220e+00 1.268811273205234791e+00 9.503242584896479572e-06 3.707633788414781861e+01 1.549994700000000059e+01 7.954442999999999930e-01 3.681439999999999824e+00 2.686814476532894696e+04 3.288210967118941098e-03
3.167253309184909771e+00 7.060940324966827220e+00 1.268811273205234791e+00 9.503242584896479572e-06 3.707633733166733947e+01 1.549994700000000059e+01 7.954442999999999930e-01 3.681439999999999824e+00 2.686814516569550324e+04 3.288210967118941098e-03
3.167253309184909771e+00 7.060940324966827220e+00 1.268811273205234791e+00 9.503242584896479572e-06 3.707633733166733947e+01 1.549994700000000059e+01 7.954442999999999930e-01 3.681439999999999824e+00 2.686814476532894696e+04 3.288225868280134946e-03
3.167269331350335282e+00 7.060980774956338024e+00 1.268813437054317372e+00 2.630214202554097073e-06 3.707436253140937055e+01 1.549994700000000059e+01 7.954442999999999930e-01 3.681439999999999824e+00 2.686825160034714281e+04 3.288261479811550522e-03
3.167269378546325953e+00 7.060980774956338024e+00 1.268813437054317372e+00 2.630214202554097073e-06 3.707436253140937055e+01 1.549994700000000059e+01 7.954442999999999930e-01 3.681439999999999824e+00 2.686825160034714281e+04 3.288261479811550522e-03
3.167269331350335282e+00 7.060980880173151064e+00 1.268813437054317372e+00 2.630214202554097073e-06 3.707436253140937055e+01 1.549994700000000059e+01 7.954442999999999930e-01 3.681439999999999824e+00 2.686825160034714281e+04 3.288261479811550522e-03
3.167269331350335282e+00 7.060980774956338024e+00 1.268813455961110837e+00 2.630214202554097073e-06 3.707436253140937055e+01 1.549994700000000059e+01 7.954442999999999930e-01 3.681439999999999824e+00 2.686825160034714281e+04 3.288261479811550522e-03
3.167269331350335282e+00 7.060980774956338024e+00 1.268813437054317372e+00 2.645115363747944729e-06 3.707436253140937055e+01 1.549994700000000059e+01 7.954442999999999930e-01 3.681439999999999824e+00 2.686825160034714281e+04 3.288261479811550522e-03
3.167269331350335282e+00 7.060980774956338024e+00 1.268813437054317372e+00 2.630214202554097073e-06 3.707436308386042612e+01 1.549994700000000059e+01 7.954442999999999930e-01 3.681439999999999824e+00 2.686825160034714281e+04 3.288261479811550522e-03
3.167269331350335282e+00 7.060980774956338024e+00 1.268813437054317372e+00 2.630214202554097073e-06 3.707436253140937055e+01 1.549994700000000059e+01 7.954442999999999930e-01 3.681439999999999824e+00 2.686825200071529252e+04 3.288261479811550522e-03
3.167269331350335282e+00 7.060980774956338024e+00 1.268813437054317372e+00 2.630214202554097073e-06 3.707436253140937055e+01 1.549994700000000059e+01 7.954442999999999930e-01 3.681439999999999824e+00 2.686825160034714281e+04 3.288276380972744370e-03
3.167331738130653385e+00 7.061098440660328102e+00 1.268817292433045418e+00 1.241677908154571039e-07 3.706914725906225527e+01 1.549994700000000059e+01 7.954442999999999930e-01 3.681439999999999824e+00 2.686846524866215987e+04 3.288352156268196328e-03
3.167331785327573979e+00 7.061098440660328102e+00 1.268817292433045418e+00 1.241677908154571039e-07 3.706914725906225527e+01 1.549994700000000059e+01 7.954442999999999930e-01 3.681439999999999824e+00 2.686846524866215987e+04 3.288352156268196328e-03
3.167331738130653385e+00 7.061098545878894406e+00 1.268817292433045418e+00 1.241677908154571039e-07 3.706914725906225527e+01 1.549994700000000059e+01 7.954442999999999930e-01 3.681439999999999824e+00 2.686846524866215987e+04 3.288352156268196328e-03
3.167331738130653385e+00 7.061098440660328102e+00 1.268817311339896392e+00 1.241677908154571039e-07 3.706914725906225527e+01 1.549994700000000059e+01 7.954442999999999930e-01 3.681439999999999824e+00 2.686846524866215987e+04 3.288352156268196328e-03
3.167331738130653385e+00 7.061098440660328102e+00 1.268817292433045418e+00 1.390689520093047602e-07 3.706914725906225527e+01 1.549994700000000059e+01 7.954442999999999930e-01 3.681439999999999824e+00 2.686846524866215987e+04 3.288352156268196328e-03
3.167331738130653385e+00 7.061098440660328102e+00 1.268817292433045418e+00 1.241677908154571039e-07 3.706914781143559168e+01 1.549994700000000059e+01 7.954442999999999930e-01 3.681439999999999824e+00 2.686846524866215987e+04 3.288352156268196328e-03
3.167331738130653385e+00 7.061098440660328102e+00 1.268817292433045418e+00 1.241677908154571039e-07 3.706914725906225527e+01 1.549994700000000059e+01 7.954442999999999930e-01 3.681439999999999824e+00 2.686846564903349281e+04 3.288352156268196328e-03
3.167331738130653385e+00 7.061098440660328102e+00 1.268817292433045418e+00 1.241677908154571039e-07 3.706914725906225527e+01 1.549994700000000059e+01 7.954442999999999930e-01 3.681439999999999824e+00 2.686846524866215987e+04 3.288367057429390176e-03
3.167371191257517093e+00 7.061136830357333416e+00 1.268824931225885022e+00 2.786892637687697923e-08 3.706637831457250343e+01 1.549994700000000059e+01 7.954442999999999930e-01 3.681439999999999824e+00 2.686889267472264328e+04 3.288526809793542068e-03
3.167371238455025662e+00 7.061136830357333416e+00 1.268824931225885022e+00 2.786892637687697923e-08 3.706637831457250343e+01 1.549994700000000059e+01 7.954442999999999930e-01 3.681439999999999824e+00 2.686889267472264328e+04 3.288526809793542068e-03
3.167371191257517093e+00 7.061136935576471707e+00 1.268824931225885022e+00 2.786892637687697923e-08 3.706637831457250343e+01 1.549994700000000059e+01 7.954442999999999930e-01 3.681439999999999824e+00 2.686889267472264328e+04 3.288526809793542068e-03
3.167371191257517093e+00 7.061136830357333416e+00 1.268824950132849905e+00 2.786892637687697923e-08 3.706637831457250343e+01 1.549994700000000059e+01 7.954442999999999930e-01 3.681439999999999824e+00 2.686889267472264328e+04 3.288526809793542068e-03
3.167371191257517093e+00 7.061136830357333416e+00 1.268824931225885022e+00 4.277008757072463548e-08 3.706637831457250343e+01 1.549994700000000059e+01 7.954442999999999930e-01 3.681439999999999824e+00 2.686889267472264328e+04 3.288526809793542068e-03
3.167371191257517093e+00 7.061136830357333416e+00 1.268824931225885022e+00 2.786892637687697923e-08 3.706637886690457862e+01 1.549994700000000059e+01 7.954442999999999930e-01 3.681439999999999824e+00 2.686889267472264328e+04 3.288526809793542068e-03
3.167371191257517093e+00 7.061136830357333416e+00 1.268824931225885022e+00 2.786892637687697923e-08 3.706637831457250343e+01 1.549994700000000059e+01 7.954442999999999930e-01 3.681439999999999824e+00 2.686889307510034268e+04 3.288526809793542068e-03
3.167371191257517093e+00 7.061136830357333416e+00 1.268824931225885022e+00 2.786892637687697923e-08 3.706637831457250343e+01 1.549994700000000059e+01 7.954442999999999930e-01 3.681439999999999824e+00 2.686889267472264328e+04 3.288541710954735915e-03
3.167319381868614059e+00 7.060909228631321533e+00 1.268840245989498960e+00 3.971598133516958096e-09 3.707178500259031040e+01 1.549994700000000059e+01 7.954442999999999930e-01 3.681439999999999824e+00 2.686974752784450175e+04 3.288836355114804592e-03
3.167319429065350800e+00 7.060909228631321533e+00 1.268840245989498960e+00 3.971598133516958096e-09 3.707178500259031040e+01 1.549994700000000059e+01 7.954442999999999930e-01 3.681439999999999824e+00 2.686974752784450175e+04 3.288836355114804592e-03
3.167319381868614059e+00 7.060909333847067870e+00 1.268840245989498960e+00 3.971598133516958096e-09 3.707178500259031040e+01 1.549994700000000059e+01 7.954442999999999930e-01 3.681439999999999824e+00 2.686974752784450175e+04 3.288836355114804592e-03
3.167319381868614059e+00 7.060909228631321533e+00 1.268840264896692105e+00 3.971598133516958096e-09 3.707178500259031040e+01 1.549994700000000059e+01 7.954442999999999930e-01 3.681439999999999824e+00 2.686974752784450175e+04 3.288836355114804592e-03
3.167319381868614059e+00 7.060909228631321533e+00 1.268840245989498960e+00 1.887275932736461435e-08 3.707178500259031040e+01 1.549994700000000059e+01 7.954442999999999930e-01 3.681439999999999824e+00 2.686974752784450175e+04 3.288836355114804592e-03
3.167319381868614059e+00 7.060909228631321533e+00 1.268840245989498960e+00 3.971598133516958096e-09 3.707178555500295403e+01 1.549994700000000059e+01 7.954442999999999930e-01 3.681439999999999824e+00 2.686974752784450175e+04 3.288836355114804592e-03
3.167319381868614059e+00 7.060909228631321533e+00 1.268840245989498960e+00 3.971598133516958096e-09 3.707178500259031040e+01 1.549994700000000059e+01 7.954442999999999930e-01 3.681439999999999824e+00 2.686974792823494136e+04 3.288836355114804592e-03
3.167319381868614059e+00 7.060909228631321533e+00 1.268840245989498960e+00 3.971598133516958096e-09 3.707178500259031040e+01 1.549994700000000059e+01 7.954442999999999930e-01 3.681439999999999824e+00 2.686974752784450175e+04 3.288851256275998440e-03
3.167105957221236334e+00 7.060143665309317917e+00 1.268901355449849166e+00 2.538540355948634129e-10 3.709150413587386197e+01 1.549994700000000059e+01 7.954442999999999930e-01 3.681439999999999824e+00 2.687145726507462314e+04 3.289469102650324599e-03
3.167106004414792508e+00 7.060143665309317917e+00 1.268901355449849166e+00 2.538540355948634129e-10 3.709150413587386197e+01 1.549994700000000059e+01 7.954442999999999930e-01 3.681439999999999824e+00 2.687145726507462314e+04 3.289469102650324599e-03
3.167105957221236334e+00 7.060143770513656492e+00 1.268901355449849166e+00 2.538540355948634129e-10 3.709150413587386197e+01 1.549994700000000059e+01 7.954442999999999930e-01 3.681439999999999824e+00 2.687145726507462314e+04 3.289469102650324599e-03
3.167105957221236334e+00 7.060143665309317917e+00 1.268901374357952694e+00 2.538540355948634129e-10 3.709150413587386197e+01 1.549994700000000059e+01 7.954442999999999930e-01 3.681439999999999824e+00 2.687145726507462314e+04 3.289469102650324599e-03
3.167105957221236334e+00 7.060143665309317917e+00 1.268901355449849166e+00 1.515501522944251842e-08 3.709150413587386197e+01 1.549994700000000059e+01 7.954442999999999930e-01 3.681439999999999824e+00 2.687145726507462314e+04 3.289469102650324599e-03
3.167105957221236334e+00 7.060143665309317917e+00 1.268901355449849166e+00 2.538540355948634129e-10 3.709150468858034344e+01 1.549994700000000059e+01 7.954442999999999930e-01 3.681439999999999824e+00 2.687145726507462314e+04 3.289469102650324599e-03
3.167105957221236334e+00 7.060143665309317917e+00 1.268901355449849166e+00 2.538540355948634129e-10 3.709150413587386197e+01 1.549994700000000059e+01 7.954442999999999930e-01 3.681439999999999824e+00 2.687145766549053951e+04 3.289469102650324599e-03
3.167105957221236334e+00 7.060143665309317917e+00 1.268901355449849166e+00 2.538540355948634129e-10 3.709150413587386197e+01 1.549994700000000059e+01 7.954442999999999930e-01 3.681439999999999824e+00 2.687145726507462314e+04 3.289484003811518446e-03
3.167084851706128301e+00 7.059950512020831681e+00 1.268901764563530765e+00 1.379246230549375753e-10 3.709379992562906381e+01 1.549994700000000059e+01 7.954442999999999930e-01 3.681439999999999824e+00 2.687316700549711459e+04 3.290137114759538947e-03
3.167084898899370060e+00 7.059950512020831681e+00 1.268901764563530765e+00 1.379246230549375753e-10 3.709379992562906381e+01 1.549994700000000059e+01 7.954442999999999930e-01 3.681439999999999824e+00 2.687316700549711459e+04 3.290137114759538947e-03
3.167084851706128301e+00 7.059950617222292557e+00 1.268901764563530765e+00 1.379246230549375753e-10 3.709379992562906381e+01 1.549994700000000059e+01 7.954442999999999930e-01 3.681439999999999824e+00 2.687316700549711459e+04 3.290137114759538947e-03
3.167084851706128301e+00 7.059950512020831681e+00 1.268901783471640510e+00 1.379246230549375753e-10 3.709379992562906381e+01 1.549994700000000059e+01 7.954442999999999930e-01 3.681439999999999824e+00 2.687316700549711459e+04 3.290137114759538947e-03
3.167084851706128301e+00 7.059950512020831681e+00 1.268901764563530765e+00 1.503908581690259284e-08 3.709379992562906381e+01 1.549994700000000059e+01 7.954442999999999930e-01 3.681439999999999824e+00 2.687316700549711459e+04 3.290137114759538947e-03
3.167084851706128301e+00 7.059950512020831681e+00 1.268901764563530765e+00 1.379246230549375753e-10 3.709380047836975791e+01 1.549994700000000059e+01 7.954442999999999930e-01 3.681439999999999824e+00 2.687316700549711459e+04 3.290137114759538947e-03
3.167084851706128301e+00 7.059950512020831681e+00 1.268901764563530765e+00 1.379246230549375753e-10 3.709379992562906381e+01 1.549994700000000059e+01 7.954442999999999930e-01 3.681439999999999824e+00 2.687316740593850773e+04 3.290137114759538947e-03
3.167084851706128301e+00 7.059950512020831681e+00 1.268901764563530765e+00 1.379246230549375753e-10 3.709379992562906381e+01 1.549994700000000059e+01 7.954442999999999930e-01 3.681439999999999824e+00 2.687316700549711459e+04 3.290152015920732795e-03
3.168001748171517917e+00 7.061594795613705955e+00 1.268963120401273237e+00 1.975700828171085558e-11 3.701622190406349944e+01 1.549994700000000059e+01 7.954442999999999930e-01 3.681439999999999824e+00 2.687658560614513772e+04 3.291372041264729355e-03
3.167334968943543050e+00 7.060411052438225532e+00 1.268916938230091107e+00 1.970264208024244588e-11 3.707275906141692445e+01 1.549994700000000059e+01 7.954442999999999930e-01 3.681439999999999824e+00 2.687402161670232817e+04 3.290448097414390427e-03
3.167335016140512050e+00 7.060411052438225532e+00 1.268916938230091107e+00 1.970264208024244588e-11 3.707275906141692445e+01 1.549994700000000059e+01 7.954442999999999930e-01 3.681439999999999824e+00 2.687402161670232817e+04 3.290448097414390427e-03
3.167334968943543050e+00 7.060411157646548475e+00 1.268916938230091107e+00 1.970264208024244588e-11 3.707275906141692445e+01 1.549994700000000059e+01 7.954442999999999930e-01 3.681439999999999824e+00 2.687402161670232817e+04 3.290448097414390427e-03
3.167334968943543050e+00 7.060411052438225532e+00 1.268916957138426893e+00 1.970264208024244588e-11 3.707275906141692445e+01 1.549994700000000059e+01 7.954442999999999930e-01 3.681439999999999824e+00 2.687402161670232817e+04 3.290448097414390427e-03
3.167334968943543050e+00 7.060411052438225532e+00 1.268916938230091107e+00 1.492086383592789970e-08 3.707275906141692445e+01 1.549994700000000059e+01 7.954442999999999930e-01 3.681439999999999824e+00 2.687402161670232817e+04 3.290448097414390427e-03
3.167334968943543050e+00 7.060411052438225532e+00 1.268916938230091107e+00 1.970264208024244588e-11 3.707275961384408447e+01 1.549994700000000059e+01 7.954442999999999930e-01 3.681439999999999824e+00 2.687402161670232817e+04 3.290448097414390427e-03
3.167334968943543050e+00 7.060411052438225532e+00 1.268916938230091107e+00 1.970264208024244588e-11 3.707275906141692445e+01 1.549994700000000059e+01 7.954442999999999930e-01 3.681439999999999824e+00 2.687402201715645788e+04 3.290448097414390427e-03
3.167334968943543050e+00 7.060411052438225532e+00 1.268916938230091107e+00 1.970264208024244588e-11 3.707275906141692445e+01 1.549994700000000059e+01 7.954442999999999930e-01 3.681439999999999824e+00 2.687402161670232817e+04 3.290462998575584275e-03
3.168706992036386616e+00 7.046071366177285356e+00 1.271437803878965767e+00 2.428720990463404291e-11 3.707195065303321257e+01 1.549994700000000059e+01 7.954442999999999930e-01 3.681439999999999824e+00 2.701415939622039514e+04 3.341627222636447264e-03
3.168707039253800151e+00 7.046071366177285356e+00 1.271437803878965767e+00 2.428720990463404291e-11 3.707195065303321257e+01 1.549994700000000059e+01 7.954442999999999930e-01 3.681439999999999824e+00 2.701415939622039514e+04 3.341627222636447264e-03
3.168706992036386616e+00 7.046071471171930334e+00 1.271437803878965767e+00 2.428720990463404291e-11 3.707195065303321257e+01 1.549994700000000059e+01 7.954442999999999930e-01 3.681439999999999824e+00 2.701415939622039514e+04 3.341627222636447264e-03
3.168706992036386616e+00 7.046071366177285356e+00 1.271437822824865505e+00 2.428720990463404291e-11 3.707195065303321257e+01 1.549994700000000059e+01 7.954442999999999930e-01 3.681439999999999824e+00 2.701415939622039514e+04 3.341627222636447264e-03
3.168706992036386616e+00 7.046071366177285356e+00 1.271437803878965767e+00 1.492544840375229009e-08 3.707195065303321257e+01 1.549994700000000059e+01 7.954442999999999930e-01 3.681439999999999824e+00 2.701415939622039514e+04 3.341627222636447264e-03
3.168706992036386616e+00 7.046071366177285356e+00 1.271437803878965767e+00 2.428720990463404291e-11 3.707195120544832179e+01 1.549994700000000059e+01 7.954442999999999930e-01 3.681439999999999824e+00 2.701415939622039514e+04 3.341627222636447264e-03
3.168706992036386616e+00 7.046071366177285356e+00 1.271437803878965767e+00 2.428720990463404291e-11 3.707195065303321257e+01 1.549994700000000059e+01 7.954442999999999930e-01 3.681439999999999824e+00 2.701415979876273923e+04 3.341627222636447264e-03
3.168706992036386616e+00 7.046071366177285356e+00 1.271437803878965767e+00 2.428720990463404291e-11 3.707195065303321257e+01 1.549994700000000059e+01 7.954442999999999930e-01 3.681439999999999824e+00 2.701415939622039514e+04 3.341642123797641112e-03
3.168707790444876160e+00 7.046071142904549056e+00 1.271438166676183812e+00 7.940721210104903117e-09 3.707195066139533424e+01 1.549994700000000059e+01 7.954442999999999930e-01 3.681439999999999824e+00 2.701415939566431553e+04 3.352522564058874836e-03
3.168707837662301685e+00 7.046071142904549056e+00 1.271438166676183812e+00 7.940721210104903117e-09 3.707195066139533424e+01 1.549994700000000059e+01 7.954442999999999930e-01 3.681439999999999824e+00 2.701415939566431553e+04 3.352522564058874836e-03
3.168707790444876160e+00 7.046071247899191370e+00 1.271438166676183812e+00 7.940721210104903117e-09 3.707195066139533424e+01 1.549994700000000059e+01 7.954442999999999930e-01 3.681439999999999824e+00 2.701415939566431553e+04 3.352522564058874836e-03
3.168707790444876160e+00 7.046071142904549056e+00 1.271438185622088879e+00 7.940721210104903117e-09 3.707195066139533424e+01 1.549994700000000059e+01 7.954442999999999930e-01 3.681439999999999824e+00 2.701415939566431553e+04 3.352522564058874836e-03
3.168707790444876160e+00 7.046071142904549056e+00 1.271438166676183812e+00 2.284188240395255937e-08 3.707195066139533424e+01 1.549994700000000059e+01 7.954442999999999930e-01 3.681439999999999824e+00 2.701415939566431553e+04 3.352522564058874836e-03
3.168707790444876160e+00 7.046071142904549056e+00 1.271438166676183812e+00 7.940721210104903117e-09 3.707195121381044345e+01 1.549994700000000059e+01 7.954442999999999930e-01 3.681439999999999824e+00 2.701415939566431553e+04 3.352522564058874836e-03
3.168707790444876160e+00 7.046071142904549056e+00 1.271438166676183812e+00 7.940721210104903117e-09 3.707195066139533424e+01 1.549994700000000059e+01 7.954442999999999930e-01 3.681439999999999824e+00 2.701415979820665962e+04 3.352522564058874836e-03
3.168707790444876160e+00 7.046071142904549056e+00 1.271438166676183812e+00 7.940721210104903117e-09 3.707195066139533424e+01 1.549994700000000059e+01 7.954442999999999930e-01 3.681439999999999824e+00 2.701415939566431553e+04 3.352537465220068683e-03
