3.205843000000000220e+00 7.511125999999999969e+00 1.235333999999999932e+00 1.528337999999999867e-05 3.753042800000000057e+01 1.549994700000000059e+01 7.954442999999999930e-01 3.681439999999999824e+00 2.571453499999999985e+04 0.000000000000000000e+00
3.205843047770783549e+00 7.511125999999999969e+00 1.235333999999999932e+00 1.528337999999999867e-05 3.753042800000000057e+01 1.549994700000000059e+01 7.954442999999999930e-01 3.681439999999999824e+00 2.571453499999999985e+04 0.000000000000000000e+00
3.205843000000000220e+00 7.511126111924498971e+00 1.235333999999999932e+00 1.528337999999999867e-05 3.753042800000000057e+01 1.549994700000000059e+01 7.954442999999999930e-01 3.681439999999999824e+00 2.571453499999999985e+04 0.000000000000000000e+00
3.205843000000000220e+00 7.511125999999999969e+00 1.235334018407910905e+00 1.528337999999999867e-05 3.753042800000000057e+01 1.549994700000000059e+01 7.954442999999999930e-01 3.681439999999999824e+00 2.571453499999999985e+04 0.000000000000000000e+00
3.205843000000000220e+00 7.511125999999999969e+00 1.235333999999999932e+00 1.529828116119384633e-05 3.753042800000000057e+01 1.549994700000000059e+01 7.954442999999999930e-01 3.681439999999999824e+00 2.571453499999999985e+04 0.000000000000000000e+00
3.205843000000000220e+00 7.511125999999999969e+00 1.235333999999999932e+00 1.528337999999999867e-05 3.753042855924695687e+01 1.549994700000000059e+01 7.954442999999999930e-01 3.681439999999999824e+00 2.571453499999999985e+04 0.000000000000000000e+00
3.205843000000000220e+00 7.511125999999999969e+00 1.235333999999999932e+00 1.528337999999999867e-05 3.753042800000000057e+01 1.549994700000000059e+01 7.954442999999999930e-01 3.681439999999999824e+00 2.571453538317642960e+04 0.000000000000000000e+00
3.205843000000000220e+00 7.511125999999999969e+00 1.235333999999999932e+00 1.528337999999999867e-05 3.753042800000000057e+01 1.549994700000000059e+01 7.954442999999999930e-01 3.681439999999999824e+00 2.571453499999999985e+04 1.490116119384765625e-08
3.205863200576486882e+00 7.511112348332242838e+00 1.235342546028866062e+00 1.569056467175578592e-05 3.753042817044124035e+01 1.549994700000000059e+01 7.954442999999999930e-01 3.681439999999999824e+00 2.571453497986154252e+04 6.151004837267921724e-04
3.205863248347571304e+00 7.511112348332242838e+00 1.235342546028866062e+00 1.569056467175578592e-05 3.753042817044124035e+01 1.549994700000000059e+01 7.954442999999999930e-01 3.681439999999999824e+00 2.571453497986154252e+04 6.151004837267921724e-04
3.205863200576486882e+00 7.511112460256538448e+00 1.235342546028866062e+00 1.569056467175578592e-05 3.753042817044124035e+01 1.549994700000000059e+01 7.954442999999999930e-01 3.681439999999999824e+00 2.571453497986154252e+04 6.151004837267921724e-04
3.205863200576486882e+00 7.511112348332242838e+00 1.235342564436904489e+00 1.569056467175578592e-05 3.753042817044124035e+01 1.549994700000000059e+01 7.954442999999999930e-01 3.681439999999999824e+00 2.571453497986154252e+04 6.151004837267921724e-04
3.205863200576486882e+00 7.511112348332242838e+00 1.235342546028866062e+00 1.570546583294963358e-05 3.753042817044124035e+01 1.549994700000000059e+01 7.954442999999999930e-01 3.681439999999999824e+00 2.571453497986154252e+04 6.151004837267921724e-04
3.205863200576486882e+00 7.511112348332242838e+00 1.235342546028866062e+00 1.569056467175578592e-05 3.753042872968819665e+01 1.549994700000000059e+01 7.954442999999999930e-01 3.681439999999999824e+00 2.571453497986154252e+04 6.151004837267921724e-04
3.205863200576486882e+00 7.511112348332242838e+00 1.235342546028866062e+00 1.569056467175578592e-05 3.753042817044124035e+01 1.549994700000000059e+01 7.954442999999999930e-01 3.681439999999999824e+00 2.571453536303797227e+04 6.151004837267921724e-04
3.205863200576486882e+00 7.511112348332242838e+00 1.235342546028866062e+00 1.569056467175578592e-05 3.753042817044124035e+01 1.549994700000000059e+01 7.954442999999999930e-01 3.681439999999999824e+00 2.571453497986154252e+04 6.151153848879860201e-04
3.169090555270646981e+00 7.290400944421382867e+00 1.244033620327442025e+00 1.554685433843039388e-05 3.708577432727118151e+01 1.549994700000000059e+01 7.954442999999999930e-01 3.681439999999999824e+00 2.587928439682188036e+04 3.038663067370140324e-03
3.169090602493776387e+00 7.290400944421382867e+00 1.244033620327442025e+00 1.554685433843039388e-05 3.708577432727118151e+01 1.549994700000000059e+01 7.954442999999999930e-01 3.681439999999999824e+00 2.587928439682188036e+04 3.038663067370140324e-03
3.169090555270646981e+00 7.290401053056822178e+00 1.244033620327442025e+00 1.554685433843039388e-05 3.708577432727118151e+01 1.549994700000000059e+01 7.954442999999999930e-01 3.681439999999999824e+00 2.587928439682188036e+04 3.038663067370140324e-03
3.169090555270646981e+00 7.290400944421382867e+00 1.244033638864987523e+00 1.554685433843039388e-05 3.708577432727118151e+01 1.549994700000000059e+01 7.954442999999999930e-01 3.681439999999999824e+00 2.587928439682188036e+04 3.038663067370140324e-03
3.169090555270646981e+00 7.290400944421382867e+00 1.244033620327442025e+00 1.556175549962424153e-05 3.708577432727118151e+01 1.549994700000000059e+01 7.954442999999999930e-01 3.681439999999999824e+00 2.587928439682188036e+04 3.038663067370140324e-03
3.169090555270646981e+00 7.290400944421382867e+00 1.244033620327442025e+00 1.554685433843039388e-05 3.708577487989228416e+01 1.549994700000000059e+01 7.954442999999999930e-01 3.681439999999999824e+00 2.587928439682188036e+04 3.038663067370140324e-03
3.169090555270646981e+00 7.290400944421382867e+00 1.244033620327442025e+00 1.554685433843039388e-05 3.708577432727118151e+01 1.549994700000000059e+01 7.954442999999999930e-01 3.681439999999999824e+00 2.587928478245326914e+04 3.038663067370140324e-03
3.169090555270646981e+00 7.290400944421382867e+00 1.244033620327442025e+00 1.554685433843039388e-05 3.708577432727118151e+01 1.549994700000000059e+01 7.954442999999999930e-01 3.681439999999999824e+00 2.587928439682188036e+04 3.038677968531334171e-03
3.162141781002065333e+00 7.199881811679872179e+00 1.248769465901608644e+00 1.548256763893273694e-05 3.699607029466420727e+01 1.549994700000000059e+01 7.954442999999999930e-01 3.681439999999999824e+00 2.598830177213939169e+04 2.914064284899898875e-03
3.162141828121649567e+00 7.199881811679872179e+00 1.248769465901608644e+00 1.548256763893273694e-05 3.699607029466420727e+01 1.549994700000000059e+01 7.954442999999999930e-01 3.681439999999999824e+00 2.598830177213939169e+04 2.914064284899898875e-03
3.162141781002065333e+00 7.199881918966471339e+00 1.248769465901608644e+00 1.548256763893273694e-05 3.699607029466420727e+01 1.549994700000000059e+01 7.954442999999999930e-01 3.681439999999999824e+00 2.598830177213939169e+04 2.914064284899898875e-03
3.162141781002065333e+00 7.199881811679872179e+00 1.248769484509723693e+00 1.548256763893273694e-05 3.699607029466420727e+01 1.549994700000000059e+01 7.954442999999999930e-01 3.681439999999999824e+00 2.598830177213939169e+04 2.914064284899898875e-03
3.162141781002065333e+00 7.199881811679872179e+00 1.248769465901608644e+00 1.549746880012658459e-05 3.699607029466420727e+01 1.549994700000000059e+01 7.954442999999999930e-01 3.681439999999999824e+00 2.598830177213939169e+04 2.914064284899898875e-03
3.162141781002065333e+00 7.199881811679872179e+00 1.248769465901608644e+00 1.548256763893273694e-05 3.699607084594861561e+01 1.549994700000000059e+01 7.954442999999999930e-01 3.681439999999999824e+00 2.598830177213939169e+04 2.914064284899898875e-03
3.162141781002065333e+00 7.199881811679872179e+00 1.248769465901608644e+00 1.548256763893273694e-05 3.699607029466420727e+01 1.549994700000000059e+01 7.954442999999999930e-01 3.681439999999999824e+00 2.598830215939526533e+04 2.914064284899898875e-03
3.162141781002065333e+00 7.199881811679872179e+00 1.248769465901608644e+00 1.548256763893273694e-05 3.699607029466420727e+01 1.549994700000000059e+01 7.954442999999999930e-01 3.681439999999999824e+00 2.598830177213939169e+04 2.914079186061092723e-03
3.162272601820577123e+00 7.199881761677771053e+00 1.249831713498010144e+00 2.578973136493813503e-02 3.701287712354876192e+01 1.549994700000000059e+01 7.954442999999999930e-01 3.681439999999999824e+00 2.598746334888803540e+04 2.914241889251985556e-03
3.162272648942110909e+00 7.199881761677771053e+00 1.249831713498010144e+00 2.578973136493813503e-02 3.701287712354876192e+01 1.549994700000000059e+01 7.954442999999999930e-01 3.681439999999999824e+00 2.598746334888803540e+04 2.914241889251985556e-03
3.162272601820577123e+00 7.199881868964369325e+00 1.249831713498010144e+00 2.578973136493813503e-02 3.701287712354876192e+01 1.549994700000000059e+01 7.954442999999999930e-01 3.681439999999999824e+00 2.598746334888803540e+04 2.914241889251985556e-03
3.162272601820577123e+00 7.199881761677771053e+00 1.249831732121953864e+00 2.578973136493813503e-02 3.701287712354876192e+01 1.549994700000000059e+01 7.954442999999999930e-01 3.681439999999999824e+00 2.598746334888803540e+04 2.914241889251985556e-03
3.162272601820577123e+00 7.199881761677771053e+00 1.249831713498010144e+00 2.578974626609932888e-02 3.701287712354876192e+01 1.549994700000000059e+01 7.954442999999999930e-01 3.681439999999999824e+00 2.598746334888803540e+04 2.914241889251985556e-03
3.162272601820577123e+00 7.199881761677771053e+00 1.249831713498010144e+00 2.578973136493813503e-02 3.701287767508360815e+01 1.549994700000000059e+01 7.954442999999999930e-01 3.681439999999999824e+00 2.598746334888803540e+04 2.914241889251985556e-03
3.162272601820577123e+00 7.199881761677771053e+00 1.249831713498010144e+00 2.578973136493813503e-02 3.701287712354876192e+01 1.549994700000000059e+01 7.954442999999999930e-01 3.681439999999999824e+00 2.598746373613141623e+04 2.914241889251985556e-03
3.162272601820577123e+00 7.199881761677771053e+00 1.249831713498010144e+00 2.578973136493813503e-02 3.701287712354876192e+01 1.549994700000000059e+01 7.954442999999999930e-01 3.681439999999999824e+00 2.598746334888803540e+04 2.914256790413179404e-03
3.163781124561278801e+00 7.145506186883208599e+00 1.258309279007088888e+00 1.676760498974873975e-02 3.704946391411458961e+01 1.549994700000000059e+01 7.954442999999999930e-01 3.681439999999999824e+00 2.631696224769929904e+04 3.010533981958895839e-03
3.161697581393742684e+00 7.176290387842542806e+00 1.253847691534665465e+00 1.653805857246481992e-02 3.702431306599405758e+01 1.549994700000000059e+01 7.954442999999999930e-01 3.681439999999999824e+00 2.606983805232199302e+04 2.922632855031043458e-03
3.161697628506707769e+00 7.176290387842542806e+00 1.253847691534665465e+00 1.653805857246481992e-02 3.702431306599405758e+01 1.549994700000000059e+01 7.954442999999999930e-01 3.681439999999999824e+00 2.606983805232199302e+04 2.922632855031043458e-03
3.161697581393742684e+00 7.176290494777602724e+00 1.253847691534665465e+00 1.653805857246481992e-02 3.702431306599405758e+01 1.549994700000000059e+01 7.954442999999999930e-01 3.681439999999999824e+00 2.606983805232199302e+04 2.922632855031043458e-03
3.161697581393742684e+00 7.176290387842542806e+00 1.253847710218451983e+00 1.653805857246481992e-02 3.702431306599405758e+01 1.549994700000000059e+01 7.954442999999999930e-01 3.681439999999999824e+00 2.606983805232199302e+04 2.922632855031043458e-03
3.161697581393742684e+00 7.176290387842542806e+00 1.253847691534665465e+00 1.653807347362601377e-02 3.702431306599405758e+01 1.549994700000000059e+01 7.954442999999999930e-01 3.681439999999999824e+00 2.606983805232199302e+04 2.922632855031043458e-03
3.161697581393742684e+00 7.176290387842542806e+00 1.253847691534665465e+00 1.653805857246481992e-02 3.702431361769931328e+01 1.549994700000000059e+01 7.954442999999999930e-01 3.681439999999999824e+00 2.606983805232199302e+04 2.922632855031043458e-03
3.161697581393742684e+00 7.176290387842542806e+00 1.253847691534665465e+00 1.653805857246481992e-02 3.702431306599405758e+01 1.549994700000000059e+01 7.954442999999999930e-01 3.681439999999999824e+00 2.606983844079285336e+04 2.922632855031043458e-03
3.161697581393742684e+00 7.176290387842542806e+00 1.253847691534665465e+00 1.653805857246481992e-02 3.702431306599405758e+01 1.549994700000000059e+01 7.954442999999999930e-01 3.681439999999999824e+00 2.606983805232199302e+04 2.922647756192237305e-03
3.161589105457049076e+00 7.176290097774207233e+00 1.253992503743139642e+00 2.208745907353863724e-03 3.704238713596634369e+01 1.549994700000000059e+01 7.954442999999999930e-01 3.681439999999999824e+00 2.606701278858210935e+04 2.921817768114032612e-03
3.161589152568398120e+00 7.176290097774207233e+00 1.253992503743139642e+00 2.208745907353863724e-03 3.704238713596634369e+01 1.549994700000000059e+01 7.954442999999999930e-01 3.681439999999999824e+00 2.606701278858210935e+04 2.921817768114032612e-03
3.161589105457049076e+00 7.176290204709262710e+00 1.253992503743139642e+00 2.208745907353863724e-03 3.704238713596634369e+01 1.549994700000000059e+01 7.954442999999999930e-01 3.681439999999999824e+00 2.606701278858210935e+04 2.921817768114032612e-03
3.161589105457049076e+00 7.176290097774207233e+00 1.253992522429083989e+00 2.208745907353863724e-03 3.704238713596634369e+01 1.549994700000000059e+01 7.954442999999999930e-01 3.681439999999999824e+00 2.606701278858210935e+04 2.921817768114032612e-03
3.161589105457049076e+00 7.176290097774207233e+00 1.253992503743139642e+00 2.208760808515057572e-03 3.704238713596634369e+01 1.549994700000000059e+01 7.954442999999999930e-01 3.681439999999999824e+00 2.606701278858210935e+04 2.921817768114032612e-03
3.161589105457049076e+00 7.176290097774207233e+00 1.253992503743139642e+00 2.208745907353863724e-03 3.704238768794092351e+01 1.549994700000000059e+01 7.954442999999999930e-01 3.681439999999999824e+00 2.606701278858210935e+04 2.921817768114032612e-03
3.161589105457049076e+00 7.176290097774207233e+00 1.253992503743139642e+00 2.208745907353863724e-03 3.704238713596634369e+01 1.549994700000000059e+01 7.954442999999999930e-01 3.681439999999999824e+00 2.606701317701086737e+04 2.921817768114032612e-03
3.161589105457049076e+00 7.176290097774207233e+00 1.253992503743139642e+00 2.208745907353863724e-03 3.704238713596634369e+01 1.549994700000000059e+01 7.954442999999999930e-01 3.681439999999999824e+00 2.606701278858210935e+04 2.921832669275226460e-03
3.161589414716744706e+00 7.176289989300776995e+00 1.253992677848091208e+00 2.208749045913430045e-03 3.704238713984781839e+01 1.549994700000000059e+01 7.954442999999999930e-01 3.681439999999999824e+00 2.606701278830314186e+04 2.927353588267460078e-03
3.161589461828098191e+00 7.176289989300776995e+00 1.253992677848091208e+00 2.208749045913430045e-03 3.704238713984781839e+01 1.549994700000000059e+01 7.954442999999999930e-01 3.681439999999999824e+00 2.606701278830314186e+04 2.927353588267460078e-03
3.161589414716744706e+00 7.176290096235830696e+00 1.253992677848091208e+00 2.208749045913430045e-03 3.704238713984781839e+01 1.549994700000000059e+01 7.954442999999999930e-01 3.681439999999999824e+00 2.606701278830314186e+04 2.927353588267460078e-03
3.161589414716744706e+00 7.176289989300776995e+00 1.253992696534038220e+00 2.208749045913430045e-03 3.704238713984781839e+01 1.549994700000000059e+01 7.954442999999999930e-01 3.681439999999999824e+00 2.606701278830314186e+04 2.927353588267460078e-03
3.161589414716744706e+00 7.176289989300776995e+00 1.253992677848091208e+00 2.208763947074623892e-03 3.704238713984781839e+01 1.549994700000000059e+01 7.954442999999999930e-01 3.681439999999999824e+00 2.606701278830314186e+04 2.927353588267460078e-03
3.161589414716744706e+00 7.176289989300776995e+00 1.253992677848091208e+00 2.208749045913430045e-03 3.704238769182239821e+01 1.549994700000000059e+01 7.954442999999999930e-01 3.681439999999999824e+00 2.606701278830314186e+04 2.927353588267460078e-03
3.161589414716744706e+00 7.176289989300776995e+00 1.253992677848091208e+00 2.208749045913430045e-03 3.704238713984781839e+01 1.549994700000000059e+01 7.954442999999999930e-01 3.681439999999999824e+00 2.606701317673189988e+04 2.927353588267460078e-03
3.161589414716744706e+00 7.176289989300776995e+00 1.253992677848091208e+00 2.208749045913430045e-03 3.704238713984781839e+01 1.549994700000000059e+01 7.954442999999999930e-01 3.681439999999999824e+00 2.606701278830314186e+04 2.927368489428653926e-03
