3.303662000000000099e+00 1.054415000000000013e+01 2.926740999999999815e+00 1.671997199999999850e+01 3.571733999999999742e-01 1.530525399999999969e+01 7.001581000000000055e-01 3.097326999999999941e+00 3.016286899999999878e+04 3.253563999999999901e+00 8.825920999999999239e+00 1.059549999999999992e+00 1.834474000000000160e+01 2.191357299999999952e+01 1.500000000000000000e+01 7.234983000000000386e-01 3.013116999999999823e+00 1.906309500000000116e+04 0.000000000000000000e+00
3.303662049228400122e+00 1.054415000000000013e+01 2.926740999999999815e+00 1.671997199999999850e+01 3.571733999999999742e-01 1.530525399999999969e+01 7.001581000000000055e-01 3.097326999999999941e+00 3.016286899999999878e+04 3.253563999999999901e+00 8.825920999999999239e+00 1.059549999999999992e+00 1.834474000000000160e+01 2.191357299999999952e+01 1.500000000000000000e+01 7.234983000000000386e-01 3.013116999999999823e+00 1.906309500000000116e+04 0.000000000000000000e+00
3.303662000000000099e+00 1.054415015712007886e+01 2.926740999999999815e+00 1.671997199999999850e+01 3.571733999999999742e-01 1.530525399999999969e+01 7.001581000000000055e-01 3.097326999999999941e+00 3.016286899999999878e+04 3.253563999999999901e+00 8.825920999999999239e+00 1.059549999999999992e+00 1.834474000000000160e+01 2.191357299999999952e+01 1.500000000000000000e+01 7.234983000000000386e-01 3.013116999999999823e+00 1.906309500000000116e+04 0.000000000000000000e+00
3.303662000000000099e+00 1.054415000000000013e+01 2.926741043611839288e+00 1.671997199999999850e+01 3.571733999999999742e-01 1.530525399999999969e+01 7.001581000000000055e-01 3.097326999999999941e+00 3.016286899999999878e+04 3.253563999999999901e+00 8.825920999999999239e+00 1.059549999999999992e+00 1.834474000000000160e+01 2.191357299999999952e+01 1.500000000000000000e+01 7.234983000000000386e-01 3.013116999999999823e+00 1.906309500000000116e+04 0.000000000000000000e+00
3.303662000000000099e+00 1.054415000000000013e+01 2.926740999999999815e+00 1.671997224914699487e+01 3.571733999999999742e-01 1.530525399999999969e+01 7.001581000000000055e-01 3.097326999999999941e+00 3.016286899999999878e+04 3.253563999999999901e+00 8.825920999999999239e+00 1.059549999999999992e+00 1.834474000000000160e+01 2.191357299999999952e+01 1.500000000000000000e+01 7.234983000000000386e-01 3.013116999999999823e+00 1.906309500000000116e+04 0.000000000000000000e+00
3.303662000000000099e+00 1.054415000000000013e+01 2.926740999999999815e+00 1.671997199999999850e+01 3.571734149011611681e-01 1.530525399999999969e+01 7.001581000000000055e-01 3.097326999999999941e+00 3.016286899999999878e+04 3.253563999999999901e+00 8.825920999999999239e+00 1.059549999999999992e+00 1.834474000000000160e+01 2.191357299999999952e+01 1.500000000000000000e+01 7.234983000000000386e-01 3.013116999999999823e+00 1.906309500000000116e+04 0.000000000000000000e+00
3.303662000000000099e+00 1.054415000000000013e+01 2.926740999999999815e+00 1.671997199999999850e+01 3.571733999999999742e-01 1.530525399999999969e+01 7.001581000000000055e-01 3.097326999999999941e+00 3.016286944946177027e+04 3.253563999999999901e+00 8.825920999999999239e+00 1.059549999999999992e+00 1.834474000000000160e+01 2.191357299999999952e+01 1.500000000000000000e+01 7.234983000000000386e-01 3.013116999999999823e+00 1.906309500000000116e+04 0.000000000000000000e+00
3.303662000000000099e+00 1.054415000000000013e+01 2.926740999999999815e+00 1.671997199999999850e+01 3.571733999999999742e-01 1.530525399999999969e+01 7.001581000000000055e-01 3.097326999999999941e+00 3.016286899999999878e+04 3.253564048481881521e+00 8.825920999999999239e+00 1.059549999999999992e+00 1.834474000000000160e+01 2.191357299999999952e+01 1.500000000000000000e+01 7.234983000000000386e-01 3.013116999999999823e+00 1.906309500000000116e+04 0.000000000000000000e+00
3.303662000000000099e+00 1.054415000000000013e+01 2.926740999999999815e+00 1.671997199999999850e+01 3.571733999999999742e-01 1.530525399999999969e+01 7.001581000000000055e-01 3.097326999999999941e+00 3.016286899999999878e+04 3.253563999999999901e+00 8.825921131516471618e+00 1.059549999999999992e+00 1.834474000000000160e+01 2.191357299999999952e+01 1.500000000000000000e+01 7.234983000000000386e-01 3.013116999999999823e+00 1.906309500000000116e+04 0.000000000000000000e+00
3.303662000000000099e+00 1.054415000000000013e+01 2.926740999999999815e+00 1.671997199999999850e+01 3.571733999999999742e-01 1.530525399999999969e+01 7.001581000000000055e-01 3.097326999999999941e+00 3.016286899999999878e+04 3.253563999999999901e+00 8.825920999999999239e+00 1.059550015788525368e+00 1.834474000000000160e+01 2.191357299999999952e+01 1.500000000000000000e+01 7.234983000000000386e-01 3.013116999999999823e+00 1.906309500000000116e+04 0.000000000000000000e+00
3.303662000000000099e+00 1.054415000000000013e+01 2.926740999999999815e+00 1.671997199999999850e+01 3.571733999999999742e-01 1.530525399999999969e+01 7.001581000000000055e-01 3.097326999999999941e+00 3.016286899999999878e+04 3.253563999999999901e+00 8.825920999999999239e+00 1.059549999999999992e+00 1.834474027335792812e+01 2.191357299999999952e+01 1.500000000000000000e+01 7.234983000000000386e-01 3.013116999999999823e+00 1.906309500000000116e+04 0.000000000000000000e+00
3.303662000000000099e+00 1.054415000000000013e+01 2.926740999999999815e+00 1.671997199999999850e+01 3.571733999999999742e-01 1.530525399999999969e+01 7.001581000000000055e-01 3.097326999999999941e+00 3.016286899999999878e+04 3.253563999999999901e+00 8.825920999999999239e+00 1.059549999999999992e+00 1.834474000000000160e+01 2.191357332653768353e+01 1.500000000000000000e+01 7.234983000000000386e-01 3.013116999999999823e+00 1.906309500000000116e+04 0.000000000000000000e+00
3.303662000000000099e+00 1.054415000000000013e+01 2.926740999999999815e+00 1.671997199999999850e+01 3.571733999999999742e-01 1.530525399999999969e+01 7.001581000000000055e-01 3.097326999999999941e+00 3.016286899999999878e+04 3.253563999999999901e+00 8.825920999999999239e+00 1.059549999999999992e+00 1.834474000000000160e+01 2.191357299999999952e+01 1.500000000000000000e+01 7.234983000000000386e-01 3.013116999999999823e+00 1.906309528406225218e+04 0.000000000000000000e+00
3.303662000000000099e+00 1.054415000000000013e+01 2.926740999999999815e+00 1.671997199999999850e+01 3.571733999999999742e-01 1.530525399999999969e+01 7.001581000000000055e-01 3.097326999999999941e+00 3.016286899999999878e+04 3.253563999999999901e+00 8.825920999999999239e+00 1.059549999999999992e+00 1.834474000000000160e+01 2.191357299999999952e+01 1.500000000000000000e+01 7.234983000000000386e-01 3.013116999999999823e+00 1.906309500000000116e+04 1.490116119384765625e-08
3.303622225321912520e+00 1.200890160781462157e+01 2.926539394012110940e+00 1.671975936754143888e+01 3.571721552130094346e-01 1.530525399999999969e+01 7.001581000000000055e-01 3.097326999999999941e+00 1.286174957195869138e+04 3.253169261598627848e+00 7.524645946712019473e+00 1.059674375101010702e+00 1.834434681226818853e+01 2.190387146175685373e+01 1.500000000000000000e+01 7.234983000000000386e-01 3.013116999999999823e+00 5.027001373515931482e+04 1.173618366163902034e-02
3.303622274549719684e+00 1.200890160781462157e+01 2.926539394012110940e+00 1.671975936754143888e+01 3.571721552130094346e-01 1.530525399999999969e+01 7.001581000000000055e-01 3.097326999999999941e+00 1.286174957195869138e+04 3.253169261598627848e+00 7.524645946712019473e+00 1.059674375101010702e+00 1.834434681226818853e+01 2.190387146175685373e+01 1.500000000000000000e+01 7.234983000000000386e-01 3.013116999999999823e+00 5.027001373515931482e+04 1.173618366163902034e-02
3.303622225321912520e+00 1.200890178676120001e+01 2.926539394012110940e+00 1.671975936754143888e+01 3.571721552130094346e-01 1.530525399999999969e+01 7.001581000000000055e-01 3.097326999999999941e+00 1.286174957195869138e+04 3.253169261598627848e+00 7.524645946712019473e+00 1.059674375101010702e+00 1.834434681226818853e+01 2.190387146175685373e+01 1.500000000000000000e+01 7.234983000000000386e-01 3.013116999999999823e+00 5.027001373515931482e+04 1.173618366163902034e-02
3.303622225321912520e+00 1.200890160781462157e+01 2.926539437620946149e+00 1.671975936754143888e+01 3.571721552130094346e-01 1.530525399999999969e+01 7.001581000000000055e-01 3.097326999999999941e+00 1.286174957195869138e+04 3.253169261598627848e+00 7.524645946712019473e+00 1.059674375101010702e+00 1.834434681226818853e+01 2.190387146175685373e+01 1.500000000000000000e+01 7.234983000000000386e-01 3.013116999999999823e+00 5.027001373515931482e+04 1.173618366163902034e-02
3.303622225321912520e+00 1.200890160781462157e+01 2.926539394012110940e+00 1.671975961668526978e+01 3.571721552130094346e-01 1.530525399999999969e+01 7.001581000000000055e-01 3.097326999999999941e+00 1.286174957195869138e+04 3.253169261598627848e+00 7.524645946712019473e+00 1.059674375101010702e+00 1.834434681226818853e+01 2.190387146175685373e+01 1.500000000000000000e+01 7.234983000000000386e-01 3.013116999999999823e+00 5.027001373515931482e+04 1.173618366163902034e-02
3.303622225321912520e+00 1.200890160781462157e+01 2.926539394012110940e+00 1.671975936754143888e+01 3.571721701141706284e-01 1.530525399999999969e+01 7.001581000000000055e-01 3.097326999999999941e+00 1.286174957195869138e+04 3.253169261598627848e+00 7.524645946712019473e+00 1.059674375101010702e+00 1.834434681226818853e+01 2.190387146175685373e+01 1.500000000000000000e+01 7.234983000000000386e-01 3.013116999999999823e+00 5.027001373515931482e+04 1.173618366163902034e-02
3.303622225321912520e+00 1.200890160781462157e+01 2.926539394012110940e+00 1.671975936754143888e+01 3.571721552130094346e-01 1.530525399999999969e+01 7.001581000000000055e-01 3.097326999999999941e+00 1.286174976361369409e+04 3.253169261598627848e+00 7.524645946712019473e+00 1.059674375101010702e+00 1.834434681226818853e+01 2.190387146175685373e+01 1.500000000000000000e+01 7.234983000000000386e-01 3.013116999999999823e+00 5.027001373515931482e+04 1.173618366163902034e-02
3.303622225321912520e+00 1.200890160781462157e+01 2.926539394012110940e+00 1.671975936754143888e+01 3.571721552130094346e-01 1.530525399999999969e+01 7.001581000000000055e-01 3.097326999999999941e+00 1.286174957195869138e+04 3.253169310074627507e+00 7.524645946712019473e+00 1.059674375101010702e+00 1.834434681226818853e+01 2.190387146175685373e+01 1.500000000000000000e+01 7.234983000000000386e-01 3.013116999999999823e+00 5.027001373515931482e+04 1.173618366163902034e-02
3.303622225321912520e+00 1.200890160781462157e+01 2.926539394012110940e+00 1.671975936754143888e+01 3.571721552130094346e-01 1.530525399999999969e+01 7.001581000000000055e-01 3.097326999999999941e+00 1.286174957195869138e+04 3.253169261598627848e+00 7.524646058837981322e+00 1.059674375101010702e+00 1.834434681226818853e+01 2.190387146175685373e+01 1.500000000000000000e+01 7.234983000000000386e-01 3.013116999999999823e+00 5.027001373515931482e+04 1.173618366163902034e-02
3.303622225321912520e+00 1.200890160781462157e+01 2.926539394012110940e+00 1.671975936754143888e+01 3.571721552130094346e-01 1.530525399999999969e+01 7.001581000000000055e-01 3.097326999999999941e+00 1.286174957195869138e+04 3.253169261598627848e+00 7.524645946712019473e+00 1.059674390891389484e+00 1.834434681226818853e+01 2.190387146175685373e+01 1.500000000000000000e+01 7.234983000000000386e-01 3.013116999999999823e+00 5.027001373515931482e+04 1.173618366163902034e-02
3.303622225321912520e+00 1.200890160781462157e+01 2.926539394012110940e+00 1.671975936754143888e+01 3.571721552130094346e-01 1.530525399999999969e+01 7.001581000000000055e-01 3.097326999999999941e+00 1.286174957195869138e+04 3.253169261598627848e+00 7.524645946712019473e+00 1.059674375101010702e+00 1.834434708562025662e+01 2.190387146175685373e+01 1.500000000000000000e+01 7.234983000000000386e-01 3.013116999999999823e+00 5.027001373515931482e+04 1.173618366163902034e-02
3.303622225321912520e+00 1.200890160781462157e+01 2.926539394012110940e+00 1.671975936754143888e+01 3.571721552130094346e-01 1.530525399999999969e+01 7.001581000000000055e-01 3.097326999999999941e+00 1.286174957195869138e+04 3.253169261598627848e+00 7.524645946712019473e+00 1.059674375101010702e+00 1.834434681226818853e+01 2.190387178814997426e+01 1.500000000000000000e+01 7.234983000000000386e-01 3.013116999999999823e+00 5.027001373515931482e+04 1.173618366163902034e-02
3.303622225321912520e+00 1.200890160781462157e+01 2.926539394012110940e+00 1.671975936754143888e+01 3.571721552130094346e-01 1.530525399999999969e+01 7.001581000000000055e-01 3.097326999999999941e+00 1.286174957195869138e+04 3.253169261598627848e+00 7.524645946712019473e+00 1.059674375101010702e+00 1.834434681226818853e+01 2.190387146175685373e+01 1.500000000000000000e+01 7.234983000000000386e-01 3.013116999999999823e+00 5.027001448424089176e+04 1.173618366163902034e-02
3.303622225321912520e+00 1.200890160781462157e+01 2.926539394012110940e+00 1.671975936754143888e+01 3.571721552130094346e-01 1.530525399999999969e+01 7.001581000000000055e-01 3.097326999999999941e+00 1.286174957195869138e+04 3.253169261598627848e+00 7.524645946712019473e+00 1.059674375101010702e+00 1.834434681226818853e+01 2.190387146175685373e+01 1.500000000000000000e+01 7.234983000000000386e-01 3.013116999999999823e+00 5.027001373515931482e+04 1.173619856280021419e-02
3.303499607044317443e+00 1.200890187879567961e+01 2.926539244849806209e+00 1.671974745391388950e+01 3.571718706918725617e-01 1.530525399999999969e+01 7.001581000000000055e-01 3.097326999999999941e+00 1.286174957195964271e+04 3.253008953808399273e+00 7.524647762054506472e+00 1.059663952215563087e+00 1.834433232571546668e+01 2.190386674818530821e+01 1.500000000000000000e+01 7.234983000000000386e-01 3.013116999999999823e+00 5.027001373516025342e+04 1.105611686239170791e-02
3.303499656270297624e+00 1.200890187879567961e+01 2.926539244849806209e+00 1.671974745391388950e+01 3.571718706918725617e-01 1.530525399999999969e+01 7.001581000000000055e-01 3.097326999999999941e+00 1.286174957195964271e+04 3.253008953808399273e+00 7.524647762054506472e+00 1.059663952215563087e+00 1.834433232571546668e+01 2.190386674818530821e+01 1.500000000000000000e+01 7.234983000000000386e-01 3.013116999999999823e+00 5.027001373516025342e+04 1.105611686239170791e-02
3.303499607044317443e+00 1.200890205774226160e+01 2.926539244849806209e+00 1.671974745391388950e+01 3.571718706918725617e-01 1.530525399999999969e+01 7.001581000000000055e-01 3.097326999999999941e+00 1.286174957195964271e+04 3.253008953808399273e+00 7.524647762054506472e+00 1.059663952215563087e+00 1.834433232571546668e+01 2.190386674818530821e+01 1.500000000000000000e+01 7.234983000000000386e-01 3.013116999999999823e+00 5.027001373516025342e+04 1.105611686239170791e-02
3.303499607044317443e+00 1.200890187879567961e+01 2.926539288458639199e+00 1.671974745391388950e+01 3.571718706918725617e-01 1.530525399999999969e+01 7.001581000000000055e-01 3.097326999999999941e+00 1.286174957195964271e+04 3.253008953808399273e+00 7.524647762054506472e+00 1.059663952215563087e+00 1.834433232571546668e+01 2.190386674818530821e+01 1.500000000000000000e+01 7.234983000000000386e-01 3.013116999999999823e+00 5.027001373516025342e+04 1.105611686239170791e-02
3.303499607044317443e+00 1.200890187879567961e+01 2.926539244849806209e+00 1.671974770305754276e+01 3.571718706918725617e-01 1.530525399999999969e+01 7.001581000000000055e-01 3.097326999999999941e+00 1.286174957195964271e+04 3.253008953808399273e+00 7.524647762054506472e+00 1.059663952215563087e+00 1.834433232571546668e+01 2.190386674818530821e+01 1.500000000000000000e+01 7.234983000000000386e-01 3.013116999999999823e+00 5.027001373516025342e+04 1.105611686239170791e-02
3.303499607044317443e+00 1.200890187879567961e+01 2.926539244849806209e+00 1.671974745391388950e+01 3.571718855930337555e-01 1.530525399999999969e+01 7.001581000000000055e-01 3.097326999999999941e+00 1.286174957195964271e+04 3.253008953808399273e+00 7.524647762054506472e+00 1.059663952215563087e+00 1.834433232571546668e+01 2.190386674818530821e+01 1.500000000000000000e+01 7.234983000000000386e-01 3.013116999999999823e+00 5.027001373516025342e+04 1.105611686239170791e-02
3.303499607044317443e+00 1.200890187879567961e+01 2.926539244849806209e+00 1.671974745391388950e+01 3.571718706918725617e-01 1.530525399999999969e+01 7.001581000000000055e-01 3.097326999999999941e+00 1.286174976361464542e+04 3.253008953808399273e+00 7.524647762054506472e+00 1.059663952215563087e+00 1.834433232571546668e+01 2.190386674818530821e+01 1.500000000000000000e+01 7.234983000000000386e-01 3.013116999999999823e+00 5.027001373516025342e+04 1.105611686239170791e-02
3.303499607044317443e+00 1.200890187879567961e+01 2.926539244849806209e+00 1.671974745391388950e+01 3.571718706918725617e-01 1.530525399999999969e+01 7.001581000000000055e-01 3.097326999999999941e+00 1.286174957195964271e+04 3.253009002282010176e+00 7.524647762054506472e+00 1.059663952215563087e+00 1.834433232571546668e+01 2.190386674818530821e+01 1.500000000000000000e+01 7.234983000000000386e-01 3.013116999999999823e+00 5.027001373516025342e+04 1.105611686239170791e-02
3.303499607044317443e+00 1.200890187879567961e+01 2.926539244849806209e+00 1.671974745391388950e+01 3.571718706918725617e-01 1.530525399999999969e+01 7.001581000000000055e-01 3.097326999999999941e+00 1.286174957195964271e+04 3.253008953808399273e+00 7.524647874180495855e+00 1.059663952215563087e+00 1.834433232571546668e+01 2.190386674818530821e+01 1.500000000000000000e+01 7.234983000000000386e-01 3.013116999999999823e+00 5.027001373516025342e+04 1.105611686239170791e-02
3.303499607044317443e+00 1.200890187879567961e+01 2.926539244849806209e+00 1.671974745391388950e+01 3.571718706918725617e-01 1.530525399999999969e+01 7.001581000000000055e-01 3.097326999999999941e+00 1.286174957195964271e+04 3.253008953808399273e+00 7.524647762054506472e+00 1.059663968005786439e+00 1.834433232571546668e+01 2.190386674818530821e+01 1.500000000000000000e+01 7.234983000000000386e-01 3.013116999999999823e+00 5.027001373516025342e+04 1.105611686239170791e-02
3.303499607044317443e+00 1.200890187879567961e+01 2.926539244849806209e+00 1.671974745391388950e+01 3.571718706918725617e-01 1.530525399999999969e+01 7.001581000000000055e-01 3.097326999999999941e+00 1.286174957195964271e+04 3.253008953808399273e+00 7.524647762054506472e+00 1.059663952215563087e+00 1.834433259906731806e+01 2.190386674818530821e+01 1.500000000000000000e+01 7.234983000000000386e-01 3.013116999999999823e+00 5.027001373516025342e+04 1.105611686239170791e-02
3.303499607044317443e+00 1.200890187879567961e+01 2.926539244849806209e+00 1.671974745391388950e+01 3.571718706918725617e-01 1.530525399999999969e+01 7.001581000000000055e-01 3.097326999999999941e+00 1.286174957195964271e+04 3.253008953808399273e+00 7.524647762054506472e+00 1.059663952215563087e+00 1.834433232571546668e+01 2.190386707457835769e+01 1.500000000000000000e+01 7.234983000000000386e-01 3.013116999999999823e+00 5.027001373516025342e+04 1.105611686239170791e-02
3.303499607044317443e+00 1.200890187879567961e+01 2.926539244849806209e+00 1.671974745391388950e+01 3.571718706918725617e-01 1.530525399999999969e+01 7.001581000000000055e-01 3.097326999999999941e+00 1.286174957195964271e+04 3.253008953808399273e+00 7.524647762054506472e+00 1.059663952215563087e+00 1.834433232571546668e+01 2.190386674818530821e+01 1.500000000000000000e+01 7.234983000000000386e-01 3.013116999999999823e+00 5.027001448424183036e+04 1.105611686239170791e-02
3.303499607044317443e+00 1.200890187879567961e+01 2.926539244849806209e+00 1.671974745391388950e+01 3.571718706918725617e-01 1.530525399999999969e+01 7.001581000000000055e-01 3.097326999999999941e+00 1.286174957195964271e+04 3.253008953808399273e+00 7.524647762054506472e+00 1.059663952215563087e+00 1.834433232571546668e+01 2.190386674818530821e+01 1.500000000000000000e+01 7.234983000000000386e-01 3.013116999999999823e+00 5.027001373516025342e+04 1.105613176355290175e-02
3.299740387834817046e+00 1.200889720525004023e+01 1.167166174176959892e+00 1.782527004825759320e+01 1.043529800182074752e-06 1.530525399999999969e+01 7.001581000000000055e-01 3.097326999999999941e+00 1.286179033868844090e+04 3.253051194916101174e+00 7.525842785845341609e+00 1.060193236981102460e+00 1.839829587883965445e+01 2.190567411063128844e+01 1.500000000000000000e+01 7.234983000000000386e-01 3.013116999999999823e+00 5.027004383754333685e+04 1.104674092961199089e-02
3.145706285622166920e+00 1.296005772323073302e+01 2.943404330094284038e+00 1.679943294919495855e+01 4.712902364125892141e-01 1.530525399999999969e+01 7.001581000000000055e-01 3.097326999999999941e+00 1.285846486293905218e+04 3.318649171790881258e+00 8.151266333625148519e+00 1.345037058905911076e+00 1.845781531154294797e+01 2.213723186109056940e+01 1.500000000000000000e+01 7.234983000000000386e-01 3.013116999999999823e+00 5.025586819333161839e+04 1.028307065898555195e-02
3.262959042153311895e+00 1.214897847703736744e+01 2.926881190020395263e+00 1.671984995676653796e+01 3.558021419185239398e-01 1.530525399999999969e+01 7.001581000000000055e-01 3.097326999999999941e+00 1.286175334925655989e+04 3.263619901518226563e+00 7.702859239454315166e+00 1.158109871465154539e+00 1.834385233784881208e+01 2.194318912123964438e+01 1.500000000000000000e+01 7.234983000000000386e-01 3.013116999999999823e+00 5.027001120992503274e+04 1.072697406338115299e-02
3.296742863207230201e+00 1.199535186680184040e+01 2.926553859937879754e+00 1.671957839516965549e+01 3.566484183740159519e-01 1.530525399999999969e+01 7.001581000000000055e-01 3.097326999999999941e+00 1.286174585657552052e+04 3.248807717600538325e+00 7.530289474752219547e+00 1.091316197508166885e+00 1.834452351126402192e+01 2.189941901641534372e+01 1.500000000000000000e+01 7.234983000000000386e-01 3.013116999999999823e+00 5.026999802103838738e+04 1.091794296380602450e-02
3.303663785913737438e+00 1.200447684524698211e+01 2.926535648994469163e+00 1.671972869953540908e+01 3.571371954181484232e-01 1.530525399999999969e+01 7.001581000000000055e-01 3.097326999999999941e+00 1.286174854262615918e+04 3.249250917387250581e+00 7.522850770761626116e+00 1.066826175473849281e+00 1.834438813908387189e+01 2.190106724701889718e+01 1.500000000000000000e+01 7.234983000000000386e-01 3.013116999999999823e+00 5.027000983869159973e+04 1.110517957160842700e-02
3.303678121977470017e+00 1.200812966853476915e+01 2.926538100945868415e+00 1.671974648491543647e+01 3.571742548993268596e-01 1.530525399999999969e+01 7.001581000000000055e-01 3.097326999999999941e+00 1.286174936229241575e+04 3.251777974650841507e+00 7.524215316273370924e+00 1.061274112961565708e+00 1.834434334338973116e+01 2.190310281379926138e+01 1.500000000000000000e+01 7.234983000000000386e-01 3.013116999999999823e+00 5.027001296875561820e+04 1.108645702697227259e-02
3.303678171206110292e+00 1.200812966853476915e+01 2.926538100945868415e+00 1.671974648491543647e+01 3.571742548993268596e-01 1.530525399999999969e+01 7.001581000000000055e-01 3.097326999999999941e+00 1.286174936229241575e+04 3.251777974650841507e+00 7.524215316273370924e+00 1.061274112961565708e+00 1.834434334338973116e+01 2.190310281379926138e+01 1.500000000000000000e+01 7.234983000000000386e-01 3.013116999999999823e+00 5.027001296875561820e+04 1.108645702697227259e-02
3.303678121977470017e+00 1.200812984746984569e+01 2.926538100945868415e+00 1.671974648491543647e+01 3.571742548993268596e-01 1.530525399999999969e+01 7.001581000000000055e-01 3.097326999999999941e+00 1.286174936229241575e+04 3.251777974650841507e+00 7.524215316273370924e+00 1.061274112961565708e+00 1.834434334338973116e+01 2.190310281379926138e+01 1.500000000000000000e+01 7.234983000000000386e-01 3.013116999999999823e+00 5.027001296875561820e+04 1.108645702697227259e-02
3.303678121977470017e+00 1.200812966853476915e+01 2.926538144554684528e+00 1.671974648491543647e+01 3.571742548993268596e-01 1.530525399999999969e+01 7.001581000000000055e-01 3.097326999999999941e+00 1.286174936229241575e+04 3.251777974650841507e+00 7.524215316273370924e+00 1.061274112961565708e+00 1.834434334338973116e+01 2.190310281379926138e+01 1.500000000000000000e+01 7.234983000000000386e-01 3.013116999999999823e+00 5.027001296875561820e+04 1.108645702697227259e-02
3.303678121977470017e+00 1.200812966853476915e+01 2.926538100945868415e+00 1.671974673405907552e+01 3.571742548993268596e-01 1.530525399999999969e+01 7.001581000000000055e-01 3.097326999999999941e+00 1.286174936229241575e+04 3.251777974650841507e+00 7.524215316273370924e+00 1.061274112961565708e+00 1.834434334338973116e+01 2.190310281379926138e+01 1.500000000000000000e+01 7.234983000000000386e-01 3.013116999999999823e+00 5.027001296875561820e+04 1.108645702697227259e-02
3.303678121977470017e+00 1.200812966853476915e+01 2.926538100945868415e+00 1.671974648491543647e+01 3.571742698004880534e-01 1.530525399999999969e+01 7.001581000000000055e-01 3.097326999999999941e+00 1.286174936229241575e+04 3.251777974650841507e+00 7.524215316273370924e+00 1.061274112961565708e+00 1.834434334338973116e+01 2.190310281379926138e+01 1.500000000000000000e+01 7.234983000000000386e-01 3.013116999999999823e+00 5.027001296875561820e+04 1.108645702697227259e-02
3.303678121977470017e+00 1.200812966853476915e+01 2.926538100945868415e+00 1.671974648491543647e+01 3.571742548993268596e-01 1.530525399999999969e+01 7.001581000000000055e-01 3.097326999999999941e+00 1.286174955394741664e+04 3.251777974650841507e+00 7.524215316273370924e+00 1.061274112961565708e+00 1.834434334338973116e+01 2.190310281379926138e+01 1.500000000000000000e+01 7.234983000000000386e-01 3.013116999999999823e+00 5.027001296875561820e+04 1.108645702697227259e-02
3.303678121977470017e+00 1.200812966853476915e+01 2.926538100945868415e+00 1.671974648491543647e+01 3.571742548993268596e-01 1.530525399999999969e+01 7.001581000000000055e-01 3.097326999999999941e+00 1.286174936229241575e+04 3.251778023106109305e+00 7.524215316273370924e+00 1.061274112961565708e+00 1.834434334338973116e+01 2.190310281379926138e+01 1.500000000000000000e+01 7.234983000000000386e-01 3.013116999999999823e+00 5.027001296875561820e+04 1.108645702697227259e-02
3.303678121977470017e+00 1.200812966853476915e+01 2.926538100945868415e+00 1.671974648491543647e+01 3.571742548993268596e-01 1.530525399999999969e+01 7.001581000000000055e-01 3.097326999999999941e+00 1.286174936229241575e+04 3.251777974650841507e+00 7.524215428392916571e+00 1.061274112961565708e+00 1.834434334338973116e+01 2.190310281379926138e+01 1.500000000000000000e+01 7.234983000000000386e-01 3.013116999999999823e+00 5.027001296875561820e+04 1.108645702697227259e-02
3.303678121977470017e+00 1.200812966853476915e+01 2.926538100945868415e+00 1.671974648491543647e+01 3.571742548993268596e-01 1.530525399999999969e+01 7.001581000000000055e-01 3.097326999999999941e+00 1.286174936229241575e+04 3.251777974650841507e+00 7.524215316273370924e+00 1.061274128775782311e+00 1.834434334338973116e+01 2.190310281379926138e+01 1.500000000000000000e+01 7.234983000000000386e-01 3.013116999999999823e+00 5.027001296875561820e+04 1.108645702697227259e-02
3.303678121977470017e+00 1.200812966853476915e+01 2.926538100945868415e+00 1.671974648491543647e+01 3.571742548993268596e-01 1.530525399999999969e+01 7.001581000000000055e-01 3.097326999999999941e+00 1.286174936229241575e+04 3.251777974650841507e+00 7.524215316273370924e+00 1.061274112961565708e+00 1.834434361674174951e+01 2.190310281379926138e+01 1.500000000000000000e+01 7.234983000000000386e-01 3.013116999999999823e+00 5.027001296875561820e+04 1.108645702697227259e-02
3.303678121977470017e+00 1.200812966853476915e+01 2.926538100945868415e+00 1.671974648491543647e+01 3.571742548993268596e-01 1.530525399999999969e+01 7.001581000000000055e-01 3.097326999999999941e+00 1.286174936229241575e+04 3.251777974650841507e+00 7.524215316273370924e+00 1.061274112961565708e+00 1.834434334338973116e+01 2.190310314018092797e+01 1.500000000000000000e+01 7.234983000000000386e-01 3.013116999999999823e+00 5.027001296875561820e+04 1.108645702697227259e-02
3.303678121977470017e+00 1.200812966853476915e+01 2.926538100945868415e+00 1.671974648491543647e+01 3.571742548993268596e-01 1.530525399999999969e+01 7.001581000000000055e-01 3.097326999999999941e+00 1.286174936229241575e+04 3.251777974650841507e+00 7.524215316273370924e+00 1.061274112961565708e+00 1.834434334338973116e+01 2.190310281379926138e+01 1.500000000000000000e+01 7.234983000000000386e-01 3.013116999999999823e+00 5.027001371783718787e+04 1.108645702697227259e-02
3.303678121977470017e+00 1.200812966853476915e+01 2.926538100945868415e+00 1.671974648491543647e+01 3.571742548993268596e-01 1.530525399999999969e+01 7.001581000000000055e-01 3.097326999999999941e+00 1.286174936229241575e+04 3.251777974650841507e+00 7.524215316273370924e+00 1.061274112961565708e+00 1.834434334338973116e+01 2.190310281379926138e+01 1.500000000000000000e+01 7.234983000000000386e-01 3.013116999999999823e+00 5.027001296875561820e+04 1.108647192813346644e-02
3.303924000484297796e+00 1.200724502412931649e+01 2.926537341631923361e+00 1.671974603759543498e+01 3.571770749257183186e-01 1.530525399999999969e+01 7.001581000000000055e-01 3.097326999999999941e+00 1.286174911946317661e+04 3.250705503702383314e+00 7.523767313165343751e+00 1.062988106925940590e+00 1.834435723465818313e+01 2.190306779172388829e+01 1.500000000000000000e+01 7.234983000000000386e-01 3.013116999999999823e+00 5.027001206884689600e+04 1.110349956486517305e-02
3.303924049716601807e+00 1.200724502412931649e+01 2.926537341631923361e+00 1.671974603759543498e+01 3.571770749257183186e-01 1.530525399999999969e+01 7.001581000000000055e-01 3.097326999999999941e+00 1.286174911946317661e+04 3.250705503702383314e+00 7.523767313165343751e+00 1.062988106925940590e+00 1.834435723465818313e+01 2.190306779172388829e+01 1.500000000000000000e+01 7.234983000000000386e-01 3.013116999999999823e+00 5.027001206884689600e+04 1.110349956486517305e-02
3.303924000484297796e+00 1.200724520305121068e+01 2.926537341631923361e+00 1.671974603759543498e+01 3.571770749257183186e-01 1.530525399999999969e+01 7.001581000000000055e-01 3.097326999999999941e+00 1.286174911946317661e+04 3.250705503702383314e+00 7.523767313165343751e+00 1.062988106925940590e+00 1.834435723465818313e+01 2.190306779172388829e+01 1.500000000000000000e+01 7.234983000000000386e-01 3.013116999999999823e+00 5.027001206884689600e+04 1.110349956486517305e-02
3.303924000484297796e+00 1.200724502412931649e+01 2.926537385240727929e+00 1.671974603759543498e+01 3.571770749257183186e-01 1.530525399999999969e+01 7.001581000000000055e-01 3.097326999999999941e+00 1.286174911946317661e+04 3.250705503702383314e+00 7.523767313165343751e+00 1.062988106925940590e+00 1.834435723465818313e+01 2.190306779172388829e+01 1.500000000000000000e+01 7.234983000000000386e-01 3.013116999999999823e+00 5.027001206884689600e+04 1.110349956486517305e-02
3.303924000484297796e+00 1.200724502412931649e+01 2.926537341631923361e+00 1.671974628673906693e+01 3.571770749257183186e-01 1.530525399999999969e+01 7.001581000000000055e-01 3.097326999999999941e+00 1.286174911946317661e+04 3.250705503702383314e+00 7.523767313165343751e+00 1.062988106925940590e+00 1.834435723465818313e+01 2.190306779172388829e+01 1.500000000000000000e+01 7.234983000000000386e-01 3.013116999999999823e+00 5.027001206884689600e+04 1.110349956486517305e-02
3.303924000484297796e+00 1.200724502412931649e+01 2.926537341631923361e+00 1.671974603759543498e+01 3.571770898268795125e-01 1.530525399999999969e+01 7.001581000000000055e-01 3.097326999999999941e+00 1.286174911946317661e+04 3.250705503702383314e+00 7.523767313165343751e+00 1.062988106925940590e+00 1.834435723465818313e+01 2.190306779172388829e+01 1.500000000000000000e+01 7.234983000000000386e-01 3.013116999999999823e+00 5.027001206884689600e+04 1.110349956486517305e-02
3.303924000484297796e+00 1.200724502412931649e+01 2.926537341631923361e+00 1.671974603759543498e+01 3.571770749257183186e-01 1.530525399999999969e+01 7.001581000000000055e-01 3.097326999999999941e+00 1.286174931111817386e+04 3.250705503702383314e+00 7.523767313165343751e+00 1.062988106925940590e+00 1.834435723465818313e+01 2.190306779172388829e+01 1.500000000000000000e+01 7.234983000000000386e-01 3.013116999999999823e+00 5.027001206884689600e+04 1.110349956486517305e-02
3.303924000484297796e+00 1.200724502412931649e+01 2.926537341631923361e+00 1.671974603759543498e+01 3.571770749257183186e-01 1.530525399999999969e+01 7.001581000000000055e-01 3.097326999999999941e+00 1.286174911946317661e+04 3.250705552141670118e+00 7.523767313165343751e+00 1.062988106925940590e+00 1.834435723465818313e+01 2.190306779172388829e+01 1.500000000000000000e+01 7.234983000000000386e-01 3.013116999999999823e+00 5.027001206884689600e+04 1.110349956486517305e-02
3.303924000484297796e+00 1.200724502412931649e+01 2.926537341631923361e+00 1.671974603759543498e+01 3.571770749257183186e-01 1.530525399999999969e+01 7.001581000000000055e-01 3.097326999999999941e+00 1.286174911946317661e+04 3.250705503702383314e+00 7.523767425278212961e+00 1.062988106925940590e+00 1.834435723465818313e+01 2.190306779172388829e+01 1.500000000000000000e+01 7.234983000000000386e-01 3.013116999999999823e+00 5.027001206884689600e+04 1.110349956486517305e-02
3.303924000484297796e+00 1.200724502412931649e+01 2.926537341631923361e+00 1.671974603759543498e+01 3.571770749257183186e-01 1.530525399999999969e+01 7.001581000000000055e-01 3.097326999999999941e+00 1.286174911946317661e+04 3.250705503702383314e+00 7.523767313165343751e+00 1.062988122765697652e+00 1.834435723465818313e+01 2.190306779172388829e+01 1.500000000000000000e+01 7.234983000000000386e-01 3.013116999999999823e+00 5.027001206884689600e+04 1.110349956486517305e-02
3.303924000484297796e+00 1.200724502412931649e+01 2.926537341631923361e+00 1.671974603759543498e+01 3.571770749257183186e-01 1.530525399999999969e+01 7.001581000000000055e-01 3.097326999999999941e+00 1.286174911946317661e+04 3.250705503702383314e+00 7.523767313165343751e+00 1.062988106925940590e+00 1.834435750801040754e+01 2.190306779172388829e+01 1.500000000000000000e+01 7.234983000000000386e-01 3.013116999999999823e+00 5.027001206884689600e+04 1.110349956486517305e-02
3.303924000484297796e+00 1.200724502412931649e+01 2.926537341631923361e+00 1.671974603759543498e+01 3.571770749257183186e-01 1.530525399999999969e+01 7.001581000000000055e-01 3.097326999999999941e+00 1.286174911946317661e+04 3.250705503702383314e+00 7.523767313165343751e+00 1.062988106925940590e+00 1.834435723465818313e+01 2.190306811810503262e+01 1.500000000000000000e+01 7.234983000000000386e-01 3.013116999999999823e+00 5.027001206884689600e+04 1.110349956486517305e-02
3.303924000484297796e+00 1.200724502412931649e+01 2.926537341631923361e+00 1.671974603759543498e+01 3.571770749257183186e-01 1.530525399999999969e+01 7.001581000000000055e-01 3.097326999999999941e+00 1.286174911946317661e+04 3.250705503702383314e+00 7.523767313165343751e+00 1.062988106925940590e+00 1.834435723465818313e+01 2.190306779172388829e+01 1.500000000000000000e+01 7.234983000000000386e-01 3.013116999999999823e+00 5.027001281792845111e+04 1.110349956486517305e-02
3.303924000484297796e+00 1.200724502412931649e+01 2.926537341631923361e+00 1.671974603759543498e+01 3.571770749257183186e-01 1.530525399999999969e+01 7.001581000000000055e-01 3.097326999999999941e+00 1.286174911946317661e+04 3.250705503702383314e+00 7.523767313165343751e+00 1.062988106925940590e+00 1.834435723465818313e+01 2.190306779172388829e+01 1.500000000000000000e+01 7.234983000000000386e-01 3.013116999999999823e+00 5.027001206884689600e+04 1.110351446602636689e-02
3.304581984785976978e+00 1.200569355828232254e+01 2.926536337334252558e+00 1.671974885389925092e+01 3.571879201756491540e-01 1.530525399999999969e+01 7.001581000000000055e-01 3.097326999999999941e+00 1.286174866594515697e+04 3.249482644208578908e+00 7.522979154197354745e+00 1.064411578044465623e+00 1.834438500296122854e+01 2.190301667288506593e+01 1.500000000000000000e+01 7.234983000000000386e-01 3.013116999999999823e+00 5.027001036603082321e+04 1.113175198402159040e-02
3.304141574165028405e+00 1.200693368061012123e+01 2.926537130281457788e+00 1.671974793827223849e+01 3.571827453243790473e-01 1.530525399999999969e+01 7.001581000000000055e-01 3.097326999999999941e+00 1.286174901251369192e+04 3.250402210297191896e+00 7.523592512642357732e+00 1.063324755404959188e+00 1.834436393945545518e+01 2.190305538489416648e+01 1.500000000000000000e+01 7.234983000000000386e-01 3.013116999999999823e+00 5.027001167026463372e+04 1.111326760278912723e-02
3.304141623400574712e+00 1.200693368061012123e+01 2.926537130281457788e+00 1.671974793827223849e+01 3.571827453243790473e-01 1.530525399999999969e+01 7.001581000000000055e-01 3.097326999999999941e+00 1.286174901251369192e+04 3.250402210297191896e+00 7.523592512642357732e+00 1.063324755404959188e+00 1.834436393945545518e+01 2.190305538489416648e+01 1.500000000000000000e+01 7.234983000000000386e-01 3.013116999999999823e+00 5.027001167026463372e+04 1.111326760278912723e-02
3.304141574165028405e+00 1.200693385952737557e+01 2.926537130281457788e+00 1.671974793827223849e+01 3.571827453243790473e-01 1.530525399999999969e+01 7.001581000000000055e-01 3.097326999999999941e+00 1.286174901251369192e+04 3.250402210297191896e+00 7.523592512642357732e+00 1.063324755404959188e+00 1.834436393945545518e+01 2.190305538489416648e+01 1.500000000000000000e+01 7.234983000000000386e-01 3.013116999999999823e+00 5.027001167026463372e+04 1.111326760278912723e-02
3.304141574165028405e+00 1.200693368061012123e+01 2.926537173890259247e+00 1.671974793827223849e+01 3.571827453243790473e-01 1.530525399999999969e+01 7.001581000000000055e-01 3.097326999999999941e+00 1.286174901251369192e+04 3.250402210297191896e+00 7.523592512642357732e+00 1.063324755404959188e+00 1.834436393945545518e+01 2.190305538489416648e+01 1.500000000000000000e+01 7.234983000000000386e-01 3.013116999999999823e+00 5.027001167026463372e+04 1.111326760278912723e-02
3.304141574165028405e+00 1.200693368061012123e+01 2.926537130281457788e+00 1.671974818741589885e+01 3.571827453243790473e-01 1.530525399999999969e+01 7.001581000000000055e-01 3.097326999999999941e+00 1.286174901251369192e+04 3.250402210297191896e+00 7.523592512642357732e+00 1.063324755404959188e+00 1.834436393945545518e+01 2.190305538489416648e+01 1.500000000000000000e+01 7.234983000000000386e-01 3.013116999999999823e+00 5.027001167026463372e+04 1.111326760278912723e-02
3.304141574165028405e+00 1.200693368061012123e+01 2.926537130281457788e+00 1.671974793827223849e+01 3.571827602255402412e-01 1.530525399999999969e+01 7.001581000000000055e-01 3.097326999999999941e+00 1.286174901251369192e+04 3.250402210297191896e+00 7.523592512642357732e+00 1.063324755404959188e+00 1.834436393945545518e+01 2.190305538489416648e+01 1.500000000000000000e+01 7.234983000000000386e-01 3.013116999999999823e+00 5.027001167026463372e+04 1.111326760278912723e-02
3.304141574165028405e+00 1.200693368061012123e+01 2.926537130281457788e+00 1.671974793827223849e+01 3.571827453243790473e-01 1.530525399999999969e+01 7.001581000000000055e-01 3.097326999999999941e+00 1.286174920416868736e+04 3.250402210297191896e+00 7.523592512642357732e+00 1.063324755404959188e+00 1.834436393945545518e+01 2.190305538489416648e+01 1.500000000000000000e+01 7.234983000000000386e-01 3.013116999999999823e+00 5.027001167026463372e+04 1.111326760278912723e-02
3.304141574165028405e+00 1.200693368061012123e+01 2.926537130281457788e+00 1.671974793827223849e+01 3.571827453243790473e-01 1.530525399999999969e+01 7.001581000000000055e-01 3.097326999999999941e+00 1.286174901251369192e+04 3.250402258731959204e+00 7.523592512642357732e+00 1.063324755404959188e+00 1.834436393945545518e+01 2.190305538489416648e+01 1.500000000000000000e+01 7.234983000000000386e-01 3.013116999999999823e+00 5.027001167026463372e+04 1.111326760278912723e-02
3.304141574165028405e+00 1.200693368061012123e+01 2.926537130281457788e+00 1.671974793827223849e+01 3.571827453243790473e-01 1.530525399999999969e+01 7.001581000000000055e-01 3.097326999999999941e+00 1.286174901251369192e+04 3.250402210297191896e+00 7.523592624752622804e+00 1.063324755404959188e+00 1.834436393945545518e+01 2.190305538489416648e+01 1.500000000000000000e+01 7.234983000000000386e-01 3.013116999999999823e+00 5.027001167026463372e+04 1.111326760278912723e-02
3.304141574165028405e+00 1.200693368061012123e+01 2.926537130281457788e+00 1.671974793827223849e+01 3.571827453243790473e-01 1.530525399999999969e+01 7.001581000000000055e-01 3.097326999999999941e+00 1.286174901251369192e+04 3.250402210297191896e+00 7.523592512642357732e+00 1.063324771249732681e+00 1.834436393945545518e+01 2.190305538489416648e+01 1.500000000000000000e+01 7.234983000000000386e-01 3.013116999999999823e+00 5.027001167026463372e+04 1.111326760278912723e-02
3.304141574165028405e+00 1.200693368061012123e+01 2.926537130281457788e+00 1.671974793827223849e+01 3.571827453243790473e-01 1.530525399999999969e+01 7.001581000000000055e-01 3.097326999999999941e+00 1.286174901251369192e+04 3.250402210297191896e+00 7.523592512642357732e+00 1.063324755404959188e+00 1.834436421280777907e+01 2.190305538489416648e+01 1.500000000000000000e+01 7.234983000000000386e-01 3.013116999999999823e+00 5.027001167026463372e+04 1.111326760278912723e-02
3.304141574165028405e+00 1.200693368061012123e+01 2.926537130281457788e+00 1.671974793827223849e+01 3.571827453243790473e-01 1.530525399999999969e+01 7.001581000000000055e-01 3.097326999999999941e+00 1.286174901251369192e+04 3.250402210297191896e+00 7.523592512642357732e+00 1.063324755404959188e+00 1.834436393945545518e+01 2.190305571127512607e+01 1.500000000000000000e+01 7.234983000000000386e-01 3.013116999999999823e+00 5.027001167026463372e+04 1.111326760278912723e-02
3.304141574165028405e+00 1.200693368061012123e+01 2.926537130281457788e+00 1.671974793827223849e+01 3.571827453243790473e-01 1.530525399999999969e+01 7.001581000000000055e-01 3.097326999999999941e+00 1.286174901251369192e+04 3.250402210297191896e+00 7.523592512642357732e+00 1.063324755404959188e+00 1.834436393945545518e+01 2.190305538489416648e+01 1.500000000000000000e+01 7.234983000000000386e-01 3.013116999999999823e+00 5.027001241934618156e+04 1.111326760278912723e-02
3.304141574165028405e+00 1.200693368061012123e+01 2.926537130281457788e+00 1.671974793827223849e+01 3.571827453243790473e-01 1.530525399999999969e+01 7.001581000000000055e-01 3.097326999999999941e+00 1.286174901251369192e+04 3.250402210297191896e+00 7.523592512642357732e+00 1.063324755404959188e+00 1.834436393945545518e+01 2.190305538489416648e+01 1.500000000000000000e+01 7.234983000000000386e-01 3.013116999999999823e+00 5.027001167026463372e+04 1.111328250395032108e-02
3.304872254316945313e+00 1.200631250904859115e+01 2.926536192268669456e+00 1.671975624489118672e+01 3.571832215638600649e-01 1.530525399999999969e+01 7.001581000000000055e-01 3.097326999999999941e+00 1.286174901250028415e+04 3.249056159580623770e+00 7.523555046146716663e+00 1.063886952457793633e+00 1.834455042262447932e+01 2.190264891995197516e+01 1.500000000000000000e+01 7.234983000000000386e-01 3.013116999999999823e+00 5.027001167025170434e+04 1.114889911865424299e-02
3.304872303563379354e+00 1.200631250904859115e+01 2.926536192268669456e+00 1.671975624489118672e+01 3.571832215638600649e-01 1.530525399999999969e+01 7.001581000000000055e-01 3.097326999999999941e+00 1.286174901250028415e+04 3.249056159580623770e+00 7.523555046146716663e+00 1.063886952457793633e+00 1.834455042262447932e+01 2.190264891995197516e+01 1.500000000000000000e+01 7.234983000000000386e-01 3.013116999999999823e+00 5.027001167025170434e+04 1.114889911865424299e-02
3.304872254316945313e+00 1.200631268795658890e+01 2.926536192268669456e+00 1.671975624489118672e+01 3.571832215638600649e-01 1.530525399999999969e+01 7.001581000000000055e-01 3.097326999999999941e+00 1.286174901250028415e+04 3.249056159580623770e+00 7.523555046146716663e+00 1.063886952457793633e+00 1.834455042262447932e+01 2.190264891995197516e+01 1.500000000000000000e+01 7.234983000000000386e-01 3.013116999999999823e+00 5.027001167025170434e+04 1.114889911865424299e-02
3.304872254316945313e+00 1.200631250904859115e+01 2.926536235877457148e+00 1.671975624489118672e+01 3.571832215638600649e-01 1.530525399999999969e+01 7.001581000000000055e-01 3.097326999999999941e+00 1.286174901250028415e+04 3.249056159580623770e+00 7.523555046146716663e+00 1.063886952457793633e+00 1.834455042262447932e+01 2.190264891995197516e+01 1.500000000000000000e+01 7.234983000000000386e-01 3.013116999999999823e+00 5.027001167025170434e+04 1.114889911865424299e-02
3.304872254316945313e+00 1.200631250904859115e+01 2.926536192268669456e+00 1.671975649403496789e+01 3.571832215638600649e-01 1.530525399999999969e+01 7.001581000000000055e-01 3.097326999999999941e+00 1.286174901250028415e+04 3.249056159580623770e+00 7.523555046146716663e+00 1.063886952457793633e+00 1.834455042262447932e+01 2.190264891995197516e+01 1.500000000000000000e+01 7.234983000000000386e-01 3.013116999999999823e+00 5.027001167025170434e+04 1.114889911865424299e-02
3.304872254316945313e+00 1.200631250904859115e+01 2.926536192268669456e+00 1.671975624489118672e+01 3.571832364650212588e-01 1.530525399999999969e+01 7.001581000000000055e-01 3.097326999999999941e+00 1.286174901250028415e+04 3.249056159580623770e+00 7.523555046146716663e+00 1.063886952457793633e+00 1.834455042262447932e+01 2.190264891995197516e+01 1.500000000000000000e+01 7.234983000000000386e-01 3.013116999999999823e+00 5.027001167025170434e+04 1.114889911865424299e-02
3.304872254316945313e+00 1.200631250904859115e+01 2.926536192268669456e+00 1.671975624489118672e+01 3.571832215638600649e-01 1.530525399999999969e+01 7.001581000000000055e-01 3.097326999999999941e+00 1.286174920415527959e+04 3.249056159580623770e+00 7.523555046146716663e+00 1.063886952457793633e+00 1.834455042262447932e+01 2.190264891995197516e+01 1.500000000000000000e+01 7.234983000000000386e-01 3.013116999999999823e+00 5.027001167025170434e+04 1.114889911865424299e-02
3.304872254316945313e+00 1.200631250904859115e+01 2.926536192268669456e+00 1.671975624489118672e+01 3.571832215638600649e-01 1.530525399999999969e+01 7.001581000000000055e-01 3.097326999999999941e+00 1.286174901250028415e+04 3.249056207995333345e+00 7.523555046146716663e+00 1.063886952457793633e+00 1.834455042262447932e+01 2.190264891995197516e+01 1.500000000000000000e+01 7.234983000000000386e-01 3.013116999999999823e+00 5.027001167025170434e+04 1.114889911865424299e-02
3.304872254316945313e+00 1.200631250904859115e+01 2.926536192268669456e+00 1.671975624489118672e+01 3.571832215638600649e-01 1.530525399999999969e+01 7.001581000000000055e-01 3.097326999999999941e+00 1.286174901250028415e+04 3.249056159580623770e+00 7.523555158256423070e+00 1.063886952457793633e+00 1.834455042262447932e+01 2.190264891995197516e+01 1.500000000000000000e+01 7.234983000000000386e-01 3.013116999999999823e+00 5.027001167025170434e+04 1.114889911865424299e-02
3.304872254316945313e+00 1.200631250904859115e+01 2.926536192268669456e+00 1.671975624489118672e+01 3.571832215638600649e-01 1.530525399999999969e+01 7.001581000000000055e-01 3.097326999999999941e+00 1.286174901250028415e+04 3.249056159580623770e+00 7.523555046146716663e+00 1.063886968310944647e+00 1.834455042262447932e+01 2.190264891995197516e+01 1.500000000000000000e+01 7.234983000000000386e-01 3.013116999999999823e+00 5.027001167025170434e+04 1.114889911865424299e-02
3.304872254316945313e+00 1.200631250904859115e+01 2.926536192268669456e+00 1.671975624489118672e+01 3.571832215638600649e-01 1.530525399999999969e+01 7.001581000000000055e-01 3.097326999999999941e+00 1.286174901250028415e+04 3.249056159580623770e+00 7.523555046146716663e+00 1.063886952457793633e+00 1.834455069597958143e+01 2.190264891995197516e+01 1.500000000000000000e+01 7.234983000000000386e-01 3.013116999999999823e+00 5.027001167025170434e+04 1.114889911865424299e-02
3.304872254316945313e+00 1.200631250904859115e+01 2.926536192268669456e+00 1.671975624489118672e+01 3.571832215638600649e-01 1.530525399999999969e+01 7.001581000000000055e-01 3.097326999999999941e+00 1.286174901250028415e+04 3.249056159580623770e+00 7.523555046146716663e+00 1.063886952457793633e+00 1.834455042262447932e+01 2.190264924632687737e+01 1.500000000000000000e+01 7.234983000000000386e-01 3.013116999999999823e+00 5.027001167025170434e+04 1.114889911865424299e-02
3.304872254316945313e+00 1.200631250904859115e+01 2.926536192268669456e+00 1.671975624489118672e+01 3.571832215638600649e-01 1.530525399999999969e+01 7.001581000000000055e-01 3.097326999999999941e+00 1.286174901250028415e+04 3.249056159580623770e+00 7.523555046146716663e+00 1.063886952457793633e+00 1.834455042262447932e+01 2.190264891995197516e+01 1.500000000000000000e+01 7.234983000000000386e-01 3.013116999999999823e+00 5.027001241933325218e+04 1.114889911865424299e-02
3.304872254316945313e+00 1.200631250904859115e+01 2.926536192268669456e+00 1.671975624489118672e+01 3.571832215638600649e-01 1.530525399999999969e+01 7.001581000000000055e-01 3.097326999999999941e+00 1.286174901250028415e+04 3.249056159580623770e+00 7.523555046146716663e+00 1.063886952457793633e+00 1.834455042262447932e+01 2.190264891995197516e+01 1.500000000000000000e+01 7.234983000000000386e-01 3.013116999999999823e+00 5.027001167025170434e+04 1.114891401981543684e-02
3.305144362599623076e+00 1.200626376408474982e+01 2.926535258806738593e+00 1.671973115844813762e+01 3.571822461431152229e-01 1.530525399999999969e+01 7.001581000000000055e-01 3.097326999999999941e+00 1.286174901248951755e+04 3.248091271154504689e+00 7.523523118363165452e+00 1.064775540598051018e+00 1.834470105726601474e+01 2.190233951441675586e+01 1.500000000000000000e+01 7.234983000000000386e-01 3.013116999999999823e+00 5.027001167024121969e+04 1.116716427723422195e-02
3.305144411850112096e+00 1.200626376408474982e+01 2.926535258806738593e+00 1.671973115844813762e+01 3.571822461431152229e-01 1.530525399999999969e+01 7.001581000000000055e-01 3.097326999999999941e+00 1.286174901248951755e+04 3.248091271154504689e+00 7.523523118363165452e+00 1.064775540598051018e+00 1.834470105726601474e+01 2.190233951441675586e+01 1.500000000000000000e+01 7.234983000000000386e-01 3.013116999999999823e+00 5.027001167024121969e+04 1.116716427723422195e-02
3.305144362599623076e+00 1.200626394299202104e+01 2.926535258806738593e+00 1.671973115844813762e+01 3.571822461431152229e-01 1.530525399999999969e+01 7.001581000000000055e-01 3.097326999999999941e+00 1.286174901248951755e+04 3.248091271154504689e+00 7.523523118363165452e+00 1.064775540598051018e+00 1.834470105726601474e+01 2.190233951441675586e+01 1.500000000000000000e+01 7.234983000000000386e-01 3.013116999999999823e+00 5.027001167024121969e+04 1.116716427723422195e-02
3.305144362599623076e+00 1.200626376408474982e+01 2.926535302415512074e+00 1.671973115844813762e+01 3.571822461431152229e-01 1.530525399999999969e+01 7.001581000000000055e-01 3.097326999999999941e+00 1.286174901248951755e+04 3.248091271154504689e+00 7.523523118363165452e+00 1.064775540598051018e+00 1.834470105726601474e+01 2.190233951441675586e+01 1.500000000000000000e+01 7.234983000000000386e-01 3.013116999999999823e+00 5.027001167024121969e+04 1.116716427723422195e-02
3.305144362599623076e+00 1.200626376408474982e+01 2.926535258806738593e+00 1.671973140759154575e+01 3.571822461431152229e-01 1.530525399999999969e+01 7.001581000000000055e-01 3.097326999999999941e+00 1.286174901248951755e+04 3.248091271154504689e+00 7.523523118363165452e+00 1.064775540598051018e+00 1.834470105726601474e+01 2.190233951441675586e+01 1.500000000000000000e+01 7.234983000000000386e-01 3.013116999999999823e+00 5.027001167024121969e+04 1.116716427723422195e-02
3.305144362599623076e+00 1.200626376408474982e+01 2.926535258806738593e+00 1.671973115844813762e+01 3.571822610442764168e-01 1.530525399999999969e+01 7.001581000000000055e-01 3.097326999999999941e+00 1.286174901248951755e+04 3.248091271154504689e+00 7.523523118363165452e+00 1.064775540598051018e+00 1.834470105726601474e+01 2.190233951441675586e+01 1.500000000000000000e+01 7.234983000000000386e-01 3.013116999999999823e+00 5.027001167024121969e+04 1.116716427723422195e-02
3.305144362599623076e+00 1.200626376408474982e+01 2.926535258806738593e+00 1.671973115844813762e+01 3.571822461431152229e-01 1.530525399999999969e+01 7.001581000000000055e-01 3.097326999999999941e+00 1.286174920414451299e+04 3.248091271154504689e+00 7.523523118363165452e+00 1.064775540598051018e+00 1.834470105726601474e+01 2.190233951441675586e+01 1.500000000000000000e+01 7.234983000000000386e-01 3.013116999999999823e+00 5.027001167024121969e+04 1.116716427723422195e-02
3.305144362599623076e+00 1.200626376408474982e+01 2.926535258806738593e+00 1.671973115844813762e+01 3.571822461431152229e-01 1.530525399999999969e+01 7.001581000000000055e-01 3.097326999999999941e+00 1.286174901248951755e+04 3.248091319554836431e+00 7.523523118363165452e+00 1.064775540598051018e+00 1.834470105726601474e+01 2.190233951441675586e+01 1.500000000000000000e+01 7.234983000000000386e-01 3.013116999999999823e+00 5.027001167024121969e+04 1.116716427723422195e-02
3.305144362599623076e+00 1.200626376408474982e+01 2.926535258806738593e+00 1.671973115844813762e+01 3.571822461431152229e-01 1.530525399999999969e+01 7.001581000000000055e-01 3.097326999999999941e+00 1.286174901248951755e+04 3.248091271154504689e+00 7.523523230472395795e+00 1.064775540598051018e+00 1.834470105726601474e+01 2.190233951441675586e+01 1.500000000000000000e+01 7.234983000000000386e-01 3.013116999999999823e+00 5.027001167024121969e+04 1.116716427723422195e-02
3.305144362599623076e+00 1.200626376408474982e+01 2.926535258806738593e+00 1.671973115844813762e+01 3.571822461431152229e-01 1.530525399999999969e+01 7.001581000000000055e-01 3.097326999999999941e+00 1.286174901248951755e+04 3.248091271154504689e+00 7.523523118363165452e+00 1.064775556464442996e+00 1.834470105726601474e+01 2.190233951441675586e+01 1.500000000000000000e+01 7.234983000000000386e-01 3.013116999999999823e+00 5.027001167024121969e+04 1.116716427723422195e-02
3.305144362599623076e+00 1.200626376408474982e+01 2.926535258806738593e+00 1.671973115844813762e+01 3.571822461431152229e-01 1.530525399999999969e+01 7.001581000000000055e-01 3.097326999999999941e+00 1.286174901248951755e+04 3.248091271154504689e+00 7.523523118363165452e+00 1.064775540598051018e+00 1.834470133062336217e+01 2.190233951441675586e+01 1.500000000000000000e+01 7.234983000000000386e-01 3.013116999999999823e+00 5.027001167024121969e+04 1.116716427723422195e-02
3.305144362599623076e+00 1.200626376408474982e+01 2.926535258806738593e+00 1.671973115844813762e+01 3.571822461431152229e-01 1.530525399999999969e+01 7.001581000000000055e-01 3.097326999999999941e+00 1.286174901248951755e+04 3.248091271154504689e+00 7.523523118363165452e+00 1.064775540598051018e+00 1.834470105726601474e+01 2.190233984078704665e+01 1.500000000000000000e+01 7.234983000000000386e-01 3.013116999999999823e+00 5.027001167024121969e+04 1.116716427723422195e-02
3.305144362599623076e+00 1.200626376408474982e+01 2.926535258806738593e+00 1.671973115844813762e+01 3.571822461431152229e-01 1.530525399999999969e+01 7.001581000000000055e-01 3.097326999999999941e+00 1.286174901248951755e+04 3.248091271154504689e+00 7.523523118363165452e+00 1.064775540598051018e+00 1.834470105726601474e+01 2.190233951441675586e+01 1.500000000000000000e+01 7.234983000000000386e-01 3.013116999999999823e+00 5.027001241932276753e+04 1.116716427723422195e-02
3.305144362599623076e+00 1.200626376408474982e+01 2.926535258806738593e+00 1.671973115844813762e+01 3.571822461431152229e-01 1.530525399999999969e+01 7.001581000000000055e-01 3.097326999999999941e+00 1.286174901248951755e+04 3.248091271154504689e+00 7.523523118363165452e+00 1.064775540598051018e+00 1.834470105726601474e+01 2.190233951441675586e+01 1.500000000000000000e+01 7.234983000000000386e-01 3.013116999999999823e+00 5.027001167024121969e+04 1.116717917839541580e-02
3.305082387521140586e+00 1.200477016633979943e+01 2.926534567381265717e+00 1.671972301797121574e+01 3.571731422718713578e-01 1.530525399999999969e+01 7.001581000000000055e-01 3.097326999999999941e+00 1.286174870612986160e+04 3.247418645846231744e+00 7.522964556632178557e+00 1.066661556208068351e+00 1.834471781127346901e+01 2.190230866964014922e+01 1.500000000000000000e+01 7.234983000000000386e-01 3.013116999999999823e+00 5.027001049351978872e+04 1.116729237602913545e-02
3.305082436770705900e+00 1.200477016633979943e+01 2.926534567381265717e+00 1.671972301797121574e+01 3.571731422718713578e-01 1.530525399999999969e+01 7.001581000000000055e-01 3.097326999999999941e+00 1.286174870612986160e+04 3.247418645846231744e+00 7.522964556632178557e+00 1.066661556208068351e+00 1.834471781127346901e+01 2.190230866964014922e+01 1.500000000000000000e+01 7.234983000000000386e-01 3.013116999999999823e+00 5.027001049351978872e+04 1.116729237602913545e-02
3.305082387521140586e+00 1.200477034522481468e+01 2.926534567381265717e+00 1.671972301797121574e+01 3.571731422718713578e-01 1.530525399999999969e+01 7.001581000000000055e-01 3.097326999999999941e+00 1.286174870612986160e+04 3.247418645846231744e+00 7.522964556632178557e+00 1.066661556208068351e+00 1.834471781127346901e+01 2.190230866964014922e+01 1.500000000000000000e+01 7.234983000000000386e-01 3.013116999999999823e+00 5.027001049351978872e+04 1.116729237602913545e-02
3.305082387521140586e+00 1.200477016633979943e+01 2.926534610990028984e+00 1.671972301797121574e+01 3.571731422718713578e-01 1.530525399999999969e+01 7.001581000000000055e-01 3.097326999999999941e+00 1.286174870612986160e+04 3.247418645846231744e+00 7.522964556632178557e+00 1.066661556208068351e+00 1.834471781127346901e+01 2.190230866964014922e+01 1.500000000000000000e+01 7.234983000000000386e-01 3.013116999999999823e+00 5.027001049351978872e+04 1.116729237602913545e-02
3.305082387521140586e+00 1.200477016633979943e+01 2.926534567381265717e+00 1.671972326711450307e+01 3.571731422718713578e-01 1.530525399999999969e+01 7.001581000000000055e-01 3.097326999999999941e+00 1.286174870612986160e+04 3.247418645846231744e+00 7.522964556632178557e+00 1.066661556208068351e+00 1.834471781127346901e+01 2.190230866964014922e+01 1.500000000000000000e+01 7.234983000000000386e-01 3.013116999999999823e+00 5.027001049351978872e+04 1.116729237602913545e-02
3.305082387521140586e+00 1.200477016633979943e+01 2.926534567381265717e+00 1.671972301797121574e+01 3.571731571730325516e-01 1.530525399999999969e+01 7.001581000000000055e-01 3.097326999999999941e+00 1.286174870612986160e+04 3.247418645846231744e+00 7.522964556632178557e+00 1.066661556208068351e+00 1.834471781127346901e+01 2.190230866964014922e+01 1.500000000000000000e+01 7.234983000000000386e-01 3.013116999999999823e+00 5.027001049351978872e+04 1.116729237602913545e-02
3.305082387521140586e+00 1.200477016633979943e+01 2.926534567381265717e+00 1.671972301797121574e+01 3.571731422718713578e-01 1.530525399999999969e+01 7.001581000000000055e-01 3.097326999999999941e+00 1.286174889778485158e+04 3.247418645846231744e+00 7.522964556632178557e+00 1.066661556208068351e+00 1.834471781127346901e+01 2.190230866964014922e+01 1.500000000000000000e+01 7.234983000000000386e-01 3.013116999999999823e+00 5.027001049351978872e+04 1.116729237602913545e-02
3.305082387521140586e+00 1.200477016633979943e+01 2.926534567381265717e+00 1.671972301797121574e+01 3.571731422718713578e-01 1.530525399999999969e+01 7.001581000000000055e-01 3.097326999999999941e+00 1.286174870612986160e+04 3.247418694236540393e+00 7.522964556632178557e+00 1.066661556208068351e+00 1.834471781127346901e+01 2.190230866964014922e+01 1.500000000000000000e+01 7.234983000000000386e-01 3.013116999999999823e+00 5.027001049351978872e+04 1.116729237602913545e-02
3.305082387521140586e+00 1.200477016633979943e+01 2.926534567381265717e+00 1.671972301797121574e+01 3.571731422718713578e-01 1.530525399999999969e+01 7.001581000000000055e-01 3.097326999999999941e+00 1.286174870612986160e+04 3.247418645846231744e+00 7.522964668733085780e+00 1.066661556208068351e+00 1.834471781127346901e+01 2.190230866964014922e+01 1.500000000000000000e+01 7.234983000000000386e-01 3.013116999999999823e+00 5.027001049351978872e+04 1.116729237602913545e-02
3.305082387521140586e+00 1.200477016633979943e+01 2.926534567381265717e+00 1.671972301797121574e+01 3.571731422718713578e-01 1.530525399999999969e+01 7.001581000000000055e-01 3.097326999999999941e+00 1.286174870612986160e+04 3.247418645846231744e+00 7.522964556632178557e+00 1.066661572102564071e+00 1.834471781127346901e+01 2.190230866964014922e+01 1.500000000000000000e+01 7.234983000000000386e-01 3.013116999999999823e+00 5.027001049351978872e+04 1.116729237602913545e-02
3.305082387521140586e+00 1.200477016633979943e+01 2.926534567381265717e+00 1.671972301797121574e+01 3.571731422718713578e-01 1.530525399999999969e+01 7.001581000000000055e-01 3.097326999999999941e+00 1.286174870612986160e+04 3.247418645846231744e+00 7.522964556632178557e+00 1.066661556208068351e+00 1.834471808463106512e+01 2.190230866964014922e+01 1.500000000000000000e+01 7.234983000000000386e-01 3.013116999999999823e+00 5.027001049351978872e+04 1.116729237602913545e-02
3.305082387521140586e+00 1.200477016633979943e+01 2.926534567381265717e+00 1.671972301797121574e+01 3.571731422718713578e-01 1.530525399999999969e+01 7.001581000000000055e-01 3.097326999999999941e+00 1.286174870612986160e+04 3.247418645846231744e+00 7.522964556632178557e+00 1.066661556208068351e+00 1.834471781127346901e+01 2.190230899600998171e+01 1.500000000000000000e+01 7.234983000000000386e-01 3.013116999999999823e+00 5.027001049351978872e+04 1.116729237602913545e-02
3.305082387521140586e+00 1.200477016633979943e+01 2.926534567381265717e+00 1.671972301797121574e+01 3.571731422718713578e-01 1.530525399999999969e+01 7.001581000000000055e-01 3.097326999999999941e+00 1.286174870612986160e+04 3.247418645846231744e+00 7.522964556632178557e+00 1.066661556208068351e+00 1.834471781127346901e+01 2.190230866964014922e+01 1.500000000000000000e+01 7.234983000000000386e-01 3.013116999999999823e+00 5.027001124260131473e+04 1.116729237602913545e-02
3.305082387521140586e+00 1.200477016633979943e+01 2.926534567381265717e+00 1.671972301797121574e+01 3.571731422718713578e-01 1.530525399999999969e+01 7.001581000000000055e-01 3.097326999999999941e+00 1.286174870612986160e+04 3.247418645846231744e+00 7.522964556632178557e+00 1.066661556208068351e+00 1.834471781127346901e+01 2.190230866964014922e+01 1.500000000000000000e+01 7.234983000000000386e-01 3.013116999999999823e+00 5.027001049351978872e+04 1.116730727719032930e-02
3.305199098478225572e+00 1.200414533666663885e+01 2.926534390596662316e+00 1.671972185009926548e+01 3.571706698410596070e-01 1.530525399999999969e+01 7.001581000000000055e-01 3.097326999999999941e+00 1.286174855437014230e+04 3.247261325526714870e+00 7.522728393642943878e+00 1.067093464085848487e+00 1.834472672825472728e+01 2.190229575177874821e+01 1.500000000000000000e+01 7.234983000000000386e-01 3.013116999999999823e+00 5.027000991125120345e+04 1.117084993000537138e-02
3.305199147729529940e+00 1.200414533666663885e+01 2.926534390596662316e+00 1.671972185009926548e+01 3.571706698410596070e-01 1.530525399999999969e+01 7.001581000000000055e-01 3.097326999999999941e+00 1.286174855437014230e+04 3.247261325526714870e+00 7.522728393642943878e+00 1.067093464085848487e+00 1.834472672825472728e+01 2.190229575177874821e+01 1.500000000000000000e+01 7.234983000000000386e-01 3.013116999999999823e+00 5.027000991125120345e+04 1.117084993000537138e-02
3.305199098478225572e+00 1.200414551554234421e+01 2.926534390596662316e+00 1.671972185009926548e+01 3.571706698410596070e-01 1.530525399999999969e+01 7.001581000000000055e-01 3.097326999999999941e+00 1.286174855437014230e+04 3.247261325526714870e+00 7.522728393642943878e+00 1.067093464085848487e+00 1.834472672825472728e+01 2.190229575177874821e+01 1.500000000000000000e+01 7.234983000000000386e-01 3.013116999999999823e+00 5.027000991125120345e+04 1.117084993000537138e-02
3.305199098478225572e+00 1.200414533666663885e+01 2.926534434205422919e+00 1.671972185009926548e+01 3.571706698410596070e-01 1.530525399999999969e+01 7.001581000000000055e-01 3.097326999999999941e+00 1.286174855437014230e+04 3.247261325526714870e+00 7.522728393642943878e+00 1.067093464085848487e+00 1.834472672825472728e+01 2.190229575177874821e+01 1.500000000000000000e+01 7.234983000000000386e-01 3.013116999999999823e+00 5.027000991125120345e+04 1.117084993000537138e-02
3.305199098478225572e+00 1.200414533666663885e+01 2.926534390596662316e+00 1.671972209924253505e+01 3.571706698410596070e-01 1.530525399999999969e+01 7.001581000000000055e-01 3.097326999999999941e+00 1.286174855437014230e+04 3.247261325526714870e+00 7.522728393642943878e+00 1.067093464085848487e+00 1.834472672825472728e+01 2.190229575177874821e+01 1.500000000000000000e+01 7.234983000000000386e-01 3.013116999999999823e+00 5.027000991125120345e+04 1.117084993000537138e-02
3.305199098478225572e+00 1.200414533666663885e+01 2.926534390596662316e+00 1.671972185009926548e+01 3.571706847422208009e-01 1.530525399999999969e+01 7.001581000000000055e-01 3.097326999999999941e+00 1.286174855437014230e+04 3.247261325526714870e+00 7.522728393642943878e+00 1.067093464085848487e+00 1.834472672825472728e+01 2.190229575177874821e+01 1.500000000000000000e+01 7.234983000000000386e-01 3.013116999999999823e+00 5.027000991125120345e+04 1.117084993000537138e-02
3.305199098478225572e+00 1.200414533666663885e+01 2.926534390596662316e+00 1.671972185009926548e+01 3.571706698410596070e-01 1.530525399999999969e+01 7.001581000000000055e-01 3.097326999999999941e+00 1.286174874602513046e+04 3.247261325526714870e+00 7.522728393642943878e+00 1.067093464085848487e+00 1.834472672825472728e+01 2.190229575177874821e+01 1.500000000000000000e+01 7.234983000000000386e-01 3.013116999999999823e+00 5.027000991125120345e+04 1.117084993000537138e-02
3.305199098478225572e+00 1.200414533666663885e+01 2.926534390596662316e+00 1.671972185009926548e+01 3.571706698410596070e-01 1.530525399999999969e+01 7.001581000000000055e-01 3.097326999999999941e+00 1.286174855437014230e+04 3.247261373914679172e+00 7.522728393642943878e+00 1.067093464085848487e+00 1.834472672825472728e+01 2.190229575177874821e+01 1.500000000000000000e+01 7.234983000000000386e-01 3.013116999999999823e+00 5.027000991125120345e+04 1.117084993000537138e-02
3.305199098478225572e+00 1.200414533666663885e+01 2.926534390596662316e+00 1.671972185009926548e+01 3.571706698410596070e-01 1.530525399999999969e+01 7.001581000000000055e-01 3.097326999999999941e+00 1.286174855437014230e+04 3.247261325526714870e+00 7.522728505740332139e+00 1.067093464085848487e+00 1.834472672825472728e+01 2.190229575177874821e+01 1.500000000000000000e+01 7.234983000000000386e-01 3.013116999999999823e+00 5.027000991125120345e+04 1.117084993000537138e-02
3.305199098478225572e+00 1.200414533666663885e+01 2.926534390596662316e+00 1.671972185009926548e+01 3.571706698410596070e-01 1.530525399999999969e+01 7.001581000000000055e-01 3.097326999999999941e+00 1.286174855437014230e+04 3.247261325526714870e+00 7.522728393642943878e+00 1.067093479986780169e+00 1.834472672825472728e+01 2.190229575177874821e+01 1.500000000000000000e+01 7.234983000000000386e-01 3.013116999999999823e+00 5.027000991125120345e+04 1.117084993000537138e-02
3.305199098478225572e+00 1.200414533666663885e+01 2.926534390596662316e+00 1.671972185009926548e+01 3.571706698410596070e-01 1.530525399999999969e+01 7.001581000000000055e-01 3.097326999999999941e+00 1.286174855437014230e+04 3.247261325526714870e+00 7.522728393642943878e+00 1.067093464085848487e+00 1.834472700161245839e+01 2.190229575177874821e+01 1.500000000000000000e+01 7.234983000000000386e-01 3.013116999999999823e+00 5.027000991125120345e+04 1.117084993000537138e-02
3.305199098478225572e+00 1.200414533666663885e+01 2.926534390596662316e+00 1.671972185009926548e+01 3.571706698410596070e-01 1.530525399999999969e+01 7.001581000000000055e-01 3.097326999999999941e+00 1.286174855437014230e+04 3.247261325526714870e+00 7.522728393642943878e+00 1.067093464085848487e+00 1.834472672825472728e+01 2.190229607814838886e+01 1.500000000000000000e+01 7.234983000000000386e-01 3.013116999999999823e+00 5.027000991125120345e+04 1.117084993000537138e-02
3.305199098478225572e+00 1.200414533666663885e+01 2.926534390596662316e+00 1.671972185009926548e+01 3.571706698410596070e-01 1.530525399999999969e+01 7.001581000000000055e-01 3.097326999999999941e+00 1.286174855437014230e+04 3.247261325526714870e+00 7.522728393642943878e+00 1.067093464085848487e+00 1.834472672825472728e+01 2.190229575177874821e+01 1.500000000000000000e+01 7.234983000000000386e-01 3.013116999999999823e+00 5.027001066033272218e+04 1.117084993000537138e-02
3.305199098478225572e+00 1.200414533666663885e+01 2.926534390596662316e+00 1.671972185009926548e+01 3.571706698410596070e-01 1.530525399999999969e+01 7.001581000000000055e-01 3.097326999999999941e+00 1.286174855437014230e+04 3.247261325526714870e+00 7.522728393642943878e+00 1.067093464085848487e+00 1.834472672825472728e+01 2.190229575177874821e+01 1.500000000000000000e+01 7.234983000000000386e-01 3.013116999999999823e+00 5.027000991125120345e+04 1.117086483116656523e-02
3.305195042664852867e+00 1.200339105915440818e+01 2.926533697901385178e+00 1.671966111413517098e+01 3.571691741019082378e-01 1.530525399999999969e+01 7.001581000000000055e-01 3.097326999999999941e+00 1.286174855435779318e+04 3.246688778197160730e+00 7.522689654027393757e+00 1.068076112206929995e+00 1.834489095566564032e+01 2.190199758832336130e+01 1.500000000000000000e+01 7.234983000000000386e-01 3.013116999999999823e+00 5.027000991123899439e+04 1.117414445521983622e-02
3.305204326034862916e+00 1.200396621038860800e+01 2.926534196428843160e+00 1.671970790076236568e+01 3.571703386983894335e-01 1.530525399999999969e+01 7.001581000000000055e-01 3.097326999999999941e+00 1.286174855436717917e+04 3.247091613063806115e+00 7.522718822096949864e+00 1.067334120094995287e+00 1.834476587026526317e+01 2.190221902599010662e+01 1.500000000000000000e+01 7.234983000000000386e-01 3.013116999999999823e+00 5.027000991124828579e+04 1.117171765062419282e-02
3.305204375286245444e+00 1.200396621038860800e+01 2.926534196428843160e+00 1.671970790076236568e+01 3.571703386983894335e-01 1.530525399999999969e+01 7.001581000000000055e-01 3.097326999999999941e+00 1.286174855436717917e+04 3.247091613063806115e+00 7.522718822096949864e+00 1.067334120094995287e+00 1.834476587026526317e+01 2.190221902599010662e+01 1.500000000000000000e+01 7.234983000000000386e-01 3.013116999999999823e+00 5.027000991124828579e+04 1.117171765062419282e-02
3.305204326034862916e+00 1.200396638926164350e+01 2.926534196428843160e+00 1.671970790076236568e+01 3.571703386983894335e-01 1.530525399999999969e+01 7.001581000000000055e-01 3.097326999999999941e+00 1.286174855436717917e+04 3.247091613063806115e+00 7.522718822096949864e+00 1.067334120094995287e+00 1.834476587026526317e+01 2.190221902599010662e+01 1.500000000000000000e+01 7.234983000000000386e-01 3.013116999999999823e+00 5.027000991124828579e+04 1.117171765062419282e-02
3.305204326034862916e+00 1.200396621038860800e+01 2.926534240037601098e+00 1.671970790076236568e+01 3.571703386983894335e-01 1.530525399999999969e+01 7.001581000000000055e-01 3.097326999999999941e+00 1.286174855436717917e+04 3.247091613063806115e+00 7.522718822096949864e+00 1.067334120094995287e+00 1.834476587026526317e+01 2.190221902599010662e+01 1.500000000000000000e+01 7.234983000000000386e-01 3.013116999999999823e+00 5.027000991124828579e+04 1.117171765062419282e-02
3.305204326034862916e+00 1.200396621038860800e+01 2.926534196428843160e+00 1.671970814990542920e+01 3.571703386983894335e-01 1.530525399999999969e+01 7.001581000000000055e-01 3.097326999999999941e+00 1.286174855436717917e+04 3.247091613063806115e+00 7.522718822096949864e+00 1.067334120094995287e+00 1.834476587026526317e+01 2.190221902599010662e+01 1.500000000000000000e+01 7.234983000000000386e-01 3.013116999999999823e+00 5.027000991124828579e+04 1.117171765062419282e-02
3.305204326034862916e+00 1.200396621038860800e+01 2.926534196428843160e+00 1.671970790076236568e+01 3.571703535995506273e-01 1.530525399999999969e+01 7.001581000000000055e-01 3.097326999999999941e+00 1.286174855436717917e+04 3.247091613063806115e+00 7.522718822096949864e+00 1.067334120094995287e+00 1.834476587026526317e+01 2.190221902599010662e+01 1.500000000000000000e+01 7.234983000000000386e-01 3.013116999999999823e+00 5.027000991124828579e+04 1.117171765062419282e-02
3.305204326034862916e+00 1.200396621038860800e+01 2.926534196428843160e+00 1.671970790076236568e+01 3.571703386983894335e-01 1.530525399999999969e+01 7.001581000000000055e-01 3.097326999999999941e+00 1.286174874602216732e+04 3.247091613063806115e+00 7.522718822096949864e+00 1.067334120094995287e+00 1.834476587026526317e+01 2.190221902599010662e+01 1.500000000000000000e+01 7.234983000000000386e-01 3.013116999999999823e+00 5.027000991124828579e+04 1.117171765062419282e-02
3.305204326034862916e+00 1.200396621038860800e+01 2.926534196428843160e+00 1.671970790076236568e+01 3.571703386983894335e-01 1.530525399999999969e+01 7.001581000000000055e-01 3.097326999999999941e+00 1.286174855436717917e+04 3.247091661449241773e+00 7.522718822096949864e+00 1.067334120094995287e+00 1.834476587026526317e+01 2.190221902599010662e+01 1.500000000000000000e+01 7.234983000000000386e-01 3.013116999999999823e+00 5.027000991124828579e+04 1.117171765062419282e-02
3.305204326034862916e+00 1.200396621038860800e+01 2.926534196428843160e+00 1.671970790076236568e+01 3.571703386983894335e-01 1.530525399999999969e+01 7.001581000000000055e-01 3.097326999999999941e+00 1.286174855436717917e+04 3.247091613063806115e+00 7.522718934194196017e+00 1.067334120094995287e+00 1.834476587026526317e+01 2.190221902599010662e+01 1.500000000000000000e+01 7.234983000000000386e-01 3.013116999999999823e+00 5.027000991124828579e+04 1.117171765062419282e-02
3.305204326034862916e+00 1.200396621038860800e+01 2.926534196428843160e+00 1.671970790076236568e+01 3.571703386983894335e-01 1.530525399999999969e+01 7.001581000000000055e-01 3.097326999999999941e+00 1.286174855436717917e+04 3.247091613063806115e+00 7.522718822096949864e+00 1.067334135999512990e+00 1.834476587026526317e+01 2.190221902599010662e+01 1.500000000000000000e+01 7.234983000000000386e-01 3.013116999999999823e+00 5.027000991124828579e+04 1.117171765062419282e-02
3.305204326034862916e+00 1.200396621038860800e+01 2.926534196428843160e+00 1.671970790076236568e+01 3.571703386983894335e-01 1.530525399999999969e+01 7.001581000000000055e-01 3.097326999999999941e+00 1.286174855436717917e+04 3.247091613063806115e+00 7.522718822096949864e+00 1.067334120094995287e+00 1.834476614362357694e+01 2.190221902599010662e+01 1.500000000000000000e+01 7.234983000000000386e-01 3.013116999999999823e+00 5.027000991124828579e+04 1.117171765062419282e-02
3.305204326034862916e+00 1.200396621038860800e+01 2.926534196428843160e+00 1.671970790076236568e+01 3.571703386983894335e-01 1.530525399999999969e+01 7.001581000000000055e-01 3.097326999999999941e+00 1.286174855436717917e+04 3.247091613063806115e+00 7.522718822096949864e+00 1.067334120094995287e+00 1.834476587026526317e+01 2.190221935235860329e+01 1.500000000000000000e+01 7.234983000000000386e-01 3.013116999999999823e+00 5.027000991124828579e+04 1.117171765062419282e-02
3.305204326034862916e+00 1.200396621038860800e+01 2.926534196428843160e+00 1.671970790076236568e+01 3.571703386983894335e-01 1.530525399999999969e+01 7.001581000000000055e-01 3.097326999999999941e+00 1.286174855436717917e+04 3.247091613063806115e+00 7.522718822096949864e+00 1.067334120094995287e+00 1.834476587026526317e+01 2.190221902599010662e+01 1.500000000000000000e+01 7.234983000000000386e-01 3.013116999999999823e+00 5.027001066032980452e+04 1.117171765062419282e-02
3.305204326034862916e+00 1.200396621038860800e+01 2.926534196428843160e+00 1.671970790076236568e+01 3.571703386983894335e-01 1.530525399999999969e+01 7.001581000000000055e-01 3.097326999999999941e+00 1.286174855436717917e+04 3.247091613063806115e+00 7.522718822096949864e+00 1.067334120094995287e+00 1.834476587026526317e+01 2.190221902599010662e+01 1.500000000000000000e+01 7.234983000000000386e-01 3.013116999999999823e+00 5.027000991124828579e+04 1.117173255178538667e-02
