3.303662000000000099e+00 1.054415000000000013e+01 2.926740999999999815e+00 1.671997199999999850e+01 3.571733999999999742e-01 1.530525399999999969e+01 7.001581000000000055e-01 3.097326999999999941e+00 3.016286899999999878e+04 3.253563999999999901e+00 8.825920999999999239e+00 1.059549999999999992e+00 1.834474000000000160e+01 2.191357299999999952e+01 1.500000000000000000e+01 7.234983000000000386e-01 3.013116999999999823e+00 1.906309500000000116e+04 0.000000000000000000e+00
3.303662049228400122e+00 1.054415000000000013e+01 2.926740999999999815e+00 1.671997199999999850e+01 3.571733999999999742e-01 1.530525399999999969e+01 7.001581000000000055e-01 3.097326999999999941e+00 3.016286899999999878e+04 3.253563999999999901e+00 8.825920999999999239e+00 1.059549999999999992e+00 1.834474000000000160e+01 2.191357299999999952e+01 1.500000000000000000e+01 7.234983000000000386e-01 3.013116999999999823e+00 1.906309500000000116e+04 0.000000000000000000e+00
3.303662000000000099e+00 1.054415015712007886e+01 2.926740999999999815e+00 1.671997199999999850e+01 3.571733999999999742e-01 1.530525399999999969e+01 7.001581000000000055e-01 3.097326999999999941e+00 3.016286899999999878e+04 3.253563999999999901e+00 8.825920999999999239e+00 1.059549999999999992e+00 1.834474000000000160e+01 2.191357299999999952e+01 1.500000000000000000e+01 7.234983000000000386e-01 3.013116999999999823e+00 1.906309500000000116e+04 0.000000000000000000e+00
3.303662000000000099e+00 1.054415000000000013e+01 2.926741043611839288e+00 1.671997199999999850e+01 3.571733999999999742e-01 1.530525399999999969e+01 7.001581000000000055e-01 3.097326999999999941e+00 3.016286899999999878e+04 3.253563999999999901e+00 8.825920999999999239e+00 1.059549999999999992e+00 1.834474000000000160e+01 2.191357299999999952e+01 1.500000000000000000e+01 7.234983000000000386e-01 3.013116999999999823e+00 1.906309500000000116e+04 0.000000000000000000e+00
3.303662000000000099e+00 1.054415000000000013e+01 2.926740999999999815e+00 1.671997224914699487e+01 3.571733999999999742e-01 1.530525399999999969e+01 7.001581000000000055e-01 3.097326999999999941e+00 3.016286899999999878e+04 3.253563999999999901e+00 8.825920999999999239e+00 1.059549999999999992e+00 1.834474000000000160e+01 2.191357299999999952e+01 1.500000000000000000e+01 7.234983000000000386e-01 3.013116999999999823e+00 1.906309500000000116e+04 0.000000000000000000e+00
3.303662000000000099e+00 1.054415000000000013e+01 2.926740999999999815e+00 1.671997199999999850e+01 3.571734149011611681e-01 1.530525399999999969e+01 7.001581000000000055e-01 3.097326999999999941e+00 3.016286899999999878e+04 3.253563999999999901e+00 8.825920999999999239e+00 1.059549999999999992e+00 1.834474000000000160e+01 2.191357299999999952e+01 1.500000000000000000e+01 7.234983000000000386e-01 3.013116999999999823e+00 1.906309500000000116e+04 0.000000000000000000e+00
3.303662000000000099e+00 1.054415000000000013e+01 2.926740999999999815e+00 1.671997199999999850e+01 3.571733999999999742e-01 1.530525399999999969e+01 7.001581000000000055e-01 3.097326999999999941e+00 3.016286944946177027e+04 3.253563999999999901e+00 8.825920999999999239e+00 1.059549999999999992e+00 1.834474000000000160e+01 2.191357299999999952e+01 1.500000000000000000e+01 7.234983000000000386e-01 3.013116999999999823e+00 1.906309500000000116e+04 0.000000000000000000e+00
3.303662000000000099e+00 1.054415000000000013e+01 2.926740999999999815e+00 1.671997199999999850e+01 3.571733999999999742e-01 1.530525399999999969e+01 7.001581000000000055e-01 3.097326999999999941e+00 3.016286899999999878e+04 3.253564048481881521e+00 8.825920999999999239e+00 1.059549999999999992e+00 1.834474000000000160e+01 2.191357299999999952e+01 1.500000000000000000e+01 7.234983000000000386e-01 3.013116999999999823e+00 1.906309500000000116e+04 0.000000000000000000e+00
3.303662000000000099e+00 1.054415000000000013e+01 2.926740999999999815e+00 1.671997199999999850e+01 3.571733999999999742e-01 1.530525399999999969e+01 7.001581000000000055e-01 3.097326999999999941e+00 3.016286899999999878e+04 3.253563999999999901e+00 8.825921131516471618e+00 1.059549999999999992e+00 1.834474000000000160e+01 2.191357299999999952e+01 1.500000000000000000e+01 7.234983000000000386e-01 3.013116999999999823e+00 1.906309500000000116e+04 0.000000000000000000e+00
3.303662000000000099e+00 1.054415000000000013e+01 2.926740999999999815e+00 1.671997199999999850e+01 3.571733999999999742e-01 1.530525399999999969e+01 7.001581000000000055e-01 3.097326999999999941e+00 3.016286899999999878e+04 3.253563999999999901e+00 8.825920999999999239e+00 1.059550015788525368e+00 1.834474000000000160e+01 2.191357299999999952e+01 1.500000000000000000e+01 7.234983000000000386e-01 3.013116999999999823e+00 1.906309500000000116e+04 0.000000000000000000e+00
3.303662000000000099e+00 1.054415000000000013e+01 2.926740999999999815e+00 1.671997199999999850e+01 3.571733999999999742e-01 1.530525399999999969e+01 7.001581000000000055e-01 3.097326999999999941e+00 3.016286899999999878e+04 3.253563999999999901e+00 8.825920999999999239e+00 1.059549999999999992e+00 1.834474027335792812e+01 2.191357299999999952e+01 1.500000000000000000e+01 7.234983000000000386e-01 3.013116999999999823e+00 1.906309500000000116e+04 0.000000000000000000e+00
3.303662000000000099e+00 1.054415000000000013e+01 2.926740999999999815e+00 1.671997199999999850e+01 3.571733999999999742e-01 1.530525399999999969e+01 7.001581000000000055e-01 3.097326999999999941e+00 3.016286899999999878e+04 3.253563999999999901e+00 8.825920999999999239e+00 1.059549999999999992e+00 1.834474000000000160e+01 2.191357332653768353e+01 1.500000000000000000e+01 7.234983000000000386e-01 3.013116999999999823e+00 1.906309500000000116e+04 0.000000000000000000e+00
3.303662000000000099e+00 1.054415000000000013e+01 2.926740999999999815e+00 1.671997199999999850e+01 3.571733999999999742e-01 1.530525399999999969e+01 7.001581000000000055e-01 3.097326999999999941e+00 3.016286899999999878e+04 3.253563999999999901e+00 8.825920999999999239e+00 1.059549999999999992e+00 1.834474000000000160e+01 2.191357299999999952e+01 1.500000000000000000e+01 7.234983000000000386e-01 3.013116999999999823e+00 1.906309528406225218e+04 0.000000000000000000e+00
3.303662000000000099e+00 1.054415000000000013e+01 2.926740999999999815e+00 1.671997199999999850e+01 3.571733999999999742e-01 1.530525399999999969e+01 7.001581000000000055e-01 3.097326999999999941e+00 3.016286899999999878e+04 3.253563999999999901e+00 8.825920999999999239e+00 1.059549999999999992e+00 1.834474000000000160e+01 2.191357299999999952e+01 1.500000000000000000e+01 7.234983000000000386e-01 3.013116999999999823e+00 1.906309500000000116e+04 1.490116119384765625e-08
2.582496574992333649e+00 1.054414999777518069e+01 2.714913826653221562e+01 7.093535514492812055e+00 1.839902589417705059e+01 1.530525399999999969e+01 7.001581000000000055e-01 3.097326999999999941e+00 3.016286898955132710e+04 3.258093075648660797e+00 8.825921001684040590e+00 1.165114952123100567e+00 5.829544191603155667e+01 1.840057135910478792e+01 1.500000000000000000e+01 7.234983000000000386e-01 3.013116999999999823e+00 1.906309499350809710e+04 1.191218196766577605e-03
3.303830029217502240e+00 1.054408781027681208e+01 2.926741183801844670e+00 1.671997467249781621e+01 3.571762377193668514e-01 1.530525399999999969e+01 7.001581000000000055e-01 3.097326999999999941e+00 3.016286883508996834e+04 3.253789571330921948e+00 8.825820374414965030e+00 1.059625118740920025e+00 1.834474277851775881e+01 2.191357380658642029e+01 1.500000000000000000e+01 7.234983000000000386e-01 3.013116999999999823e+00 1.906309489631716133e+04 5.694139109544662375e-03
3.303830078448406038e+00 1.054408781027681208e+01 2.926741183801844670e+00 1.671997467249781621e+01 3.571762377193668514e-01 1.530525399999999969e+01 7.001581000000000055e-01 3.097326999999999941e+00 3.016286883508996834e+04 3.253789571330921948e+00 8.825820374414965030e+00 1.059625118740920025e+00 1.834474277851775881e+01 2.191357380658642029e+01 1.500000000000000000e+01 7.234983000000000386e-01 3.013116999999999823e+00 1.906309489631716133e+04 5.694139109544662375e-03
3.303830029217502240e+00 1.054408796739596355e+01 2.926741183801844670e+00 1.671997467249781621e+01 3.571762377193668514e-01 1.530525399999999969e+01 7.001581000000000055e-01 3.097326999999999941e+00 3.016286883508996834e+04 3.253789571330921948e+00 8.825820374414965030e+00 1.059625118740920025e+00 1.834474277851775881e+01 2.191357380658642029e+01 1.500000000000000000e+01 7.234983000000000386e-01 3.013116999999999823e+00 1.906309489631716133e+04 5.694139109544662375e-03
3.303830029217502240e+00 1.054408781027681208e+01 2.926741227413686808e+00 1.671997467249781621e+01 3.571762377193668514e-01 1.530525399999999969e+01 7.001581000000000055e-01 3.097326999999999941e+00 3.016286883508996834e+04 3.253789571330921948e+00 8.825820374414965030e+00 1.059625118740920025e+00 1.834474277851775881e+01 2.191357380658642029e+01 1.500000000000000000e+01 7.234983000000000386e-01 3.013116999999999823e+00 1.906309489631716133e+04 5.694139109544662375e-03
3.303830029217502240e+00 1.054408781027681208e+01 2.926741183801844670e+00 1.671997492164485521e+01 3.571762377193668514e-01 1.530525399999999969e+01 7.001581000000000055e-01 3.097326999999999941e+00 3.016286883508996834e+04 3.253789571330921948e+00 8.825820374414965030e+00 1.059625118740920025e+00 1.834474277851775881e+01 2.191357380658642029e+01 1.500000000000000000e+01 7.234983000000000386e-01 3.013116999999999823e+00 1.906309489631716133e+04 5.694139109544662375e-03
3.303830029217502240e+00 1.054408781027681208e+01 2.926741183801844670e+00 1.671997467249781621e+01 3.571762526205280452e-01 1.530525399999999969e+01 7.001581000000000055e-01 3.097326999999999941e+00 3.016286883508996834e+04 3.253789571330921948e+00 8.825820374414965030e+00 1.059625118740920025e+00 1.834474277851775881e+01 2.191357380658642029e+01 1.500000000000000000e+01 7.234983000000000386e-01 3.013116999999999823e+00 1.906309489631716133e+04 5.694139109544662375e-03
3.303830029217502240e+00 1.054408781027681208e+01 2.926741183801844670e+00 1.671997467249781621e+01 3.571762377193668514e-01 1.530525399999999969e+01 7.001581000000000055e-01 3.097326999999999941e+00 3.016286928455173984e+04 3.253789571330921948e+00 8.825820374414965030e+00 1.059625118740920025e+00 1.834474277851775881e+01 2.191357380658642029e+01 1.500000000000000000e+01 7.234983000000000386e-01 3.013116999999999823e+00 1.906309489631716133e+04 5.694139109544662375e-03
3.303830029217502240e+00 1.054408781027681208e+01 2.926741183801844670e+00 1.671997467249781621e+01 3.571762377193668514e-01 1.530525399999999969e+01 7.001581000000000055e-01 3.097326999999999941e+00 3.016286883508996834e+04 3.253789619816164880e+00 8.825820374414965030e+00 1.059625118740920025e+00 1.834474277851775881e+01 2.191357380658642029e+01 1.500000000000000000e+01 7.234983000000000386e-01 3.013116999999999823e+00 1.906309489631716133e+04 5.694139109544662375e-03
3.303830029217502240e+00 1.054408781027681208e+01 2.926741183801844670e+00 1.671997467249781621e+01 3.571762377193668514e-01 1.530525399999999969e+01 7.001581000000000055e-01 3.097326999999999941e+00 3.016286883508996834e+04 3.253789571330921948e+00 8.825820505929936388e+00 1.059625118740920025e+00 1.834474277851775881e+01 2.191357380658642029e+01 1.500000000000000000e+01 7.234983000000000386e-01 3.013116999999999823e+00 1.906309489631716133e+04 5.694139109544662375e-03
3.303830029217502240e+00 1.054408781027681208e+01 2.926741183801844670e+00 1.671997467249781621e+01 3.571762377193668514e-01 1.530525399999999969e+01 7.001581000000000055e-01 3.097326999999999941e+00 3.016286883508996834e+04 3.253789571330921948e+00 8.825820374414965030e+00 1.059625134530564727e+00 1.834474277851775881e+01 2.191357380658642029e+01 1.500000000000000000e+01 7.234983000000000386e-01 3.013116999999999823e+00 1.906309489631716133e+04 5.694139109544662375e-03
3.303830029217502240e+00 1.054408781027681208e+01 2.926741183801844670e+00 1.671997467249781621e+01 3.571762377193668514e-01 1.530525399999999969e+01 7.001581000000000055e-01 3.097326999999999941e+00 3.016286883508996834e+04 3.253789571330921948e+00 8.825820374414965030e+00 1.059625118740920025e+00 1.834474305187572796e+01 2.191357380658642029e+01 1.500000000000000000e+01 7.234983000000000386e-01 3.013116999999999823e+00 1.906309489631716133e+04 5.694139109544662375e-03
3.303830029217502240e+00 1.054408781027681208e+01 2.926741183801844670e+00 1.671997467249781621e+01 3.571762377193668514e-01 1.530525399999999969e+01 7.001581000000000055e-01 3.097326999999999941e+00 3.016286883508996834e+04 3.253789571330921948e+00 8.825820374414965030e+00 1.059625118740920025e+00 1.834474277851775881e+01 2.191357413312411495e+01 1.500000000000000000e+01 7.234983000000000386e-01 3.013116999999999823e+00 1.906309489631716133e+04 5.694139109544662375e-03
3.303830029217502240e+00 1.054408781027681208e+01 2.926741183801844670e+00 1.671997467249781621e+01 3.571762377193668514e-01 1.530525399999999969e+01 7.001581000000000055e-01 3.097326999999999941e+00 3.016286883508996834e+04 3.253789571330921948e+00 8.825820374414965030e+00 1.059625118740920025e+00 1.834474277851775881e+01 2.191357380658642029e+01 1.500000000000000000e+01 7.234983000000000386e-01 3.013116999999999823e+00 1.906309518037941234e+04 5.694139109544662375e-03
3.303830029217502240e+00 1.054408781027681208e+01 2.926741183801844670e+00 1.671997467249781621e+01 3.571762377193668514e-01 1.530525399999999969e+01 7.001581000000000055e-01 3.097326999999999941e+00 3.016286883508996834e+04 3.253789571330921948e+00 8.825820374414965030e+00 1.059625118740920025e+00 1.834474277851775881e+01 2.191357380658642029e+01 1.500000000000000000e+01 7.234983000000000386e-01 3.013116999999999823e+00 1.906309489631716133e+04 5.694154010705856223e-03
3.314717146998594544e+00 1.054328997687836100e+01 1.533277737598121693e+00 1.247497469120311564e+01 1.180910139880236298e-01 1.530525399999999969e+01 7.001581000000000055e-01 3.097326999999999941e+00 3.016233786356402561e+04 3.301056389446384021e+00 8.825586698314069167e+00 1.267062165152547326e+00 2.145628290656214432e+01 1.666218082401115907e+01 1.500000000000000000e+01 7.234983000000000386e-01 3.013116999999999823e+00 1.906275935089183258e+04 3.637069783432412412e-03
3.186798483989802921e+00 1.050267196822374061e+01 2.882675192400679265e+00 1.629578995555056764e+01 1.179958768014781889e-01 1.530525399999999969e+01 7.001581000000000055e-01 3.097326999999999941e+00 3.015271625807321107e+04 3.287832998440240573e+00 8.807823125975117406e+00 1.728046128669358250e+00 1.855650981082122541e+01 2.132899193815987005e+01 1.500000000000000000e+01 7.234983000000000386e-01 3.013116999999999823e+00 1.905664712641621009e+04 3.724901844703238860e-03
3.357087045023170013e+00 1.028389646944909863e+01 2.925822299824545780e+00 1.670923989090323403e+01 3.445385210547752819e-01 1.530525399999999969e+01 7.001581000000000055e-01 3.097326999999999941e+00 3.016162286253436469e+04 3.227350572351878277e+00 8.709169146649452742e+00 1.296503003641785279e+00 1.835180827074159637e+01 2.189642229463483858e+01 1.500000000000000000e+01 7.234983000000000386e-01 3.013116999999999823e+00 1.906230977639830962e+04 3.126707083674107410e-03
3.361143029652275960e+00 1.050198094962845907e+01 2.926772546901006411e+00 1.672074305511670644e+01 3.580557165226707639e-01 1.530525399999999969e+01 7.001581000000000055e-01 3.097326999999999941e+00 3.016281727604804837e+04 3.266900792409724197e+00 8.787473930656116039e+00 1.081293546620488488e+00 1.834566346910443357e+01 2.191277930751069292e+01 1.500000000000000000e+01 7.234983000000000386e-01 3.013116999999999823e+00 1.906306309880582921e+04 3.244834316002331333e-03
3.361143079737209938e+00 1.050198094962845907e+01 2.926772546901006411e+00 1.672074305511670644e+01 3.580557165226707639e-01 1.530525399999999969e+01 7.001581000000000055e-01 3.097326999999999941e+00 3.016281727604804837e+04 3.266900792409724197e+00 8.787473930656116039e+00 1.081293546620488488e+00 1.834566346910443357e+01 2.191277930751069292e+01 1.500000000000000000e+01 7.234983000000000386e-01 3.013116999999999823e+00 1.906306309880582921e+04 3.244834316002331333e-03
3.361143029652275960e+00 1.050198110612016933e+01 2.926772546901006411e+00 1.672074305511670644e+01 3.580557165226707639e-01 1.530525399999999969e+01 7.001581000000000055e-01 3.097326999999999941e+00 3.016281727604804837e+04 3.266900792409724197e+00 8.787473930656116039e+00 1.081293546620488488e+00 1.834566346910443357e+01 2.191277930751069292e+01 1.500000000000000000e+01 7.234983000000000386e-01 3.013116999999999823e+00 1.906306309880582921e+04 3.244834316002331333e-03
3.361143029652275960e+00 1.050198094962845907e+01 2.926772590513315730e+00 1.672074305511670644e+01 3.580557165226707639e-01 1.530525399999999969e+01 7.001581000000000055e-01 3.097326999999999941e+00 3.016281727604804837e+04 3.266900792409724197e+00 8.787473930656116039e+00 1.081293546620488488e+00 1.834566346910443357e+01 2.191277930751069292e+01 1.500000000000000000e+01 7.234983000000000386e-01 3.013116999999999823e+00 1.906306309880582921e+04 3.244834316002331333e-03
3.361143029652275960e+00 1.050198094962845907e+01 2.926772546901006411e+00 1.672074330427519229e+01 3.580557165226707639e-01 1.530525399999999969e+01 7.001581000000000055e-01 3.097326999999999941e+00 3.016281727604804837e+04 3.266900792409724197e+00 8.787473930656116039e+00 1.081293546620488488e+00 1.834566346910443357e+01 2.191277930751069292e+01 1.500000000000000000e+01 7.234983000000000386e-01 3.013116999999999823e+00 1.906306309880582921e+04 3.244834316002331333e-03
3.361143029652275960e+00 1.050198094962845907e+01 2.926772546901006411e+00 1.672074305511670644e+01 3.580557314238319577e-01 1.530525399999999969e+01 7.001581000000000055e-01 3.097326999999999941e+00 3.016281727604804837e+04 3.266900792409724197e+00 8.787473930656116039e+00 1.081293546620488488e+00 1.834566346910443357e+01 2.191277930751069292e+01 1.500000000000000000e+01 7.234983000000000386e-01 3.013116999999999823e+00 1.906306309880582921e+04 3.244834316002331333e-03
3.361143029652275960e+00 1.050198094962845907e+01 2.926772546901006411e+00 1.672074305511670644e+01 3.580557165226707639e-01 1.530525399999999969e+01 7.001581000000000055e-01 3.097326999999999941e+00 3.016281772550905225e+04 3.266900792409724197e+00 8.787473930656116039e+00 1.081293546620488488e+00 1.834566346910443357e+01 2.191277930751069292e+01 1.500000000000000000e+01 7.234983000000000386e-01 3.013116999999999823e+00 1.906306309880582921e+04 3.244834316002331333e-03
3.361143029652275960e+00 1.050198094962845907e+01 2.926772546901006411e+00 1.672074305511670644e+01 3.580557165226707639e-01 1.530525399999999969e+01 7.001581000000000055e-01 3.097326999999999941e+00 3.016281727604804837e+04 3.266900841090339291e+00 8.787473930656116039e+00 1.081293546620488488e+00 1.834566346910443357e+01 2.191277930751069292e+01 1.500000000000000000e+01 7.234983000000000386e-01 3.013116999999999823e+00 1.906306309880582921e+04 3.244834316002331333e-03
3.361143029652275960e+00 1.050198094962845907e+01 2.926772546901006411e+00 1.672074305511670644e+01 3.580557165226707639e-01 1.530525399999999969e+01 7.001581000000000055e-01 3.097326999999999941e+00 3.016281727604804837e+04 3.266900792409724197e+00 8.787474061599681363e+00 1.081293546620488488e+00 1.834566346910443357e+01 2.191277930751069292e+01 1.500000000000000000e+01 7.234983000000000386e-01 3.013116999999999823e+00 1.906306309880582921e+04 3.244834316002331333e-03
3.361143029652275960e+00 1.050198094962845907e+01 2.926772546901006411e+00 1.672074305511670644e+01 3.580557165226707639e-01 1.530525399999999969e+01 7.001581000000000055e-01 3.097326999999999941e+00 3.016281727604804837e+04 3.266900792409724197e+00 8.787473930656116039e+00 1.081293562733018021e+00 1.834566346910443357e+01 2.191277930751069292e+01 1.500000000000000000e+01 7.234983000000000386e-01 3.013116999999999823e+00 1.906306309880582921e+04 3.244834316002331333e-03
3.361143029652275960e+00 1.050198094962845907e+01 2.926772546901006411e+00 1.672074305511670644e+01 3.580557165226707639e-01 1.530525399999999969e+01 7.001581000000000055e-01 3.097326999999999941e+00 3.016281727604804837e+04 3.266900792409724197e+00 8.787473930656116039e+00 1.081293546620488488e+00 1.834566374247612330e+01 2.191277930751069292e+01 1.500000000000000000e+01 7.234983000000000386e-01 3.013116999999999823e+00 1.906306309880582921e+04 3.244834316002331333e-03
3.361143029652275960e+00 1.050198094962845907e+01 2.926772546901006411e+00 1.672074305511670644e+01 3.580557165226707639e-01 1.530525399999999969e+01 7.001581000000000055e-01 3.097326999999999941e+00 3.016281727604804837e+04 3.266900792409724197e+00 8.787473930656116039e+00 1.081293546620488488e+00 1.834566346910443357e+01 2.191277963403654994e+01 1.500000000000000000e+01 7.234983000000000386e-01 3.013116999999999823e+00 1.906306309880582921e+04 3.244834316002331333e-03
3.361143029652275960e+00 1.050198094962845907e+01 2.926772546901006411e+00 1.672074305511670644e+01 3.580557165226707639e-01 1.530525399999999969e+01 7.001581000000000055e-01 3.097326999999999941e+00 3.016281727604804837e+04 3.266900792409724197e+00 8.787473930656116039e+00 1.081293546620488488e+00 1.834566346910443357e+01 2.191277930751069292e+01 1.500000000000000000e+01 7.234983000000000386e-01 3.013116999999999823e+00 1.906306338286760365e+04 3.244834316002331333e-03
3.361143029652275960e+00 1.050198094962845907e+01 2.926772546901006411e+00 1.672074305511670644e+01 3.580557165226707639e-01 1.530525399999999969e+01 7.001581000000000055e-01 3.097326999999999941e+00 3.016281727604804837e+04 3.266900792409724197e+00 8.787473930656116039e+00 1.081293546620488488e+00 1.834566346910443357e+01 2.191277930751069292e+01 1.500000000000000000e+01 7.234983000000000386e-01 3.013116999999999823e+00 1.906306309880582921e+04 3.244849217163525180e-03
3.359616555115509495e+00 1.040358268320818347e+01 2.924500804553597177e+00 1.670817828434181962e+01 3.578062007992384164e-01 1.530525399999999969e+01 7.001581000000000055e-01 3.097326999999999941e+00 3.016281726715953846e+04 3.262501608021654675e+00 8.704297511414038624e+00 1.081987785579282324e+00 1.833856812695788108e+01 2.181259826323405449e+01 1.500000000000000000e+01 7.234983000000000386e-01 3.013116999999999823e+00 1.906306309052381403e+04 3.008105494514826291e-03
3.359616605177697224e+00 1.040358268320818347e+01 2.924500804553597177e+00 1.670817828434181962e+01 3.578062007992384164e-01 1.530525399999999969e+01 7.001581000000000055e-01 3.097326999999999941e+00 3.016281726715953846e+04 3.262501608021654675e+00 8.704297511414038624e+00 1.081987785579282324e+00 1.833856812695788108e+01 2.181259826323405449e+01 1.500000000000000000e+01 7.234983000000000386e-01 3.013116999999999823e+00 1.906306309052381403e+04 3.008105494514826291e-03
3.359616555115509495e+00 1.040358283823364616e+01 2.924500804553597177e+00 1.670817828434181962e+01 3.578062007992384164e-01 1.530525399999999969e+01 7.001581000000000055e-01 3.097326999999999941e+00 3.016281726715953846e+04 3.262501608021654675e+00 8.704297511414038624e+00 1.081987785579282324e+00 1.833856812695788108e+01 2.181259826323405449e+01 1.500000000000000000e+01 7.234983000000000386e-01 3.013116999999999823e+00 1.906306309052381403e+04 3.008105494514826291e-03
3.359616555115509495e+00 1.040358268320818347e+01 2.924500848132054909e+00 1.670817828434181962e+01 3.578062007992384164e-01 1.530525399999999969e+01 7.001581000000000055e-01 3.097326999999999941e+00 3.016281726715953846e+04 3.262501608021654675e+00 8.704297511414038624e+00 1.081987785579282324e+00 1.833856812695788108e+01 2.181259826323405449e+01 1.500000000000000000e+01 7.234983000000000386e-01 3.013116999999999823e+00 1.906306309052381403e+04 3.008105494514826291e-03
3.359616555115509495e+00 1.040358268320818347e+01 2.924500804553597177e+00 1.670817853331307745e+01 3.578062007992384164e-01 1.530525399999999969e+01 7.001581000000000055e-01 3.097326999999999941e+00 3.016281726715953846e+04 3.262501608021654675e+00 8.704297511414038624e+00 1.081987785579282324e+00 1.833856812695788108e+01 2.181259826323405449e+01 1.500000000000000000e+01 7.234983000000000386e-01 3.013116999999999823e+00 1.906306309052381403e+04 3.008105494514826291e-03
3.359616555115509495e+00 1.040358268320818347e+01 2.924500804553597177e+00 1.670817828434181962e+01 3.578062157003996102e-01 1.530525399999999969e+01 7.001581000000000055e-01 3.097326999999999941e+00 3.016281726715953846e+04 3.262501608021654675e+00 8.704297511414038624e+00 1.081987785579282324e+00 1.833856812695788108e+01 2.181259826323405449e+01 1.500000000000000000e+01 7.234983000000000386e-01 3.013116999999999823e+00 1.906306309052381403e+04 3.008105494514826291e-03
3.359616555115509495e+00 1.040358268320818347e+01 2.924500804553597177e+00 1.670817828434181962e+01 3.578062007992384164e-01 1.530525399999999969e+01 7.001581000000000055e-01 3.097326999999999941e+00 3.016281771662054234e+04 3.262501608021654675e+00 8.704297511414038624e+00 1.081987785579282324e+00 1.833856812695788108e+01 2.181259826323405449e+01 1.500000000000000000e+01 7.234983000000000386e-01 3.013116999999999823e+00 1.906306309052381403e+04 3.008105494514826291e-03
3.359616555115509495e+00 1.040358268320818347e+01 2.924500804553597177e+00 1.670817828434181962e+01 3.578062007992384164e-01 1.530525399999999969e+01 7.001581000000000055e-01 3.097326999999999941e+00 3.016281726715953846e+04 3.262501656636716874e+00 8.704297511414038624e+00 1.081987785579282324e+00 1.833856812695788108e+01 2.181259826323405449e+01 1.500000000000000000e+01 7.234983000000000386e-01 3.013116999999999823e+00 1.906306309052381403e+04 3.008105494514826291e-03
3.359616555115509495e+00 1.040358268320818347e+01 2.924500804553597177e+00 1.670817828434181962e+01 3.578062007992384164e-01 1.530525399999999969e+01 7.001581000000000055e-01 3.097326999999999941e+00 3.016281726715953846e+04 3.262501608021654675e+00 8.704297641118179385e+00 1.081987785579282324e+00 1.833856812695788108e+01 2.181259826323405449e+01 1.500000000000000000e+01 7.234983000000000386e-01 3.013116999999999823e+00 1.906306309052381403e+04 3.008105494514826291e-03
3.359616555115509495e+00 1.040358268320818347e+01 2.924500804553597177e+00 1.670817828434181962e+01 3.578062007992384164e-01 1.530525399999999969e+01 7.001581000000000055e-01 3.097326999999999941e+00 3.016281726715953846e+04 3.262501608021654675e+00 8.704297511414038624e+00 1.081987801702156693e+00 1.833856812695788108e+01 2.181259826323405449e+01 1.500000000000000000e+01 7.234983000000000386e-01 3.013116999999999823e+00 1.906306309052381403e+04 3.008105494514826291e-03
3.359616555115509495e+00 1.040358268320818347e+01 2.924500804553597177e+00 1.670817828434181962e+01 3.578062007992384164e-01 1.530525399999999969e+01 7.001581000000000055e-01 3.097326999999999941e+00 3.016281726715953846e+04 3.262501608021654675e+00 8.704297511414038624e+00 1.081987785579282324e+00 1.833856840022384205e+01 2.181259826323405449e+01 1.500000000000000000e+01 7.234983000000000386e-01 3.013116999999999823e+00 1.906306309052381403e+04 3.008105494514826291e-03
3.359616555115509495e+00 1.040358268320818347e+01 2.924500804553597177e+00 1.670817828434181962e+01 3.578062007992384164e-01 1.530525399999999969e+01 7.001581000000000055e-01 3.097326999999999941e+00 3.016281726715953846e+04 3.262501608021654675e+00 8.704297511414038624e+00 1.081987785579282324e+00 1.833856812695788108e+01 2.181259858826709674e+01 1.500000000000000000e+01 7.234983000000000386e-01 3.013116999999999823e+00 1.906306309052381403e+04 3.008105494514826291e-03
3.359616555115509495e+00 1.040358268320818347e+01 2.924500804553597177e+00 1.670817828434181962e+01 3.578062007992384164e-01 1.530525399999999969e+01 7.001581000000000055e-01 3.097326999999999941e+00 3.016281726715953846e+04 3.262501608021654675e+00 8.704297511414038624e+00 1.081987785579282324e+00 1.833856812695788108e+01 2.181259826323405449e+01 1.500000000000000000e+01 7.234983000000000386e-01 3.013116999999999823e+00 1.906306337458558846e+04 3.008105494514826291e-03
3.359616555115509495e+00 1.040358268320818347e+01 2.924500804553597177e+00 1.670817828434181962e+01 3.578062007992384164e-01 1.530525399999999969e+01 7.001581000000000055e-01 3.097326999999999941e+00 3.016281726715953846e+04 3.262501608021654675e+00 8.704297511414038624e+00 1.081987785579282324e+00 1.833856812695788108e+01 2.181259826323405449e+01 1.500000000000000000e+01 7.234983000000000386e-01 3.013116999999999823e+00 1.906306309052381403e+04 3.008120395676020138e-03
3.378376212829392600e+00 1.023393583205779045e+01 2.921657416764419590e+00 1.672573069771571852e+01 3.585354286490159970e-01 1.530525399999999969e+01 7.001581000000000055e-01 3.097326999999999941e+00 3.016281723170055557e+04 3.236885689170357683e+00 8.538285448670571043e+00 1.104461429420875440e+00 1.840558575273713160e+01 2.132412884796218577e+01 1.500000000000000000e+01 7.234983000000000386e-01 3.013116999999999823e+00 1.906306305620553030e+04 2.747241022075132613e-03
3.377977854177517170e+00 1.036539469266252844e+01 2.923862326375731957e+00 1.670461903852641328e+01 3.577561434950481956e-01 1.530525399999999969e+01 7.001581000000000055e-01 3.097326999999999941e+00 3.016281725996795285e+04 3.239575316671494676e+00 8.666022931731463430e+00 1.102599507014492719e+00 1.836460642484866312e+01 2.169309690932172785e+01 1.500000000000000000e+01 7.234983000000000386e-01 3.013116999999999823e+00 1.906306308349147366e+04 3.060523064507671663e-03
3.375704932602816566e+00 1.039970221448190024e+01 2.924438994477222220e+00 1.670847382351134414e+01 3.578353844783718207e-01 1.530525399999999969e+01 7.001581000000000055e-01 3.097326999999999941e+00 3.016281726639502813e+04 3.244711546102646338e+00 8.700398267947312192e+00 1.089554137981421311e+00 1.834235059487414787e+01 2.179870749851260925e+01 1.500000000000000000e+01 7.234983000000000386e-01 3.013116999999999823e+00 1.906306308977765002e+04 3.119335549001575527e-03
3.364360389598540113e+00 1.040326697427235736e+01 2.924495901939738740e+00 1.670838535610324627e+01 3.578184432600868825e-01 1.530525399999999969e+01 7.001581000000000055e-01 3.097326999999999941e+00 3.016281726708911083e+04 3.257192265866839076e+00 8.703982529922667410e+00 1.083042305381393566e+00 1.833900126073314496e+01 2.181112637369941964e+01 1.500000000000000000e+01 7.234983000000000386e-01 3.013116999999999823e+00 1.906306309045563103e+04 3.047966133035073886e-03
3.360650825698275668e+00 1.040351972104044087e+01 2.924499629053675775e+00 1.670821805186374576e+01 3.578086730066444843e-01 1.530525399999999969e+01 7.001581000000000055e-01 3.097326999999999941e+00 3.016281726714552497e+04 3.261029582891108003e+00 8.704235472765835979e+00 1.082212404538649420e+00 1.833865138042176568e+01 2.181227688355514260e+01 1.500000000000000000e+01 7.234983000000000386e-01 3.013116999999999823e+00 1.906306309051029166e+04 3.023065757408470704e-03
3.360650875775875512e+00 1.040351972104044087e+01 2.924499629053675775e+00 1.670821805186374576e+01 3.578086730066444843e-01 1.530525399999999969e+01 7.001581000000000055e-01 3.097326999999999941e+00 3.016281726714552497e+04 3.261029582891108003e+00 8.704235472765835979e+00 1.082212404538649420e+00 1.833865138042176568e+01 2.181227688355514260e+01 1.500000000000000000e+01 7.234983000000000386e-01 3.013116999999999823e+00 1.906306309051029166e+04 3.023065757408470704e-03
3.360650825698275668e+00 1.040351987606496564e+01 2.924499629053675775e+00 1.670821805186374576e+01 3.578086730066444843e-01 1.530525399999999969e+01 7.001581000000000055e-01 3.097326999999999941e+00 3.016281726714552497e+04 3.261029582891108003e+00 8.704235472765835979e+00 1.082212404538649420e+00 1.833865138042176568e+01 2.181227688355514260e+01 1.500000000000000000e+01 7.234983000000000386e-01 3.013116999999999823e+00 1.906306309051029166e+04 3.023065757408470704e-03
3.360650825698275668e+00 1.040351972104044087e+01 2.924499672632116187e+00 1.670821805186374576e+01 3.578086730066444843e-01 1.530525399999999969e+01 7.001581000000000055e-01 3.097326999999999941e+00 3.016281726714552497e+04 3.261029582891108003e+00 8.704235472765835979e+00 1.082212404538649420e+00 1.833865138042176568e+01 2.181227688355514260e+01 1.500000000000000000e+01 7.234983000000000386e-01 3.013116999999999823e+00 1.906306309051029166e+04 3.023065757408470704e-03
3.360650825698275668e+00 1.040351972104044087e+01 2.924499629053675775e+00 1.670821830083559689e+01 3.578086730066444843e-01 1.530525399999999969e+01 7.001581000000000055e-01 3.097326999999999941e+00 3.016281726714552497e+04 3.261029582891108003e+00 8.704235472765835979e+00 1.082212404538649420e+00 1.833865138042176568e+01 2.181227688355514260e+01 1.500000000000000000e+01 7.234983000000000386e-01 3.013116999999999823e+00 1.906306309051029166e+04 3.023065757408470704e-03
3.360650825698275668e+00 1.040351972104044087e+01 2.924499629053675775e+00 1.670821805186374576e+01 3.578086879078056781e-01 1.530525399999999969e+01 7.001581000000000055e-01 3.097326999999999941e+00 3.016281726714552497e+04 3.261029582891108003e+00 8.704235472765835979e+00 1.082212404538649420e+00 1.833865138042176568e+01 2.181227688355514260e+01 1.500000000000000000e+01 7.234983000000000386e-01 3.013116999999999823e+00 1.906306309051029166e+04 3.023065757408470704e-03
3.360650825698275668e+00 1.040351972104044087e+01 2.924499629053675775e+00 1.670821805186374576e+01 3.578086730066444843e-01 1.530525399999999969e+01 7.001581000000000055e-01 3.097326999999999941e+00 3.016281771660652885e+04 3.261029582891108003e+00 8.704235472765835979e+00 1.082212404538649420e+00 1.833865138042176568e+01 2.181227688355514260e+01 1.500000000000000000e+01 7.234983000000000386e-01 3.013116999999999823e+00 1.906306309051029166e+04 3.023065757408470704e-03
3.360650825698275668e+00 1.040351972104044087e+01 2.924499629053675775e+00 1.670821805186374576e+01 3.578086730066444843e-01 1.530525399999999969e+01 7.001581000000000055e-01 3.097326999999999941e+00 3.016281726714552497e+04 3.261029631484235303e+00 8.704235472765835979e+00 1.082212404538649420e+00 1.833865138042176568e+01 2.181227688355514260e+01 1.500000000000000000e+01 7.234983000000000386e-01 3.013116999999999823e+00 1.906306309051029166e+04 3.023065757408470704e-03
3.360650825698275668e+00 1.040351972104044087e+01 2.924499629053675775e+00 1.670821805186374576e+01 3.578086730066444843e-01 1.530525399999999969e+01 7.001581000000000055e-01 3.097326999999999941e+00 3.016281726714552497e+04 3.261029582891108003e+00 8.704235602469051258e+00 1.082212404538649420e+00 1.833865138042176568e+01 2.181227688355514260e+01 1.500000000000000000e+01 7.234983000000000386e-01 3.013116999999999823e+00 1.906306309051029166e+04 3.023065757408470704e-03
3.360650825698275668e+00 1.040351972104044087e+01 2.924499629053675775e+00 1.670821805186374576e+01 3.578086730066444843e-01 1.530525399999999969e+01 7.001581000000000055e-01 3.097326999999999941e+00 3.016281726714552497e+04 3.261029582891108003e+00 8.704235472765835979e+00 1.082212420664870889e+00 1.833865138042176568e+01 2.181227688355514260e+01 1.500000000000000000e+01 7.234983000000000386e-01 3.013116999999999823e+00 1.906306309051029166e+04 3.023065757408470704e-03
3.360650825698275668e+00 1.040351972104044087e+01 2.924499629053675775e+00 1.670821805186374576e+01 3.578086730066444843e-01 1.530525399999999969e+01 7.001581000000000055e-01 3.097326999999999941e+00 3.016281726714552497e+04 3.261029582891108003e+00 8.704235472765835979e+00 1.082212404538649420e+00 1.833865165368896655e+01 2.181227688355514260e+01 1.500000000000000000e+01 7.234983000000000386e-01 3.013116999999999823e+00 1.906306309051029166e+04 3.023065757408470704e-03
3.360650825698275668e+00 1.040351972104044087e+01 2.924499629053675775e+00 1.670821805186374576e+01 3.578086730066444843e-01 1.530525399999999969e+01 7.001581000000000055e-01 3.097326999999999941e+00 3.016281726714552497e+04 3.261029582891108003e+00 8.704235472765835979e+00 1.082212404538649420e+00 1.833865138042176568e+01 2.181227720858339580e+01 1.500000000000000000e+01 7.234983000000000386e-01 3.013116999999999823e+00 1.906306309051029166e+04 3.023065757408470704e-03
3.360650825698275668e+00 1.040351972104044087e+01 2.924499629053675775e+00 1.670821805186374576e+01 3.578086730066444843e-01 1.530525399999999969e+01 7.001581000000000055e-01 3.097326999999999941e+00 3.016281726714552497e+04 3.261029582891108003e+00 8.704235472765835979e+00 1.082212404538649420e+00 1.833865138042176568e+01 2.181227688355514260e+01 1.500000000000000000e+01 7.234983000000000386e-01 3.013116999999999823e+00 1.906306337457206610e+04 3.023065757408470704e-03
3.360650825698275668e+00 1.040351972104044087e+01 2.924499629053675775e+00 1.670821805186374576e+01 3.578086730066444843e-01 1.530525399999999969e+01 7.001581000000000055e-01 3.097326999999999941e+00 3.016281726714552497e+04 3.261029582891108003e+00 8.704235472765835979e+00 1.082212404538649420e+00 1.833865138042176568e+01 2.181227688355514260e+01 1.500000000000000000e+01 7.234983000000000386e-01 3.013116999999999823e+00 1.906306309051029166e+04 3.023080658569664552e-03
3.362820330955732739e+00 1.040339322359722907e+01 2.924497972022975123e+00 1.670830451043880771e+01 3.578138200191126606e-01 1.530525399999999969e+01 7.001581000000000055e-01 3.097326999999999941e+00 3.016281726711723240e+04 3.258466747557161813e+00 8.704110571540322638e+00 1.083085600336527010e+00 1.833882494973402544e+01 2.181167470624921023e+01 1.500000000000000000e+01 7.234983000000000386e-01 3.013116999999999823e+00 1.906306309048291951e+04 3.039055531336245976e-03
3.362820381065660502e+00 1.040339322359722907e+01 2.924497972022975123e+00 1.670830451043880771e+01 3.578138200191126606e-01 1.530525399999999969e+01 7.001581000000000055e-01 3.097326999999999941e+00 3.016281726711723240e+04 3.258466747557161813e+00 8.704110571540322638e+00 1.083085600336527010e+00 1.833882494973402544e+01 2.181167470624921023e+01 1.500000000000000000e+01 7.234983000000000386e-01 3.013116999999999823e+00 1.906306309048291951e+04 3.039055531336245976e-03
3.362820330955732739e+00 1.040339337861986913e+01 2.924497972022975123e+00 1.670830451043880771e+01 3.578138200191126606e-01 1.530525399999999969e+01 7.001581000000000055e-01 3.097326999999999941e+00 3.016281726711723240e+04 3.258466747557161813e+00 8.704110571540322638e+00 1.083085600336527010e+00 1.833882494973402544e+01 2.181167470624921023e+01 1.500000000000000000e+01 7.234983000000000386e-01 3.013116999999999823e+00 1.906306309048291951e+04 3.039055531336245976e-03
3.362820330955732739e+00 1.040339322359722907e+01 2.924498015601390666e+00 1.670830451043880771e+01 3.578138200191126606e-01 1.530525399999999969e+01 7.001581000000000055e-01 3.097326999999999941e+00 3.016281726711723240e+04 3.258466747557161813e+00 8.704110571540322638e+00 1.083085600336527010e+00 1.833882494973402544e+01 2.181167470624921023e+01 1.500000000000000000e+01 7.234983000000000386e-01 3.013116999999999823e+00 1.906306309048291951e+04 3.039055531336245976e-03
3.362820330955732739e+00 1.040339322359722907e+01 2.924497972022975123e+00 1.670830475941194493e+01 3.578138200191126606e-01 1.530525399999999969e+01 7.001581000000000055e-01 3.097326999999999941e+00 3.016281726711723240e+04 3.258466747557161813e+00 8.704110571540322638e+00 1.083085600336527010e+00 1.833882494973402544e+01 2.181167470624921023e+01 1.500000000000000000e+01 7.234983000000000386e-01 3.013116999999999823e+00 1.906306309048291951e+04 3.039055531336245976e-03
3.362820330955732739e+00 1.040339322359722907e+01 2.924497972022975123e+00 1.670830451043880771e+01 3.578138349202738544e-01 1.530525399999999969e+01 7.001581000000000055e-01 3.097326999999999941e+00 3.016281726711723240e+04 3.258466747557161813e+00 8.704110571540322638e+00 1.083085600336527010e+00 1.833882494973402544e+01 2.181167470624921023e+01 1.500000000000000000e+01 7.234983000000000386e-01 3.013116999999999823e+00 1.906306309048291951e+04 3.039055531336245976e-03
3.362820330955732739e+00 1.040339322359722907e+01 2.924497972022975123e+00 1.670830451043880771e+01 3.578138200191126606e-01 1.530525399999999969e+01 7.001581000000000055e-01 3.097326999999999941e+00 3.016281771657823629e+04 3.258466747557161813e+00 8.704110571540322638e+00 1.083085600336527010e+00 1.833882494973402544e+01 2.181167470624921023e+01 1.500000000000000000e+01 7.234983000000000386e-01 3.013116999999999823e+00 1.906306309048291951e+04 3.039055531336245976e-03
3.362820330955732739e+00 1.040339322359722907e+01 2.924497972022975123e+00 1.670830451043880771e+01 3.578138200191126606e-01 1.530525399999999969e+01 7.001581000000000055e-01 3.097326999999999941e+00 3.016281726711723240e+04 3.258466796112100106e+00 8.704110571540322638e+00 1.083085600336527010e+00 1.833882494973402544e+01 2.181167470624921023e+01 1.500000000000000000e+01 7.234983000000000386e-01 3.013116999999999823e+00 1.906306309048291951e+04 3.039055531336245976e-03
3.362820330955732739e+00 1.040339322359722907e+01 2.924497972022975123e+00 1.670830451043880771e+01 3.578138200191126606e-01 1.530525399999999969e+01 7.001581000000000055e-01 3.097326999999999941e+00 3.016281726711723240e+04 3.258466747557161813e+00 8.704110701241678072e+00 1.083085600336527010e+00 1.833882494973402544e+01 2.181167470624921023e+01 1.500000000000000000e+01 7.234983000000000386e-01 3.013116999999999823e+00 1.906306309048291951e+04 3.039055531336245976e-03
3.362820330955732739e+00 1.040339322359722907e+01 2.924497972022975123e+00 1.670830451043880771e+01 3.578138200191126606e-01 1.530525399999999969e+01 7.001581000000000055e-01 3.097326999999999941e+00 3.016281726711723240e+04 3.258466747557161813e+00 8.704110571540322638e+00 1.083085616475760071e+00 1.833882494973402544e+01 2.181167470624921023e+01 1.500000000000000000e+01 7.234983000000000386e-01 3.013116999999999823e+00 1.906306309048291951e+04 3.039055531336245976e-03
3.362820330955732739e+00 1.040339322359722907e+01 2.924497972022975123e+00 1.670830451043880771e+01 3.578138200191126606e-01 1.530525399999999969e+01 7.001581000000000055e-01 3.097326999999999941e+00 3.016281726711723240e+04 3.258466747557161813e+00 8.704110571540322638e+00 1.083085600336527010e+00 1.833882522300381268e+01 2.181167470624921023e+01 1.500000000000000000e+01 7.234983000000000386e-01 3.013116999999999823e+00 1.906306309048291951e+04 3.039055531336245976e-03
3.362820330955732739e+00 1.040339322359722907e+01 2.924497972022975123e+00 1.670830451043880771e+01 3.578138200191126606e-01 1.530525399999999969e+01 7.001581000000000055e-01 3.097326999999999941e+00 3.016281726711723240e+04 3.258466747557161813e+00 8.704110571540322638e+00 1.083085600336527010e+00 1.833882494973402544e+01 2.181167503126848928e+01 1.500000000000000000e+01 7.234983000000000386e-01 3.013116999999999823e+00 1.906306309048291951e+04 3.039055531336245976e-03
3.362820330955732739e+00 1.040339322359722907e+01 2.924497972022975123e+00 1.670830451043880771e+01 3.578138200191126606e-01 1.530525399999999969e+01 7.001581000000000055e-01 3.097326999999999941e+00 3.016281726711723240e+04 3.258466747557161813e+00 8.704110571540322638e+00 1.083085600336527010e+00 1.833882494973402544e+01 2.181167470624921023e+01 1.500000000000000000e+01 7.234983000000000386e-01 3.013116999999999823e+00 1.906306337454469394e+04 3.039055531336245976e-03
3.362820330955732739e+00 1.040339322359722907e+01 2.924497972022975123e+00 1.670830451043880771e+01 3.578138200191126606e-01 1.530525399999999969e+01 7.001581000000000055e-01 3.097326999999999941e+00 3.016281726711723240e+04 3.258466747557161813e+00 8.704110571540322638e+00 1.083085600336527010e+00 1.833882494973402544e+01 2.181167470624921023e+01 1.500000000000000000e+01 7.234983000000000386e-01 3.013116999999999823e+00 1.906306309048291951e+04 3.039070432497439824e-03
3.367171679159778108e+00 1.040310058394746129e+01 2.924493507110852875e+00 1.670844172962521768e+01 3.578181021562389375e-01 1.530525399999999969e+01 7.001581000000000055e-01 3.097326999999999941e+00 3.016281726705511028e+04 3.253412457588091833e+00 8.703824255269910992e+00 1.084877999232629842e+00 1.833917944139910006e+01 2.181047168425742200e+01 1.500000000000000000e+01 7.234983000000000386e-01 3.013116999999999823e+00 1.906306309042262001e+04 3.069612241897696527e-03
3.367171729334546004e+00 1.040310058394746129e+01 2.924493507110852875e+00 1.670844172962521768e+01 3.578181021562389375e-01 1.530525399999999969e+01 7.001581000000000055e-01 3.097326999999999941e+00 3.016281726705511028e+04 3.253412457588091833e+00 8.703824255269910992e+00 1.084877999232629842e+00 1.833917944139910006e+01 2.181047168425742200e+01 1.500000000000000000e+01 7.234983000000000386e-01 3.013116999999999823e+00 1.906306309042262001e+04 3.069612241897696527e-03
3.367171679159778108e+00 1.040310073896574039e+01 2.924493507110852875e+00 1.670844172962521768e+01 3.578181021562389375e-01 1.530525399999999969e+01 7.001581000000000055e-01 3.097326999999999941e+00 3.016281726705511028e+04 3.253412457588091833e+00 8.703824255269910992e+00 1.084877999232629842e+00 1.833917944139910006e+01 2.181047168425742200e+01 1.500000000000000000e+01 7.234983000000000386e-01 3.013116999999999823e+00 1.906306309042262001e+04 3.069612241897696527e-03
3.367171679159778108e+00 1.040310058394746129e+01 2.924493550689202248e+00 1.670844172962521768e+01 3.578181021562389375e-01 1.530525399999999969e+01 7.001581000000000055e-01 3.097326999999999941e+00 3.016281726705511028e+04 3.253412457588091833e+00 8.703824255269910992e+00 1.084877999232629842e+00 1.833917944139910006e+01 2.181047168425742200e+01 1.500000000000000000e+01 7.234983000000000386e-01 3.013116999999999823e+00 1.906306309042262001e+04 3.069612241897696527e-03
3.367171679159778108e+00 1.040310058394746129e+01 2.924493507110852875e+00 1.670844197860040126e+01 3.578181021562389375e-01 1.530525399999999969e+01 7.001581000000000055e-01 3.097326999999999941e+00 3.016281726705511028e+04 3.253412457588091833e+00 8.703824255269910992e+00 1.084877999232629842e+00 1.833917944139910006e+01 2.181047168425742200e+01 1.500000000000000000e+01 7.234983000000000386e-01 3.013116999999999823e+00 1.906306309042262001e+04 3.069612241897696527e-03
3.367171679159778108e+00 1.040310058394746129e+01 2.924493507110852875e+00 1.670844172962521768e+01 3.578181170574001313e-01 1.530525399999999969e+01 7.001581000000000055e-01 3.097326999999999941e+00 3.016281726705511028e+04 3.253412457588091833e+00 8.703824255269910992e+00 1.084877999232629842e+00 1.833917944139910006e+01 2.181047168425742200e+01 1.500000000000000000e+01 7.234983000000000386e-01 3.013116999999999823e+00 1.906306309042262001e+04 3.069612241897696527e-03
3.367171679159778108e+00 1.040310058394746129e+01 2.924493507110852875e+00 1.670844172962521768e+01 3.578181021562389375e-01 1.530525399999999969e+01 7.001581000000000055e-01 3.097326999999999941e+00 3.016281771651611416e+04 3.253412457588091833e+00 8.703824255269910992e+00 1.084877999232629842e+00 1.833917944139910006e+01 2.181047168425742200e+01 1.500000000000000000e+01 7.234983000000000386e-01 3.013116999999999823e+00 1.906306309042262001e+04 3.069612241897696527e-03
3.367171679159778108e+00 1.040310058394746129e+01 2.924493507110852875e+00 1.670844172962521768e+01 3.578181021562389375e-01 1.530525399999999969e+01 7.001581000000000055e-01 3.097326999999999941e+00 3.016281726705511028e+04 3.253412506067715260e+00 8.703824255269910992e+00 1.084877999232629842e+00 1.833917944139910006e+01 2.181047168425742200e+01 1.500000000000000000e+01 7.234983000000000386e-01 3.013116999999999823e+00 1.906306309042262001e+04 3.069612241897696527e-03
3.367171679159778108e+00 1.040310058394746129e+01 2.924493507110852875e+00 1.670844172962521768e+01 3.578181021562389375e-01 1.530525399999999969e+01 7.001581000000000055e-01 3.097326999999999941e+00 3.016281726705511028e+04 3.253412457588091833e+00 8.703824384966999617e+00 1.084877999232629842e+00 1.833917944139910006e+01 2.181047168425742200e+01 1.500000000000000000e+01 7.234983000000000386e-01 3.013116999999999823e+00 1.906306309042262001e+04 3.069612241897696527e-03
3.367171679159778108e+00 1.040310058394746129e+01 2.924493507110852875e+00 1.670844172962521768e+01 3.578181021562389375e-01 1.530525399999999969e+01 7.001581000000000055e-01 3.097326999999999941e+00 3.016281726705511028e+04 3.253412457588091833e+00 8.703824255269910992e+00 1.084878015398571760e+00 1.833917944139910006e+01 2.181047168425742200e+01 1.500000000000000000e+01 7.234983000000000386e-01 3.013116999999999823e+00 1.906306309042262001e+04 3.069612241897696527e-03
3.367171679159778108e+00 1.040310058394746129e+01 2.924493507110852875e+00 1.670844172962521768e+01 3.578181021562389375e-01 1.530525399999999969e+01 7.001581000000000055e-01 3.097326999999999941e+00 3.016281726705511028e+04 3.253412457588091833e+00 8.703824255269910992e+00 1.084877999232629842e+00 1.833917971467417019e+01 2.181047168425742200e+01 1.500000000000000000e+01 7.234983000000000386e-01 3.013116999999999823e+00 1.906306309042262001e+04 3.069612241897696527e-03
3.367171679159778108e+00 1.040310058394746129e+01 2.924493507110852875e+00 1.670844172962521768e+01 3.578181021562389375e-01 1.530525399999999969e+01 7.001581000000000055e-01 3.097326999999999941e+00 3.016281726705511028e+04 3.253412457588091833e+00 8.703824255269910992e+00 1.084877999232629842e+00 1.833917944139910006e+01 2.181047200925877760e+01 1.500000000000000000e+01 7.234983000000000386e-01 3.013116999999999823e+00 1.906306309042262001e+04 3.069612241897696527e-03
3.367171679159778108e+00 1.040310058394746129e+01 2.924493507110852875e+00 1.670844172962521768e+01 3.578181021562389375e-01 1.530525399999999969e+01 7.001581000000000055e-01 3.097326999999999941e+00 3.016281726705511028e+04 3.253412457588091833e+00 8.703824255269910992e+00 1.084877999232629842e+00 1.833917944139910006e+01 2.181047168425742200e+01 1.500000000000000000e+01 7.234983000000000386e-01 3.013116999999999823e+00 1.906306337448439444e+04 3.069612241897696527e-03
3.367171679159778108e+00 1.040310058394746129e+01 2.924493507110852875e+00 1.670844172962521768e+01 3.578181021562389375e-01 1.530525399999999969e+01 7.001581000000000055e-01 3.097326999999999941e+00 3.016281726705511028e+04 3.253412457588091833e+00 8.703824255269910992e+00 1.084877999232629842e+00 1.833917944139910006e+01 2.181047168425742200e+01 1.500000000000000000e+01 7.234983000000000386e-01 3.013116999999999823e+00 1.906306309042262001e+04 3.069627143058890374e-03
3.375335720865293876e+00 1.040220092685610176e+01 2.924483304054533939e+00 1.670847278727654839e+01 3.578235012097809586e-01 1.530525399999999969e+01 7.001581000000000055e-01 3.097326999999999941e+00 3.016281726688422350e+04 3.243523685703613602e+00 8.703029093916313741e+00 1.088907835754257425e+00 1.833997878186269403e+01 2.180745437922858443e+01 1.500000000000000000e+01 7.234983000000000386e-01 3.013116999999999823e+00 1.906306309025568044e+04 3.126615686032828325e-03
3.375335771161715570e+00 1.040220092685610176e+01 2.924483304054533939e+00 1.670847278727654839e+01 3.578235012097809586e-01 1.530525399999999969e+01 7.001581000000000055e-01 3.097326999999999941e+00 3.016281726688422350e+04 3.243523685703613602e+00 8.703029093916313741e+00 1.088907835754257425e+00 1.833997878186269403e+01 2.180745437922858443e+01 1.500000000000000000e+01 7.234983000000000386e-01 3.013116999999999823e+00 1.906306309025568044e+04 3.126615686032828325e-03
3.375335720865293876e+00 1.040220108186097470e+01 2.924483304054533939e+00 1.670847278727654839e+01 3.578235012097809586e-01 1.530525399999999969e+01 7.001581000000000055e-01 3.097326999999999941e+00 3.016281726688422350e+04 3.243523685703613602e+00 8.703029093916313741e+00 1.088907835754257425e+00 1.833997878186269403e+01 2.180745437922858443e+01 1.500000000000000000e+01 7.234983000000000386e-01 3.013116999999999823e+00 1.906306309025568044e+04 3.126615686032828325e-03
3.375335720865293876e+00 1.040220092685610176e+01 2.924483347632730990e+00 1.670847278727654839e+01 3.578235012097809586e-01 1.530525399999999969e+01 7.001581000000000055e-01 3.097326999999999941e+00 3.016281726688422350e+04 3.243523685703613602e+00 8.703029093916313741e+00 1.088907835754257425e+00 1.833997878186269403e+01 2.180745437922858443e+01 1.500000000000000000e+01 7.234983000000000386e-01 3.013116999999999823e+00 1.906306309025568044e+04 3.126615686032828325e-03
3.375335720865293876e+00 1.040220092685610176e+01 2.924483304054533939e+00 1.670847303625219382e+01 3.578235012097809586e-01 1.530525399999999969e+01 7.001581000000000055e-01 3.097326999999999941e+00 3.016281726688422350e+04 3.243523685703613602e+00 8.703029093916313741e+00 1.088907835754257425e+00 1.833997878186269403e+01 2.180745437922858443e+01 1.500000000000000000e+01 7.234983000000000386e-01 3.013116999999999823e+00 1.906306309025568044e+04 3.126615686032828325e-03
3.375335720865293876e+00 1.040220092685610176e+01 2.924483304054533939e+00 1.670847278727654839e+01 3.578235161109421525e-01 1.530525399999999969e+01 7.001581000000000055e-01 3.097326999999999941e+00 3.016281726688422350e+04 3.243523685703613602e+00 8.703029093916313741e+00 1.088907835754257425e+00 1.833997878186269403e+01 2.180745437922858443e+01 1.500000000000000000e+01 7.234983000000000386e-01 3.013116999999999823e+00 1.906306309025568044e+04 3.126615686032828325e-03
3.375335720865293876e+00 1.040220092685610176e+01 2.924483304054533939e+00 1.670847278727654839e+01 3.578235012097809586e-01 1.530525399999999969e+01 7.001581000000000055e-01 3.097326999999999941e+00 3.016281771634522738e+04 3.243523685703613602e+00 8.703029093916313741e+00 1.088907835754257425e+00 1.833997878186269403e+01 2.180745437922858443e+01 1.500000000000000000e+01 7.234983000000000386e-01 3.013116999999999823e+00 1.906306309025568044e+04 3.126615686032828325e-03
3.375335720865293876e+00 1.040220092685610176e+01 2.924483304054533939e+00 1.670847278727654839e+01 3.578235012097809586e-01 1.530525399999999969e+01 7.001581000000000055e-01 3.097326999999999941e+00 3.016281726688422350e+04 3.243523734035882899e+00 8.703029093916313741e+00 1.088907835754257425e+00 1.833997878186269403e+01 2.180745437922858443e+01 1.500000000000000000e+01 7.234983000000000386e-01 3.013116999999999823e+00 1.906306309025568044e+04 3.126615686032828325e-03
3.375335720865293876e+00 1.040220092685610176e+01 2.924483304054533939e+00 1.670847278727654839e+01 3.578235012097809586e-01 1.530525399999999969e+01 7.001581000000000055e-01 3.097326999999999941e+00 3.016281726688422350e+04 3.243523685703613602e+00 8.703029223601552289e+00 1.088907835754257425e+00 1.833997878186269403e+01 2.180745437922858443e+01 1.500000000000000000e+01 7.234983000000000386e-01 3.013116999999999823e+00 1.906306309025568044e+04 3.126615686032828325e-03
3.375335720865293876e+00 1.040220092685610176e+01 2.924483304054533939e+00 1.670847278727654839e+01 3.578235012097809586e-01 1.530525399999999969e+01 7.001581000000000055e-01 3.097326999999999941e+00 3.016281726688422350e+04 3.243523685703613602e+00 8.703029093916313741e+00 1.088907851980248642e+00 1.833997878186269403e+01 2.180745437922858443e+01 1.500000000000000000e+01 7.234983000000000386e-01 3.013116999999999823e+00 1.906306309025568044e+04 3.126615686032828325e-03
3.375335720865293876e+00 1.040220092685610176e+01 2.924483304054533939e+00 1.670847278727654839e+01 3.578235012097809586e-01 1.530525399999999969e+01 7.001581000000000055e-01 3.097326999999999941e+00 3.016281726688422350e+04 3.243523685703613602e+00 8.703029093916313741e+00 1.088907835754257425e+00 1.833997905514967286e+01 2.180745437922858443e+01 1.500000000000000000e+01 7.234983000000000386e-01 3.013116999999999823e+00 1.906306309025568044e+04 3.126615686032828325e-03
3.375335720865293876e+00 1.040220092685610176e+01 2.924483304054533939e+00 1.670847278727654839e+01 3.578235012097809586e-01 1.530525399999999969e+01 7.001581000000000055e-01 3.097326999999999941e+00 3.016281726688422350e+04 3.243523685703613602e+00 8.703029093916313741e+00 1.088907835754257425e+00 1.833997878186269403e+01 2.180745470418497689e+01 1.500000000000000000e+01 7.234983000000000386e-01 3.013116999999999823e+00 1.906306309025568044e+04 3.126615686032828325e-03
3.375335720865293876e+00 1.040220092685610176e+01 2.924483304054533939e+00 1.670847278727654839e+01 3.578235012097809586e-01 1.530525399999999969e+01 7.001581000000000055e-01 3.097326999999999941e+00 3.016281726688422350e+04 3.243523685703613602e+00 8.703029093916313741e+00 1.088907835754257425e+00 1.833997878186269403e+01 2.180745437922858443e+01 1.500000000000000000e+01 7.234983000000000386e-01 3.013116999999999823e+00 1.906306337431745487e+04 3.126615686032828325e-03
3.375335720865293876e+00 1.040220092685610176e+01 2.924483304054533939e+00 1.670847278727654839e+01 3.578235012097809586e-01 1.530525399999999969e+01 7.001581000000000055e-01 3.097326999999999941e+00 3.016281726688422350e+04 3.243523685703613602e+00 8.703029093916313741e+00 1.088907835754257425e+00 1.833997878186269403e+01 2.180745437922858443e+01 1.500000000000000000e+01 7.234983000000000386e-01 3.013116999999999823e+00 1.906306309025568044e+04 3.126630587194022173e-03
3.382265797189763834e+00 1.040009868712772167e+01 2.924445283154921249e+00 1.670769288359754157e+01 3.577929779840153257e-01 1.530525399999999969e+01 7.001581000000000055e-01 3.097326999999999941e+00 3.016281726650791461e+04 3.233363242955349826e+00 8.700995539548314284e+00 1.092267651989423660e+00 1.834127728504077481e+01 2.180153438948441647e+01 1.500000000000000000e+01 7.234983000000000386e-01 3.013116999999999823e+00 1.906306308988630917e+04 3.165925750857694152e-03
3.377256161972361781e+00 1.040192925547502689e+01 2.924477978726841787e+00 1.670840425373716087e+01 3.578214638687821636e-01 1.530525399999999969e+01 7.001581000000000055e-01 3.097326999999999941e+00 3.016281726683403394e+04 3.240620156786129247e+00 8.702768546133006211e+00 1.089477974551306572e+00 1.834016466373149257e+01 2.180657388423548326e+01 1.500000000000000000e+01 7.234983000000000386e-01 3.013116999999999823e+00 1.906306309020662593e+04 3.136165327514731701e-03
3.375735777798754000e+00 1.040214261785630967e+01 2.924482024017677428e+00 1.670845270542965366e+01 3.578228486825442700e-01 1.530525399999999969e+01 7.001581000000000055e-01 3.097326999999999941e+00 3.016281726687366245e+04 3.242737608129512505e+00 8.702973707023614836e+00 1.089032717060934408e+00 1.834001403576597511e+01 2.180725575572343544e+01 1.500000000000000000e+01 7.234983000000000386e-01 3.013116999999999823e+00 1.906306309024537404e+04 3.126361002304369613e-03
3.375735828101137148e+00 1.040214261785630967e+01 2.924482024017677428e+00 1.670845270542965366e+01 3.578228486825442700e-01 1.530525399999999969e+01 7.001581000000000055e-01 3.097326999999999941e+00 3.016281726687366245e+04 3.242737608129512505e+00 8.702973707023614836e+00 1.089032717060934408e+00 1.834001403576597511e+01 2.180725575572343544e+01 1.500000000000000000e+01 7.234983000000000386e-01 3.013116999999999823e+00 1.906306309024537404e+04 3.126361002304369613e-03
3.375735777798754000e+00 1.040214277286031397e+01 2.924482024017677428e+00 1.670845270542965366e+01 3.578228486825442700e-01 1.530525399999999969e+01 7.001581000000000055e-01 3.097326999999999941e+00 3.016281726687366245e+04 3.242737608129512505e+00 8.702973707023614836e+00 1.089032717060934408e+00 1.834001403576597511e+01 2.180725575572343544e+01 1.500000000000000000e+01 7.234983000000000386e-01 3.013116999999999823e+00 1.906306309024537404e+04 3.126361002304369613e-03
3.375735777798754000e+00 1.040214261785630967e+01 2.924482067595855384e+00 1.670845270542965366e+01 3.578228486825442700e-01 1.530525399999999969e+01 7.001581000000000055e-01 3.097326999999999941e+00 3.016281726687366245e+04 3.242737608129512505e+00 8.702973707023614836e+00 1.089032717060934408e+00 1.834001403576597511e+01 2.180725575572343544e+01 1.500000000000000000e+01 7.234983000000000386e-01 3.013116999999999823e+00 1.906306309024537404e+04 3.126361002304369613e-03
3.375735777798754000e+00 1.040214261785630967e+01 2.924482024017677428e+00 1.670845295440500067e+01 3.578228486825442700e-01 1.530525399999999969e+01 7.001581000000000055e-01 3.097326999999999941e+00 3.016281726687366245e+04 3.242737608129512505e+00 8.702973707023614836e+00 1.089032717060934408e+00 1.834001403576597511e+01 2.180725575572343544e+01 1.500000000000000000e+01 7.234983000000000386e-01 3.013116999999999823e+00 1.906306309024537404e+04 3.126361002304369613e-03
3.375735777798754000e+00 1.040214261785630967e+01 2.924482024017677428e+00 1.670845270542965366e+01 3.578228635837054639e-01 1.530525399999999969e+01 7.001581000000000055e-01 3.097326999999999941e+00 3.016281726687366245e+04 3.242737608129512505e+00 8.702973707023614836e+00 1.089032717060934408e+00 1.834001403576597511e+01 2.180725575572343544e+01 1.500000000000000000e+01 7.234983000000000386e-01 3.013116999999999823e+00 1.906306309024537404e+04 3.126361002304369613e-03
3.375735777798754000e+00 1.040214261785630967e+01 2.924482024017677428e+00 1.670845270542965366e+01 3.578228486825442700e-01 1.530525399999999969e+01 7.001581000000000055e-01 3.097326999999999941e+00 3.016281771633466633e+04 3.242737608129512505e+00 8.702973707023614836e+00 1.089032717060934408e+00 1.834001403576597511e+01 2.180725575572343544e+01 1.500000000000000000e+01 7.234983000000000386e-01 3.013116999999999823e+00 1.906306309024537404e+04 3.126361002304369613e-03
3.375735777798754000e+00 1.040214261785630967e+01 2.924482024017677428e+00 1.670845270542965366e+01 3.578228486825442700e-01 1.530525399999999969e+01 7.001581000000000055e-01 3.097326999999999941e+00 3.016281726687366245e+04 3.242737656450068506e+00 8.702973707023614836e+00 1.089032717060934408e+00 1.834001403576597511e+01 2.180725575572343544e+01 1.500000000000000000e+01 7.234983000000000386e-01 3.013116999999999823e+00 1.906306309024537404e+04 3.126361002304369613e-03
3.375735777798754000e+00 1.040214261785630967e+01 2.924482024017677428e+00 1.670845270542965366e+01 3.578228486825442700e-01 1.530525399999999969e+01 7.001581000000000055e-01 3.097326999999999941e+00 3.016281726687366245e+04 3.242737608129512505e+00 8.702973836708029154e+00 1.089032717060934408e+00 1.834001403576597511e+01 2.180725575572343544e+01 1.500000000000000000e+01 7.234983000000000386e-01 3.013116999999999823e+00 1.906306309024537404e+04 3.126361002304369613e-03
3.375735777798754000e+00 1.040214261785630967e+01 2.924482024017677428e+00 1.670845270542965366e+01 3.578228486825442700e-01 1.530525399999999969e+01 7.001581000000000055e-01 3.097326999999999941e+00 3.016281726687366245e+04 3.242737608129512505e+00 8.702973707023614836e+00 1.089032733288786581e+00 1.834001403576597511e+01 2.180725575572343544e+01 1.500000000000000000e+01 7.234983000000000386e-01 3.013116999999999823e+00 1.906306309024537404e+04 3.126361002304369613e-03
3.375735777798754000e+00 1.040214261785630967e+01 2.924482024017677428e+00 1.670845270542965366e+01 3.578228486825442700e-01 1.530525399999999969e+01 7.001581000000000055e-01 3.097326999999999941e+00 3.016281726687366245e+04 3.242737608129512505e+00 8.702973707023614836e+00 1.089032717060934408e+00 1.834001430905347974e+01 2.180725575572343544e+01 1.500000000000000000e+01 7.234983000000000386e-01 3.013116999999999823e+00 1.906306309024537404e+04 3.126361002304369613e-03
3.375735777798754000e+00 1.040214261785630967e+01 2.924482024017677428e+00 1.670845270542965366e+01 3.578228486825442700e-01 1.530525399999999969e+01 7.001581000000000055e-01 3.097326999999999941e+00 3.016281726687366245e+04 3.242737608129512505e+00 8.702973707023614836e+00 1.089032717060934408e+00 1.834001403576597511e+01 2.180725608067686849e+01 1.500000000000000000e+01 7.234983000000000386e-01 3.013116999999999823e+00 1.906306309024537404e+04 3.126361002304369613e-03
3.375735777798754000e+00 1.040214261785630967e+01 2.924482024017677428e+00 1.670845270542965366e+01 3.578228486825442700e-01 1.530525399999999969e+01 7.001581000000000055e-01 3.097326999999999941e+00 3.016281726687366245e+04 3.242737608129512505e+00 8.702973707023614836e+00 1.089032717060934408e+00 1.834001403576597511e+01 2.180725575572343544e+01 1.500000000000000000e+01 7.234983000000000386e-01 3.013116999999999823e+00 1.906306337430714848e+04 3.126361002304369613e-03
3.375735777798754000e+00 1.040214261785630967e+01 2.924482024017677428e+00 1.670845270542965366e+01 3.578228486825442700e-01 1.530525399999999969e+01 7.001581000000000055e-01 3.097326999999999941e+00 3.016281726687366245e+04 3.242737608129512505e+00 8.702973707023614836e+00 1.089032717060934408e+00 1.834001403576597511e+01 2.180725575572343544e+01 1.500000000000000000e+01 7.234983000000000386e-01 3.013116999999999823e+00 1.906306309024537404e+04 3.126375903465563461e-03
3.376250958917448752e+00 1.040065013174442932e+01 2.924481352292360281e+00 1.670845378459155484e+01 3.578252055683310839e-01 1.530525399999999969e+01 7.001581000000000055e-01 3.097326999999999941e+00 3.016281639880085640e+04 3.242196295975634079e+00 8.701761410371664951e+00 1.089349698501110186e+00 1.834002131065529895e+01 2.180723458630890477e+01 1.500000000000000000e+01 7.234983000000000386e-01 3.013116999999999823e+00 1.906306255401291855e+04 3.127904019912577157e-03
3.376251009227508426e+00 1.040065013174442932e+01 2.924481352292360281e+00 1.670845378459155484e+01 3.578252055683310839e-01 1.530525399999999969e+01 7.001581000000000055e-01 3.097326999999999941e+00 3.016281639880085640e+04 3.242196295975634079e+00 8.701761410371664951e+00 1.089349698501110186e+00 1.834002131065529895e+01 2.180723458630890477e+01 1.500000000000000000e+01 7.234983000000000386e-01 3.013116999999999823e+00 1.906306255401291855e+04 3.127904019912577157e-03
3.376250958917448752e+00 1.040065028672619363e+01 2.924481352292360281e+00 1.670845378459155484e+01 3.578252055683310839e-01 1.530525399999999969e+01 7.001581000000000055e-01 3.097326999999999941e+00 3.016281639880085640e+04 3.242196295975634079e+00 8.701761410371664951e+00 1.089349698501110186e+00 1.834002131065529895e+01 2.180723458630890477e+01 1.500000000000000000e+01 7.234983000000000386e-01 3.013116999999999823e+00 1.906306255401291855e+04 3.127904019912577157e-03
3.376250958917448752e+00 1.040065013174442932e+01 2.924481395870528466e+00 1.670845378459155484e+01 3.578252055683310839e-01 1.530525399999999969e+01 7.001581000000000055e-01 3.097326999999999941e+00 3.016281639880085640e+04 3.242196295975634079e+00 8.701761410371664951e+00 1.089349698501110186e+00 1.834002131065529895e+01 2.180723458630890477e+01 1.500000000000000000e+01 7.234983000000000386e-01 3.013116999999999823e+00 1.906306255401291855e+04 3.127904019912577157e-03
3.376250958917448752e+00 1.040065013174442932e+01 2.924481352292360281e+00 1.670845403356691961e+01 3.578252055683310839e-01 1.530525399999999969e+01 7.001581000000000055e-01 3.097326999999999941e+00 3.016281639880085640e+04 3.242196295975634079e+00 8.701761410371664951e+00 1.089349698501110186e+00 1.834002131065529895e+01 2.180723458630890477e+01 1.500000000000000000e+01 7.234983000000000386e-01 3.013116999999999823e+00 1.906306255401291855e+04 3.127904019912577157e-03
3.376250958917448752e+00 1.040065013174442932e+01 2.924481352292360281e+00 1.670845378459155484e+01 3.578252204694922778e-01 1.530525399999999969e+01 7.001581000000000055e-01 3.097326999999999941e+00 3.016281639880085640e+04 3.242196295975634079e+00 8.701761410371664951e+00 1.089349698501110186e+00 1.834002131065529895e+01 2.180723458630890477e+01 1.500000000000000000e+01 7.234983000000000386e-01 3.013116999999999823e+00 1.906306255401291855e+04 3.127904019912577157e-03
3.376250958917448752e+00 1.040065013174442932e+01 2.924481352292360281e+00 1.670845378459155484e+01 3.578252055683310839e-01 1.530525399999999969e+01 7.001581000000000055e-01 3.097326999999999941e+00 3.016281684826184573e+04 3.242196295975634079e+00 8.701761410371664951e+00 1.089349698501110186e+00 1.834002131065529895e+01 2.180723458630890477e+01 1.500000000000000000e+01 7.234983000000000386e-01 3.013116999999999823e+00 1.906306255401291855e+04 3.127904019912577157e-03
3.376250958917448752e+00 1.040065013174442932e+01 2.924481352292360281e+00 1.670845378459155484e+01 3.578252055683310839e-01 1.530525399999999969e+01 7.001581000000000055e-01 3.097326999999999941e+00 3.016281639880085640e+04 3.242196344288123644e+00 8.701761410371664951e+00 1.089349698501110186e+00 1.834002131065529895e+01 2.180723458630890477e+01 1.500000000000000000e+01 7.234983000000000386e-01 3.013116999999999823e+00 1.906306255401291855e+04 3.127904019912577157e-03
3.376250958917448752e+00 1.040065013174442932e+01 2.924481352292360281e+00 1.670845378459155484e+01 3.578252055683310839e-01 1.530525399999999969e+01 7.001581000000000055e-01 3.097326999999999941e+00 3.016281639880085640e+04 3.242196295975634079e+00 8.701761540038013720e+00 1.089349698501110186e+00 1.834002131065529895e+01 2.180723458630890477e+01 1.500000000000000000e+01 7.234983000000000386e-01 3.013116999999999823e+00 1.906306255401291855e+04 3.127904019912577157e-03
3.376250958917448752e+00 1.040065013174442932e+01 2.924481352292360281e+00 1.670845378459155484e+01 3.578252055683310839e-01 1.530525399999999969e+01 7.001581000000000055e-01 3.097326999999999941e+00 3.016281639880085640e+04 3.242196295975634079e+00 8.701761410371664951e+00 1.089349714733685692e+00 1.834002131065529895e+01 2.180723458630890477e+01 1.500000000000000000e+01 7.234983000000000386e-01 3.013116999999999823e+00 1.906306255401291855e+04 3.127904019912577157e-03
3.376250958917448752e+00 1.040065013174442932e+01 2.924481352292360281e+00 1.670845378459155484e+01 3.578252055683310839e-01 1.530525399999999969e+01 7.001581000000000055e-01 3.097326999999999941e+00 3.016281639880085640e+04 3.242196295975634079e+00 8.701761410371664951e+00 1.089349698501110186e+00 1.834002158394291371e+01 2.180723458630890477e+01 1.500000000000000000e+01 7.234983000000000386e-01 3.013116999999999823e+00 1.906306255401291855e+04 3.127904019912577157e-03
3.376250958917448752e+00 1.040065013174442932e+01 2.924481352292360281e+00 1.670845378459155484e+01 3.578252055683310839e-01 1.530525399999999969e+01 7.001581000000000055e-01 3.097326999999999941e+00 3.016281639880085640e+04 3.242196295975634079e+00 8.701761410371664951e+00 1.089349698501110186e+00 1.834002131065529895e+01 2.180723491126202163e+01 1.500000000000000000e+01 7.234983000000000386e-01 3.013116999999999823e+00 1.906306255401291855e+04 3.127904019912577157e-03
3.376250958917448752e+00 1.040065013174442932e+01 2.924481352292360281e+00 1.670845378459155484e+01 3.578252055683310839e-01 1.530525399999999969e+01 7.001581000000000055e-01 3.097326999999999941e+00 3.016281639880085640e+04 3.242196295975634079e+00 8.701761410371664951e+00 1.089349698501110186e+00 1.834002131065529895e+01 2.180723458630890477e+01 1.500000000000000000e+01 7.234983000000000386e-01 3.013116999999999823e+00 1.906306283807468571e+04 3.127904019912577157e-03
3.376250958917448752e+00 1.040065013174442932e+01 2.924481352292360281e+00 1.670845378459155484e+01 3.578252055683310839e-01 1.530525399999999969e+01 7.001581000000000055e-01 3.097326999999999941e+00 3.016281639880085640e+04 3.242196295975634079e+00 8.701761410371664951e+00 1.089349698501110186e+00 1.834002131065529895e+01 2.180723458630890477e+01 1.500000000000000000e+01 7.234983000000000386e-01 3.013116999999999823e+00 1.906306255401291855e+04 3.127918921073771005e-03
3.378276297998308753e+00 1.040037335990396272e+01 2.924476818812439483e+00 1.670838804066313088e+01 3.578241382677305182e-01 1.530525399999999969e+01 7.001581000000000055e-01 3.097326999999999941e+00 3.016281639875312976e+04 3.239340725797379417e+00 8.701513489564169035e+00 1.089891478526657798e+00 1.834019230661053967e+01 2.180642118489044279e+01 1.500000000000000000e+01 7.234983000000000386e-01 3.013116999999999823e+00 1.906306255396623237e+04 3.139910224311428470e-03
3.376743301068936276e+00 1.040058605658555635e+01 2.924480261497256262e+00 1.670843983007019062e+01 3.578250038149952683e-01 1.530525399999999969e+01 7.001581000000000055e-01 3.097326999999999941e+00 3.016281639878974602e+04 3.241466954130232558e+00 8.701704215333073478e+00 1.089479679379417698e+00 1.834006121403387013e+01 2.180703854854536772e+01 1.500000000000000000e+01 7.234983000000000386e-01 3.013116999999999823e+00 1.906306255400206283e+04 3.130331476264798084e-03
3.376359369290345747e+00 1.040063449804388185e+01 2.924481065466203233e+00 1.670844922161302293e+01 3.578251307634282563e-01 1.530525399999999969e+01 7.001581000000000055e-01 3.097326999999999941e+00 3.016281639879819340e+04 3.242004396322617499e+00 8.701747532049251888e+00 1.089380976667443823e+00 1.834003016441667810e+01 2.180718591059628508e+01 1.500000000000000000e+01 7.234983000000000386e-01 3.013116999999999823e+00 1.906306255401031740e+04 3.127736757215445178e-03
3.376359419602021017e+00 1.040063449804388185e+01 2.924481065466203233e+00 1.670844922161302293e+01 3.578251307634282563e-01 1.530525399999999969e+01 7.001581000000000055e-01 3.097326999999999941e+00 3.016281639879819340e+04 3.242004396322617499e+00 8.701747532049251888e+00 1.089380976667443823e+00 1.834003016441667810e+01 2.180718591059628508e+01 1.500000000000000000e+01 7.234983000000000386e-01 3.013116999999999823e+00 1.906306255401031740e+04 3.127736757215445178e-03
3.376359369290345747e+00 1.040063465302541346e+01 2.924481065466203233e+00 1.670844922161302293e+01 3.578251307634282563e-01 1.530525399999999969e+01 7.001581000000000055e-01 3.097326999999999941e+00 3.016281639879819340e+04 3.242004396322617499e+00 8.701747532049251888e+00 1.089380976667443823e+00 1.834003016441667810e+01 2.180718591059628508e+01 1.500000000000000000e+01 7.234983000000000386e-01 3.013116999999999823e+00 1.906306255401031740e+04 3.127736757215445178e-03
3.376359369290345747e+00 1.040063449804388185e+01 2.924481109044366978e+00 1.670844922161302293e+01 3.578251307634282563e-01 1.530525399999999969e+01 7.001581000000000055e-01 3.097326999999999941e+00 3.016281639879819340e+04 3.242004396322617499e+00 8.701747532049251888e+00 1.089380976667443823e+00 1.834003016441667810e+01 2.180718591059628508e+01 1.500000000000000000e+01 7.234983000000000386e-01 3.013116999999999823e+00 1.906306255401031740e+04 3.127736757215445178e-03
3.376359369290345747e+00 1.040063449804388185e+01 2.924481065466203233e+00 1.670844947058831664e+01 3.578251307634282563e-01 1.530525399999999969e+01 7.001581000000000055e-01 3.097326999999999941e+00 3.016281639879819340e+04 3.242004396322617499e+00 8.701747532049251888e+00 1.089380976667443823e+00 1.834003016441667810e+01 2.180718591059628508e+01 1.500000000000000000e+01 7.234983000000000386e-01 3.013116999999999823e+00 1.906306255401031740e+04 3.127736757215445178e-03
3.376359369290345747e+00 1.040063449804388185e+01 2.924481065466203233e+00 1.670844922161302293e+01 3.578251456645894502e-01 1.530525399999999969e+01 7.001581000000000055e-01 3.097326999999999941e+00 3.016281639879819340e+04 3.242004396322617499e+00 8.701747532049251888e+00 1.089380976667443823e+00 1.834003016441667810e+01 2.180718591059628508e+01 1.500000000000000000e+01 7.234983000000000386e-01 3.013116999999999823e+00 1.906306255401031740e+04 3.127736757215445178e-03
3.376359369290345747e+00 1.040063449804388185e+01 2.924481065466203233e+00 1.670844922161302293e+01 3.578251307634282563e-01 1.530525399999999969e+01 7.001581000000000055e-01 3.097326999999999941e+00 3.016281684825918273e+04 3.242004396322617499e+00 8.701747532049251888e+00 1.089380976667443823e+00 1.834003016441667810e+01 2.180718591059628508e+01 1.500000000000000000e+01 7.234983000000000386e-01 3.013116999999999823e+00 1.906306255401031740e+04 3.127736757215445178e-03
3.376359369290345747e+00 1.040063449804388185e+01 2.924481065466203233e+00 1.670844922161302293e+01 3.578251307634282563e-01 1.530525399999999969e+01 7.001581000000000055e-01 3.097326999999999941e+00 3.016281639879819340e+04 3.242004444632247573e+00 8.701747532049251888e+00 1.089380976667443823e+00 1.834003016441667810e+01 2.180718591059628508e+01 1.500000000000000000e+01 7.234983000000000386e-01 3.013116999999999823e+00 1.906306255401031740e+04 3.127736757215445178e-03
3.376359369290345747e+00 1.040063449804388185e+01 2.924481065466203233e+00 1.670844922161302293e+01 3.578251307634282563e-01 1.530525399999999969e+01 7.001581000000000055e-01 3.097326999999999941e+00 3.016281639879819340e+04 3.242004396322617499e+00 8.701747661715394599e+00 1.089380976667443823e+00 1.834003016441667810e+01 2.180718591059628508e+01 1.500000000000000000e+01 7.234983000000000386e-01 3.013116999999999823e+00 1.906306255401031740e+04 3.127736757215445178e-03
3.376359369290345747e+00 1.040063449804388185e+01 2.924481065466203233e+00 1.670844922161302293e+01 3.578251307634282563e-01 1.530525399999999969e+01 7.001581000000000055e-01 3.097326999999999941e+00 3.016281639879819340e+04 3.242004396322617499e+00 8.701747532049251888e+00 1.089380992900485401e+00 1.834003016441667810e+01 2.180718591059628508e+01 1.500000000000000000e+01 7.234983000000000386e-01 3.013116999999999823e+00 1.906306255401031740e+04 3.127736757215445178e-03
3.376359369290345747e+00 1.040063449804388185e+01 2.924481065466203233e+00 1.670844922161302293e+01 3.578251307634282563e-01 1.530525399999999969e+01 7.001581000000000055e-01 3.097326999999999941e+00 3.016281639879819340e+04 3.242004396322617499e+00 8.701747532049251888e+00 1.089380976667443823e+00 1.834003043770442432e+01 2.180718591059628508e+01 1.500000000000000000e+01 7.234983000000000386e-01 3.013116999999999823e+00 1.906306255401031740e+04 3.127736757215445178e-03
3.376359369290345747e+00 1.040063449804388185e+01 2.924481065466203233e+00 1.670844922161302293e+01 3.578251307634282563e-01 1.530525399999999969e+01 7.001581000000000055e-01 3.097326999999999941e+00 3.016281639879819340e+04 3.242004396322617499e+00 8.701747532049251888e+00 1.089380976667443823e+00 1.834003016441667810e+01 2.180718623554867719e+01 1.500000000000000000e+01 7.234983000000000386e-01 3.013116999999999823e+00 1.906306255401031740e+04 3.127736757215445178e-03
3.376359369290345747e+00 1.040063449804388185e+01 2.924481065466203233e+00 1.670844922161302293e+01 3.578251307634282563e-01 1.530525399999999969e+01 7.001581000000000055e-01 3.097326999999999941e+00 3.016281639879819340e+04 3.242004396322617499e+00 8.701747532049251888e+00 1.089380976667443823e+00 1.834003016441667810e+01 2.180718591059628508e+01 1.500000000000000000e+01 7.234983000000000386e-01 3.013116999999999823e+00 1.906306283807208456e+04 3.127736757215445178e-03
3.376359369290345747e+00 1.040063449804388185e+01 2.924481065466203233e+00 1.670844922161302293e+01 3.578251307634282563e-01 1.530525399999999969e+01 7.001581000000000055e-01 3.097326999999999941e+00 3.016281639879819340e+04 3.242004396322617499e+00 8.701747532049251888e+00 1.089380976667443823e+00 1.834003016441667810e+01 2.180718591059628508e+01 1.500000000000000000e+01 7.234983000000000386e-01 3.013116999999999823e+00 1.906306255401031740e+04 3.127751658376639026e-03
