3.205843000000000220e+00 7.511125999999999969e+00 1.235333999999999932e+00 1.528337999999999867e-05 3.753042800000000057e+01 1.549994700000000059e+01 7.954442999999999930e-01 3.681439999999999824e+00 2.571453499999999985e+04 0.000000000000000000e+00
3.205843047770783549e+00 7.511125999999999969e+00 1.235333999999999932e+00 1.528337999999999867e-05 3.753042800000000057e+01 1.549994700000000059e+01 7.954442999999999930e-01 3.681439999999999824e+00 2.571453499999999985e+04 0.000000000000000000e+00
3.205843000000000220e+00 7.511126111924498971e+00 1.235333999999999932e+00 1.528337999999999867e-05 3.753042800000000057e+01 1.549994700000000059e+01 7.954442999999999930e-01 3.681439999999999824e+00 2.571453499999999985e+04 0.000000000000000000e+00
3.205843000000000220e+00 7.511125999999999969e+00 1.235334018407910905e+00 1.528337999999999867e-05 3.753042800000000057e+01 1.549994700000000059e+01 7.954442999999999930e-01 3.681439999999999824e+00 2.571453499999999985e+04 0.000000000000000000e+00
3.205843000000000220e+00 7.511125999999999969e+00 1.235333999999999932e+00 1.529828116119384633e-05 3.753042800000000057e+01 1.549994700000000059e+01 7.954442999999999930e-01 3.681439999999999824e+00 2.571453499999999985e+04 0.000000000000000000e+00
3.205843000000000220e+00 7.511125999999999969e+00 1.235333999999999932e+00 1.528337999999999867e-05 3.753042855924695687e+01 1.549994700000000059e+01 7.954442999999999930e-01 3.681439999999999824e+00 2.571453499999999985e+04 0.000000000000000000e+00
3.205843000000000220e+00 7.511125999999999969e+00 1.235333999999999932e+00 1.528337999999999867e-05 3.753042800000000057e+01 1.549994700000000059e+01 7.954442999999999930e-01 3.681439999999999824e+00 2.571453538317642960e+04 0.000000000000000000e+00
3.205843000000000220e+00 7.511125999999999969e+00 1.235333999999999932e+00 1.528337999999999867e-05 3.753042800000000057e+01 1.549994700000000059e+01 7.954442999999999930e-01 3.681439999999999824e+00 2.571453499999999985e+04 1.490116119384765625e-08
3.179234341240980477e+00 7.511126050190942038e+00 1.298142567220205823e+00 1.073521066170880278e+00 4.160933550146886262e+01 1.549994700000000059e+01 7.954442999999999930e-01 3.681439999999999824e+00 2.571117464911386560e+04 4.925145233170456299e-05
3.179234388615264084e+00 7.511126050190942038e+00 1.298142567220205823e+00 1.073521066170880278e+00 4.160933550146886262e+01 1.549994700000000059e+01 7.954442999999999930e-01 3.681439999999999824e+00 2.571117464911386560e+04 4.925145233170456299e-05
3.179234341240980477e+00 7.511126162115441929e+00 1.298142567220205823e+00 1.073521066170880278e+00 4.160933550146886262e+01 1.549994700000000059e+01 7.954442999999999930e-01 3.681439999999999824e+00 2.571117464911386560e+04 4.925145233170456299e-05
3.179234341240980477e+00 7.511126050190942038e+00 1.298142586564037471e+00 1.073521066170880278e+00 4.160933550146886262e+01 1.549994700000000059e+01 7.954442999999999930e-01 3.681439999999999824e+00 2.571117464911386560e+04 4.925145233170456299e-05
3.179234341240980477e+00 7.511126050190942038e+00 1.298142567220205823e+00 1.073521082167590679e+00 4.160933550146886262e+01 1.549994700000000059e+01 7.954442999999999930e-01 3.681439999999999824e+00 2.571117464911386560e+04 4.925145233170456299e-05
3.179234341240980477e+00 7.511126050190942038e+00 1.298142567220205823e+00 1.073521066170880278e+00 4.160933612149627692e+01 1.549994700000000059e+01 7.954442999999999930e-01 3.681439999999999824e+00 2.571117464911386560e+04 4.925145233170456299e-05
3.179234341240980477e+00 7.511126050190942038e+00 1.298142567220205823e+00 1.073521066170880278e+00 4.160933550146886262e+01 1.549994700000000059e+01 7.954442999999999930e-01 3.681439999999999824e+00 2.571117503224022221e+04 4.925145233170456299e-05
3.179234341240980477e+00 7.511126050190942038e+00 1.298142567220205823e+00 1.073521066170880278e+00 4.160933550146886262e+01 1.549994700000000059e+01 7.954442999999999930e-01 3.681439999999999824e+00 2.571117464911386560e+04 4.926635349289841065e-05
3.177921025706406777e+00 7.511125496340614660e+00 1.316718006027993715e+00 4.751073556392018116e-01 4.245208734518931948e+01 1.549994700000000059e+01 7.954442999999999930e-01 3.681439999999999824e+00 2.570581328586123345e+04 5.334912325701913414e-05
3.177921073061120261e+00 7.511125496340614660e+00 1.316718006027993715e+00 4.751073556392018116e-01 4.245208734518931948e+01 1.549994700000000059e+01 7.954442999999999930e-01 3.681439999999999824e+00 2.570581328586123345e+04 5.334912325701913414e-05
3.177921025706406777e+00 7.511125608265106557e+00 1.316718006027993715e+00 4.751073556392018116e-01 4.245208734518931948e+01 1.549994700000000059e+01 7.954442999999999930e-01 3.681439999999999824e+00 2.570581328586123345e+04 5.334912325701913414e-05
3.177921025706406777e+00 7.511125496340614660e+00 1.316718025648621060e+00 4.751073556392018116e-01 4.245208734518931948e+01 1.549994700000000059e+01 7.954442999999999930e-01 3.681439999999999824e+00 2.570581328586123345e+04 5.334912325701913414e-05
3.177921025706406777e+00 7.511125496340614660e+00 1.316718006027993715e+00 4.751073705403630054e-01 4.245208734518931948e+01 1.549994700000000059e+01 7.954442999999999930e-01 3.681439999999999824e+00 2.570581328586123345e+04 5.334912325701913414e-05
3.177921025706406777e+00 7.511125496340614660e+00 1.316718006027993715e+00 4.751073556392018116e-01 4.245208797777471688e+01 1.549994700000000059e+01 7.954442999999999930e-01 3.681439999999999824e+00 2.570581328586123345e+04 5.334912325701913414e-05
3.177921025706406777e+00 7.511125496340614660e+00 1.316718006027993715e+00 4.751073556392018116e-01 4.245208734518931948e+01 1.549994700000000059e+01 7.954442999999999930e-01 3.681439999999999824e+00 2.570581366890770005e+04 5.334912325701913414e-05
3.177921025706406777e+00 7.511125496340614660e+00 1.316718006027993715e+00 4.751073556392018116e-01 4.245208734518931948e+01 1.549994700000000059e+01 7.954442999999999930e-01 3.681439999999999824e+00 2.570581328586123345e+04 5.336402441821298180e-05
3.177409987869099783e+00 7.511125242856257600e+00 1.324243526081468891e+00 1.653424851423944131e-01 4.280132698730650986e+01 1.549994700000000059e+01 7.954442999999999930e-01 3.681439999999999824e+00 2.569942616305493357e+04 5.346409021352929589e-05
3.177410035216198025e+00 7.511125242856257600e+00 1.324243526081468891e+00 1.653424851423944131e-01 4.280132698730650986e+01 1.549994700000000059e+01 7.954442999999999930e-01 3.681439999999999824e+00 2.569942616305493357e+04 5.346409021352929589e-05
3.177409987869099783e+00 7.511125354780745944e+00 1.324243526081468891e+00 1.653424851423944131e-01 4.280132698730650986e+01 1.549994700000000059e+01 7.954442999999999930e-01 3.681439999999999824e+00 2.569942616305493357e+04 5.346409021352929589e-05
3.177409987869099783e+00 7.511125242856257600e+00 1.324243545814235201e+00 1.653424851423944131e-01 4.280132698730650986e+01 1.549994700000000059e+01 7.954442999999999930e-01 3.681439999999999824e+00 2.569942616305493357e+04 5.346409021352929589e-05
3.177409987869099783e+00 7.511125242856257600e+00 1.324243526081468891e+00 1.653425000435556069e-01 4.280132698730650986e+01 1.549994700000000059e+01 7.954442999999999930e-01 3.681439999999999824e+00 2.569942616305493357e+04 5.346409021352929589e-05
3.177409987869099783e+00 7.511125242856257600e+00 1.324243526081468891e+00 1.653424851423944131e-01 4.280132762509597910e+01 1.549994700000000059e+01 7.954442999999999930e-01 3.681439999999999824e+00 2.569942616305493357e+04 5.346409021352929589e-05
3.177409987869099783e+00 7.511125242856257600e+00 1.324243526081468891e+00 1.653424851423944131e-01 4.280132698730650986e+01 1.549994700000000059e+01 7.954442999999999930e-01 3.681439999999999824e+00 2.569942654600622700e+04 5.346409021352929589e-05
3.177409987869099783e+00 7.511125242856257600e+00 1.324243526081468891e+00 1.653424851423944131e-01 4.280132698730650986e+01 1.549994700000000059e+01 7.954442999999999930e-01 3.681439999999999824e+00 2.569942616305493357e+04 5.347899137472314355e-05
3.177131096338018601e+00 7.511125907076694475e+00 1.326985702689165825e+00 8.086512191994493781e-02 4.294528840578347939e+01 1.549994700000000059e+01 7.954442999999999930e-01 3.681439999999999824e+00 2.569371210988862367e+04 5.252025581124030579e-05
3.177131143680961056e+00 7.511125907076694475e+00 1.326985702689165825e+00 8.086512191994493781e-02 4.294528840578347939e+01 1.549994700000000059e+01 7.954442999999999930e-01 3.681439999999999824e+00 2.569371210988862367e+04 5.252025581124030579e-05
3.177131096338018601e+00 7.511126019001192589e+00 1.326985702689165825e+00 8.086512191994493781e-02 4.294528840578347939e+01 1.549994700000000059e+01 7.954442999999999930e-01 3.681439999999999824e+00 2.569371210988862367e+04 5.252025581124030579e-05
3.177131096338018601e+00 7.511125907076694475e+00 1.326985722462793671e+00 8.086512191994493781e-02 4.294528840578347939e+01 1.549994700000000059e+01 7.954442999999999930e-01 3.681439999999999824e+00 2.569371210988862367e+04 5.252025581124030579e-05
3.177131096338018601e+00 7.511125907076694475e+00 1.326985702689165825e+00 8.086513682110613166e-02 4.294528840578347939e+01 1.549994700000000059e+01 7.954442999999999930e-01 3.681439999999999824e+00 2.569371210988862367e+04 5.252025581124030579e-05
3.177131096338018601e+00 7.511125907076694475e+00 1.326985702689165825e+00 8.086512191994493781e-02 4.294528904571814110e+01 1.549994700000000059e+01 7.954442999999999930e-01 3.681439999999999824e+00 2.569371210988862367e+04 5.252025581124030579e-05
3.177131096338018601e+00 7.511125907076694475e+00 1.326985702689165825e+00 8.086512191994493781e-02 4.294528840578347939e+01 1.549994700000000059e+01 7.954442999999999930e-01 3.681439999999999824e+00 2.569371249275477021e+04 5.252025581124030579e-05
3.177131096338018601e+00 7.511125907076694475e+00 1.326985702689165825e+00 8.086512191994493781e-02 4.294528840578347939e+01 1.549994700000000059e+01 7.954442999999999930e-01 3.681439999999999824e+00 2.569371210988862367e+04 5.253515697243415345e-05
3.177131250379236604e+00 7.511126103630730633e+00 1.326986984760301747e+00 8.086514800410984916e-02 4.294528841220017767e+01 1.549994700000000059e+01 7.954442999999999930e-01 3.681439999999999824e+00 2.569371210988864186e+04 -1.620103966276507284e-06
3.177131297722181280e+00 7.511126103630730633e+00 1.326986984760301747e+00 8.086514800410984916e-02 4.294528841220017767e+01 1.549994700000000059e+01 7.954442999999999930e-01 3.681439999999999824e+00 2.569371210988864186e+04 -1.620103966276507284e-06
3.177131250379236604e+00 7.511126215555231411e+00 1.326986984760301747e+00 8.086514800410984916e-02 4.294528841220017767e+01 1.549994700000000059e+01 7.954442999999999930e-01 3.681439999999999824e+00 2.569371210988864186e+04 -1.620103966276507284e-06
3.177131250379236604e+00 7.511126103630730633e+00 1.326987004533948689e+00 8.086514800410984916e-02 4.294528841220017767e+01 1.549994700000000059e+01 7.954442999999999930e-01 3.681439999999999824e+00 2.569371210988864186e+04 -1.620103966276507284e-06
3.177131250379236604e+00 7.511126103630730633e+00 1.326986984760301747e+00 8.086516290527104300e-02 4.294528841220017767e+01 1.549994700000000059e+01 7.954442999999999930e-01 3.681439999999999824e+00 2.569371210988864186e+04 -1.620103966276507284e-06
3.177131250379236604e+00 7.511126103630730633e+00 1.326986984760301747e+00 8.086514800410984916e-02 4.294528905213483938e+01 1.549994700000000059e+01 7.954442999999999930e-01 3.681439999999999824e+00 2.569371210988864186e+04 -1.620103966276507284e-06
3.177131250379236604e+00 7.511126103630730633e+00 1.326986984760301747e+00 8.086514800410984916e-02 4.294528841220017767e+01 1.549994700000000059e+01 7.954442999999999930e-01 3.681439999999999824e+00 2.569371249275478840e+04 -1.620103966276507284e-06
3.177131250379236604e+00 7.511126103630730633e+00 1.326986984760301747e+00 8.086514800410984916e-02 4.294528841220017767e+01 1.549994700000000059e+01 7.954442999999999930e-01 3.681439999999999824e+00 2.569371210988864186e+04 -1.635005127470354940e-06
