3.205843000000000220e+00 7.511125999999999969e+00 1.235333999999999932e+00 1.528337999999999867e-05 3.753042800000000057e+01 1.549994700000000059e+01 7.954442999999999930e-01 3.681439999999999824e+00 2.571453499999999985e+04 0.000000000000000000e+00
3.205843047770783549e+00 7.511125999999999969e+00 1.235333999999999932e+00 1.528337999999999867e-05 3.753042800000000057e+01 1.549994700000000059e+01 7.954442999999999930e-01 3.681439999999999824e+00 2.571453499999999985e+04 0.000000000000000000e+00
3.205843000000000220e+00 7.511126111924498971e+00 1.235333999999999932e+00 1.528337999999999867e-05 3.753042800000000057e+01 1.549994700000000059e+01 7.954442999999999930e-01 3.681439999999999824e+00 2.571453499999999985e+04 0.000000000000000000e+00
3.205843000000000220e+00 7.511125999999999969e+00 1.235334018407910905e+00 1.528337999999999867e-05 3.753042800000000057e+01 1.549994700000000059e+01 7.954442999999999930e-01 3.681439999999999824e+00 2.571453499999999985e+04 0.000000000000000000e+00
3.205843000000000220e+00 7.511125999999999969e+00 1.235333999999999932e+00 1.529828116119384633e-05 3.753042800000000057e+01 1.549994700000000059e+01 7.954442999999999930e-01 3.681439999999999824e+00 2.571453499999999985e+04 0.000000000000000000e+00
3.205843000000000220e+00 7.511125999999999969e+00 1.235333999999999932e+00 1.528337999999999867e-05 3.753042855924695687e+01 1.549994700000000059e+01 7.954442999999999930e-01 3.681439999999999824e+00 2.571453499999999985e+04 0.000000000000000000e+00
3.205843000000000220e+00 7.511125999999999969e+00 1.235333999999999932e+00 1.528337999999999867e-05 3.753042800000000057e+01 1.549994700000000059e+01 7.954442999999999930e-01 3.681439999999999824e+00 2.571453538317642960e+04 0.000000000000000000e+00
3.205843000000000220e+00 7.511125999999999969e+00 1.235333999999999932e+00 1.528337999999999867e-05 3.753042800000000057e+01 1.549994700000000059e+01 7.954442999999999930e-01 3.681439999999999824e+00 2.571453499999999985e+04 1.490116119384765625e-08
3.169785544378842967e+00 7.511125881126917037e+00 1.255399768693481244e+00 9.654128827110001199e-01 4.220977361262401217e+01 1.549994700000000059e+01 7.954442999999999930e-01 3.681439999999999824e+00 2.571334966303069814e+04 3.722536760732491029e-04
3.169785591612328535e+00 7.511125881126917037e+00 1.255399768693481244e+00 9.654128827110001199e-01 4.220977361262401217e+01 1.549994700000000059e+01 7.954442999999999930e-01 3.681439999999999824e+00 2.571334966303069814e+04 3.722536760732491029e-04
3.169785544378842967e+00 7.511125993051414262e+00 1.255399768693481244e+00 9.654128827110001199e-01 4.220977361262401217e+01 1.549994700000000059e+01 7.954442999999999930e-01 3.681439999999999824e+00 2.571334966303069814e+04 3.722536760732491029e-04
3.169785544378842967e+00 7.511125881126917037e+00 1.255399787400395484e+00 9.654128827110001199e-01 4.220977361262401217e+01 1.549994700000000059e+01 7.954442999999999930e-01 3.681439999999999824e+00 2.571334966303069814e+04 3.722536760732491029e-04
3.169785544378842967e+00 7.511125881126917037e+00 1.255399768693481244e+00 9.654128976121613137e-01 4.220977361262401217e+01 1.549994700000000059e+01 7.954442999999999930e-01 3.681439999999999824e+00 2.571334966303069814e+04 3.722536760732491029e-04
3.169785544378842967e+00 7.511125881126917037e+00 1.255399768693481244e+00 9.654128827110001199e-01 4.220977424159865166e+01 1.549994700000000059e+01 7.954442999999999930e-01 3.681439999999999824e+00 2.571334966303069814e+04 3.722536760732491029e-04
3.169785544378842967e+00 7.511125881126917037e+00 1.255399768693481244e+00 9.654128827110001199e-01 4.220977361262401217e+01 1.549994700000000059e+01 7.954442999999999930e-01 3.681439999999999824e+00 2.571335004618946550e+04 3.722536760732491029e-04
3.169785544378842967e+00 7.511125881126917037e+00 1.255399768693481244e+00 9.654128827110001199e-01 4.220977361262401217e+01 1.549994700000000059e+01 7.954442999999999930e-01 3.681439999999999824e+00 2.571334966303069814e+04 3.722685772344429505e-04
3.169822562264475341e+00 7.511112335781292337e+00 1.255414682841903051e+00 9.654135137469832539e-01 4.220977390850722344e+01 1.549994700000000059e+01 7.954442999999999930e-01 3.681439999999999824e+00 2.571334963833436996e+04 9.924254254017282877e-04
3.169822609498512467e+00 7.511112335781292337e+00 1.255414682841903051e+00 9.654135137469832539e-01 4.220977390850722344e+01 1.549994700000000059e+01 7.954442999999999930e-01 3.681439999999999824e+00 2.571334963833436996e+04 9.924254254017282877e-04
3.169822562264475341e+00 7.511112447705587947e+00 1.255414682841903051e+00 9.654135137469832539e-01 4.220977390850722344e+01 1.549994700000000059e+01 7.954442999999999930e-01 3.681439999999999824e+00 2.571334963833436996e+04 9.924254254017282877e-04
3.169822562264475341e+00 7.511112335781292337e+00 1.255414701549039558e+00 9.654135137469832539e-01 4.220977390850722344e+01 1.549994700000000059e+01 7.954442999999999930e-01 3.681439999999999824e+00 2.571334963833436996e+04 9.924254254017282877e-04
3.169822562264475341e+00 7.511112335781292337e+00 1.255414682841903051e+00 9.654135286481444478e-01 4.220977390850722344e+01 1.549994700000000059e+01 7.954442999999999930e-01 3.681439999999999824e+00 2.571334963833436996e+04 9.924254254017282877e-04
3.169822562264475341e+00 7.511112335781292337e+00 1.255414682841903051e+00 9.654135137469832539e-01 4.220977453748187003e+01 1.549994700000000059e+01 7.954442999999999930e-01 3.681439999999999824e+00 2.571334963833436996e+04 9.924254254017282877e-04
3.169822562264475341e+00 7.511112335781292337e+00 1.255414682841903051e+00 9.654135137469832539e-01 4.220977390850722344e+01 1.549994700000000059e+01 7.954442999999999930e-01 3.681439999999999824e+00 2.571335002149313732e+04 9.924254254017282877e-04
3.169822562264475341e+00 7.511112335781292337e+00 1.255414682841903051e+00 9.654135137469832539e-01 4.220977390850722344e+01 1.549994700000000059e+01 7.954442999999999930e-01 3.681439999999999824e+00 2.571334963833436996e+04 9.924403265629221354e-04
3.182354406868621144e+00 8.629022358257252279e+00 1.228384239497394503e+00 9.263725382450939128e-01 4.248729073643907128e+01 1.549994700000000059e+01 7.954442999999999930e-01 3.681439999999999824e+00 2.554860398933630859e+04 4.115029769382912497e-03
3.182354454289397339e+00 8.629022358257252279e+00 1.228384239497394503e+00 9.263725382450939128e-01 4.248729073643907128e+01 1.549994700000000059e+01 7.954442999999999930e-01 3.681439999999999824e+00 2.554860398933630859e+04 4.115029769382912497e-03
3.182354406868621144e+00 8.629022486839705408e+00 1.228384239497394503e+00 9.263725382450939128e-01 4.248729073643907128e+01 1.549994700000000059e+01 7.954442999999999930e-01 3.681439999999999824e+00 2.554860398933630859e+04 4.115029769382912497e-03
3.182354406868621144e+00 8.629022358257252279e+00 1.228384257801746093e+00 9.263725382450939128e-01 4.248729073643907128e+01 1.549994700000000059e+01 7.954442999999999930e-01 3.681439999999999824e+00 2.554860398933630859e+04 4.115029769382912497e-03
3.182354406868621144e+00 8.629022358257252279e+00 1.228384239497394503e+00 9.263725531462551066e-01 4.248729073643907128e+01 1.549994700000000059e+01 7.954442999999999930e-01 3.681439999999999824e+00 2.554860398933630859e+04 4.115029769382912497e-03
3.182354406868621144e+00 8.629022358257252279e+00 1.228384239497394503e+00 9.263725382450939128e-01 4.248729136954904106e+01 1.549994700000000059e+01 7.954442999999999930e-01 3.681439999999999824e+00 2.554860398933630859e+04 4.115029769382912497e-03
3.182354406868621144e+00 8.629022358257252279e+00 1.228384239497394503e+00 9.263725382450939128e-01 4.248729073643907128e+01 1.549994700000000059e+01 7.954442999999999930e-01 3.681439999999999824e+00 2.554860437004017513e+04 4.115029769382912497e-03
3.182354406868621144e+00 8.629022358257252279e+00 1.228384239497394503e+00 9.263725382450939128e-01 4.248729073643907128e+01 1.549994700000000059e+01 7.954442999999999930e-01 3.681439999999999824e+00 2.554860398933630859e+04 4.115044670544106345e-03
3.184347726657123179e+00 8.626386963838223565e+00 1.229220041323208168e+00 9.202261303470654630e-01 4.252772707207789438e+01 1.549994700000000059e+01 7.954442999999999930e-01 3.681439999999999824e+00 2.571335344318428906e+04 3.869448332529847566e-03
3.184347774107601836e+00 8.626386963838223565e+00 1.229220041323208168e+00 9.202261303470654630e-01 4.252772707207789438e+01 1.549994700000000059e+01 7.954442999999999930e-01 3.681439999999999824e+00 2.571335344318428906e+04 3.869448332529847566e-03
3.184347726657123179e+00 8.626387092381406774e+00 1.229220041323208168e+00 9.202261303470654630e-01 4.252772707207789438e+01 1.549994700000000059e+01 7.954442999999999930e-01 3.681439999999999824e+00 2.571335344318428906e+04 3.869448332529847566e-03
3.184347726657123179e+00 8.626386963838223565e+00 1.229220059640014240e+00 9.202261303470654630e-01 4.252772707207789438e+01 1.549994700000000059e+01 7.954442999999999930e-01 3.681439999999999824e+00 2.571335344318428906e+04 3.869448332529847566e-03
3.184347726657123179e+00 8.626386963838223565e+00 1.229220041323208168e+00 9.202261452482266568e-01 4.252772707207789438e+01 1.549994700000000059e+01 7.954442999999999930e-01 3.681439999999999824e+00 2.571335344318428906e+04 3.869448332529847566e-03
3.184347726657123179e+00 8.626386963838223565e+00 1.229220041323208168e+00 9.202261303470654630e-01 4.252772770579041151e+01 1.549994700000000059e+01 7.954442999999999930e-01 3.681439999999999824e+00 2.571335344318428906e+04 3.869448332529847566e-03
3.184347726657123179e+00 8.626386963838223565e+00 1.229220041323208168e+00 9.202261303470654630e-01 4.252772707207789438e+01 1.549994700000000059e+01 7.954442999999999930e-01 3.681439999999999824e+00 2.571335382634311463e+04 3.869448332529847566e-03
3.184347726657123179e+00 8.626386963838223565e+00 1.229220041323208168e+00 9.202261303470654630e-01 4.252772707207789438e+01 1.549994700000000059e+01 7.954442999999999930e-01 3.681439999999999824e+00 2.571335344318428906e+04 3.869463233691041414e-03
3.185391286245284004e+00 8.565749207237974616e+00 1.236732388872688659e+00 8.135794440342350997e-01 4.272653080296080219e+01 1.549994700000000059e+01 7.954442999999999930e-01 3.681439999999999824e+00 2.604285232559991346e+04 4.019168174147323344e-03
3.185391333711312889e+00 8.565749207237974616e+00 1.236732388872688659e+00 8.135794440342350997e-01 4.272653080296080219e+01 1.549994700000000059e+01 7.954442999999999930e-01 3.681439999999999824e+00 2.604285232559991346e+04 4.019168174147323344e-03
3.185391286245284004e+00 8.565749334877583721e+00 1.236732388872688659e+00 8.135794440342350997e-01 4.272653080296080219e+01 1.549994700000000059e+01 7.954442999999999930e-01 3.681439999999999824e+00 2.604285232559991346e+04 4.019168174147323344e-03
3.185391286245284004e+00 8.565749207237974616e+00 1.236732407301437409e+00 8.135794440342350997e-01 4.272653080296080219e+01 1.549994700000000059e+01 7.954442999999999930e-01 3.681439999999999824e+00 2.604285232559991346e+04 4.019168174147323344e-03
3.185391286245284004e+00 8.565749207237974616e+00 1.236732388872688659e+00 8.135794589353962936e-01 4.272653080296080219e+01 1.549994700000000059e+01 7.954442999999999930e-01 3.681439999999999824e+00 2.604285232559991346e+04 4.019168174147323344e-03
3.185391286245284004e+00 8.565749207237974616e+00 1.236732388872688659e+00 8.135794440342350997e-01 4.272653143963572830e+01 1.549994700000000059e+01 7.954442999999999930e-01 3.681439999999999824e+00 2.604285232559991346e+04 4.019168174147323344e-03
3.185391286245284004e+00 8.565749207237974616e+00 1.236732388872688659e+00 8.135794440342350997e-01 4.272653080296080219e+01 1.549994700000000059e+01 7.954442999999999930e-01 3.681439999999999824e+00 2.604285271366865345e+04 4.019168174147323344e-03
3.185391286245284004e+00 8.565749207237974616e+00 1.236732388872688659e+00 8.135794440342350997e-01 4.272653080296080219e+01 1.549994700000000059e+01 7.954442999999999930e-01 3.681439999999999824e+00 2.604285232559991346e+04 4.019183075308517192e-03
3.185842245205686485e+00 8.534876198591419438e+00 1.240354210275857572e+00 7.431358061746047294e-01 4.285002015612488435e+01 1.549994700000000059e+01 7.954442999999999930e-01 3.681439999999999824e+00 2.620735343877191917e+04 4.094091943130537432e-03
3.185842292678435328e+00 8.534876198591419438e+00 1.240354210275857572e+00 7.431358061746047294e-01 4.285002015612488435e+01 1.549994700000000059e+01 7.954442999999999930e-01 3.681439999999999824e+00 2.620735343877191917e+04 4.094091943130537432e-03
3.185842245205686485e+00 8.534876325770985872e+00 1.240354210275857572e+00 7.431358061746047294e-01 4.285002015612488435e+01 1.549994700000000059e+01 7.954442999999999930e-01 3.681439999999999824e+00 2.620735343877191917e+04 4.094091943130537432e-03
3.185842245205686485e+00 8.534876198591419438e+00 1.240354228758575594e+00 7.431358061746047294e-01 4.285002015612488435e+01 1.549994700000000059e+01 7.954442999999999930e-01 3.681439999999999824e+00 2.620735343877191917e+04 4.094091943130537432e-03
3.185842245205686485e+00 8.534876198591419438e+00 1.240354210275857572e+00 7.431358210757659233e-01 4.285002015612488435e+01 1.549994700000000059e+01 7.954442999999999930e-01 3.681439999999999824e+00 2.620735343877191917e+04 4.094091943130537432e-03
3.185842245205686485e+00 8.534876198591419438e+00 1.240354210275857572e+00 7.431358061746047294e-01 4.285002079463993852e+01 1.549994700000000059e+01 7.954442999999999930e-01 3.681439999999999824e+00 2.620735343877191917e+04 4.094091943130537432e-03
3.185842245205686485e+00 8.534876198591419438e+00 1.240354210275857572e+00 7.431358061746047294e-01 4.285002015612488435e+01 1.549994700000000059e+01 7.954442999999999930e-01 3.681439999999999824e+00 2.620735382929191837e+04 4.094091943130537432e-03
3.185842245205686485e+00 8.534876198591419438e+00 1.240354210275857572e+00 7.431358061746047294e-01 4.285002015612488435e+01 1.549994700000000059e+01 7.954442999999999930e-01 3.681439999999999824e+00 2.620735343877191917e+04 4.094106844291731280e-03
3.184763611777829961e+00 8.543541765624997453e+00 1.239921571483484808e+00 6.746266729023358000e-01 4.294718002041730642e+01 1.549994700000000059e+01 7.954442999999999930e-01 3.681439999999999824e+00 2.616101309262618088e+04 4.074922702642102407e-03
3.184973262854023712e+00 8.537589065626999485e+00 1.240511918358531362e+00 6.750681349483897975e-01 4.294969726792141529e+01 1.549994700000000059e+01 7.954442999999999930e-01 3.681439999999999824e+00 2.619576861382144853e+04 4.090124645181437459e-03
3.184973310313823802e+00 8.537589065626999485e+00 1.240511918358531362e+00 6.750681349483897975e-01 4.294969726792141529e+01 1.549994700000000059e+01 7.954442999999999930e-01 3.681439999999999824e+00 2.619576861382144853e+04 4.090124645181437459e-03
3.184973262854023712e+00 8.537589192846990471e+00 1.240511918358531362e+00 6.750681349483897975e-01 4.294969726792141529e+01 1.549994700000000059e+01 7.954442999999999930e-01 3.681439999999999824e+00 2.619576861382144853e+04 4.090124645181437459e-03
3.184973262854023712e+00 8.537589065626999485e+00 1.240511936843599505e+00 6.750681349483897975e-01 4.294969726792141529e+01 1.549994700000000059e+01 7.954442999999999930e-01 3.681439999999999824e+00 2.619576861382144853e+04 4.090124645181437459e-03
3.184973262854023712e+00 8.537589065626999485e+00 1.240511918358531362e+00 6.750681498495509913e-01 4.294969726792141529e+01 1.549994700000000059e+01 7.954442999999999930e-01 3.681439999999999824e+00 2.619576861382144853e+04 4.090124645181437459e-03
3.184973262854023712e+00 8.537589065626999485e+00 1.240511918358531362e+00 6.750681349483897975e-01 4.294969790792178088e+01 1.549994700000000059e+01 7.954442999999999930e-01 3.681439999999999824e+00 2.619576861382144853e+04 4.090124645181437459e-03
3.184973262854023712e+00 8.537589065626999485e+00 1.240511918358531362e+00 6.750681349483897975e-01 4.294969726792141529e+01 1.549994700000000059e+01 7.954442999999999930e-01 3.681439999999999824e+00 2.619576900416881836e+04 4.090124645181437459e-03
3.184973262854023712e+00 8.537589065626999485e+00 1.240511918358531362e+00 6.750681349483897975e-01 4.294969726792141529e+01 1.549994700000000059e+01 7.954442999999999930e-01 3.681439999999999824e+00 2.619576861382144853e+04 4.090139546342631306e-03
3.190598576376057594e+00 8.546906879939411894e+00 1.252326709525684256e+00 9.102061720715814985e-03 4.296060385600240039e+01 1.549994700000000059e+01 7.954442999999999930e-01 3.681439999999999824e+00 2.618894065327973658e+04 4.091767848503013137e-03
3.186598751346765290e+00 8.539743450614151854e+00 1.243708176982623925e+00 5.082410706440841919e-01 4.295168528132798258e+01 1.549994700000000059e+01 7.954442999999999930e-01 3.681439999999999824e+00 2.619562324207496931e+04 4.091151808858169148e-03
3.186598798830786894e+00 8.539743450614151854e+00 1.243708176982623925e+00 5.082410706440841919e-01 4.295168528132798258e+01 1.549994700000000059e+01 7.954442999999999930e-01 3.681439999999999824e+00 2.619562324207496931e+04 4.091151808858169148e-03
3.186598751346765290e+00 8.539743577866245161e+00 1.243708176982623925e+00 5.082410706440841919e-01 4.295168528132798258e+01 1.549994700000000059e+01 7.954442999999999930e-01 3.681439999999999824e+00 2.619562324207496931e+04 4.091151808858169148e-03
3.186598751346765290e+00 8.539743450614151854e+00 1.243708195515319970e+00 5.082410706440841919e-01 4.295168528132798258e+01 1.549994700000000059e+01 7.954442999999999930e-01 3.681439999999999824e+00 2.619562324207496931e+04 4.091151808858169148e-03
3.186598751346765290e+00 8.539743450614151854e+00 1.243708176982623925e+00 5.082410855452453857e-01 4.295168528132798258e+01 1.549994700000000059e+01 7.954442999999999930e-01 3.681439999999999824e+00 2.619562324207496931e+04 4.091151808858169148e-03
3.186598751346765290e+00 8.539743450614151854e+00 1.243708176982623925e+00 5.082410706440841919e-01 4.295168592135797070e+01 1.549994700000000059e+01 7.954442999999999930e-01 3.681439999999999824e+00 2.619562324207496931e+04 4.091151808858169148e-03
3.186598751346765290e+00 8.539743450614151854e+00 1.243708176982623925e+00 5.082410706440841919e-01 4.295168528132798258e+01 1.549994700000000059e+01 7.954442999999999930e-01 3.681439999999999824e+00 2.619562363242017454e+04 4.091151808858169148e-03
3.186598751346765290e+00 8.539743450614151854e+00 1.243708176982623925e+00 5.082410706440841919e-01 4.295168528132798258e+01 1.549994700000000059e+01 7.954442999999999930e-01 3.681439999999999824e+00 2.619562324207496931e+04 4.091166710019362995e-03
3.186361657633536293e+00 8.539424332274005991e+00 1.243474153173915520e+00 4.788146196107873620e-01 4.299137396686573709e+01 1.549994700000000059e+01 7.954442999999999930e-01 3.681439999999999824e+00 2.619562320059908961e+04 4.092240147508000199e-03
3.186361705114025167e+00 8.539424332274005991e+00 1.243474153173915520e+00 4.788146196107873620e-01 4.299137396686573709e+01 1.549994700000000059e+01 7.954442999999999930e-01 3.681439999999999824e+00 2.619562320059908961e+04 4.092240147508000199e-03
3.186361657633536293e+00 8.539424459521343991e+00 1.243474153173915520e+00 4.788146196107873620e-01 4.299137396686573709e+01 1.549994700000000059e+01 7.954442999999999930e-01 3.681439999999999824e+00 2.619562320059908961e+04 4.092240147508000199e-03
3.186361657633536293e+00 8.539424332274005991e+00 1.243474171703124354e+00 4.788146196107873620e-01 4.299137396686573709e+01 1.549994700000000059e+01 7.954442999999999930e-01 3.681439999999999824e+00 2.619562320059908961e+04 4.092240147508000199e-03
3.186361657633536293e+00 8.539424332274005991e+00 1.243474153173915520e+00 4.788146345119485559e-01 4.299137396686573709e+01 1.549994700000000059e+01 7.954442999999999930e-01 3.681439999999999824e+00 2.619562320059908961e+04 4.092240147508000199e-03
3.186361657633536293e+00 8.539424332274005991e+00 1.243474153173915520e+00 4.788146196107873620e-01 4.299137460748713124e+01 1.549994700000000059e+01 7.954442999999999930e-01 3.681439999999999824e+00 2.619562320059908961e+04 4.092240147508000199e-03
3.186361657633536293e+00 8.539424332274005991e+00 1.243474153173915520e+00 4.788146196107873620e-01 4.299137396686573709e+01 1.549994700000000059e+01 7.954442999999999930e-01 3.681439999999999824e+00 2.619562359094429485e+04 4.092240147508000199e-03
3.186361657633536293e+00 8.539424332274005991e+00 1.243474153173915520e+00 4.788146196107873620e-01 4.299137396686573709e+01 1.549994700000000059e+01 7.954442999999999930e-01 3.681439999999999824e+00 2.619562320059908961e+04 4.092255048669194047e-03
3.185782928541355474e+00 8.537598825969585192e+00 1.243826689823489762e+00 4.218998809637851122e-01 4.308260423607751477e+01 1.549994700000000059e+01 7.954442999999999930e-01 3.681439999999999824e+00 2.619562316379201002e+04 4.092385009454591223e-03
3.185782976013220580e+00 8.537598825969585192e+00 1.243826689823489762e+00 4.218998809637851122e-01 4.308260423607751477e+01 1.549994700000000059e+01 7.954442999999999930e-01 3.681439999999999824e+00 2.619562316379201002e+04 4.092385009454591223e-03
3.185782928541355474e+00 8.537598953189721840e+00 1.243826689823489762e+00 4.218998809637851122e-01 4.308260423607751477e+01 1.549994700000000059e+01 7.954442999999999930e-01 3.681439999999999824e+00 2.619562316379201002e+04 4.092385009454591223e-03
3.185782928541355474e+00 8.537598825969585192e+00 1.243826708357951727e+00 4.218998809637851122e-01 4.308260423607751477e+01 1.549994700000000059e+01 7.954442999999999930e-01 3.681439999999999824e+00 2.619562316379201002e+04 4.092385009454591223e-03
3.185782928541355474e+00 8.537598825969585192e+00 1.243826689823489762e+00 4.218998958649463060e-01 4.308260423607751477e+01 1.549994700000000059e+01 7.954442999999999930e-01 3.681439999999999824e+00 2.619562316379201002e+04 4.092385009454591223e-03
3.185782928541355474e+00 8.537598825969585192e+00 1.243826689823489762e+00 4.218998809637851122e-01 4.308260487805834771e+01 1.549994700000000059e+01 7.954442999999999930e-01 3.681439999999999824e+00 2.619562316379201002e+04 4.092385009454591223e-03
3.185782928541355474e+00 8.537598825969585192e+00 1.243826689823489762e+00 4.218998809637851122e-01 4.308260423607751477e+01 1.549994700000000059e+01 7.954442999999999930e-01 3.681439999999999824e+00 2.619562355413721161e+04 4.092385009454591223e-03
3.185782928541355474e+00 8.537598825969585192e+00 1.243826689823489762e+00 4.218998809637851122e-01 4.308260423607751477e+01 1.549994700000000059e+01 7.954442999999999930e-01 3.681439999999999824e+00 2.619562316379201002e+04 4.092399910615785071e-03
3.186568943551766786e+00 8.538769663784178121e+00 1.245514575693333459e+00 3.384882391714197358e-01 4.308323645797958079e+01 1.549994700000000059e+01 7.954442999999999930e-01 3.681439999999999824e+00 2.619547584222437217e+04 4.092974115084496711e-03
3.186568991035344300e+00 8.538769663784178121e+00 1.245514575693333459e+00 3.384882391714197358e-01 4.308323645797958079e+01 1.549994700000000059e+01 7.954442999999999930e-01 3.681439999999999824e+00 2.619547584222437217e+04 4.092974115084496711e-03
3.186568943551766786e+00 8.538769791021762146e+00 1.245514575693333459e+00 3.384882391714197358e-01 4.308323645797958079e+01 1.549994700000000059e+01 7.954442999999999930e-01 3.681439999999999824e+00 2.619547584222437217e+04 4.092974115084496711e-03
3.186568943551766786e+00 8.538769663784178121e+00 1.245514594252946861e+00 3.384882391714197358e-01 4.308323645797958079e+01 1.549994700000000059e+01 7.954442999999999930e-01 3.681439999999999824e+00 2.619547584222437217e+04 4.092974115084496711e-03
3.186568943551766786e+00 8.538769663784178121e+00 1.245514575693333459e+00 3.384882540725809297e-01 4.308323645797958079e+01 1.549994700000000059e+01 7.954442999999999930e-01 3.681439999999999824e+00 2.619547584222437217e+04 4.092974115084496711e-03
3.186568943551766786e+00 8.538769663784178121e+00 1.245514575693333459e+00 3.384882391714197358e-01 4.308323709996983553e+01 1.549994700000000059e+01 7.954442999999999930e-01 3.681439999999999824e+00 2.619547584222437217e+04 4.092974115084496711e-03
3.186568943551766786e+00 8.538769663784178121e+00 1.245514575693333459e+00 3.384882391714197358e-01 4.308323645797958079e+01 1.549994700000000059e+01 7.954442999999999930e-01 3.681439999999999824e+00 2.619547623256738007e+04 4.092974115084496711e-03
3.186568943551766786e+00 8.538769663784178121e+00 1.245514575693333459e+00 3.384882391714197358e-01 4.308323645797958079e+01 1.549994700000000059e+01 7.954442999999999930e-01 3.681439999999999824e+00 2.619547584222437217e+04 4.092989016245690559e-03
3.186177193707574240e+00 8.537799068064609642e+00 1.245435880909439463e+00 2.996599890411473788e-01 4.314159611950382356e+01 1.549994700000000059e+01 7.954442999999999930e-01 3.681439999999999824e+00 2.619542656453471500e+04 4.093504792464046187e-03
3.186177241185314202e+00 8.537799068064609642e+00 1.245435880909439463e+00 2.996599890411473788e-01 4.314159611950382356e+01 1.549994700000000059e+01 7.954442999999999930e-01 3.681439999999999824e+00 2.619542656453471500e+04 4.093504792464046187e-03
3.186177193707574240e+00 8.537799195287730569e+00 1.245435880909439463e+00 2.996599890411473788e-01 4.314159611950382356e+01 1.549994700000000059e+01 7.954442999999999930e-01 3.681439999999999824e+00 2.619542656453471500e+04 4.093504792464046187e-03
3.186177193707574240e+00 8.537799068064609642e+00 1.245435899467880247e+00 2.996599890411473788e-01 4.314159611950382356e+01 1.549994700000000059e+01 7.954442999999999930e-01 3.681439999999999824e+00 2.619542656453471500e+04 4.093504792464046187e-03
3.186177193707574240e+00 8.537799068064609642e+00 1.245435880909439463e+00 2.996600039423085726e-01 4.314159611950382356e+01 1.549994700000000059e+01 7.954442999999999930e-01 3.681439999999999824e+00 2.619542656453471500e+04 4.093504792464046187e-03
3.186177193707574240e+00 8.537799068064609642e+00 1.245435880909439463e+00 2.996599890411473788e-01 4.314159676236370444e+01 1.549994700000000059e+01 7.954442999999999930e-01 3.681439999999999824e+00 2.619542656453471500e+04 4.093504792464046187e-03
3.186177193707574240e+00 8.537799068064609642e+00 1.245435880909439463e+00 2.996599890411473788e-01 4.314159611950382356e+01 1.549994700000000059e+01 7.954442999999999930e-01 3.681439999999999824e+00 2.619542695487698802e+04 4.093504792464046187e-03
3.186177193707574240e+00 8.537799068064609642e+00 1.245435880909439463e+00 2.996599890411473788e-01 4.314159611950382356e+01 1.549994700000000059e+01 7.954442999999999930e-01 3.681439999999999824e+00 2.619542656453471500e+04 4.093519693625240034e-03
3.186910320677942998e+00 8.538885764742525808e+00 1.247075470877215819e+00 1.328659094767149496e-01 4.314335100248110422e+01 1.549994700000000059e+01 7.954442999999999930e-01 3.681439999999999824e+00 2.619465507120871553e+04 4.093794773988512596e-03
3.186403463594815744e+00 8.538101267221362534e+00 1.245996570465999209e+00 2.579608156019532195e-01 4.314203329302407752e+01 1.549994700000000059e+01 7.954442999999999930e-01 3.681439999999999824e+00 2.619524919757921452e+04 4.093571017656893150e-03
3.186403511075927231e+00 8.538101267221362534e+00 1.245996570465999209e+00 2.579608156019532195e-01 4.314203329302407752e+01 1.549994700000000059e+01 7.954442999999999930e-01 3.681439999999999824e+00 2.619524919757921452e+04 4.093571017656893150e-03
3.186403463594815744e+00 8.538101394448986525e+00 1.245996570465999209e+00 2.579608156019532195e-01 4.314203329302407752e+01 1.549994700000000059e+01 7.954442999999999930e-01 3.681439999999999824e+00 2.619524919757921452e+04 4.093571017656893150e-03
3.186403463594815744e+00 8.538101267221362534e+00 1.245996589032794866e+00 2.579608156019532195e-01 4.314203329302407752e+01 1.549994700000000059e+01 7.954442999999999930e-01 3.681439999999999824e+00 2.619524919757921452e+04 4.093571017656893150e-03
3.186403463594815744e+00 8.538101267221362534e+00 1.245996570465999209e+00 2.579608305031144133e-01 4.314203329302407752e+01 1.549994700000000059e+01 7.954442999999999930e-01 3.681439999999999824e+00 2.619524919757921452e+04 4.093571017656893150e-03
3.186403463594815744e+00 8.538101267221362534e+00 1.245996570465999209e+00 2.579608156019532195e-01 4.314203393589046698e+01 1.549994700000000059e+01 7.954442999999999930e-01 3.681439999999999824e+00 2.619524919757921452e+04 4.093571017656893150e-03
3.186403463594815744e+00 8.538101267221362534e+00 1.245996570465999209e+00 2.579608156019532195e-01 4.314203329302407752e+01 1.549994700000000059e+01 7.954442999999999930e-01 3.681439999999999824e+00 2.619524958791884637e+04 4.093571017656893150e-03
3.186403463594815744e+00 8.538101267221362534e+00 1.245996570465999209e+00 2.579608156019532195e-01 4.314203329302407752e+01 1.549994700000000059e+01 7.954442999999999930e-01 3.681439999999999824e+00 2.619524919757921452e+04 4.093585918818086998e-03
3.186689294810045148e+00 8.538638665376662829e+00 1.246529270783898635e+00 2.162638924859618395e-01 4.314241491670620121e+01 1.549994700000000059e+01 7.954442999999999930e-01 3.681439999999999824e+00 2.619505693961774523e+04 4.093840499086672663e-03
3.186689342295415894e+00 8.538638665376662829e+00 1.246529270783898635e+00 2.162638924859618395e-01 4.314241491670620121e+01 1.549994700000000059e+01 7.954442999999999930e-01 3.681439999999999824e+00 2.619505693961774523e+04 4.093840499086672663e-03
3.186689294810045148e+00 8.538638792612294637e+00 1.246529270783898635e+00 2.162638924859618395e-01 4.314241491670620121e+01 1.549994700000000059e+01 7.954442999999999930e-01 3.681439999999999824e+00 2.619505693961774523e+04 4.093840499086672663e-03
3.186689294810045148e+00 8.538638665376662829e+00 1.246529289358632164e+00 2.162638924859618395e-01 4.314241491670620121e+01 1.549994700000000059e+01 7.954442999999999930e-01 3.681439999999999824e+00 2.619505693961774523e+04 4.093840499086672663e-03
3.186689294810045148e+00 8.538638665376662829e+00 1.246529270783898635e+00 2.162639073871230333e-01 4.314241491670620121e+01 1.549994700000000059e+01 7.954442999999999930e-01 3.681439999999999824e+00 2.619505693961774523e+04 4.093840499086672663e-03
3.186689294810045148e+00 8.538638665376662829e+00 1.246529270783898635e+00 2.162638924859618395e-01 4.314241555957828211e+01 1.549994700000000059e+01 7.954442999999999930e-01 3.681439999999999824e+00 2.619505693961774523e+04 4.093840499086672663e-03
3.186689294810045148e+00 8.538638665376662829e+00 1.246529270783898635e+00 2.162638924859618395e-01 4.314241491670620121e+01 1.549994700000000059e+01 7.954442999999999930e-01 3.681439999999999824e+00 2.619505732995451035e+04 4.093840499086672663e-03
3.186689294810045148e+00 8.538638665376662829e+00 1.246529270783898635e+00 2.162638924859618395e-01 4.314241491670620121e+01 1.549994700000000059e+01 7.954442999999999930e-01 3.681439999999999824e+00 2.619505693961774523e+04 4.093855400247866511e-03
3.187154522608609764e+00 8.539371261379741895e+00 1.247425182887126782e+00 1.745620520903275741e-01 4.314257677507450239e+01 1.549994700000000059e+01 7.954442999999999930e-01 3.681439999999999824e+00 2.619494985624771289e+04 4.094282626888456379e-03
3.187154570100913187e+00 8.539371261379741895e+00 1.247425182887126782e+00 1.745620520903275741e-01 4.314257677507450239e+01 1.549994700000000059e+01 7.954442999999999930e-01 3.681439999999999824e+00 2.619494985624771289e+04 4.094282626888456379e-03
3.187154522608609764e+00 8.539371388626289416e+00 1.247425182887126782e+00 1.745620520903275741e-01 4.314257677507450239e+01 1.549994700000000059e+01 7.954442999999999930e-01 3.681439999999999824e+00 2.619494985624771289e+04 4.094282626888456379e-03
3.187154522608609764e+00 8.539371261379741895e+00 1.247425201475210521e+00 1.745620520903275741e-01 4.314257677507450239e+01 1.549994700000000059e+01 7.954442999999999930e-01 3.681439999999999824e+00 2.619494985624771289e+04 4.094282626888456379e-03
3.187154522608609764e+00 8.539371261379741895e+00 1.247425182887126782e+00 1.745620669914887679e-01 4.314257677507450239e+01 1.549994700000000059e+01 7.954442999999999930e-01 3.681439999999999824e+00 2.619494985624771289e+04 4.094282626888456379e-03
3.187154522608609764e+00 8.539371261379741895e+00 1.247425182887126782e+00 1.745620520903275741e-01 4.314257741794899204e+01 1.549994700000000059e+01 7.954442999999999930e-01 3.681439999999999824e+00 2.619494985624771289e+04 4.094282626888456379e-03
3.187154522608609764e+00 8.539371261379741895e+00 1.247425182887126782e+00 1.745620520903275741e-01 4.314257677507450239e+01 1.549994700000000059e+01 7.954442999999999930e-01 3.681439999999999824e+00 2.619495024658288457e+04 4.094282626888456379e-03
3.187154522608609764e+00 8.539371261379741895e+00 1.247425182887126782e+00 1.745620520903275741e-01 4.314257677507450239e+01 1.549994700000000059e+01 7.954442999999999930e-01 3.681439999999999824e+00 2.619494985624771289e+04 4.094297528049650227e-03
3.187114628665612237e+00 8.539247343315732763e+00 1.247537863289445159e+00 1.571707652820534540e-01 4.316104056065615424e+01 1.549994700000000059e+01 7.954442999999999930e-01 3.681439999999999824e+00 2.619494983620025960e+04 4.094710306515578213e-03
3.187114676157321025e+00 8.539247343315732763e+00 1.247537863289445159e+00 1.571707652820534540e-01 4.316104056065615424e+01 1.549994700000000059e+01 7.954442999999999930e-01 3.681439999999999824e+00 2.619494983620025960e+04 4.094710306515578213e-03
3.187114628665612237e+00 8.539247470560434650e+00 1.247537863289445159e+00 1.571707652820534540e-01 4.316104056065615424e+01 1.549994700000000059e+01 7.954442999999999930e-01 3.681439999999999824e+00 2.619494983620025960e+04 4.094710306515578213e-03
3.187114628665612237e+00 8.539247343315732763e+00 1.247537881879207999e+00 1.571707652820534540e-01 4.316104056065615424e+01 1.549994700000000059e+01 7.954442999999999930e-01 3.681439999999999824e+00 2.619494983620025960e+04 4.094710306515578213e-03
3.187114628665612237e+00 8.539247343315732763e+00 1.247537863289445159e+00 1.571707801832146478e-01 4.316104056065615424e+01 1.549994700000000059e+01 7.954442999999999930e-01 3.681439999999999824e+00 2.619494983620025960e+04 4.094710306515578213e-03
3.187114628665612237e+00 8.539247343315732763e+00 1.247537863289445159e+00 1.571707652820534540e-01 4.316104120380578024e+01 1.549994700000000059e+01 7.954442999999999930e-01 3.681439999999999824e+00 2.619494983620025960e+04 4.094710306515578213e-03
3.187114628665612237e+00 8.539247343315732763e+00 1.247537863289445159e+00 1.571707652820534540e-01 4.316104056065615424e+01 1.549994700000000059e+01 7.954442999999999930e-01 3.681439999999999824e+00 2.619495022653543128e+04 4.094710306515578213e-03
3.187114628665612237e+00 8.539247343315732763e+00 1.247537863289445159e+00 1.571707652820534540e-01 4.316104056065615424e+01 1.549994700000000059e+01 7.954442999999999930e-01 3.681439999999999824e+00 2.619494983620025960e+04 4.094725207676772061e-03
3.186744056151196602e+00 8.538103457101183125e+00 1.247746403345941779e+00 1.242803334617722244e-01 4.321910533089854312e+01 1.549994700000000059e+01 7.954442999999999930e-01 3.681439999999999824e+00 2.619494969158649110e+04 4.094838396416767418e-03
3.186744103637383585e+00 8.538103457101183125e+00 1.247746403345941779e+00 1.242803334617722244e-01 4.321910533089854312e+01 1.549994700000000059e+01 7.954442999999999930e-01 3.681439999999999824e+00 2.619494969158649110e+04 4.094838396416767418e-03
3.186744056151196602e+00 8.538103584328839091e+00 1.247746403345941779e+00 1.242803334617722244e-01 4.321910533089854312e+01 1.549994700000000059e+01 7.954442999999999930e-01 3.681439999999999824e+00 2.619494969158649110e+04 4.094838396416767418e-03
3.186744056151196602e+00 8.538103457101183125e+00 1.247746421938812134e+00 1.242803334617722244e-01 4.321910533089854312e+01 1.549994700000000059e+01 7.954442999999999930e-01 3.681439999999999824e+00 2.619494969158649110e+04 4.094838396416767418e-03
3.186744056151196602e+00 8.538103457101183125e+00 1.247746403345941779e+00 1.242803483629334182e-01 4.321910533089854312e+01 1.549994700000000059e+01 7.954442999999999930e-01 3.681439999999999824e+00 2.619494969158649110e+04 4.094838396416767418e-03
3.186744056151196602e+00 8.538103457101183125e+00 1.247746403345941779e+00 1.242803334617722244e-01 4.321910597491339701e+01 1.549994700000000059e+01 7.954442999999999930e-01 3.681439999999999824e+00 2.619494969158649110e+04 4.094838396416767418e-03
3.186744056151196602e+00 8.538103457101183125e+00 1.247746403345941779e+00 1.242803334617722244e-01 4.321910533089854312e+01 1.549994700000000059e+01 7.954442999999999930e-01 3.681439999999999824e+00 2.619495008192165915e+04 4.094838396416767418e-03
3.186744056151196602e+00 8.538103457101183125e+00 1.247746403345941779e+00 1.242803334617722244e-01 4.321910533089854312e+01 1.549994700000000059e+01 7.954442999999999930e-01 3.681439999999999824e+00 2.619494969158649110e+04 4.094853297577961265e-03
3.188087732168182864e+00 8.539764111215681908e+00 1.250017967702359512e+00 4.272723985142279357e-04 4.321939252308835222e+01 1.549994700000000059e+01 7.954442999999999930e-01 3.681439999999999824e+00 2.619452814880001824e+04 4.095623857555132433e-03
3.187133107957655032e+00 8.538568907089693738e+00 1.248421177008858463e+00 9.331821340165216694e-02 4.321917606090400454e+01 1.549994700000000059e+01 7.954442999999999930e-01 3.681439999999999824e+00 2.619485834755253381e+04 4.095045796643890894e-03
3.187133155449639155e+00 8.538568907089693738e+00 1.248421177008858463e+00 9.331821340165216694e-02 4.321917606090400454e+01 1.549994700000000059e+01 7.954442999999999930e-01 3.681439999999999824e+00 2.619485834755253381e+04 4.095045796643890894e-03
3.187133107957655032e+00 8.538569034324284601e+00 1.248421177008858463e+00 9.331821340165216694e-02 4.321917606090400454e+01 1.549994700000000059e+01 7.954442999999999930e-01 3.681439999999999824e+00 2.619485834755253381e+04 4.095045796643890894e-03
3.187133107957655032e+00 8.538568907089693738e+00 1.248421195611783663e+00 9.331821340165216694e-02 4.321917606090400454e+01 1.549994700000000059e+01 7.954442999999999930e-01 3.681439999999999824e+00 2.619485834755253381e+04 4.095045796643890894e-03
3.187133107957655032e+00 8.538568907089693738e+00 1.248421177008858463e+00 9.331822830281336079e-02 4.321917606090400454e+01 1.549994700000000059e+01 7.954442999999999930e-01 3.681439999999999824e+00 2.619485834755253381e+04 4.095045796643890894e-03
3.187133107957655032e+00 8.538568907089693738e+00 1.248421177008858463e+00 9.331821340165216694e-02 4.321917670491991714e+01 1.549994700000000059e+01 7.954442999999999930e-01 3.681439999999999824e+00 2.619485834755253381e+04 4.095045796643890894e-03
3.187133107957655032e+00 8.538568907089693738e+00 1.248421177008858463e+00 9.331821340165216694e-02 4.321917606090400454e+01 1.549994700000000059e+01 7.954442999999999930e-01 3.681439999999999824e+00 2.619485873788634126e+04 4.095045796643890894e-03
3.187133107957655032e+00 8.538568907089693738e+00 1.248421177008858463e+00 9.331821340165216694e-02 4.321917606090400454e+01 1.549994700000000059e+01 7.954442999999999930e-01 3.681439999999999824e+00 2.619485834755253381e+04 4.095060697805084741e-03
3.187034790799700090e+00 8.538595098275973072e+00 1.248324369566285563e+00 9.095420553357316806e-02 4.322100560170874672e+01 1.549994700000000059e+01 7.954442999999999930e-01 3.681439999999999824e+00 2.619485834402706314e+04 4.095211572321329728e-03
3.187034838290219163e+00 8.538595098275973072e+00 1.248324369566285563e+00 9.095420553357316806e-02 4.322100560170874672e+01 1.549994700000000059e+01 7.954442999999999930e-01 3.681439999999999824e+00 2.619485834402706314e+04 4.095211572321329728e-03
3.187034790799700090e+00 8.538595225510954734e+00 1.248324369566285563e+00 9.095420553357316806e-02 4.322100560170874672e+01 1.549994700000000059e+01 7.954442999999999930e-01 3.681439999999999824e+00 2.619485834402706314e+04 4.095211572321329728e-03
3.187034790799700090e+00 8.538595098275973072e+00 1.248324388167768140e+00 9.095420553357316806e-02 4.322100560170874672e+01 1.549994700000000059e+01 7.954442999999999930e-01 3.681439999999999824e+00 2.619485834402706314e+04 4.095211572321329728e-03
3.187034790799700090e+00 8.538595098275973072e+00 1.248324369566285563e+00 9.095422043473436191e-02 4.322100560170874672e+01 1.549994700000000059e+01 7.954442999999999930e-01 3.681439999999999824e+00 2.619485834402706314e+04 4.095211572321329728e-03
3.187034790799700090e+00 8.538595098275973072e+00 1.248324369566285563e+00 9.095420553357316806e-02 4.322100624575191574e+01 1.549994700000000059e+01 7.954442999999999930e-01 3.681439999999999824e+00 2.619485834402706314e+04 4.095211572321329728e-03
3.187034790799700090e+00 8.538595098275973072e+00 1.248324369566285563e+00 9.095420553357316806e-02 4.322100560170874672e+01 1.549994700000000059e+01 7.954442999999999930e-01 3.681439999999999824e+00 2.619485873436087059e+04 4.095211572321329728e-03
3.187034790799700090e+00 8.538595098275973072e+00 1.248324369566285563e+00 9.095420553357316806e-02 4.322100560170874672e+01 1.549994700000000059e+01 7.954442999999999930e-01 3.681439999999999824e+00 2.619485834402706314e+04 4.095226473482523576e-03
3.186988346055090293e+00 8.538471000508112141e+00 1.248352094767683385e+00 8.629285282246945687e-02 4.322755850210174344e+01 1.549994700000000059e+01 7.954442999999999930e-01 3.681439999999999824e+00 2.619485833119216113e+04 4.095253561627328065e-03
3.186988393544917475e+00 8.538471000508112141e+00 1.248352094767683385e+00 8.629285282246945687e-02 4.322755850210174344e+01 1.549994700000000059e+01 7.954442999999999930e-01 3.681439999999999824e+00 2.619485833119216113e+04 4.095253561627328065e-03
3.186988346055090293e+00 8.538471127741244615e+00 1.248352094767683385e+00 8.629285282246945687e-02 4.322755850210174344e+01 1.549994700000000059e+01 7.954442999999999930e-01 3.681439999999999824e+00 2.619485833119216113e+04 4.095253561627328065e-03
3.186988346055090293e+00 8.538471000508112141e+00 1.248352113369579186e+00 8.629285282246945687e-02 4.322755850210174344e+01 1.549994700000000059e+01 7.954442999999999930e-01 3.681439999999999824e+00 2.619485833119216113e+04 4.095253561627328065e-03
3.186988346055090293e+00 8.538471000508112141e+00 1.248352094767683385e+00 8.629286772363065072e-02 4.322755850210174344e+01 1.549994700000000059e+01 7.954442999999999930e-01 3.681439999999999824e+00 2.619485833119216113e+04 4.095253561627328065e-03
3.186988346055090293e+00 8.538471000508112141e+00 1.248352094767683385e+00 8.629285282246945687e-02 4.322755914624256235e+01 1.549994700000000059e+01 7.954442999999999930e-01 3.681439999999999824e+00 2.619485833119216113e+04 4.095253561627328065e-03
3.186988346055090293e+00 8.538471000508112141e+00 1.248352094767683385e+00 8.629285282246945687e-02 4.322755850210174344e+01 1.549994700000000059e+01 7.954442999999999930e-01 3.681439999999999824e+00 2.619485872152596858e+04 4.095253561627328065e-03
3.186988346055090293e+00 8.538471000508112141e+00 1.248352094767683385e+00 8.629285282246945687e-02 4.322755850210174344e+01 1.549994700000000059e+01 7.954442999999999930e-01 3.681439999999999824e+00 2.619485833119216113e+04 4.095268462788521913e-03
3.187090083587201139e+00 8.538637558355766544e+00 1.248523854542437528e+00 7.721434440944943689e-02 4.322771154884865297e+01 1.549994700000000059e+01 7.954442999999999930e-01 3.681439999999999824e+00 2.619451767167270009e+04 4.095167889033953477e-03
3.187090131078543997e+00 8.538637558355766544e+00 1.248523854542437528e+00 7.721434440944943689e-02 4.322771154884865297e+01 1.549994700000000059e+01 7.954442999999999930e-01 3.681439999999999824e+00 2.619451767167270009e+04 4.095167889033953477e-03
3.187090083587201139e+00 8.538637685591380588e+00 1.248523854542437528e+00 7.721434440944943689e-02 4.322771154884865297e+01 1.549994700000000059e+01 7.954442999999999930e-01 3.681439999999999824e+00 2.619451767167270009e+04 4.095167889033953477e-03
3.187090083587201139e+00 8.538637558355766544e+00 1.248523873146892837e+00 7.721434440944943689e-02 4.322771154884865297e+01 1.549994700000000059e+01 7.954442999999999930e-01 3.681439999999999824e+00 2.619451767167270009e+04 4.095167889033953477e-03
3.187090083587201139e+00 8.538637558355766544e+00 1.248523854542437528e+00 7.721435931061063074e-02 4.322771154884865297e+01 1.549994700000000059e+01 7.954442999999999930e-01 3.681439999999999824e+00 2.619451767167270009e+04 4.095167889033953477e-03
3.187090083587201139e+00 8.538637558355766544e+00 1.248523854542437528e+00 7.721434440944943689e-02 4.322771219299175272e+01 1.549994700000000059e+01 7.954442999999999930e-01 3.681439999999999824e+00 2.619451767167270009e+04 4.095167889033953477e-03
3.187090083587201139e+00 8.538637558355766544e+00 1.248523854542437528e+00 7.721434440944943689e-02 4.322771154884865297e+01 1.549994700000000059e+01 7.954442999999999930e-01 3.681439999999999824e+00 2.619451806200142892e+04 4.095167889033953477e-03
3.187090083587201139e+00 8.538637558355766544e+00 1.248523854542437528e+00 7.721434440944943689e-02 4.322771154884865297e+01 1.549994700000000059e+01 7.954442999999999930e-01 3.681439999999999824e+00 2.619451767167270009e+04 4.095182790195147325e-03
3.187074214313457610e+00 8.538580233650021611e+00 1.248631631746857540e+00 6.861201170394416737e-02 4.323498146235707651e+01 1.549994700000000059e+01 7.954442999999999930e-01 3.681439999999999824e+00 2.619451765292725759e+04 4.095246392213112117e-03
3.187074261804564212e+00 8.538580233650021611e+00 1.248631631746857540e+00 6.861201170394416737e-02 4.323498146235707651e+01 1.549994700000000059e+01 7.954442999999999930e-01 3.681439999999999824e+00 2.619451765292725759e+04 4.095246392213112117e-03
3.187074214313457610e+00 8.538580360884781228e+00 1.248631631746857540e+00 6.861201170394416737e-02 4.323498146235707651e+01 1.549994700000000059e+01 7.954442999999999930e-01 3.681439999999999824e+00 2.619451765292725759e+04 4.095246392213112117e-03
3.187074214313457610e+00 8.538580233650021611e+00 1.248631650352918676e+00 6.861201170394416737e-02 4.323498146235707651e+01 1.549994700000000059e+01 7.954442999999999930e-01 3.681439999999999824e+00 2.619451765292725759e+04 4.095246392213112117e-03
3.187074214313457610e+00 8.538580233650021611e+00 1.248631631746857540e+00 6.861202660510536122e-02 4.323498146235707651e+01 1.549994700000000059e+01 7.954442999999999930e-01 3.681439999999999824e+00 2.619451765292725759e+04 4.095246392213112117e-03
3.187074214313457610e+00 8.538580233650021611e+00 1.248631631746857540e+00 6.861201170394416737e-02 4.323498210660850560e+01 1.549994700000000059e+01 7.954442999999999930e-01 3.681439999999999824e+00 2.619451765292725759e+04 4.095246392213112117e-03
3.187074214313457610e+00 8.538580233650021611e+00 1.248631631746857540e+00 6.861201170394416737e-02 4.323498146235707651e+01 1.549994700000000059e+01 7.954442999999999930e-01 3.681439999999999824e+00 2.619451804325598641e+04 4.095246392213112117e-03
3.187074214313457610e+00 8.538580233650021611e+00 1.248631631746857540e+00 6.861201170394416737e-02 4.323498146235707651e+01 1.549994700000000059e+01 7.954442999999999930e-01 3.681439999999999824e+00 2.619451765292725759e+04 4.095261293374305965e-03
3.187032474232832424e+00 8.538335223649312411e+00 1.248875829386570713e+00 5.240243665905863768e-02 4.325450157752538871e+01 1.549994700000000059e+01 7.954442999999999930e-01 3.681439999999999824e+00 2.619451759555260287e+04 4.095425476854407283e-03
3.187032521723316858e+00 8.538335223649312411e+00 1.248875829386570713e+00 5.240243665905863768e-02 4.325450157752538871e+01 1.549994700000000059e+01 7.954442999999999930e-01 3.681439999999999824e+00 2.619451759555260287e+04 4.095425476854407283e-03
3.187032474232832424e+00 8.538335350880421615e+00 1.248875829386570713e+00 5.240243665905863768e-02 4.325450157752538871e+01 1.549994700000000059e+01 7.954442999999999930e-01 3.681439999999999824e+00 2.619451759555260287e+04 4.095425476854407283e-03
3.187032474232832424e+00 8.538335223649312411e+00 1.248875847996270716e+00 5.240243665905863768e-02 4.325450157752538871e+01 1.549994700000000059e+01 7.954442999999999930e-01 3.681439999999999824e+00 2.619451759555260287e+04 4.095425476854407283e-03
3.187032474232832424e+00 8.538335223649312411e+00 1.248875829386570713e+00 5.240245156021983153e-02 4.325450157752538871e+01 1.549994700000000059e+01 7.954442999999999930e-01 3.681439999999999824e+00 2.619451759555260287e+04 4.095425476854407283e-03
3.187032474232832424e+00 8.538335223649312411e+00 1.248875829386570713e+00 5.240243665905863768e-02 4.325450222206768558e+01 1.549994700000000059e+01 7.954442999999999930e-01 3.681439999999999824e+00 2.619451759555260287e+04 4.095425476854407283e-03
3.187032474232832424e+00 8.538335223649312411e+00 1.248875829386570713e+00 5.240243665905863768e-02 4.325450157752538871e+01 1.549994700000000059e+01 7.954442999999999930e-01 3.681439999999999824e+00 2.619451798588133170e+04 4.095425476854407283e-03
3.187032474232832424e+00 8.538335223649312411e+00 1.248875829386570713e+00 5.240243665905863768e-02 4.325450157752538871e+01 1.549994700000000059e+01 7.954442999999999930e-01 3.681439999999999824e+00 2.619451759555260287e+04 4.095440378015601131e-03
3.186842993734997798e+00 8.537801037458358167e+00 1.248924868633405572e+00 3.825253124846669794e-02 4.328177955520764897e+01 1.549994700000000059e+01 7.954442999999999930e-01 3.681439999999999824e+00 2.619451724710025155e+04 4.095494844373104293e-03
3.186843041222659156e+00 8.537801037458358167e+00 1.248924868633405572e+00 3.825253124846669794e-02 4.328177955520764897e+01 1.549994700000000059e+01 7.954442999999999930e-01 3.681439999999999824e+00 2.619451724710025155e+04 4.095494844373104293e-03
3.186842993734997798e+00 8.537801164681507515e+00 1.248924868633405572e+00 3.825253124846669794e-02 4.328177955520764897e+01 1.549994700000000059e+01 7.954442999999999930e-01 3.681439999999999824e+00 2.619451724710025155e+04 4.095494844373104293e-03
3.186842993734997798e+00 8.537801037458358167e+00 1.248924887243836324e+00 3.825253124846669794e-02 4.328177955520764897e+01 1.549994700000000059e+01 7.954442999999999930e-01 3.681439999999999824e+00 2.619451724710025155e+04 4.095494844373104293e-03
3.186842993734997798e+00 8.537801037458358167e+00 1.248924868633405572e+00 3.825254614962789179e-02 4.328177955520764897e+01 1.549994700000000059e+01 7.954442999999999930e-01 3.681439999999999824e+00 2.619451724710025155e+04 4.095494844373104293e-03
3.186842993734997798e+00 8.537801037458358167e+00 1.248924868633405572e+00 3.825253124846669794e-02 4.328178020015642602e+01 1.549994700000000059e+01 7.954442999999999930e-01 3.681439999999999824e+00 2.619451724710025155e+04 4.095494844373104293e-03
3.186842993734997798e+00 8.537801037458358167e+00 1.248924868633405572e+00 3.825253124846669794e-02 4.328177955520764897e+01 1.549994700000000059e+01 7.954442999999999930e-01 3.681439999999999824e+00 2.619451763742897674e+04 4.095494844373104293e-03
3.186842993734997798e+00 8.537801037458358167e+00 1.248924868633405572e+00 3.825253124846669794e-02 4.328177955520764897e+01 1.549994700000000059e+01 7.954442999999999930e-01 3.681439999999999824e+00 2.619451724710025155e+04 4.095509745534298141e-03
3.187171185872322621e+00 8.538310526792708188e+00 1.249617445426064455e+00 5.067439947188667748e-04 4.328181055157619284e+01 1.549994700000000059e+01 7.954442999999999930e-01 3.681439999999999824e+00 2.619437488319283511e+04 4.095733729142523975e-03
3.187171233364874290e+00 8.538310526792708188e+00 1.249617445426064455e+00 5.067439947188667748e-04 4.328181055157619284e+01 1.549994700000000059e+01 7.954442999999999930e-01 3.681439999999999824e+00 2.619437488319283511e+04 4.095733729142523975e-03
3.187171185872322621e+00 8.538310654023449686e+00 1.249617445426064455e+00 5.067439947188667748e-04 4.328181055157619284e+01 1.549994700000000059e+01 7.954442999999999930e-01 3.681439999999999824e+00 2.619437488319283511e+04 4.095733729142523975e-03
3.187171185872322621e+00 8.538310526792708188e+00 1.249617464046815396e+00 5.067439947188667748e-04 4.328181055157619284e+01 1.549994700000000059e+01 7.954442999999999930e-01 3.681439999999999824e+00 2.619437488319283511e+04 4.095733729142523975e-03
3.187171185872322621e+00 8.538310526792708188e+00 1.249617445426064455e+00 5.067588958800606225e-04 4.328181055157619284e+01 1.549994700000000059e+01 7.954442999999999930e-01 3.681439999999999824e+00 2.619437488319283511e+04 4.095733729142523975e-03
3.187171185872322621e+00 8.538310526792708188e+00 1.249617445426064455e+00 5.067439947188667748e-04 4.328181119652543174e+01 1.549994700000000059e+01 7.954442999999999930e-01 3.681439999999999824e+00 2.619437488319283511e+04 4.095733729142523975e-03
3.187171185872322621e+00 8.538310526792708188e+00 1.249617445426064455e+00 5.067439947188667748e-04 4.328181055157619284e+01 1.549994700000000059e+01 7.954442999999999930e-01 3.681439999999999824e+00 2.619437527351943936e+04 4.095733729142523975e-03
3.187171185872322621e+00 8.538310526792708188e+00 1.249617445426064455e+00 5.067439947188667748e-04 4.328181055157619284e+01 1.549994700000000059e+01 7.954442999999999930e-01 3.681439999999999824e+00 2.619437488319283511e+04 4.095748630303717823e-03
3.187134700292949319e+00 8.538373405465714328e+00 1.249324187005027120e+00 3.894260897889927639e-04 4.328090872370865583e+01 1.549994700000000059e+01 7.954442999999999930e-01 3.681439999999999824e+00 2.619425108302020089e+04 4.095796532089857056e-03
3.187134747784957423e+00 8.538373405465714328e+00 1.249324187005027120e+00 3.894260897889927639e-04 4.328090872370865583e+01 1.549994700000000059e+01 7.954442999999999930e-01 3.681439999999999824e+00 2.619425108302020089e+04 4.095796532089857056e-03
3.187134700292949319e+00 8.538373532697391965e+00 1.249324187005027120e+00 3.894260897889927639e-04 4.328090872370865583e+01 1.549994700000000059e+01 7.954442999999999930e-01 3.681439999999999824e+00 2.619425108302020089e+04 4.095796532089857056e-03
3.187134700292949319e+00 8.538373405465714328e+00 1.249324205621408224e+00 3.894260897889927639e-04 4.328090872370865583e+01 1.549994700000000059e+01 7.954442999999999930e-01 3.681439999999999824e+00 2.619425108302020089e+04 4.095796532089857056e-03
3.187134700292949319e+00 8.538373405465714328e+00 1.249324187005027120e+00 3.894409909501866116e-04 4.328090872370865583e+01 1.549994700000000059e+01 7.954442999999999930e-01 3.681439999999999824e+00 2.619425108302020089e+04 4.095796532089857056e-03
3.187134700292949319e+00 8.538373405465714328e+00 1.249324187005027120e+00 3.894260897889927639e-04 4.328090936864445126e+01 1.549994700000000059e+01 7.954442999999999930e-01 3.681439999999999824e+00 2.619425108302020089e+04 4.095796532089857056e-03
3.187134700292949319e+00 8.538373405465714328e+00 1.249324187005027120e+00 3.894260897889927639e-04 4.328090872370865583e+01 1.549994700000000059e+01 7.954442999999999930e-01 3.681439999999999824e+00 2.619425147334495705e+04 4.095796532089857056e-03
3.187134700292949319e+00 8.538373405465714328e+00 1.249324187005027120e+00 3.894260897889927639e-04 4.328090872370865583e+01 1.549994700000000059e+01 7.954442999999999930e-01 3.681439999999999824e+00 2.619425108302020089e+04 4.095811433251050904e-03
3.187134957428993776e+00 8.538373332936458837e+00 1.249324285040374072e+00 3.894269902571973222e-04 4.328090872562180635e+01 1.549994700000000059e+01 7.954442999999999930e-01 3.681439999999999824e+00 2.619425108285321403e+04 4.099097131080424623e-03
3.187135004921005432e+00 8.538373332936458837e+00 1.249324285040374072e+00 3.894269902571973222e-04 4.328090872562180635e+01 1.549994700000000059e+01 7.954442999999999930e-01 3.681439999999999824e+00 2.619425108285321403e+04 4.099097131080424623e-03
3.187134957428993776e+00 8.538373460168136475e+00 1.249324285040374072e+00 3.894269902571973222e-04 4.328090872562180635e+01 1.549994700000000059e+01 7.954442999999999930e-01 3.681439999999999824e+00 2.619425108285321403e+04 4.099097131080424623e-03
3.187134957428993776e+00 8.538373332936458837e+00 1.249324303656756729e+00 3.894269902571973222e-04 4.328090872562180635e+01 1.549994700000000059e+01 7.954442999999999930e-01 3.681439999999999824e+00 2.619425108285321403e+04 4.099097131080424623e-03
3.187134957428993776e+00 8.538373332936458837e+00 1.249324285040374072e+00 3.894418914183911699e-04 4.328090872562180635e+01 1.549994700000000059e+01 7.954442999999999930e-01 3.681439999999999824e+00 2.619425108285321403e+04 4.099097131080424623e-03
3.187134957428993776e+00 8.538373332936458837e+00 1.249324285040374072e+00 3.894269902571973222e-04 4.328090937055760179e+01 1.549994700000000059e+01 7.954442999999999930e-01 3.681439999999999824e+00 2.619425108285321403e+04 4.099097131080424623e-03
3.187134957428993776e+00 8.538373332936458837e+00 1.249324285040374072e+00 3.894269902571973222e-04 4.328090872562180635e+01 1.549994700000000059e+01 7.954442999999999930e-01 3.681439999999999824e+00 2.619425147317797018e+04 4.099097131080424623e-03
3.187134957428993776e+00 8.538373332936458837e+00 1.249324285040374072e+00 3.894269902571973222e-04 4.328090872562180635e+01 1.549994700000000059e+01 7.954442999999999930e-01 3.681439999999999824e+00 2.619425108285321403e+04 4.099112032241618471e-03
