3.205843000000000220e+00 7.511125999999999969e+00 1.235333999999999932e+00 1.528337999999999867e-05 3.753042800000000057e+01 1.549994700000000059e+01 7.954442999999999930e-01 3.681439999999999824e+00 2.571453499999999985e+04 0.000000000000000000e+00
3.205843047770783549e+00 7.511125999999999969e+00 1.235333999999999932e+00 1.528337999999999867e-05 3.753042800000000057e+01 1.549994700000000059e+01 7.954442999999999930e-01 3.681439999999999824e+00 2.571453499999999985e+04 0.000000000000000000e+00
3.205843000000000220e+00 7.511126111924498971e+00 1.235333999999999932e+00 1.528337999999999867e-05 3.753042800000000057e+01 1.549994700000000059e+01 7.954442999999999930e-01 3.681439999999999824e+00 2.571453499999999985e+04 0.000000000000000000e+00
3.205843000000000220e+00 7.511125999999999969e+00 1.235334018407910905e+00 1.528337999999999867e-05 3.753042800000000057e+01 1.549994700000000059e+01 7.954442999999999930e-01 3.681439999999999824e+00 2.571453499999999985e+04 0.000000000000000000e+00
3.205843000000000220e+00 7.511125999999999969e+00 1.235333999999999932e+00 1.529828116119384633e-05 3.753042800000000057e+01 1.549994700000000059e+01 7.954442999999999930e-01 3.681439999999999824e+00 2.571453499999999985e+04 0.000000000000000000e+00
3.205843000000000220e+00 7.511125999999999969e+00 1.235333999999999932e+00 1.528337999999999867e-05 3.753042855924695687e+01 1.549994700000000059e+01 7.954442999999999930e-01 3.681439999999999824e+00 2.571453499999999985e+04 0.000000000000000000e+00
3.205843000000000220e+00 7.511125999999999969e+00 1.235333999999999932e+00 1.528337999999999867e-05 3.753042800000000057e+01 1.549994700000000059e+01 7.954442999999999930e-01 3.681439999999999824e+00 2.571453538317642960e+04 0.000000000000000000e+00
3.205843000000000220e+00 7.511125999999999969e+00 1.235333999999999932e+00 1.528337999999999867e-05 3.753042800000000057e+01 1.549994700000000059e+01 7.954442999999999930e-01 3.681439999999999824e+00 2.571453499999999985e+04 1.490116119384765625e-08
3.157848500793229540e+00 7.511125867810451773e+00 1.253711731840484900e+00 9.259289073537438908e-01 4.329707890324313979e+01 1.549994700000000059e+01 7.954442999999999930e-01 3.681439999999999824e+00 2.571422903615894757e+04 4.445029325006992103e-04
3.157848547848839171e+00 7.511125867810451773e+00 1.253711731840484900e+00 9.259289073537438908e-01 4.329707890324313979e+01 1.549994700000000059e+01 7.954442999999999930e-01 3.681439999999999824e+00 2.571422903615894757e+04 4.445029325006992103e-04
3.157848500793229540e+00 7.511125979734948999e+00 1.253711731840484900e+00 9.259289073537438908e-01 4.329707890324313979e+01 1.549994700000000059e+01 7.954442999999999930e-01 3.681439999999999824e+00 2.571422903615894757e+04 4.445029325006992103e-04
3.157848500793229540e+00 7.511125867810451773e+00 1.253711750522245483e+00 9.259289073537438908e-01 4.329707890324313979e+01 1.549994700000000059e+01 7.954442999999999930e-01 3.681439999999999824e+00 2.571422903615894757e+04 4.445029325006992103e-04
3.157848500793229540e+00 7.511125867810451773e+00 1.253711731840484900e+00 9.259289222549050846e-01 4.329707890324313979e+01 1.549994700000000059e+01 7.954442999999999930e-01 3.681439999999999824e+00 2.571422903615894757e+04 4.445029325006992103e-04
3.157848500793229540e+00 7.511125867810451773e+00 1.253711731840484900e+00 9.259289073537438908e-01 4.329707954841989448e+01 1.549994700000000059e+01 7.954442999999999930e-01 3.681439999999999824e+00 2.571422903615894757e+04 4.445029325006992103e-04
3.157848500793229540e+00 7.511125867810451773e+00 1.253711731840484900e+00 9.259289073537438908e-01 4.329707890324313979e+01 1.549994700000000059e+01 7.954442999999999930e-01 3.681439999999999824e+00 2.571422941933081893e+04 4.445029325006992103e-04
3.157848500793229540e+00 7.511125867810451773e+00 1.253711731840484900e+00 9.259289073537438908e-01 4.329707890324313979e+01 1.549994700000000059e+01 7.954442999999999930e-01 3.681439999999999824e+00 2.571422903615894757e+04 4.445178336618930580e-04
3.157891428269188339e+00 7.511110021825075478e+00 1.253729374745743419e+00 9.259292651316681777e-01 4.329707923702844852e+01 1.549994700000000059e+01 7.954442999999999930e-01 3.681439999999999824e+00 2.571422900789901178e+04 1.103081171595066395e-03
3.157891475325437458e+00 7.511110021825075478e+00 1.253729374745743419e+00 9.259292651316681777e-01 4.329707923702844852e+01 1.549994700000000059e+01 7.954442999999999930e-01 3.681439999999999824e+00 2.571422900789901178e+04 1.103081171595066395e-03
3.157891428269188339e+00 7.511110133749336448e+00 1.253729374745743419e+00 9.259292651316681777e-01 4.329707923702844852e+01 1.549994700000000059e+01 7.954442999999999930e-01 3.681439999999999824e+00 2.571422900789901178e+04 1.103081171595066395e-03
3.157891428269188339e+00 7.511110021825075478e+00 1.253729393427766903e+00 9.259292651316681777e-01 4.329707923702844852e+01 1.549994700000000059e+01 7.954442999999999930e-01 3.681439999999999824e+00 2.571422900789901178e+04 1.103081171595066395e-03
3.157891428269188339e+00 7.511110021825075478e+00 1.253729374745743419e+00 9.259292800328293715e-01 4.329707923702844852e+01 1.549994700000000059e+01 7.954442999999999930e-01 3.681439999999999824e+00 2.571422900789901178e+04 1.103081171595066395e-03
3.157891428269188339e+00 7.511110021825075478e+00 1.253729374745743419e+00 9.259292651316681777e-01 4.329707988220520321e+01 1.549994700000000059e+01 7.954442999999999930e-01 3.681439999999999824e+00 2.571422900789901178e+04 1.103081171595066395e-03
3.157891428269188339e+00 7.511110021825075478e+00 1.253729374745743419e+00 9.259292651316681777e-01 4.329707923702844852e+01 1.549994700000000059e+01 7.954442999999999930e-01 3.681439999999999824e+00 2.571422939107088314e+04 1.103081171595066395e-03
3.157891428269188339e+00 7.511110021825075478e+00 1.253729374745743419e+00 9.259292651316681777e-01 4.329707923702844852e+01 1.549994700000000059e+01 7.954442999999999930e-01 3.681439999999999824e+00 2.571422900789901178e+04 1.103096072756260242e-03
3.176454252139761181e+00 8.905896981855399019e+00 1.221684213535446872e+00 7.561627996138541308e-01 4.460467288689995513e+01 1.549994700000000059e+01 7.954442999999999930e-01 3.681439999999999824e+00 2.587897234051028863e+04 5.152109338544930139e-03
3.175776960911294911e+00 8.921353837545485277e+00 1.219567594242277009e+00 7.536512051251530453e-01 4.459189612615360687e+01 1.549994700000000059e+01 7.954442999999999930e-01 3.681439999999999824e+00 2.575539134872973591e+04 5.103735852243834401e-03
3.175607151329946642e+00 8.925224813741746033e+00 1.219037232293461726e+00 7.530256638784171841e-01 4.458869878437747047e+01 1.549994700000000059e+01 7.954442999999999930e-01 3.681439999999999824e+00 2.572442475789705350e+04 5.091608992786340188e-03
3.175561709473725180e+00 8.926161871173309947e+00 1.218900700484233379e+00 7.528894410278794691e-01 4.458783328519447053e+01 1.549994700000000059e+01 7.954442999999999930e-01 3.681439999999999824e+00 2.571636261674974594e+04 5.088255243162814398e-03
3.165156747324620934e+00 8.146951595949031955e+00 1.235635097603767329e+00 9.205567388703130849e-01 4.394020985434187310e+01 1.549994700000000059e+01 7.954442999999999930e-01 3.681439999999999824e+00 2.571422910292820598e+04 2.931612735384458296e-03
3.165156794489131897e+00 8.146951595949031955e+00 1.235635097603767329e+00 9.205567388703130849e-01 4.394020985434187310e+01 1.549994700000000059e+01 7.954442999999999930e-01 3.681439999999999824e+00 2.571422910292820598e+04 2.931612735384458296e-03
3.165156747324620934e+00 8.146951717348070332e+00 1.235635097603767329e+00 9.205567388703130849e-01 4.394020985434187310e+01 1.549994700000000059e+01 7.954442999999999930e-01 3.681439999999999824e+00 2.571422910292820598e+04 2.931612735384458296e-03
3.165156747324620934e+00 8.146951595949031955e+00 1.235635116016165158e+00 9.205567388703130849e-01 4.394020985434187310e+01 1.549994700000000059e+01 7.954442999999999930e-01 3.681439999999999824e+00 2.571422910292820598e+04 2.931612735384458296e-03
3.165156747324620934e+00 8.146951595949031955e+00 1.235635097603767329e+00 9.205567537714742787e-01 4.394020985434187310e+01 1.549994700000000059e+01 7.954442999999999930e-01 3.681439999999999824e+00 2.571422910292820598e+04 2.931612735384458296e-03
3.165156747324620934e+00 8.146951595949031955e+00 1.235635097603767329e+00 9.205567388703130849e-01 4.394021050910202320e+01 1.549994700000000059e+01 7.954442999999999930e-01 3.681439999999999824e+00 2.571422910292820598e+04 2.931612735384458296e-03
3.165156747324620934e+00 8.146951595949031955e+00 1.235635097603767329e+00 9.205567388703130849e-01 4.394020985434187310e+01 1.549994700000000059e+01 7.954442999999999930e-01 3.681439999999999824e+00 2.571422948610007734e+04 2.931612735384458296e-03
3.165156747324620934e+00 8.146951595949031955e+00 1.235635097603767329e+00 9.205567388703130849e-01 4.394020985434187310e+01 1.549994700000000059e+01 7.954442999999999930e-01 3.681439999999999824e+00 2.571422910292820598e+04 2.931627636545652144e-03
3.177882942742904504e+00 8.906739178255589806e+00 1.224210345007932466e+00 8.987502334234718226e-01 4.419135237216628553e+01 1.549994700000000059e+01 7.954442999999999930e-01 3.681439999999999824e+00 2.571526700984084164e+04 4.621040133831346916e-03
3.169186272745902144e+00 8.466364812453891275e+00 1.230933853851721382e+00 9.148565689493433073e-01 4.419318403973772291e+01 1.549994700000000059e+01 7.954442999999999930e-01 3.681439999999999824e+00 2.571422917458224765e+04 3.579480614482118735e-03
3.169186319970457522e+00 8.466364812453891275e+00 1.230933853851721382e+00 9.148565689493433073e-01 4.419318403973772291e+01 1.549994700000000059e+01 7.954442999999999930e-01 3.681439999999999824e+00 2.571422917458224765e+04 3.579480614482118735e-03
3.169186272745902144e+00 8.466364938612558788e+00 1.230933853851721382e+00 9.148565689493433073e-01 4.419318403973772291e+01 1.549994700000000059e+01 7.954442999999999930e-01 3.681439999999999824e+00 2.571422917458224765e+04 3.579480614482118735e-03
3.169186272745902144e+00 8.466364812453891275e+00 1.230933872194065248e+00 9.148565689493433073e-01 4.419318403973772291e+01 1.549994700000000059e+01 7.954442999999999930e-01 3.681439999999999824e+00 2.571422917458224765e+04 3.579480614482118735e-03
3.169186272745902144e+00 8.466364812453891275e+00 1.230933853851721382e+00 9.148565838505045011e-01 4.419318403973772291e+01 1.549994700000000059e+01 7.954442999999999930e-01 3.681439999999999824e+00 2.571422917458224765e+04 3.579480614482118735e-03
3.169186272745902144e+00 8.466364812453891275e+00 1.230933853851721382e+00 9.148565689493433073e-01 4.419318469826747986e+01 1.549994700000000059e+01 7.954442999999999930e-01 3.681439999999999824e+00 2.571422917458224765e+04 3.579480614482118735e-03
3.169186272745902144e+00 8.466364812453891275e+00 1.230933853851721382e+00 9.148565689493433073e-01 4.419318403973772291e+01 1.549994700000000059e+01 7.954442999999999930e-01 3.681439999999999824e+00 2.571422955775412265e+04 3.579480614482118735e-03
3.169186272745902144e+00 8.466364812453891275e+00 1.230933853851721382e+00 9.148565689493433073e-01 4.419318403973772291e+01 1.549994700000000059e+01 7.954442999999999930e-01 3.681439999999999824e+00 2.571422917458224765e+04 3.579495515643312583e-03
3.174969485383188683e+00 8.883524854671216886e+00 1.222829364804906893e+00 8.798244114898041701e-01 4.434581023184664872e+01 1.549994700000000059e+01 7.954442999999999930e-01 3.681439999999999824e+00 2.571471723606928572e+04 4.517848359401511679e-03
3.174969532693920904e+00 8.883524854671216886e+00 1.222829364804906893e+00 8.798244114898041701e-01 4.434581023184664872e+01 1.549994700000000059e+01 7.954442999999999930e-01 3.681439999999999824e+00 2.571471723606928572e+04 4.517848359401511679e-03
3.174969485383188683e+00 8.883524987046053312e+00 1.222829364804906893e+00 8.798244114898041701e-01 4.434581023184664872e+01 1.549994700000000059e+01 7.954442999999999930e-01 3.681439999999999824e+00 2.571471723606928572e+04 4.517848359401511679e-03
3.174969485383188683e+00 8.883524854671216886e+00 1.222829383026484473e+00 8.798244114898041701e-01 4.434581023184664872e+01 1.549994700000000059e+01 7.954442999999999930e-01 3.681439999999999824e+00 2.571471723606928572e+04 4.517848359401511679e-03
3.174969485383188683e+00 8.883524854671216886e+00 1.222829364804906893e+00 8.798244263909653640e-01 4.434581023184664872e+01 1.549994700000000059e+01 7.954442999999999930e-01 3.681439999999999824e+00 2.571471723606928572e+04 4.517848359401511679e-03
3.174969485383188683e+00 8.883524854671216886e+00 1.222829364804906893e+00 8.798244114898041701e-01 4.434581089265071796e+01 1.549994700000000059e+01 7.954442999999999930e-01 3.681439999999999824e+00 2.571471723606928572e+04 4.517848359401511679e-03
3.174969485383188683e+00 8.883524854671216886e+00 1.222829364804906893e+00 8.798244114898041701e-01 4.434581023184664872e+01 1.549994700000000059e+01 7.954442999999999930e-01 3.681439999999999824e+00 2.571471761924843304e+04 4.517848359401511679e-03
3.174969485383188683e+00 8.883524854671216886e+00 1.222829364804906893e+00 8.798244114898041701e-01 4.434581023184664872e+01 1.549994700000000059e+01 7.954442999999999930e-01 3.681439999999999824e+00 2.571471723606928572e+04 4.517863260562705527e-03
3.174860761022840983e+00 8.887773144021691607e+00 1.223461787641002552e+00 8.467878522159765220e-01 4.439537170218013529e+01 1.549994700000000059e+01 7.954442999999999930e-01 3.681439999999999824e+00 2.571535976671225217e+04 4.456485662385778652e-03
3.174860808331953166e+00 8.887773144021691607e+00 1.223461787641002552e+00 8.467878522159765220e-01 4.439537170218013529e+01 1.549994700000000059e+01 7.954442999999999930e-01 3.681439999999999824e+00 2.571535976671225217e+04 4.456485662385778652e-03
3.174860761022840983e+00 8.887773276459832061e+00 1.223461787641002552e+00 8.467878522159765220e-01 4.439537170218013529e+01 1.549994700000000059e+01 7.954442999999999930e-01 3.681439999999999824e+00 2.571535976671225217e+04 4.456485662385778652e-03
3.174860761022840983e+00 8.887773144021691607e+00 1.223461805872003927e+00 8.467878522159765220e-01 4.439537170218013529e+01 1.549994700000000059e+01 7.954442999999999930e-01 3.681439999999999824e+00 2.571535976671225217e+04 4.456485662385778652e-03
3.174860761022840983e+00 8.887773144021691607e+00 1.223461787641002552e+00 8.467878671171377158e-01 4.439537170218013529e+01 1.549994700000000059e+01 7.954442999999999930e-01 3.681439999999999824e+00 2.571535976671225217e+04 4.456485662385778652e-03
3.174860761022840983e+00 8.887773144021691607e+00 1.223461787641002552e+00 8.467878522159765220e-01 4.439537236372272844e+01 1.549994700000000059e+01 7.954442999999999930e-01 3.681439999999999824e+00 2.571535976671225217e+04 4.456485662385778652e-03
3.174860761022840983e+00 8.887773144021691607e+00 1.223461787641002552e+00 8.467878522159765220e-01 4.439537170218013529e+01 1.549994700000000059e+01 7.954442999999999930e-01 3.681439999999999824e+00 2.571536014990097465e+04 4.456485662385778652e-03
3.174860761022840983e+00 8.887773144021691607e+00 1.223461787641002552e+00 8.467878522159765220e-01 4.439537170218013529e+01 1.549994700000000059e+01 7.954442999999999930e-01 3.681439999999999824e+00 2.571535976671225217e+04 4.456500563546972500e-03
3.172852479091997857e+00 8.880854848280257841e+00 1.227624692851226440e+00 5.929495941698159633e-01 4.491926829486150297e+01 1.549994700000000059e+01 7.954442999999999930e-01 3.681439999999999824e+00 2.571661447856149607e+04 4.461509076032808309e-03
3.172866556042070574e+00 8.881094529874964394e+00 1.227596146098509644e+00 5.934577964625196156e-01 4.491618877769008833e+01 1.549994700000000059e+01 7.954442999999999930e-01 3.681439999999999824e+00 2.571550667671443443e+04 4.460917808037661962e-03
3.174849900485226417e+00 8.887614355625061080e+00 1.224641011330322549e+00 7.733551317983822226e-01 4.446267819890091744e+01 1.549994700000000059e+01 7.954442999999999930e-01 3.681439999999999824e+00 2.571535991571444902e+04 4.457653142015131215e-03
3.174849947794176508e+00 8.887614355625061080e+00 1.224641011330322549e+00 7.733551317983822226e-01 4.446267819890091744e+01 1.549994700000000059e+01 7.954442999999999930e-01 3.681439999999999824e+00 2.571535991571444902e+04 4.457653142015131215e-03
3.174849900485226417e+00 8.887614488060835427e+00 1.224641011330322549e+00 7.733551317983822226e-01 4.446267819890091744e+01 1.549994700000000059e+01 7.954442999999999930e-01 3.681439999999999824e+00 2.571535991571444902e+04 4.457653142015131215e-03
3.174849900485226417e+00 8.887614355625061080e+00 1.224641029578895646e+00 7.733551317983822226e-01 4.446267819890091744e+01 1.549994700000000059e+01 7.954442999999999930e-01 3.681439999999999824e+00 2.571535991571444902e+04 4.457653142015131215e-03
3.174849900485226417e+00 8.887614355625061080e+00 1.224641011330322549e+00 7.733551466995434165e-01 4.446267819890091744e+01 1.549994700000000059e+01 7.954442999999999930e-01 3.681439999999999824e+00 2.571535991571444902e+04 4.457653142015131215e-03
3.174849900485226417e+00 8.887614355625061080e+00 1.224641011330322549e+00 7.733551317983822226e-01 4.446267886144645587e+01 1.549994700000000059e+01 7.954442999999999930e-01 3.681439999999999824e+00 2.571535991571444902e+04 4.457653142015131215e-03
3.174849900485226417e+00 8.887614355625061080e+00 1.224641011330322549e+00 7.733551317983822226e-01 4.446267819890091744e+01 1.549994700000000059e+01 7.954442999999999930e-01 3.681439999999999824e+00 2.571536029890317150e+04 4.457653142015131215e-03
3.174849900485226417e+00 8.887614355625061080e+00 1.224641011330322549e+00 7.733551317983822226e-01 4.446267819890091744e+01 1.549994700000000059e+01 7.954442999999999930e-01 3.681439999999999824e+00 2.571535991571444902e+04 4.457668043176325062e-03
3.174802156717671409e+00 8.887643639246478600e+00 1.224564189483887677e+00 7.557706553156289253e-01 4.447699717928737329e+01 1.549994700000000059e+01 7.954442999999999930e-01 3.681439999999999824e+00 2.571535994874955941e+04 4.457970570718443326e-03
3.174802204025910068e+00 8.887643639246478600e+00 1.224564189483887677e+00 7.557706553156289253e-01 4.447699717928737329e+01 1.549994700000000059e+01 7.954442999999999930e-01 3.681439999999999824e+00 2.571535994874955941e+04 4.457970570718443326e-03
3.174802156717671409e+00 8.887643771682689930e+00 1.224564189483887677e+00 7.557706553156289253e-01 4.447699717928737329e+01 1.549994700000000059e+01 7.954442999999999930e-01 3.681439999999999824e+00 2.571535994874955941e+04 4.457970570718443326e-03
3.174802156717671409e+00 8.887643639246478600e+00 1.224564207731316134e+00 7.557706553156289253e-01 4.447699717928737329e+01 1.549994700000000059e+01 7.954442999999999930e-01 3.681439999999999824e+00 2.571535994874955941e+04 4.457970570718443326e-03
3.174802156717671409e+00 8.887643639246478600e+00 1.224564189483887677e+00 7.557706702167901192e-01 4.447699717928737329e+01 1.549994700000000059e+01 7.954442999999999930e-01 3.681439999999999824e+00 2.571535994874955941e+04 4.457970570718443326e-03
3.174802156717671409e+00 8.887643639246478600e+00 1.224564189483887677e+00 7.557706553156289253e-01 4.447699784204628060e+01 1.549994700000000059e+01 7.954442999999999930e-01 3.681439999999999824e+00 2.571535994874955941e+04 4.457970570718443326e-03
3.174802156717671409e+00 8.887643639246478600e+00 1.224564189483887677e+00 7.557706553156289253e-01 4.447699717928737329e+01 1.549994700000000059e+01 7.954442999999999930e-01 3.681439999999999824e+00 2.571536033193828189e+04 4.457970570718443326e-03
3.174802156717671409e+00 8.887643639246478600e+00 1.224564189483887677e+00 7.557706553156289253e-01 4.447699717928737329e+01 1.549994700000000059e+01 7.954442999999999930e-01 3.681439999999999824e+00 2.571535994874955941e+04 4.457985471879637174e-03
3.174438883635705810e+00 8.886893142338092133e+00 1.224763484469763686e+00 7.214823477267098273e-01 4.452931624804734412e+01 1.549994700000000059e+01 7.954442999999999930e-01 3.681439999999999824e+00 2.571536007589329529e+04 4.458585871396134222e-03
3.174438930938531467e+00 8.886893142338092133e+00 1.224763484469763686e+00 7.214823477267098273e-01 4.452931624804734412e+01 1.549994700000000059e+01 7.954442999999999930e-01 3.681439999999999824e+00 2.571536007589329529e+04 4.458585871396134222e-03
3.174438883635705810e+00 8.886893274763119521e+00 1.224763484469763686e+00 7.214823477267098273e-01 4.452931624804734412e+01 1.549994700000000059e+01 7.954442999999999930e-01 3.681439999999999824e+00 2.571536007589329529e+04 4.458585871396134222e-03
3.174438883635705810e+00 8.886893142338092133e+00 1.224763502720161767e+00 7.214823477267098273e-01 4.452931624804734412e+01 1.549994700000000059e+01 7.954442999999999930e-01 3.681439999999999824e+00 2.571536007589329529e+04 4.458585871396134222e-03
3.174438883635705810e+00 8.886893142338092133e+00 1.224763484469763686e+00 7.214823626278710211e-01 4.452931624804734412e+01 1.549994700000000059e+01 7.954442999999999930e-01 3.681439999999999824e+00 2.571536007589329529e+04 4.458585871396134222e-03
3.174438883635705810e+00 8.886893142338092133e+00 1.224763484469763686e+00 7.214823477267098273e-01 4.452931691158586602e+01 1.549994700000000059e+01 7.954442999999999930e-01 3.681439999999999824e+00 2.571536007589329529e+04 4.458585871396134222e-03
3.174438883635705810e+00 8.886893142338092133e+00 1.224763484469763686e+00 7.214823477267098273e-01 4.452931624804734412e+01 1.549994700000000059e+01 7.954442999999999930e-01 3.681439999999999824e+00 2.571536045908202141e+04 4.458585871396134222e-03
3.174438883635705810e+00 8.886893142338092133e+00 1.224763484469763686e+00 7.214823477267098273e-01 4.452931624804734412e+01 1.549994700000000059e+01 7.954442999999999930e-01 3.681439999999999824e+00 2.571536007589329529e+04 4.458600772557328069e-03
3.174601994332915567e+00 8.886765682842524328e+00 1.224972942694124045e+00 7.121284401534714315e-01 4.452954064064134343e+01 1.549994700000000059e+01 7.954442999999999930e-01 3.681439999999999824e+00 2.571594916759856642e+04 4.458506900469358034e-03
3.174602041638171723e+00 8.886765682842524328e+00 1.224972942694124045e+00 7.121284401534714315e-01 4.452954064064134343e+01 1.549994700000000059e+01 7.954442999999999930e-01 3.681439999999999824e+00 2.571594916759856642e+04 4.458506900469358034e-03
3.174601994332915567e+00 8.886765815265652790e+00 1.224972942694124045e+00 7.121284401534714315e-01 4.452954064064134343e+01 1.549994700000000059e+01 7.954442999999999930e-01 3.681439999999999824e+00 2.571594916759856642e+04 4.458506900469358034e-03
3.174601994332915567e+00 8.886765682842524328e+00 1.224972960947643408e+00 7.121284401534714315e-01 4.452954064064134343e+01 1.549994700000000059e+01 7.954442999999999930e-01 3.681439999999999824e+00 2.571594916759856642e+04 4.458506900469358034e-03
3.174601994332915567e+00 8.886765682842524328e+00 1.224972942694124045e+00 7.121284550546326253e-01 4.452954064064134343e+01 1.549994700000000059e+01 7.954442999999999930e-01 3.681439999999999824e+00 2.571594916759856642e+04 4.458506900469358034e-03
3.174601994332915567e+00 8.886765682842524328e+00 1.224972942694124045e+00 7.121284401534714315e-01 4.452954130418320489e+01 1.549994700000000059e+01 7.954442999999999930e-01 3.681439999999999824e+00 2.571594916759856642e+04 4.458506900469358034e-03
3.174601994332915567e+00 8.886765682842524328e+00 1.224972942694124045e+00 7.121284401534714315e-01 4.452954064064134343e+01 1.549994700000000059e+01 7.954442999999999930e-01 3.681439999999999824e+00 2.571594955079607098e+04 4.458506900469358034e-03
3.174601994332915567e+00 8.886765682842524328e+00 1.224972942694124045e+00 7.121284401534714315e-01 4.452954064064134343e+01 1.549994700000000059e+01 7.954442999999999930e-01 3.681439999999999824e+00 2.571594916759856642e+04 4.458521801630551881e-03
3.174795048701394062e+00 8.887062128963068020e+00 1.225324824014085490e+00 6.924034122236768507e-01 4.452977838664847354e+01 1.549994700000000059e+01 7.954442999999999930e-01 3.681439999999999824e+00 2.571657331941184384e+04 4.459215824798494140e-03
3.174795096009527029e+00 8.887062128963068020e+00 1.225324824014085490e+00 6.924034122236768507e-01 4.452977838664847354e+01 1.549994700000000059e+01 7.954442999999999930e-01 3.681439999999999824e+00 2.571657331941184384e+04 4.459215824798494140e-03
3.174795048701394062e+00 8.887062261390612505e+00 1.225324824014085490e+00 6.924034122236768507e-01 4.452977838664847354e+01 1.549994700000000059e+01 7.954442999999999930e-01 3.681439999999999824e+00 2.571657331941184384e+04 4.459215824798494140e-03
3.174795048701394062e+00 8.887062128963068020e+00 1.225324842272848214e+00 6.924034122236768507e-01 4.452977838664847354e+01 1.549994700000000059e+01 7.954442999999999930e-01 3.681439999999999824e+00 2.571657331941184384e+04 4.459215824798494140e-03
3.174795048701394062e+00 8.887062128963068020e+00 1.225324824014085490e+00 6.924034271248380445e-01 4.452977838664847354e+01 1.549994700000000059e+01 7.954442999999999930e-01 3.681439999999999824e+00 2.571657331941184384e+04 4.459215824798494140e-03
3.174795048701394062e+00 8.887062128963068020e+00 1.225324824014085490e+00 6.924034122236768507e-01 4.452977905019388061e+01 1.549994700000000059e+01 7.954442999999999930e-01 3.681439999999999824e+00 2.571657331941184384e+04 4.459215824798494140e-03
3.174795048701394062e+00 8.887062128963068020e+00 1.225324824014085490e+00 6.924034122236768507e-01 4.452977838664847354e+01 1.549994700000000059e+01 7.954442999999999930e-01 3.681439999999999824e+00 2.571657370261864708e+04 4.459215824798494140e-03
3.174795048701394062e+00 8.887062128963068020e+00 1.225324824014085490e+00 6.924034122236768507e-01 4.452977838664847354e+01 1.549994700000000059e+01 7.954442999999999930e-01 3.681439999999999824e+00 2.571657331941184384e+04 4.459230725959687988e-03
3.174821034813249288e+00 8.887130470477808686e+00 1.225491198309569318e+00 6.757486588330562371e-01 4.454281868532937239e+01 1.549994700000000059e+01 7.954442999999999930e-01 3.681439999999999824e+00 2.571657335077823518e+04 4.459551968836371338e-03
3.174821082121769500e+00 8.887130470477808686e+00 1.225491198309569318e+00 6.757486588330562371e-01 4.454281868532937239e+01 1.549994700000000059e+01 7.954442999999999930e-01 3.681439999999999824e+00 2.571657335077823518e+04 4.459551968836371338e-03
3.174821034813249288e+00 8.887130602906372800e+00 1.225491198309569318e+00 6.757486588330562371e-01 4.454281868532937239e+01 1.549994700000000059e+01 7.954442999999999930e-01 3.681439999999999824e+00 2.571657335077823518e+04 4.459551968836371338e-03
3.174821034813249288e+00 8.887130470477808686e+00 1.225491216570811170e+00 6.757486588330562371e-01 4.454281868532937239e+01 1.549994700000000059e+01 7.954442999999999930e-01 3.681439999999999824e+00 2.571657335077823518e+04 4.459551968836371338e-03
3.174821034813249288e+00 8.887130470477808686e+00 1.225491198309569318e+00 6.757486737342174310e-01 4.454281868532937239e+01 1.549994700000000059e+01 7.954442999999999930e-01 3.681439999999999824e+00 2.571657335077823518e+04 4.459551968836371338e-03
3.174821034813249288e+00 8.887130470477808686e+00 1.225491198309569318e+00 6.757486588330562371e-01 4.454281934906909157e+01 1.549994700000000059e+01 7.954442999999999930e-01 3.681439999999999824e+00 2.571657335077823518e+04 4.459551968836371338e-03
3.174821034813249288e+00 8.887130470477808686e+00 1.225491198309569318e+00 6.757486588330562371e-01 4.454281868532937239e+01 1.549994700000000059e+01 7.954442999999999930e-01 3.681439999999999824e+00 2.571657373398503842e+04 4.459551968836371338e-03
3.174821034813249288e+00 8.887130470477808686e+00 1.225491198309569318e+00 6.757486588330562371e-01 4.454281868532937239e+01 1.549994700000000059e+01 7.954442999999999930e-01 3.681439999999999824e+00 2.571657335077823518e+04 4.459566869997565186e-03
3.174684917567060172e+00 8.886937779552866346e+00 1.225539759174952836e+00 6.594956085146433944e-01 4.456732903929272283e+01 1.549994700000000059e+01 7.954442999999999930e-01 3.681439999999999824e+00 2.571657341346406247e+04 4.460127798852468912e-03
3.174684964873551785e+00 8.886937779552866346e+00 1.225539759174952836e+00 6.594956085146433944e-01 4.456732903929272283e+01 1.549994700000000059e+01 7.954442999999999930e-01 3.681439999999999824e+00 2.571657341346406247e+04 4.460127798852468912e-03
3.174684917567060172e+00 8.886937911978558091e+00 1.225539759174952836e+00 6.594956085146433944e-01 4.456732903929272283e+01 1.549994700000000059e+01 7.954442999999999930e-01 3.681439999999999824e+00 2.571657341346406247e+04 4.460127798852468912e-03
3.174684917567060172e+00 8.886937779552866346e+00 1.225539777436918332e+00 6.594956085146433944e-01 4.456732903929272283e+01 1.549994700000000059e+01 7.954442999999999930e-01 3.681439999999999824e+00 2.571657341346406247e+04 4.460127798852468912e-03
3.174684917567060172e+00 8.886937779552866346e+00 1.225539759174952836e+00 6.594956234158045882e-01 4.456732903929272283e+01 1.549994700000000059e+01 7.954442999999999930e-01 3.681439999999999824e+00 2.571657341346406247e+04 4.460127798852468912e-03
3.174684917567060172e+00 8.886937779552866346e+00 1.225539759174952836e+00 6.594956085146433944e-01 4.456732970339767519e+01 1.549994700000000059e+01 7.954442999999999930e-01 3.681439999999999824e+00 2.571657341346406247e+04 4.460127798852468912e-03
3.174684917567060172e+00 8.886937779552866346e+00 1.225539759174952836e+00 6.594956085146433944e-01 4.456732903929272283e+01 1.549994700000000059e+01 7.954442999999999930e-01 3.681439999999999824e+00 2.571657379667086934e+04 4.460127798852468912e-03
3.174684917567060172e+00 8.886937779552866346e+00 1.225539759174952836e+00 6.594956085146433944e-01 4.456732903929272283e+01 1.549994700000000059e+01 7.954442999999999930e-01 3.681439999999999824e+00 2.571657341346406247e+04 4.460142700013662760e-03
3.174900016682521198e+00 8.886740792931428601e+00 1.225947008748883960e+00 6.220386071558232643e-01 4.456814650512495035e+01 1.549994700000000059e+01 7.954442999999999930e-01 3.681439999999999824e+00 2.571891878869666471e+04 4.461398836306969956e-03
3.174900063992218247e+00 8.886740792931428601e+00 1.225947008748883960e+00 6.220386071558232643e-01 4.456814650512495035e+01 1.549994700000000059e+01 7.954442999999999930e-01 3.681439999999999824e+00 2.571891878869666471e+04 4.461398836306969956e-03
3.174900016682521198e+00 8.886740925354185805e+00 1.225947008748883960e+00 6.220386071558232643e-01 4.456814650512495035e+01 1.549994700000000059e+01 7.954442999999999930e-01 3.681439999999999824e+00 2.571891878869666471e+04 4.461398836306969956e-03
3.174900016682521198e+00 8.886740792931428601e+00 1.225947027016917934e+00 6.220386071558232643e-01 4.456814650512495035e+01 1.549994700000000059e+01 7.954442999999999930e-01 3.681439999999999824e+00 2.571891878869666471e+04 4.461398836306969956e-03
3.174900016682521198e+00 8.886740792931428601e+00 1.225947008748883960e+00 6.220386220569844582e-01 4.456814650512495035e+01 1.549994700000000059e+01 7.954442999999999930e-01 3.681439999999999824e+00 2.571891878869666471e+04 4.461398836306969956e-03
3.174900016682521198e+00 8.886740792931428601e+00 1.225947008748883960e+00 6.220386071558232643e-01 4.456814716924208852e+01 1.549994700000000059e+01 7.954442999999999930e-01 3.681439999999999824e+00 2.571891878869666471e+04 4.461398836306969956e-03
3.174900016682521198e+00 8.886740792931428601e+00 1.225947008748883960e+00 6.220386071558232643e-01 4.456814650512495035e+01 1.549994700000000059e+01 7.954442999999999930e-01 3.681439999999999824e+00 2.571891917193841800e+04 4.461398836306969956e-03
3.174900016682521198e+00 8.886740792931428601e+00 1.225947008748883960e+00 6.220386071558232643e-01 4.456814650512495035e+01 1.549994700000000059e+01 7.954442999999999930e-01 3.681439999999999824e+00 2.571891878869666471e+04 4.461413737468163804e-03
3.175355458764876015e+00 8.886797628732159282e+00 1.226756123402777288e+00 5.471757618414050395e-01 4.456970406302575327e+01 1.549994700000000059e+01 7.954442999999999930e-01 3.681439999999999824e+00 2.572363139440110899e+04 4.464719652448083213e-03
3.175355506081359636e+00 8.886797628732159282e+00 1.226756123402777288e+00 5.471757618414050395e-01 4.456970406302575327e+01 1.549994700000000059e+01 7.954442999999999930e-01 3.681439999999999824e+00 2.572363139440110899e+04 4.464719652448083213e-03
3.175355458764876015e+00 8.886797761155763808e+00 1.226756123402777288e+00 5.471757618414050395e-01 4.456970406302575327e+01 1.549994700000000059e+01 7.954442999999999930e-01 3.681439999999999824e+00 2.572363139440110899e+04 4.464719652448083213e-03
3.175355458764876015e+00 8.886797628732159282e+00 1.226756141682868062e+00 5.471757618414050395e-01 4.456970406302575327e+01 1.549994700000000059e+01 7.954442999999999930e-01 3.681439999999999824e+00 2.572363139440110899e+04 4.464719652448083213e-03
3.175355458764876015e+00 8.886797628732159282e+00 1.226756123402777288e+00 5.471757767425662333e-01 4.456970406302575327e+01 1.549994700000000059e+01 7.954442999999999930e-01 3.681439999999999824e+00 2.572363139440110899e+04 4.464719652448083213e-03
3.175355458764876015e+00 8.886797628732159282e+00 1.226756123402777288e+00 5.471757618414050395e-01 4.456970472716609777e+01 1.549994700000000059e+01 7.954442999999999930e-01 3.681439999999999824e+00 2.572363139440110899e+04 4.464719652448083213e-03
3.175355458764876015e+00 8.886797628732159282e+00 1.226756123402777288e+00 5.471757618414050395e-01 4.456970406302575327e+01 1.549994700000000059e+01 7.954442999999999930e-01 3.681439999999999824e+00 2.572363177771308619e+04 4.464719652448083213e-03
3.175355458764876015e+00 8.886797628732159282e+00 1.226756123402777288e+00 5.471757618414050395e-01 4.456970406302575327e+01 1.549994700000000059e+01 7.954442999999999930e-01 3.681439999999999824e+00 2.572363139440110899e+04 4.464734553609277061e-03
3.176099249121542734e+00 8.888195395840885027e+00 1.228313974591304536e+00 4.682536546937606792e-01 4.457045613818861796e+01 1.549994700000000059e+01 7.954442999999999930e-01 3.681439999999999824e+00 2.572610977774759522e+04 4.467600403713278476e-03
3.176099296449109488e+00 8.888195395840885027e+00 1.228313974591304536e+00 4.682536546937606792e-01 4.457045613818861796e+01 1.549994700000000059e+01 7.954442999999999930e-01 3.681439999999999824e+00 2.572610977774759522e+04 4.467600403713278476e-03
3.176099249121542734e+00 8.888195528285317337e+00 1.228313974591304536e+00 4.682536546937606792e-01 4.457045613818861796e+01 1.549994700000000059e+01 7.954442999999999930e-01 3.681439999999999824e+00 2.572610977774759522e+04 4.467600403713278476e-03
3.176099249121542734e+00 8.888195395840885027e+00 1.228313992894608964e+00 4.682536546937606792e-01 4.457045613818861796e+01 1.549994700000000059e+01 7.954442999999999930e-01 3.681439999999999824e+00 2.572610977774759522e+04 4.467600403713278476e-03
3.176099249121542734e+00 8.888195395840885027e+00 1.228313974591304536e+00 4.682536695949218730e-01 4.457045613818861796e+01 1.549994700000000059e+01 7.954442999999999930e-01 3.681439999999999824e+00 2.572610977774759522e+04 4.467600403713278476e-03
3.176099249121542734e+00 8.888195395840885027e+00 1.228313974591304536e+00 4.682536546937606792e-01 4.457045680234016771e+01 1.549994700000000059e+01 7.954442999999999930e-01 3.681439999999999824e+00 2.572610977774759522e+04 4.467600403713278476e-03
3.176099249121542734e+00 8.888195395840885027e+00 1.228313974591304536e+00 4.682536546937606792e-01 4.457045613818861796e+01 1.549994700000000059e+01 7.954442999999999930e-01 3.681439999999999824e+00 2.572611016109650518e+04 4.467600403713278476e-03
3.176099249121542734e+00 8.888195395840885027e+00 1.228313974591304536e+00 4.682536546937606792e-01 4.457045613818861796e+01 1.549994700000000059e+01 7.954442999999999930e-01 3.681439999999999824e+00 2.572610977774759522e+04 4.467615304874472323e-03
3.176017445900960467e+00 8.888190935798126802e+00 1.228753840704952749e+00 4.136400948093196250e-01 4.463760444847688547e+01 1.549994700000000059e+01 7.954442999999999930e-01 3.681439999999999824e+00 2.572611023962012769e+04 4.469401750932627294e-03
3.176017493227308197e+00 8.888190935798126802e+00 1.228753840704952749e+00 4.136400948093196250e-01 4.463760444847688547e+01 1.549994700000000059e+01 7.954442999999999930e-01 3.681439999999999824e+00 2.572611023962012769e+04 4.469401750932627294e-03
3.176017445900960467e+00 8.888191068242493387e+00 1.228753840704952749e+00 4.136400948093196250e-01 4.463760444847688547e+01 1.549994700000000059e+01 7.954442999999999930e-01 3.681439999999999824e+00 2.572611023962012769e+04 4.469401750932627294e-03
3.176017445900960467e+00 8.888190935798126802e+00 1.228753859014811711e+00 4.136400948093196250e-01 4.463760444847688547e+01 1.549994700000000059e+01 7.954442999999999930e-01 3.681439999999999824e+00 2.572611023962012769e+04 4.469401750932627294e-03
3.176017445900960467e+00 8.888190935798126802e+00 1.228753840704952749e+00 4.136401097104808189e-01 4.463760444847688547e+01 1.549994700000000059e+01 7.954442999999999930e-01 3.681439999999999824e+00 2.572611023962012769e+04 4.469401750932627294e-03
3.176017445900960467e+00 8.888190935798126802e+00 1.228753840704952749e+00 4.136400948093196250e-01 4.463760511362902150e+01 1.549994700000000059e+01 7.954442999999999930e-01 3.681439999999999824e+00 2.572611023962012769e+04 4.469401750932627294e-03
3.176017445900960467e+00 8.888190935798126802e+00 1.228753840704952749e+00 4.136400948093196250e-01 4.463760444847688547e+01 1.549994700000000059e+01 7.954442999999999930e-01 3.681439999999999824e+00 2.572611062296904493e+04 4.469401750932627294e-03
3.176017445900960467e+00 8.888190935798126802e+00 1.228753840704952749e+00 4.136400948093196250e-01 4.463760444847688547e+01 1.549994700000000059e+01 7.954442999999999930e-01 3.681439999999999824e+00 2.572611023962012769e+04 4.469416652093821142e-03
3.175794621684907337e+00 8.887507948592388018e+00 1.229322893937893069e+00 3.623007586382728240e-01 4.470377891559451911e+01 1.549994700000000059e+01 7.954442999999999930e-01 3.681439999999999824e+00 2.572611084734979522e+04 4.470136579332747995e-03
3.175794669007935056e+00 8.887507948592388018e+00 1.229322893937893069e+00 3.623007586382728240e-01 4.470377891559451911e+01 1.549994700000000059e+01 7.954442999999999930e-01 3.681439999999999824e+00 2.572611084734979522e+04 4.470136579332747995e-03
3.175794621684907337e+00 8.887508081026576079e+00 1.229322893937893069e+00 3.623007586382728240e-01 4.470377891559451911e+01 1.549994700000000059e+01 7.954442999999999930e-01 3.681439999999999824e+00 2.572611084734979522e+04 4.470136579332747995e-03
3.175794621684907337e+00 8.887507948592388018e+00 1.229322912256231692e+00 3.623007586382728240e-01 4.470377891559451911e+01 1.549994700000000059e+01 7.954442999999999930e-01 3.681439999999999824e+00 2.572611084734979522e+04 4.470136579332747995e-03
3.175794621684907337e+00 8.887507948592388018e+00 1.229322893937893069e+00 3.623007735394340179e-01 4.470377891559451911e+01 1.549994700000000059e+01 7.954442999999999930e-01 3.681439999999999824e+00 2.572611084734979522e+04 4.470136579332747995e-03
3.175794621684907337e+00 8.887507948592388018e+00 1.229322893937893069e+00 3.623007586382728240e-01 4.470377958173273214e+01 1.549994700000000059e+01 7.954442999999999930e-01 3.681439999999999824e+00 2.572611084734979522e+04 4.470136579332747995e-03
3.175794621684907337e+00 8.887507948592388018e+00 1.229322893937893069e+00 3.623007586382728240e-01 4.470377891559451911e+01 1.549994700000000059e+01 7.954442999999999930e-01 3.681439999999999824e+00 2.572611123069871974e+04 4.470136579332747995e-03
3.175794621684907337e+00 8.887507948592388018e+00 1.229322893937893069e+00 3.623007586382728240e-01 4.470377891559451911e+01 1.549994700000000059e+01 7.954442999999999930e-01 3.681439999999999824e+00 2.572611084734979522e+04 4.470151480493941842e-03
3.175040070171982975e+00 8.885009104938109914e+00 1.229721866930381546e+00 2.843939536418840786e-01 4.484042912796935809e+01 1.549994700000000059e+01 7.954442999999999930e-01 3.681439999999999824e+00 2.572620416484427551e+04 4.470666869545524870e-03
3.175040117483766799e+00 8.885009104938109914e+00 1.229721866930381546e+00 2.843939536418840786e-01 4.484042912796935809e+01 1.549994700000000059e+01 7.954442999999999930e-01 3.681439999999999824e+00 2.572620416484427551e+04 4.470666869545524870e-03
3.175040070171982975e+00 8.885009237335061982e+00 1.229721866930381546e+00 2.843939536418840786e-01 4.484042912796935809e+01 1.549994700000000059e+01 7.954442999999999930e-01 3.681439999999999824e+00 2.572620416484427551e+04 4.470666869545524870e-03
3.175040070171982975e+00 8.885009104938109914e+00 1.229721885254665414e+00 2.843939536418840786e-01 4.484042912796935809e+01 1.549994700000000059e+01 7.954442999999999930e-01 3.681439999999999824e+00 2.572620416484427551e+04 4.470666869545524870e-03
3.175040070171982975e+00 8.885009104938109914e+00 1.229721866930381546e+00 2.843939685430452724e-01 4.484042912796935809e+01 1.549994700000000059e+01 7.954442999999999930e-01 3.681439999999999824e+00 2.572620416484427551e+04 4.470666869545524870e-03
3.175040070171982975e+00 8.885009104938109914e+00 1.229721866930381546e+00 2.843939536418840786e-01 4.484042979614382318e+01 1.549994700000000059e+01 7.954442999999999930e-01 3.681439999999999824e+00 2.572620416484427551e+04 4.470666869545524870e-03
3.175040070171982975e+00 8.885009104938109914e+00 1.229721866930381546e+00 2.843939536418840786e-01 4.484042912796935809e+01 1.549994700000000059e+01 7.954442999999999930e-01 3.681439999999999824e+00 2.572620454819458973e+04 4.470666869545524870e-03
3.175040070171982975e+00 8.885009104938109914e+00 1.229721866930381546e+00 2.843939536418840786e-01 4.484042912796935809e+01 1.549994700000000059e+01 7.954442999999999930e-01 3.681439999999999824e+00 2.572620416484427551e+04 4.470681770706718718e-03
3.176377233589066318e+00 8.886778058573774786e+00 1.232679454701287813e+00 1.264809110988301122e-01 4.484120521469437648e+01 1.549994700000000059e+01 7.954442999999999930e-01 3.681439999999999824e+00 2.573111382809419592e+04 4.475525554766837666e-03
3.176377280920775537e+00 8.886778058573774786e+00 1.232679454701287813e+00 1.264809110988301122e-01 4.484120521469437648e+01 1.549994700000000059e+01 7.954442999999999930e-01 3.681439999999999824e+00 2.573111382809419592e+04 4.475525554766837666e-03
3.176377233589066318e+00 8.886778190997087989e+00 1.232679454701287813e+00 1.264809110988301122e-01 4.484120521469437648e+01 1.549994700000000059e+01 7.954442999999999930e-01 3.681439999999999824e+00 2.573111382809419592e+04 4.475525554766837666e-03
3.176377233589066318e+00 8.886778058573774786e+00 1.232679473069643095e+00 1.264809110988301122e-01 4.484120521469437648e+01 1.549994700000000059e+01 7.954442999999999930e-01 3.681439999999999824e+00 2.573111382809419592e+04 4.475525554766837666e-03
3.176377233589066318e+00 8.886778058573774786e+00 1.232679454701287813e+00 1.264809259999913060e-01 4.484120521469437648e+01 1.549994700000000059e+01 7.954442999999999930e-01 3.681439999999999824e+00 2.573111382809419592e+04 4.475525554766837666e-03
3.176377233589066318e+00 8.886778058573774786e+00 1.232679454701287813e+00 1.264809110988301122e-01 4.484120588288040210e+01 1.549994700000000059e+01 7.954442999999999930e-01 3.681439999999999824e+00 2.573111382809419592e+04 4.475525554766837666e-03
3.176377233589066318e+00 8.886778058573774786e+00 1.232679454701287813e+00 1.264809110988301122e-01 4.484120521469437648e+01 1.549994700000000059e+01 7.954442999999999930e-01 3.681439999999999824e+00 2.573111421151766990e+04 4.475525554766837666e-03
3.176377233589066318e+00 8.886778058573774786e+00 1.232679454701287813e+00 1.264809110988301122e-01 4.484120521469437648e+01 1.549994700000000059e+01 7.954442999999999930e-01 3.681439999999999824e+00 2.573111382809419592e+04 4.475540455928031514e-03
3.176284384534702632e+00 8.887496059504227830e+00 1.232042818743308121e+00 1.158327732375467878e-01 4.485649926182752978e+01 1.549994700000000059e+01 7.954442999999999930e-01 3.681439999999999824e+00 2.573114057330619107e+04 4.476980633263395043e-03
3.176284431865028068e+00 8.887496059504227830e+00 1.232042818743308121e+00 1.158327732375467878e-01 4.485649926182752978e+01 1.549994700000000059e+01 7.954442999999999930e-01 3.681439999999999824e+00 2.573114057330619107e+04 4.476980633263395043e-03
3.176284384534702632e+00 8.887496191938240031e+00 1.232042818743308121e+00 1.158327732375467878e-01 4.485649926182752978e+01 1.549994700000000059e+01 7.954442999999999930e-01 3.681439999999999824e+00 2.573114057330619107e+04 4.476980633263395043e-03
3.176284384534702632e+00 8.887496059504227830e+00 1.232042837102176769e+00 1.158327732375467878e-01 4.485649926182752978e+01 1.549994700000000059e+01 7.954442999999999930e-01 3.681439999999999824e+00 2.573114057330619107e+04 4.476980633263395043e-03
3.176284384534702632e+00 8.887496059504227830e+00 1.232042818743308121e+00 1.158327881387079816e-01 4.485649926182752978e+01 1.549994700000000059e+01 7.954442999999999930e-01 3.681439999999999824e+00 2.573114057330619107e+04 4.476980633263395043e-03
3.176284384534702632e+00 8.887496059504227830e+00 1.232042818743308121e+00 1.158327732375467878e-01 4.485649993024145488e+01 1.549994700000000059e+01 7.954442999999999930e-01 3.681439999999999824e+00 2.573114057330619107e+04 4.476980633263395043e-03
3.176284384534702632e+00 8.887496059504227830e+00 1.232042818743308121e+00 1.158327732375467878e-01 4.485649926182752978e+01 1.549994700000000059e+01 7.954442999999999930e-01 3.681439999999999824e+00 2.573114095673006523e+04 4.476980633263395043e-03
3.176284384534702632e+00 8.887496059504227830e+00 1.232042818743308121e+00 1.158327732375467878e-01 4.485649926182752978e+01 1.549994700000000059e+01 7.954442999999999930e-01 3.681439999999999824e+00 2.573114057330619107e+04 4.476995534424588891e-03
3.176182067433275247e+00 8.886752829440670354e+00 1.232422049796448205e+00 8.851852213809807690e-02 4.489258070049319116e+01 1.549994700000000059e+01 7.954442999999999930e-01 3.681439999999999824e+00 2.573114137593642954e+04 4.476778800051519659e-03
3.176182114762076125e+00 8.886752829440670354e+00 1.232422049796448205e+00 8.851852213809807690e-02 4.489258070049319116e+01 1.549994700000000059e+01 7.954442999999999930e-01 3.681439999999999824e+00 2.573114137593642954e+04 4.476778800051519659e-03
3.176182067433275247e+00 8.886752961863606970e+00 1.232422049796448205e+00 8.851852213809807690e-02 4.489258070049319116e+01 1.549994700000000059e+01 7.954442999999999930e-01 3.681439999999999824e+00 2.573114137593642954e+04 4.476778800051519659e-03
3.176182067433275247e+00 8.886752829440670354e+00 1.232422068160967887e+00 8.851852213809807690e-02 4.489258070049319116e+01 1.549994700000000059e+01 7.954442999999999930e-01 3.681439999999999824e+00 2.573114137593642954e+04 4.476778800051519659e-03
3.176182067433275247e+00 8.886752829440670354e+00 1.232422049796448205e+00 8.851853703925927075e-02 4.489258070049319116e+01 1.549994700000000059e+01 7.954442999999999930e-01 3.681439999999999824e+00 2.573114137593642954e+04 4.476778800051519659e-03
3.176182067433275247e+00 8.886752829440670354e+00 1.232422049796448205e+00 8.851852213809807690e-02 4.489258136944476973e+01 1.549994700000000059e+01 7.954442999999999930e-01 3.681439999999999824e+00 2.573114137593642954e+04 4.476778800051519659e-03
3.176182067433275247e+00 8.886752829440670354e+00 1.232422049796448205e+00 8.851852213809807690e-02 4.489258070049319116e+01 1.549994700000000059e+01 7.954442999999999930e-01 3.681439999999999824e+00 2.573114175936031461e+04 4.476778800051519659e-03
3.176182067433275247e+00 8.886752829440670354e+00 1.232422049796448205e+00 8.851852213809807690e-02 4.489258070049319116e+01 1.549994700000000059e+01 7.954442999999999930e-01 3.681439999999999824e+00 2.573114137593642954e+04 4.476793701212713507e-03
3.176010762317541314e+00 8.886324215498998313e+00 1.232668967562616569e+00 6.471094436285272644e-02 4.493063584361551221e+01 1.549994700000000059e+01 7.954442999999999930e-01 3.681439999999999824e+00 2.573114733903572778e+04 4.477170631795610554e-03
3.176010809643789568e+00 8.886324215498998313e+00 1.232668967562616569e+00 6.471094436285272644e-02 4.493063584361551221e+01 1.549994700000000059e+01 7.954442999999999930e-01 3.681439999999999824e+00 2.573114733903572778e+04 4.477170631795610554e-03
3.176010762317541314e+00 8.886324347915547150e+00 1.232668967562616569e+00 6.471094436285272644e-02 4.493063584361551221e+01 1.549994700000000059e+01 7.954442999999999930e-01 3.681439999999999824e+00 2.573114733903572778e+04 4.477170631795610554e-03
3.176010762317541314e+00 8.886324215498998313e+00 1.232668985930815531e+00 6.471094436285272644e-02 4.493063584361551221e+01 1.549994700000000059e+01 7.954442999999999930e-01 3.681439999999999824e+00 2.573114733903572778e+04 4.477170631795610554e-03
3.176010762317541314e+00 8.886324215498998313e+00 1.232668967562616569e+00 6.471095926401392029e-02 4.493063584361551221e+01 1.549994700000000059e+01 7.954442999999999930e-01 3.681439999999999824e+00 2.573114733903572778e+04 4.477170631795610554e-03
3.176010762317541314e+00 8.886324215498998313e+00 1.232668967562616569e+00 6.471094436285272644e-02 4.493063651313416074e+01 1.549994700000000059e+01 7.954442999999999930e-01 3.681439999999999824e+00 2.573114733903572778e+04 4.477170631795610554e-03
3.176010762317541314e+00 8.886324215498998313e+00 1.232668967562616569e+00 6.471094436285272644e-02 4.493063584361551221e+01 1.549994700000000059e+01 7.954442999999999930e-01 3.681439999999999824e+00 2.573114772245970380e+04 4.477170631795610554e-03
3.176010762317541314e+00 8.886324215498998313e+00 1.232668967562616569e+00 6.471094436285272644e-02 4.493063584361551221e+01 1.549994700000000059e+01 7.954442999999999930e-01 3.681439999999999824e+00 2.573114733903572778e+04 4.477185532956804402e-03
3.175745455403966577e+00 8.885340464667271121e+00 1.232994421026275100e+00 3.797763038957824994e-02 4.499236835613387342e+01 1.549994700000000059e+01 7.954442999999999930e-01 3.681439999999999824e+00 2.573126880945469020e+04 4.477628877231687454e-03
3.175745502726261549e+00 8.885340464667271121e+00 1.232994421026275100e+00 3.797763038957824994e-02 4.499236835613387342e+01 1.549994700000000059e+01 7.954442999999999930e-01 3.681439999999999824e+00 2.573126880945469020e+04 4.477628877231687454e-03
3.175745455403966577e+00 8.885340597069161461e+00 1.232994421026275100e+00 3.797763038957824994e-02 4.499236835613387342e+01 1.549994700000000059e+01 7.954442999999999930e-01 3.681439999999999824e+00 2.573126880945469020e+04 4.477628877231687454e-03
3.175745455403966577e+00 8.885340464667271121e+00 1.232994439399323738e+00 3.797763038957824994e-02 4.499236835613387342e+01 1.549994700000000059e+01 7.954442999999999930e-01 3.681439999999999824e+00 2.573126880945469020e+04 4.477628877231687454e-03
3.175745455403966577e+00 8.885340464667271121e+00 1.232994421026275100e+00 3.797764529073944378e-02 4.499236835613387342e+01 1.549994700000000059e+01 7.954442999999999930e-01 3.681439999999999824e+00 2.573126880945469020e+04 4.477628877231687454e-03
3.175745455403966577e+00 8.885340464667271121e+00 1.232994421026275100e+00 3.797763038957824994e-02 4.499236902657240478e+01 1.549994700000000059e+01 7.954442999999999930e-01 3.681439999999999824e+00 2.573126880945469020e+04 4.477628877231687454e-03
3.175745455403966577e+00 8.885340464667271121e+00 1.232994421026275100e+00 3.797763038957824994e-02 4.499236835613387342e+01 1.549994700000000059e+01 7.954442999999999930e-01 3.681439999999999824e+00 2.573126919288047429e+04 4.477628877231687454e-03
3.175745455403966577e+00 8.885340464667271121e+00 1.232994421026275100e+00 3.797763038957824994e-02 4.499236835613387342e+01 1.549994700000000059e+01 7.954442999999999930e-01 3.681439999999999824e+00 2.573126880945469020e+04 4.477643778392881302e-03
3.175631064980300344e+00 8.885124283480694274e+00 1.233029563605860579e+00 2.799609810395464055e-02 4.500890305019725446e+01 1.549994700000000059e+01 7.954442999999999930e-01 3.681439999999999824e+00 2.573158647347853184e+04 4.477968232230049132e-03
3.175631112300890901e+00 8.885124283480694274e+00 1.233029563605860579e+00 2.799609810395464055e-02 4.500890305019725446e+01 1.549994700000000059e+01 7.954442999999999930e-01 3.681439999999999824e+00 2.573158647347853184e+04 4.477968232230049132e-03
3.175631064980300344e+00 8.885124415879364079e+00 1.233029563605860579e+00 2.799609810395464055e-02 4.500890305019725446e+01 1.549994700000000059e+01 7.954442999999999930e-01 3.681439999999999824e+00 2.573158647347853184e+04 4.477968232230049132e-03
3.175631064980300344e+00 8.885124283480694274e+00 1.233029581979432798e+00 2.799609810395464055e-02 4.500890305019725446e+01 1.549994700000000059e+01 7.954442999999999930e-01 3.681439999999999824e+00 2.573158647347853184e+04 4.477968232230049132e-03
3.175631064980300344e+00 8.885124283480694274e+00 1.233029563605860579e+00 2.799611300511583439e-02 4.500890305019725446e+01 1.549994700000000059e+01 7.954442999999999930e-01 3.681439999999999824e+00 2.573158647347853184e+04 4.477968232230049132e-03
3.175631064980300344e+00 8.885124283480694274e+00 1.233029563605860579e+00 2.799609810395464055e-02 4.500890372088217362e+01 1.549994700000000059e+01 7.954442999999999930e-01 3.681439999999999824e+00 2.573158647347853184e+04 4.477968232230049132e-03
3.175631064980300344e+00 8.885124283480694274e+00 1.233029563605860579e+00 2.799609810395464055e-02 4.500890305019725446e+01 1.549994700000000059e+01 7.954442999999999930e-01 3.681439999999999824e+00 2.573158685690904895e+04 4.477968232230049132e-03
3.175631064980300344e+00 8.885124283480694274e+00 1.233029563605860579e+00 2.799609810395464055e-02 4.500890305019725446e+01 1.549994700000000059e+01 7.954442999999999930e-01 3.681439999999999824e+00 2.573158647347853184e+04 4.477983133391242980e-03
3.175152712735191063e+00 8.883539740213670655e+00 1.233153775845898359e+00 8.874854980638380991e-03 4.508264283725469568e+01 1.549994700000000059e+01 7.954442999999999930e-01 3.681439999999999824e+00 2.573221970071965552e+04 4.478331447997362623e-03
3.175152760048653544e+00 8.883539740213670655e+00 1.233153775845898359e+00 8.874854980638380991e-03 4.508264283725469568e+01 1.549994700000000059e+01 7.954442999999999930e-01 3.681439999999999824e+00 2.573221970071965552e+04 4.478331447997362623e-03
3.175152712735191063e+00 8.883539872588729125e+00 1.233153775845898359e+00 8.874854980638380991e-03 4.508264283725469568e+01 1.549994700000000059e+01 7.954442999999999930e-01 3.681439999999999824e+00 2.573221970071965552e+04 4.478331447997362623e-03
3.175152712735191063e+00 8.883539740213670655e+00 1.233153794221321542e+00 8.874854980638380991e-03 4.508264283725469568e+01 1.549994700000000059e+01 7.954442999999999930e-01 3.681439999999999824e+00 2.573221970071965552e+04 4.478331447997362623e-03
3.175152712735191063e+00 8.883539740213670655e+00 1.233153775845898359e+00 8.874869881799574839e-03 4.508264283725469568e+01 1.549994700000000059e+01 7.954442999999999930e-01 3.681439999999999824e+00 2.573221970071965552e+04 4.478331447997362623e-03
3.175152712735191063e+00 8.883539740213670655e+00 1.233153775845898359e+00 8.874854980638380991e-03 4.508264350903842654e+01 1.549994700000000059e+01 7.954442999999999930e-01 3.681439999999999824e+00 2.573221970071965552e+04 4.478331447997362623e-03
3.175152712735191063e+00 8.883539740213670655e+00 1.233153775845898359e+00 8.874854980638380991e-03 4.508264283725469568e+01 1.549994700000000059e+01 7.954442999999999930e-01 3.681439999999999824e+00 2.573222008415960954e+04 4.478331447997362623e-03
3.175152712735191063e+00 8.883539740213670655e+00 1.233153775845898359e+00 8.874854980638380991e-03 4.508264283725469568e+01 1.549994700000000059e+01 7.954442999999999930e-01 3.681439999999999824e+00 2.573221970071965552e+04 4.478346349158556471e-03
3.175228998082989307e+00 8.883648927533307926e+00 1.233489721639093872e+00 1.000763012974321270e-03 4.508264635996197001e+01 1.549994700000000059e+01 7.954442999999999930e-01 3.681439999999999824e+00 2.573251561634213431e+04 4.478641617000506461e-03
3.175229045397588656e+00 8.883648927533307926e+00 1.233489721639093872e+00 1.000763012974321270e-03 4.508264635996197001e+01 1.549994700000000059e+01 7.954442999999999930e-01 3.681439999999999824e+00 2.573251561634213431e+04 4.478641617000506461e-03
3.175228998082989307e+00 8.883649059909991763e+00 1.233489721639093872e+00 1.000763012974321270e-03 4.508264635996197001e+01 1.549994700000000059e+01 7.954442999999999930e-01 3.681439999999999824e+00 2.573251561634213431e+04 4.478641617000506461e-03
3.175228998082989307e+00 8.883648927533307926e+00 1.233489740019523051e+00 1.000763012974321270e-03 4.508264635996197001e+01 1.549994700000000059e+01 7.954442999999999930e-01 3.681439999999999824e+00 2.573251561634213431e+04 4.478641617000506461e-03
3.175228998082989307e+00 8.883648927533307926e+00 1.233489721639093872e+00 1.000777914135515118e-03 4.508264635996197001e+01 1.549994700000000059e+01 7.954442999999999930e-01 3.681439999999999824e+00 2.573251561634213431e+04 4.478641617000506461e-03
3.175228998082989307e+00 8.883648927533307926e+00 1.233489721639093872e+00 1.000763012974321270e-03 4.508264703174575061e+01 1.549994700000000059e+01 7.954442999999999930e-01 3.681439999999999824e+00 2.573251561634213431e+04 4.478641617000506461e-03
3.175228998082989307e+00 8.883648927533307926e+00 1.233489721639093872e+00 1.000763012974321270e-03 4.508264635996197001e+01 1.549994700000000059e+01 7.954442999999999930e-01 3.681439999999999824e+00 2.573251599978649756e+04 4.478641617000506461e-03
3.175228998082989307e+00 8.883648927533307926e+00 1.233489721639093872e+00 1.000763012974321270e-03 4.508264635996197001e+01 1.549994700000000059e+01 7.954442999999999930e-01 3.681439999999999824e+00 2.573251561634213431e+04 4.478656518161700309e-03
3.175262488918984438e+00 8.883585412980913532e+00 1.233331175947262937e+00 6.322800717460776501e-04 4.508095491050109160e+01 1.549994700000000059e+01 7.954442999999999930e-01 3.681439999999999824e+00 2.573380266871111962e+04 4.479578066835489085e-03
3.175262536234082500e+00 8.883585412980913532e+00 1.233331175947262937e+00 6.322800717460776501e-04 4.508095491050109160e+01 1.549994700000000059e+01 7.954442999999999930e-01 3.681439999999999824e+00 2.573380266871111962e+04 4.479578066835489085e-03
3.175262488918984438e+00 8.883585545356652347e+00 1.233331175947262937e+00 6.322800717460776501e-04 4.508095491050109160e+01 1.549994700000000059e+01 7.954442999999999930e-01 3.681439999999999824e+00 2.573380266871111962e+04 4.479578066835489085e-03
3.175262488918984438e+00 8.883585412980913532e+00 1.233331194325329561e+00 6.322800717460776501e-04 4.508095491050109160e+01 1.549994700000000059e+01 7.954442999999999930e-01 3.681439999999999824e+00 2.573380266871111962e+04 4.479578066835489085e-03
3.175262488918984438e+00 8.883585412980913532e+00 1.233331175947262937e+00 6.322949729072714978e-04 4.508095491050109160e+01 1.549994700000000059e+01 7.954442999999999930e-01 3.681439999999999824e+00 2.573380266871111962e+04 4.479578066835489085e-03
3.175262488918984438e+00 8.883585412980913532e+00 1.233331175947262937e+00 6.322800717460776501e-04 4.508095558225966926e+01 1.549994700000000059e+01 7.954442999999999930e-01 3.681439999999999824e+00 2.573380266871111962e+04 4.479578066835489085e-03
3.175262488918984438e+00 8.883585412980913532e+00 1.233331175947262937e+00 6.322800717460776501e-04 4.508095491050109160e+01 1.549994700000000059e+01 7.954442999999999930e-01 3.681439999999999824e+00 2.573380305217466230e+04 4.479578066835489085e-03
3.175262488918984438e+00 8.883585412980913532e+00 1.233331175947262937e+00 6.322800717460776501e-04 4.508095491050109160e+01 1.549994700000000059e+01 7.954442999999999930e-01 3.681439999999999824e+00 2.573380266871111962e+04 4.479592967996682933e-03
3.175207945032579193e+00 8.882921725051609485e+00 1.233442384825567562e+00 6.995113268901933992e-05 4.508912221516980878e+01 1.549994700000000059e+01 7.954442999999999930e-01 3.681439999999999824e+00 2.573637678141489960e+04 4.480825189708583824e-03
3.175207992346864572e+00 8.882921725051609485e+00 1.233442384825567562e+00 6.995113268901933992e-05 4.508912221516980878e+01 1.549994700000000059e+01 7.954442999999999930e-01 3.681439999999999824e+00 2.573637678141489960e+04 4.480825189708583824e-03
3.175207945032579193e+00 8.882921857417457545e+00 1.233442384825567562e+00 6.995113268901933992e-05 4.508912221516980878e+01 1.549994700000000059e+01 7.954442999999999930e-01 3.681439999999999824e+00 2.573637678141489960e+04 4.480825189708583824e-03
3.175207945032579193e+00 8.882921725051609485e+00 1.233442403205291305e+00 6.995113268901933992e-05 4.508912221516980878e+01 1.549994700000000059e+01 7.954442999999999930e-01 3.681439999999999824e+00 2.573637678141489960e+04 4.480825189708583824e-03
3.175207945032579193e+00 8.882921725051609485e+00 1.233442384825567562e+00 6.996603385021318757e-05 4.508912221516980878e+01 1.549994700000000059e+01 7.954442999999999930e-01 3.681439999999999824e+00 2.573637678141489960e+04 4.480825189708583824e-03
3.175207945032579193e+00 8.882921725051609485e+00 1.233442384825567562e+00 6.995113268901933992e-05 4.508912288705008820e+01 1.549994700000000059e+01 7.954442999999999930e-01 3.681439999999999824e+00 2.573637678141489960e+04 4.480825189708583824e-03
3.175207945032579193e+00 8.882921725051609485e+00 1.233442384825567562e+00 6.995113268901933992e-05 4.508912221516980878e+01 1.549994700000000059e+01 7.954442999999999930e-01 3.681439999999999824e+00 2.573637716491679748e+04 4.480825189708583824e-03
3.175207945032579193e+00 8.882921725051609485e+00 1.233442384825567562e+00 6.995113268901933992e-05 4.508912221516980878e+01 1.549994700000000059e+01 7.954442999999999930e-01 3.681439999999999824e+00 2.573637678141489960e+04 4.480840090869777671e-03
3.175178906445105920e+00 8.881876375178119787e+00 1.233477970386359424e+00 2.353885607736876074e-05 4.509589392087308113e+01 1.549994700000000059e+01 7.954442999999999930e-01 3.681439999999999824e+00 2.574152519866032162e+04 4.483627365002465330e-03
3.175178953758958755e+00 8.881876375178119787e+00 1.233477970386359424e+00 2.353885607736876074e-05 4.509589392087308113e+01 1.549994700000000059e+01 7.954442999999999930e-01 3.681439999999999824e+00 2.574152519866032162e+04 4.483627365002465330e-03
3.175178906445105920e+00 8.881876507528390974e+00 1.233477970386359424e+00 2.353885607736876074e-05 4.509589392087308113e+01 1.549994700000000059e+01 7.954442999999999930e-01 3.681439999999999824e+00 2.574152519866032162e+04 4.483627365002465330e-03
3.175178906445105920e+00 8.881876375178119787e+00 1.233477988766613409e+00 2.353885607736876074e-05 4.509589392087308113e+01 1.549994700000000059e+01 7.954442999999999930e-01 3.681439999999999824e+00 2.574152519866032162e+04 4.483627365002465330e-03
3.175178906445105920e+00 8.881876375178119787e+00 1.233477970386359424e+00 2.355375723856260840e-05 4.509589392087308113e+01 1.549994700000000059e+01 7.954442999999999930e-01 3.681439999999999824e+00 2.574152519866032162e+04 4.483627365002465330e-03
3.175178906445105920e+00 8.881876375178119787e+00 1.233477970386359424e+00 2.353885607736876074e-05 4.509589459285426472e+01 1.549994700000000059e+01 7.954442999999999930e-01 3.681439999999999824e+00 2.574152519866032162e+04 4.483627365002465330e-03
3.175178906445105920e+00 8.881876375178119787e+00 1.233477970386359424e+00 2.353885607736876074e-05 4.509589392087308113e+01 1.549994700000000059e+01 7.954442999999999930e-01 3.681439999999999824e+00 2.574152558223893720e+04 4.483627365002465330e-03
3.175178906445105920e+00 8.881876375178119787e+00 1.233477970386359424e+00 2.353885607736876074e-05 4.509589392087308113e+01 1.549994700000000059e+01 7.954442999999999930e-01 3.681439999999999824e+00 2.574152519866032162e+04 4.483642266163659178e-03
3.179521940710245964e+00 8.890398274640869403e+00 1.233662616769366949e+00 3.401350350498842954e-06 4.463831981809625660e+01 1.549994700000000059e+01 7.954442999999999930e-01 3.681439999999999824e+00 2.575181186545738092e+04 4.489101788647123850e-03
3.176373493355952871e+00 8.884303898167605240e+00 1.233519366019830699e+00 3.406413691765825268e-06 4.497068889014548887e+01 1.549994700000000059e+01 7.954442999999999930e-01 3.681439999999999824e+00 2.574409635844700460e+04 4.485059298980405978e-03
3.175492560060992453e+00 8.882554630560250075e+00 1.233483553316314651e+00 3.326902990552748620e-06 4.506381742125297052e+01 1.549994700000000059e+01 7.954442999999999930e-01 3.681439999999999824e+00 2.574216793770840377e+04 4.484049547788790391e-03
3.175265523967474746e+00 8.882100967182944729e+00 1.233474595593847978e+00 2.993092577030185555e-06 4.508782730770096236e+01 1.549994700000000059e+01 7.954442999999999930e-01 3.681439999999999824e+00 2.574168582859682647e+04 4.483797166340209271e-03
3.175265571282618104e+00 8.882100967182944729e+00 1.233474595593847978e+00 2.993092577030185555e-06 4.508782730770096236e+01 1.549994700000000059e+01 7.954442999999999930e-01 3.681439999999999824e+00 2.574168582859682647e+04 4.483797166340209271e-03
3.175265523967474746e+00 8.882101099536562572e+00 1.233474595593847978e+00 2.993092577030185555e-06 4.508782730770096236e+01 1.549994700000000059e+01 7.954442999999999930e-01 3.681439999999999824e+00 2.574168582859682647e+04 4.483797166340209271e-03
3.175265523967474746e+00 8.882100967182944729e+00 1.233474613974051781e+00 2.993092577030185555e-06 4.508782730770096236e+01 1.549994700000000059e+01 7.954442999999999930e-01 3.681439999999999824e+00 2.574168582859682647e+04 4.483797166340209271e-03
3.175265523967474746e+00 8.882100967182944729e+00 1.233474595593847978e+00 3.007993738224033211e-06 4.508782730770096236e+01 1.549994700000000059e+01 7.954442999999999930e-01 3.681439999999999824e+00 2.574168582859682647e+04 4.483797166340209271e-03
3.175265523967474746e+00 8.882100967182944729e+00 1.233474595593847978e+00 2.993092577030185555e-06 4.508782797956194344e+01 1.549994700000000059e+01 7.954442999999999930e-01 3.681439999999999824e+00 2.574168582859682647e+04 4.483797166340209271e-03
3.175265523967474746e+00 8.882100967182944729e+00 1.233474595593847978e+00 2.993092577030185555e-06 4.508782730770096236e+01 1.549994700000000059e+01 7.954442999999999930e-01 3.681439999999999824e+00 2.574168621217783584e+04 4.483797166340209271e-03
3.175265523967474746e+00 8.882100967182944729e+00 1.233474595593847978e+00 2.993092577030185555e-06 4.508782730770096236e+01 1.549994700000000059e+01 7.954442999999999930e-01 3.681439999999999824e+00 2.574168582859682647e+04 4.483812067501403119e-03
3.175290276745210694e+00 8.882165544227207832e+00 1.233483110012037809e+00 8.120341790743157241e-07 4.508285058976302651e+01 1.549994700000000059e+01 7.954442999999999930e-01 3.681439999999999824e+00 2.574184671007533325e+04 4.483854438706256010e-03
3.175290324060723091e+00 8.882165544227207832e+00 1.233483110012037809e+00 8.120341790743157241e-07 4.508285058976302651e+01 1.549994700000000059e+01 7.954442999999999930e-01 3.681439999999999824e+00 2.574184671007533325e+04 4.483854438706256010e-03
3.175290276745210694e+00 8.882165676581788460e+00 1.233483110012037809e+00 8.120341790743157241e-07 4.508285058976302651e+01 1.549994700000000059e+01 7.954442999999999930e-01 3.681439999999999824e+00 2.574184671007533325e+04 4.483854438706256010e-03
3.175290276745210694e+00 8.882165544227207832e+00 1.233483128392368400e+00 8.120341790743157241e-07 4.508285058976302651e+01 1.549994700000000059e+01 7.954442999999999930e-01 3.681439999999999824e+00 2.574184671007533325e+04 4.483854438706256010e-03
3.175290276745210694e+00 8.882165544227207832e+00 1.233483110012037809e+00 8.269353402681633804e-07 4.508285058976302651e+01 1.549994700000000059e+01 7.954442999999999930e-01 3.681439999999999824e+00 2.574184671007533325e+04 4.483854438706256010e-03
3.175290276745210694e+00 8.882165544227207832e+00 1.233483110012037809e+00 8.120341790743157241e-07 4.508285126154984823e+01 1.549994700000000059e+01 7.954442999999999930e-01 3.681439999999999824e+00 2.574184671007533325e+04 4.483854438706256010e-03
3.175290276745210694e+00 8.882165544227207832e+00 1.233483110012037809e+00 8.120341790743157241e-07 4.508285058976302651e+01 1.549994700000000059e+01 7.954442999999999930e-01 3.681439999999999824e+00 2.574184709365874005e+04 4.483854438706256010e-03
3.175290276745210694e+00 8.882165544227207832e+00 1.233483110012037809e+00 8.120341790743157241e-07 4.508285058976302651e+01 1.549994700000000059e+01 7.954442999999999930e-01 3.681439999999999824e+00 2.574184671007533325e+04 4.483869339867449857e-03
3.175634411887201747e+00 8.882885361588421347e+00 1.233482495136450918e+00 2.485039503500968922e-10 4.504661686644024599e+01 1.549994700000000059e+01 7.954442999999999930e-01 3.681439999999999824e+00 2.574216643824393759e+04 4.484050277109213889e-03
3.175378909355893065e+00 8.882356848123452053e+00 1.233478046378781556e+00 9.295232000079752807e-09 4.507379202233612858e+01 1.549994700000000059e+01 7.954442999999999930e-01 3.681439999999999824e+00 2.574192663744927268e+04 4.483924201491166009e-03
3.175315014141045111e+00 8.882224676183104961e+00 1.233476933617065674e+00 4.367193793976553728e-08 4.508058785255000345e+01 1.549994700000000059e+01 7.954442999999999930e-01 3.681439999999999824e+00 2.574186667516877787e+04 4.483892670954903355e-03
3.175315061456926102e+00 8.882224676183104961e+00 1.233476933617065674e+00 4.367193793976553728e-08 4.508058785255000345e+01 1.549994700000000059e+01 7.954442999999999930e-01 3.681439999999999824e+00 2.574186667516877787e+04 4.483892670954903355e-03
3.175315014141045111e+00 8.882224808538566663e+00 1.233476933617065674e+00 4.367193793976553728e-08 4.508058785255000345e+01 1.549994700000000059e+01 7.954442999999999930e-01 3.681439999999999824e+00 2.574186667516877787e+04 4.483892670954903355e-03
3.175315014141045111e+00 8.882224676183104961e+00 1.233476951997304338e+00 4.367193793976553728e-08 4.508058785255000345e+01 1.549994700000000059e+01 7.954442999999999930e-01 3.681439999999999824e+00 2.574186667516877787e+04 4.483892670954903355e-03
3.175315014141045111e+00 8.882224676183104961e+00 1.233476933617065674e+00 5.857309913361319353e-08 4.508058785255000345e+01 1.549994700000000059e+01 7.954442999999999930e-01 3.681439999999999824e+00 2.574186667516877787e+04 4.483892670954903355e-03
3.175315014141045111e+00 8.882224676183104961e+00 1.233476933617065674e+00 4.367193793976553728e-08 4.508058852430310992e+01 1.549994700000000059e+01 7.954442999999999930e-01 3.681439999999999824e+00 2.574186667516877787e+04 4.483892670954903355e-03
3.175315014141045111e+00 8.882224676183104961e+00 1.233476933617065674e+00 4.367193793976553728e-08 4.508058785255000345e+01 1.549994700000000059e+01 7.954442999999999930e-01 3.681439999999999824e+00 2.574186705875248299e+04 4.483892670954903355e-03
3.175315014141045111e+00 8.882224676183104961e+00 1.233476933617065674e+00 4.367193793976553728e-08 4.508058785255000345e+01 1.549994700000000059e+01 7.954442999999999930e-01 3.681439999999999824e+00 2.574186667516877787e+04 4.483907572116097202e-03
3.175557149142977487e+00 8.882971827146439736e+00 1.233476850633953736e+00 6.520746244480298520e-09 4.504777778050372206e+01 1.549994700000000059e+01 7.954442999999999930e-01 3.681439999999999824e+00 2.574188616786586499e+04 4.483919204970500914e-03
3.175406478915297814e+00 8.882520420645517945e+00 1.233476534334360997e+00 1.185431569910823761e-08 4.506790111931695719e+01 1.549994700000000059e+01 7.954442999999999930e-01 3.681439999999999824e+00 2.574187132217740873e+04 4.483909616085573514e-03
3.175338509215496430e+00 8.882315949712031866e+00 1.233476455439958874e+00 2.363237815335975294e-08 4.507698035267502235e+01 1.549994700000000059e+01 7.954442999999999930e-01 3.681439999999999824e+00 2.574186780366778112e+04 4.483906491533979494e-03
3.175338556531727363e+00 8.882315949712031866e+00 1.233476455439958874e+00 2.363237815335975294e-08 4.507698035267502235e+01 1.549994700000000059e+01 7.954442999999999930e-01 3.681439999999999824e+00 2.574186780366778112e+04 4.483906491533979494e-03
3.175338509215496430e+00 8.882316082068854257e+00 1.233476455439958874e+00 2.363237815335975294e-08 4.507698035267502235e+01 1.549994700000000059e+01 7.954442999999999930e-01 3.681439999999999824e+00 2.574186780366778112e+04 4.483906491533979494e-03
3.175338509215496430e+00 8.882315949712031866e+00 1.233476473820190433e+00 2.363237815335975294e-08 4.507698035267502235e+01 1.549994700000000059e+01 7.954442999999999930e-01 3.681439999999999824e+00 2.574186780366778112e+04 4.483906491533979494e-03
3.175338509215496430e+00 8.882315949712031866e+00 1.233476455439958874e+00 3.853353934720740919e-08 4.507698035267502235e+01 1.549994700000000059e+01 7.954442999999999930e-01 3.681439999999999824e+00 2.574186780366778112e+04 4.483906491533979494e-03
3.175338509215496430e+00 8.882315949712031866e+00 1.233476455439958874e+00 2.363237815335975294e-08 4.507698102437437626e+01 1.549994700000000059e+01 7.954442999999999930e-01 3.681439999999999824e+00 2.574186780366778112e+04 4.483906491533979494e-03
3.175338509215496430e+00 8.882315949712031866e+00 1.233476455439958874e+00 2.363237815335975294e-08 4.507698035267502235e+01 1.549994700000000059e+01 7.954442999999999930e-01 3.681439999999999824e+00 2.574186818725150442e+04 4.483906491533979494e-03
3.175338509215496430e+00 8.882315949712031866e+00 1.233476455439958874e+00 2.363237815335975294e-08 4.507698035267502235e+01 1.549994700000000059e+01 7.954442999999999930e-01 3.681439999999999824e+00 2.574186780366778112e+04 4.483921392695173341e-03
3.175338176404507440e+00 8.882299382949215172e+00 1.233477118028440511e+00 7.233852945249467730e-09 4.507717488779541526e+01 1.549994700000000059e+01 7.954442999999999930e-01 3.681439999999999824e+00 2.574187030772930302e+04 4.483887542853487625e-03
3.175338223720733488e+00 8.882299382949215172e+00 1.233477118028440511e+00 7.233852945249467730e-09 4.507717488779541526e+01 1.549994700000000059e+01 7.954442999999999930e-01 3.681439999999999824e+00 2.574187030772930302e+04 4.483887542853487625e-03
3.175338176404507440e+00 8.882299515305790649e+00 1.233477118028440511e+00 7.233852945249467730e-09 4.507717488779541526e+01 1.549994700000000059e+01 7.954442999999999930e-01 3.681439999999999824e+00 2.574187030772930302e+04 4.483887542853487625e-03
3.175338176404507440e+00 8.882299382949215172e+00 1.233477136408681840e+00 7.233852945249467730e-09 4.507717488779541526e+01 1.549994700000000059e+01 7.954442999999999930e-01 3.681439999999999824e+00 2.574187030772930302e+04 4.483887542853487625e-03
3.175338176404507440e+00 8.882299382949215172e+00 1.233477118028440511e+00 2.213501413909712398e-08 4.507717488779541526e+01 1.549994700000000059e+01 7.954442999999999930e-01 3.681439999999999824e+00 2.574187030772930302e+04 4.483887542853487625e-03
3.175338176404507440e+00 8.882299382949215172e+00 1.233477118028440511e+00 7.233852945249467730e-09 4.507717555949766108e+01 1.549994700000000059e+01 7.954442999999999930e-01 3.681439999999999824e+00 2.574187030772930302e+04 4.483887542853487625e-03
3.175338176404507440e+00 8.882299382949215172e+00 1.233477118028440511e+00 7.233852945249467730e-09 4.507717488779541526e+01 1.549994700000000059e+01 7.954442999999999930e-01 3.681439999999999824e+00 2.574187069131306271e+04 4.483887542853487625e-03
3.175338176404507440e+00 8.882299382949215172e+00 1.233477118028440511e+00 7.233852945249467730e-09 4.507717488779541526e+01 1.549994700000000059e+01 7.954442999999999930e-01 3.681439999999999824e+00 2.574187030772930302e+04 4.483902444014681472e-03
3.175343159924798098e+00 8.882307756017588929e+00 1.233477962210511869e+00 2.359386749904788053e-09 4.507658143155765629e+01 1.549994700000000059e+01 7.954442999999999930e-01 3.681439999999999824e+00 2.574187533437207094e+04 4.483885630269554383e-03
3.175343207241098309e+00 8.882307756017588929e+00 1.233477962210511869e+00 2.359386749904788053e-09 4.507658143155765629e+01 1.549994700000000059e+01 7.954442999999999930e-01 3.681439999999999824e+00 2.574187533437207094e+04 4.483885630269554383e-03
3.175343159924798098e+00 8.882307888374288751e+00 1.233477962210511869e+00 2.359386749904788053e-09 4.507658143155765629e+01 1.549994700000000059e+01 7.954442999999999930e-01 3.681439999999999824e+00 2.574187533437207094e+04 4.483885630269554383e-03
3.175343159924798098e+00 8.882307756017588929e+00 1.233477980590765855e+00 2.359386749904788053e-09 4.507658143155765629e+01 1.549994700000000059e+01 7.954442999999999930e-01 3.681439999999999824e+00 2.574187533437207094e+04 4.483885630269554383e-03
3.175343159924798098e+00 8.882307756017588929e+00 1.233477962210511869e+00 1.726054794375244596e-08 4.507658143155765629e+01 1.549994700000000059e+01 7.954442999999999930e-01 3.681439999999999824e+00 2.574187533437207094e+04 4.483885630269554383e-03
3.175343159924798098e+00 8.882307756017588929e+00 1.233477962210511869e+00 2.359386749904788053e-09 4.507658210325106296e+01 1.549994700000000059e+01 7.954442999999999930e-01 3.681439999999999824e+00 2.574187533437207094e+04 4.483885630269554383e-03
3.175343159924798098e+00 8.882307756017588929e+00 1.233477962210511869e+00 2.359386749904788053e-09 4.507658143155765629e+01 1.549994700000000059e+01 7.954442999999999930e-01 3.681439999999999824e+00 2.574187571795590338e+04 4.483885630269554383e-03
3.175343159924798098e+00 8.882307756017588929e+00 1.233477962210511869e+00 2.359386749904788053e-09 4.507658143155765629e+01 1.549994700000000059e+01 7.954442999999999930e-01 3.681439999999999824e+00 2.574187533437207094e+04 4.483900531430748231e-03
3.175262233434621439e+00 8.882080730338305585e+00 1.233478072700551875e+00 2.931082184852904011e-10 4.508732849235939000e+01 1.549994700000000059e+01 7.954442999999999930e-01 3.681439999999999824e+00 2.574188525886455318e+04 4.483923287842075597e-03
3.175321109806447772e+00 8.882259211453698455e+00 1.233477941739970829e+00 7.930936658976254726e-10 4.507945896150513931e+01 1.549994700000000059e+01 7.954442999999999930e-01 3.681439999999999824e+00 2.574187781072777580e+04 4.483919087435295388e-03
3.175321157122419358e+00 8.882259211453698455e+00 1.233477941739970829e+00 7.930936658976254726e-10 4.507945896150513931e+01 1.549994700000000059e+01 7.954442999999999930e-01 3.681439999999999824e+00 2.574187781072777580e+04 4.483919087435295388e-03
3.175321109806447772e+00 8.882259343809675300e+00 1.233477941739970829e+00 7.930936658976254726e-10 4.507945896150513931e+01 1.549994700000000059e+01 7.954442999999999930e-01 3.681439999999999824e+00 2.574187781072777580e+04 4.483919087435295388e-03
3.175321109806447772e+00 8.882259211453698455e+00 1.233477960120224370e+00 7.930936658976254726e-10 4.507945896150513931e+01 1.549994700000000059e+01 7.954442999999999930e-01 3.681439999999999824e+00 2.574187781072777580e+04 4.483919087435295388e-03
3.175321109806447772e+00 8.882259211453698455e+00 1.233477941739970829e+00 1.569425485974528028e-08 4.507945896150513931e+01 1.549994700000000059e+01 7.954442999999999930e-01 3.681439999999999824e+00 2.574187781072777580e+04 4.483919087435295388e-03
3.175321109806447772e+00 8.882259211453698455e+00 1.233477941739970829e+00 7.930936658976254726e-10 4.507945963324142724e+01 1.549994700000000059e+01 7.954442999999999930e-01 3.681439999999999824e+00 2.574187781072777580e+04 4.483919087435295388e-03
3.175321109806447772e+00 8.882259211453698455e+00 1.233477941739970829e+00 7.930936658976254726e-10 4.507945896150513931e+01 1.549994700000000059e+01 7.954442999999999930e-01 3.681439999999999824e+00 2.574187819431164826e+04 4.483919087435295388e-03
3.175321109806447772e+00 8.882259211453698455e+00 1.233477941739970829e+00 7.930936658976254726e-10 4.507945896150513931e+01 1.549994700000000059e+01 7.954442999999999930e-01 3.681439999999999824e+00 2.574187781072777580e+04 4.483933988596489235e-03
3.175338398755026326e+00 8.882299775341900627e+00 1.233478599011352816e+00 2.720115162611181160e-10 4.507693390901012265e+01 1.549994700000000059e+01 7.954442999999999930e-01 3.681439999999999824e+00 2.574188029589566577e+04 4.483888269721523871e-03
3.175338446071255483e+00 8.882299775341900627e+00 1.233478599011352816e+00 2.720115162611181160e-10 4.507693390901012265e+01 1.549994700000000059e+01 7.954442999999999930e-01 3.681439999999999824e+00 2.574188029589566577e+04 4.483888269721523871e-03
3.175338398755026326e+00 8.882299907698481434e+00 1.233478599011352816e+00 2.720115162611181160e-10 4.507693390901012265e+01 1.549994700000000059e+01 7.954442999999999930e-01 3.681439999999999824e+00 2.574188029589566577e+04 4.483888269721523871e-03
3.175338398755026326e+00 8.882299775341900627e+00 1.233478617391616350e+00 2.720115162611181160e-10 4.507693390901012265e+01 1.549994700000000059e+01 7.954442999999999930e-01 3.681439999999999824e+00 2.574188029589566577e+04 4.483888269721523871e-03
3.175338398755026326e+00 8.882299775341900627e+00 1.233478599011352816e+00 1.517317271010877581e-08 4.507693390901012265e+01 1.549994700000000059e+01 7.954442999999999930e-01 3.681439999999999824e+00 2.574188029589566577e+04 4.483888269721523871e-03
3.175338398755026326e+00 8.882299775341900627e+00 1.233478599011352816e+00 2.720115162611181160e-10 4.507693458070878023e+01 1.549994700000000059e+01 7.954442999999999930e-01 3.681439999999999824e+00 2.574188029589566577e+04 4.483888269721523871e-03
3.175338398755026326e+00 8.882299775341900627e+00 1.233478599011352816e+00 2.720115162611181160e-10 4.507693390901012265e+01 1.549994700000000059e+01 7.954442999999999930e-01 3.681439999999999824e+00 2.574188067947957461e+04 4.483888269721523871e-03
3.175338398755026326e+00 8.882299775341900627e+00 1.233478599011352816e+00 2.720115162611181160e-10 4.507693390901012265e+01 1.549994700000000059e+01 7.954442999999999930e-01 3.681439999999999824e+00 2.574188029589566577e+04 4.483903170882717719e-03
3.175340825057033189e+00 8.882303625108159295e+00 1.233477497273832713e+00 8.415415856357234043e-11 4.507680828398719086e+01 1.549994700000000059e+01 7.954442999999999930e-01 3.681439999999999824e+00 2.574188280660438249e+04 4.483890963910130457e-03
3.175340872373298762e+00 8.882303625108159295e+00 1.233477497273832713e+00 8.415415856357234043e-11 4.507680828398719086e+01 1.549994700000000059e+01 7.954442999999999930e-01 3.681439999999999824e+00 2.574188280660438249e+04 4.483890963910130457e-03
3.175340825057033189e+00 8.882303757464796945e+00 1.233477497273832713e+00 8.415415856357234043e-11 4.507680828398719086e+01 1.549994700000000059e+01 7.954442999999999930e-01 3.681439999999999824e+00 2.574188280660438249e+04 4.483890963910130457e-03
3.175340825057033189e+00 8.882303625108159295e+00 1.233477515654079815e+00 8.415415856357234043e-11 4.507680828398719086e+01 1.549994700000000059e+01 7.954442999999999930e-01 3.681439999999999824e+00 2.574188280660438249e+04 4.483890963910130457e-03
3.175340825057033189e+00 8.882303625108159295e+00 1.233477497273832713e+00 1.498531535241123012e-08 4.507680828398719086e+01 1.549994700000000059e+01 7.954442999999999930e-01 3.681439999999999824e+00 2.574188280660438249e+04 4.483890963910130457e-03
3.175340825057033189e+00 8.882303625108159295e+00 1.233477497273832713e+00 8.415415856357234043e-11 4.507680895568397972e+01 1.549994700000000059e+01 7.954442999999999930e-01 3.681439999999999824e+00 2.574188280660438249e+04 4.483890963910130457e-03
3.175340825057033189e+00 8.882303625108159295e+00 1.233477497273832713e+00 8.415415856357234043e-11 4.507680828398719086e+01 1.549994700000000059e+01 7.954442999999999930e-01 3.681439999999999824e+00 2.574188319018832772e+04 4.483890963910130457e-03
3.175340825057033189e+00 8.882303625108159295e+00 1.233477497273832713e+00 8.415415856357234043e-11 4.507680828398719086e+01 1.549994700000000059e+01 7.954442999999999930e-01 3.681439999999999824e+00 2.574188280660438249e+04 4.483905865071324305e-03
3.175339302736183811e+00 8.882299949484965040e+00 1.233478608932046194e+00 2.715286382192348192e-11 4.507693015697029892e+01 1.549994700000000059e+01 7.954442999999999930e-01 3.681439999999999824e+00 2.574188783287705519e+04 4.483896197027308766e-03
3.175339350052426735e+00 8.882299949484965040e+00 1.233478608932046194e+00 2.715286382192348192e-11 4.507693015697029892e+01 1.549994700000000059e+01 7.954442999999999930e-01 3.681439999999999824e+00 2.574188783287705519e+04 4.483896197027308766e-03
3.175339302736183811e+00 8.882300081841547623e+00 1.233478608932046194e+00 2.715286382192348192e-11 4.507693015697029892e+01 1.549994700000000059e+01 7.954442999999999930e-01 3.681439999999999824e+00 2.574188783287705519e+04 4.483896197027308766e-03
3.175339302736183811e+00 8.882299949484965040e+00 1.233478627312309728e+00 2.715286382192348192e-11 4.507693015697029892e+01 1.549994700000000059e+01 7.954442999999999930e-01 3.681439999999999824e+00 2.574188783287705519e+04 4.483896197027308766e-03
3.175339302736183811e+00 8.882299949484965040e+00 1.233478608932046194e+00 1.492831405766958035e-08 4.507693015697029892e+01 1.549994700000000059e+01 7.954442999999999930e-01 3.681439999999999824e+00 2.574188783287705519e+04 4.483896197027308766e-03
3.175339302736183811e+00 8.882299949484965040e+00 1.233478608932046194e+00 2.715286382192348192e-11 4.507693082866889966e+01 1.549994700000000059e+01 7.954442999999999930e-01 3.681439999999999824e+00 2.574188783287705519e+04 4.483896197027308766e-03
3.175339302736183811e+00 8.882299949484965040e+00 1.233478608932046194e+00 2.715286382192348192e-11 4.507693015697029892e+01 1.549994700000000059e+01 7.954442999999999930e-01 3.681439999999999824e+00 2.574188821646107681e+04 4.483896197027308766e-03
3.175339302736183811e+00 8.882299949484965040e+00 1.233478608932046194e+00 2.715286382192348192e-11 4.507693015697029892e+01 1.549994700000000059e+01 7.954442999999999930e-01 3.681439999999999824e+00 2.574188783287705519e+04 4.483911098188502614e-03
3.175336637651469562e+00 8.882296385067695255e+00 1.233479497300304040e+00 5.113463658087296372e-12 4.507729765865398264e+01 1.549994700000000059e+01 7.954442999999999930e-01 3.681439999999999824e+00 2.574189788166653307e+04 4.483916282703316603e-03
3.175336684967672518e+00 8.882296385067695255e+00 1.233479497300304040e+00 5.113463658087296372e-12 4.507729765865398264e+01 1.549994700000000059e+01 7.954442999999999930e-01 3.681439999999999824e+00 2.574189788166653307e+04 4.483916282703316603e-03
3.175336637651469562e+00 8.882296517424226323e+00 1.233479497300304040e+00 5.113463658087296372e-12 4.507729765865398264e+01 1.549994700000000059e+01 7.954442999999999930e-01 3.681439999999999824e+00 2.574189788166653307e+04 4.483916282703316603e-03
3.175336637651469562e+00 8.882296385067695255e+00 1.233479515680580896e+00 5.113463658087296372e-12 4.507729765865398264e+01 1.549994700000000059e+01 7.954442999999999930e-01 3.681439999999999824e+00 2.574189788166653307e+04 4.483916282703316603e-03
3.175336637651469562e+00 8.882296385067695255e+00 1.233479497300304040e+00 1.490627465750574454e-08 4.507729765865398264e+01 1.549994700000000059e+01 7.954442999999999930e-01 3.681439999999999824e+00 2.574189788166653307e+04 4.483916282703316603e-03
3.175336637651469562e+00 8.882296385067695255e+00 1.233479497300304040e+00 5.113463658087296372e-12 4.507729833035806166e+01 1.549994700000000059e+01 7.954442999999999930e-01 3.681439999999999824e+00 2.574189788166653307e+04 4.483916282703316603e-03
3.175336637651469562e+00 8.882296385067695255e+00 1.233479497300304040e+00 5.113463658087296372e-12 4.507729765865398264e+01 1.549994700000000059e+01 7.954442999999999930e-01 3.681439999999999824e+00 2.574189826525070384e+04 4.483916282703316603e-03
3.175336637651469562e+00 8.882296385067695255e+00 1.233479497300304040e+00 5.113463658087296372e-12 4.507729765865398264e+01 1.549994700000000059e+01 7.954442999999999930e-01 3.681439999999999824e+00 2.574189788166653307e+04 4.483931183864510450e-03
3.175462291099557355e+00 8.882589387611531606e+00 1.233478279608059669e+00 5.615842193222283693e-13 4.506394488353849681e+01 1.549994700000000059e+01 7.954442999999999930e-01 3.681439999999999824e+00 2.574191789183490255e+04 4.483914017011857503e-03
3.175369363315517557e+00 8.882368552457226230e+00 1.233477998113696295e+00 1.663055643303358107e-12 4.507386750378905305e+01 1.549994700000000059e+01 7.954442999999999930e-01 3.681439999999999824e+00 2.574190288284105918e+04 4.483906160108863843e-03
3.175345354155776345e+00 8.882311558999891332e+00 1.233477926122331647e+00 3.360157047816665261e-12 4.507643140614243293e+01 1.549994700000000059e+01 7.954442999999999930e-01 3.681439999999999824e+00 2.574189913186292324e+04 4.483904377674595085e-03
3.175339304541803909e+00 8.882297505332877208e+00 1.233477902531187276e+00 4.522650662347220285e-12 4.507707809196930526e+01 1.549994700000000059e+01 7.954442999999999930e-01 3.681439999999999824e+00 2.574189819418581465e+04 4.483904576422413635e-03
3.175339351858046832e+00 8.882297505332877208e+00 1.233477902531187276e+00 4.522650662347220285e-12 4.507707809196930526e+01 1.549994700000000059e+01 7.954442999999999930e-01 3.681439999999999824e+00 2.574189819418581465e+04 4.483904576422413635e-03
3.175339304541803909e+00 8.882297637689424263e+00 1.233477902531187276e+00 4.522650662347220285e-12 4.507707809196930526e+01 1.549994700000000059e+01 7.954442999999999930e-01 3.681439999999999824e+00 2.574189819418581465e+04 4.483904576422413635e-03
3.175339304541803909e+00 8.882297505332877208e+00 1.233477920911440373e+00 4.522650662347220285e-12 4.507707809196930526e+01 1.549994700000000059e+01 7.954442999999999930e-01 3.681439999999999824e+00 2.574189819418581465e+04 4.483904576422413635e-03
3.175339304541803909e+00 8.882297505332877208e+00 1.233477902531187276e+00 1.490568384451000284e-08 4.507707809196930526e+01 1.549994700000000059e+01 7.954442999999999930e-01 3.681439999999999824e+00 2.574189819418581465e+04 4.483904576422413635e-03
3.175339304541803909e+00 8.882297505332877208e+00 1.233477902531187276e+00 4.522650662347220285e-12 4.507707876367010869e+01 1.549994700000000059e+01 7.954442999999999930e-01 3.681439999999999824e+00 2.574189819418581465e+04 4.483904576422413635e-03
3.175339304541803909e+00 8.882297505332877208e+00 1.233477902531187276e+00 4.522650662347220285e-12 4.507707809196930526e+01 1.549994700000000059e+01 7.954442999999999930e-01 3.681439999999999824e+00 2.574189857776998906e+04 4.483904576422413635e-03
3.175339304541803909e+00 8.882297505332877208e+00 1.233477902531187276e+00 4.522650662347220285e-12 4.507707809196930526e+01 1.549994700000000059e+01 7.954442999999999930e-01 3.681439999999999824e+00 2.574189819418581465e+04 4.483919477583607482e-03
