3.303662000000000099e+00 1.054415000000000013e+01 2.926740999999999815e+00 1.671997199999999850e+01 3.571733999999999742e-01 1.530525399999999969e+01 7.001581000000000055e-01 3.097326999999999941e+00 3.016286899999999878e+04 3.253563999999999901e+00 8.825920999999999239e+00 1.059549999999999992e+00 1.834474000000000160e+01 2.191357299999999952e+01 1.500000000000000000e+01 7.234983000000000386e-01 3.013116999999999823e+00 1.906309500000000116e+04 0.000000000000000000e+00
3.303662049228400122e+00 1.054415000000000013e+01 2.926740999999999815e+00 1.671997199999999850e+01 3.571733999999999742e-01 1.530525399999999969e+01 7.001581000000000055e-01 3.097326999999999941e+00 3.016286899999999878e+04 3.253563999999999901e+00 8.825920999999999239e+00 1.059549999999999992e+00 1.834474000000000160e+01 2.191357299999999952e+01 1.500000000000000000e+01 7.234983000000000386e-01 3.013116999999999823e+00 1.906309500000000116e+04 0.000000000000000000e+00
3.303662000000000099e+00 1.054415015712007886e+01 2.926740999999999815e+00 1.671997199999999850e+01 3.571733999999999742e-01 1.530525399999999969e+01 7.001581000000000055e-01 3.097326999999999941e+00 3.016286899999999878e+04 3.253563999999999901e+00 8.825920999999999239e+00 1.059549999999999992e+00 1.834474000000000160e+01 2.191357299999999952e+01 1.500000000000000000e+01 7.234983000000000386e-01 3.013116999999999823e+00 1.906309500000000116e+04 0.000000000000000000e+00
3.303662000000000099e+00 1.054415000000000013e+01 2.926741043611839288e+00 1.671997199999999850e+01 3.571733999999999742e-01 1.530525399999999969e+01 7.001581000000000055e-01 3.097326999999999941e+00 3.016286899999999878e+04 3.253563999999999901e+00 8.825920999999999239e+00 1.059549999999999992e+00 1.834474000000000160e+01 2.191357299999999952e+01 1.500000000000000000e+01 7.234983000000000386e-01 3.013116999999999823e+00 1.906309500000000116e+04 0.000000000000000000e+00
3.303662000000000099e+00 1.054415000000000013e+01 2.926740999999999815e+00 1.671997224914699487e+01 3.571733999999999742e-01 1.530525399999999969e+01 7.001581000000000055e-01 3.097326999999999941e+00 3.016286899999999878e+04 3.253563999999999901e+00 8.825920999999999239e+00 1.059549999999999992e+00 1.834474000000000160e+01 2.191357299999999952e+01 1.500000000000000000e+01 7.234983000000000386e-01 3.013116999999999823e+00 1.906309500000000116e+04 0.000000000000000000e+00
3.303662000000000099e+00 1.054415000000000013e+01 2.926740999999999815e+00 1.671997199999999850e+01 3.571734149011611681e-01 1.530525399999999969e+01 7.001581000000000055e-01 3.097326999999999941e+00 3.016286899999999878e+04 3.253563999999999901e+00 8.825920999999999239e+00 1.059549999999999992e+00 1.834474000000000160e+01 2.191357299999999952e+01 1.500000000000000000e+01 7.234983000000000386e-01 3.013116999999999823e+00 1.906309500000000116e+04 0.000000000000000000e+00
3.303662000000000099e+00 1.054415000000000013e+01 2.926740999999999815e+00 1.671997199999999850e+01 3.571733999999999742e-01 1.530525399999999969e+01 7.001581000000000055e-01 3.097326999999999941e+00 3.016286944946177027e+04 3.253563999999999901e+00 8.825920999999999239e+00 1.059549999999999992e+00 1.834474000000000160e+01 2.191357299999999952e+01 1.500000000000000000e+01 7.234983000000000386e-01 3.013116999999999823e+00 1.906309500000000116e+04 0.000000000000000000e+00
3.303662000000000099e+00 1.054415000000000013e+01 2.926740999999999815e+00 1.671997199999999850e+01 3.571733999999999742e-01 1.530525399999999969e+01 7.001581000000000055e-01 3.097326999999999941e+00 3.016286899999999878e+04 3.253564048481881521e+00 8.825920999999999239e+00 1.059549999999999992e+00 1.834474000000000160e+01 2.191357299999999952e+01 1.500000000000000000e+01 7.234983000000000386e-01 3.013116999999999823e+00 1.906309500000000116e+04 0.000000000000000000e+00
3.303662000000000099e+00 1.054415000000000013e+01 2.926740999999999815e+00 1.671997199999999850e+01 3.571733999999999742e-01 1.530525399999999969e+01 7.001581000000000055e-01 3.097326999999999941e+00 3.016286899999999878e+04 3.253563999999999901e+00 8.825921131516471618e+00 1.059549999999999992e+00 1.834474000000000160e+01 2.191357299999999952e+01 1.500000000000000000e+01 7.234983000000000386e-01 3.013116999999999823e+00 1.906309500000000116e+04 0.000000000000000000e+00
3.303662000000000099e+00 1.054415000000000013e+01 2.926740999999999815e+00 1.671997199999999850e+01 3.571733999999999742e-01 1.530525399999999969e+01 7.001581000000000055e-01 3.097326999999999941e+00 3.016286899999999878e+04 3.253563999999999901e+00 8.825920999999999239e+00 1.059550015788525368e+00 1.834474000000000160e+01 2.191357299999999952e+01 1.500000000000000000e+01 7.234983000000000386e-01 3.013116999999999823e+00 1.906309500000000116e+04 0.000000000000000000e+00
3.303662000000000099e+00 1.054415000000000013e+01 2.926740999999999815e+00 1.671997199999999850e+01 3.571733999999999742e-01 1.530525399999999969e+01 7.001581000000000055e-01 3.097326999999999941e+00 3.016286899999999878e+04 3.253563999999999901e+00 8.825920999999999239e+00 1.059549999999999992e+00 1.834474027335792812e+01 2.191357299999999952e+01 1.500000000000000000e+01 7.234983000000000386e-01 3.013116999999999823e+00 1.906309500000000116e+04 0.000000000000000000e+00
3.303662000000000099e+00 1.054415000000000013e+01 2.926740999999999815e+00 1.671997199999999850e+01 3.571733999999999742e-01 1.530525399999999969e+01 7.001581000000000055e-01 3.097326999999999941e+00 3.016286899999999878e+04 3.253563999999999901e+00 8.825920999999999239e+00 1.059549999999999992e+00 1.834474000000000160e+01 2.191357332653768353e+01 1.500000000000000000e+01 7.234983000000000386e-01 3.013116999999999823e+00 1.906309500000000116e+04 0.000000000000000000e+00
3.303662000000000099e+00 1.054415000000000013e+01 2.926740999999999815e+00 1.671997199999999850e+01 3.571733999999999742e-01 1.530525399999999969e+01 7.001581000000000055e-01 3.097326999999999941e+00 3.016286899999999878e+04 3.253563999999999901e+00 8.825920999999999239e+00 1.059549999999999992e+00 1.834474000000000160e+01 2.191357299999999952e+01 1.500000000000000000e+01 7.234983000000000386e-01 3.013116999999999823e+00 1.906309528406225218e+04 0.000000000000000000e+00
3.303662000000000099e+00 1.054415000000000013e+01 2.926740999999999815e+00 1.671997199999999850e+01 3.571733999999999742e-01 1.530525399999999969e+01 7.001581000000000055e-01 3.097326999999999941e+00 3.016286899999999878e+04 3.253563999999999901e+00 8.825920999999999239e+00 1.059549999999999992e+00 1.834474000000000160e+01 2.191357299999999952e+01 1.500000000000000000e+01 7.234983000000000386e-01 3.013116999999999823e+00 1.906309500000000116e+04 1.490116119384765625e-08
3.303659101690908706e+00 1.422330009401663098e+01 2.926738291451913554e+00 1.671995683092793428e+01 3.571730312344424951e-01 1.530525399999999969e+01 7.001581000000000055e-01 3.097326999999999941e+00 6.173127157116079616e+04 3.253563490259658852e+00 5.511448250262441562e+00 1.059549139252185412e+00 1.834472805125016848e+01 2.191359991045574418e+01 1.500000000000000000e+01 7.234983000000000386e-01 3.013116999999999823e+00 2.430703445317732985e+03 1.137603001888582745e-02
3.303659150919265652e+00 1.422330009401663098e+01 2.926738291451913554e+00 1.671995683092793428e+01 3.571730312344424951e-01 1.530525399999999969e+01 7.001581000000000055e-01 3.097326999999999941e+00 6.173127157116079616e+04 3.253563490259658852e+00 5.511448250262441562e+00 1.059549139252185412e+00 1.834472805125016848e+01 2.191359991045574418e+01 1.500000000000000000e+01 7.234983000000000386e-01 3.013116999999999823e+00 2.430703445317732985e+03 1.137603001888582745e-02
3.303659101690908706e+00 1.422330030596031847e+01 2.926738291451913554e+00 1.671995683092793428e+01 3.571730312344424951e-01 1.530525399999999969e+01 7.001581000000000055e-01 3.097326999999999941e+00 6.173127157116079616e+04 3.253563490259658852e+00 5.511448250262441562e+00 1.059549139252185412e+00 1.834472805125016848e+01 2.191359991045574418e+01 1.500000000000000000e+01 7.234983000000000386e-01 3.013116999999999823e+00 2.430703445317732985e+03 1.137603001888582745e-02
3.303659101690908706e+00 1.422330009401663098e+01 2.926738335063712615e+00 1.671995683092793428e+01 3.571730312344424951e-01 1.530525399999999969e+01 7.001581000000000055e-01 3.097326999999999941e+00 6.173127157116079616e+04 3.253563490259658852e+00 5.511448250262441562e+00 1.059549139252185412e+00 1.834472805125016848e+01 2.191359991045574418e+01 1.500000000000000000e+01 7.234983000000000386e-01 3.013116999999999823e+00 2.430703445317732985e+03 1.137603001888582745e-02
3.303659101690908706e+00 1.422330009401663098e+01 2.926738291451913554e+00 1.671995708007470682e+01 3.571730312344424951e-01 1.530525399999999969e+01 7.001581000000000055e-01 3.097326999999999941e+00 6.173127157116079616e+04 3.253563490259658852e+00 5.511448250262441562e+00 1.059549139252185412e+00 1.834472805125016848e+01 2.191359991045574418e+01 1.500000000000000000e+01 7.234983000000000386e-01 3.013116999999999823e+00 2.430703445317732985e+03 1.137603001888582745e-02
3.303659101690908706e+00 1.422330009401663098e+01 2.926738291451913554e+00 1.671995683092793428e+01 3.571730461356036890e-01 1.530525399999999969e+01 7.001581000000000055e-01 3.097326999999999941e+00 6.173127157116079616e+04 3.253563490259658852e+00 5.511448250262441562e+00 1.059549139252185412e+00 1.834472805125016848e+01 2.191359991045574418e+01 1.500000000000000000e+01 7.234983000000000386e-01 3.013116999999999823e+00 2.430703445317732985e+03 1.137603001888582745e-02
3.303659101690908706e+00 1.422330009401663098e+01 2.926738291451913554e+00 1.671995683092793428e+01 3.571730312344424951e-01 1.530525399999999969e+01 7.001581000000000055e-01 3.097326999999999941e+00 6.173127249102842325e+04 3.253563490259658852e+00 5.511448250262441562e+00 1.059549139252185412e+00 1.834472805125016848e+01 2.191359991045574418e+01 1.500000000000000000e+01 7.234983000000000386e-01 3.013116999999999823e+00 2.430703445317732985e+03 1.137603001888582745e-02
3.303659101690908706e+00 1.422330009401663098e+01 2.926738291451913554e+00 1.671995683092793428e+01 3.571730312344424951e-01 1.530525399999999969e+01 7.001581000000000055e-01 3.097326999999999941e+00 6.173127157116079616e+04 3.253563538741532923e+00 5.511448250262441562e+00 1.059549139252185412e+00 1.834472805125016848e+01 2.191359991045574418e+01 1.500000000000000000e+01 7.234983000000000386e-01 3.013116999999999823e+00 2.430703445317732985e+03 1.137603001888582745e-02
3.303659101690908706e+00 1.422330009401663098e+01 2.926738291451913554e+00 1.671995683092793428e+01 3.571730312344424951e-01 1.530525399999999969e+01 7.001581000000000055e-01 3.097326999999999941e+00 6.173127157116079616e+04 3.253563490259658852e+00 5.511448332389420557e+00 1.059549139252185412e+00 1.834472805125016848e+01 2.191359991045574418e+01 1.500000000000000000e+01 7.234983000000000386e-01 3.013116999999999823e+00 2.430703445317732985e+03 1.137603001888582745e-02
3.303659101690908706e+00 1.422330009401663098e+01 2.926738291451913554e+00 1.671995683092793428e+01 3.571730312344424951e-01 1.530525399999999969e+01 7.001581000000000055e-01 3.097326999999999941e+00 6.173127157116079616e+04 3.253563490259658852e+00 5.511448250262441562e+00 1.059549155040697910e+00 1.834472805125016848e+01 2.191359991045574418e+01 1.500000000000000000e+01 7.234983000000000386e-01 3.013116999999999823e+00 2.430703445317732985e+03 1.137603001888582745e-02
3.303659101690908706e+00 1.422330009401663098e+01 2.926738291451913554e+00 1.671995683092793428e+01 3.571730312344424951e-01 1.530525399999999969e+01 7.001581000000000055e-01 3.097326999999999941e+00 6.173127157116079616e+04 3.253563490259658852e+00 5.511448250262441562e+00 1.059549139252185412e+00 1.834472832460791736e+01 2.191359991045574418e+01 1.500000000000000000e+01 7.234983000000000386e-01 3.013116999999999823e+00 2.430703445317732985e+03 1.137603001888582745e-02
3.303659101690908706e+00 1.422330009401663098e+01 2.926738291451913554e+00 1.671995683092793428e+01 3.571730312344424951e-01 1.530525399999999969e+01 7.001581000000000055e-01 3.097326999999999941e+00 6.173127157116079616e+04 3.253563490259658852e+00 5.511448250262441562e+00 1.059549139252185412e+00 1.834472805125016848e+01 2.191360023699382964e+01 1.500000000000000000e+01 7.234983000000000386e-01 3.013116999999999823e+00 2.430703445317732985e+03 1.137603001888582745e-02
3.303659101690908706e+00 1.422330009401663098e+01 2.926738291451913554e+00 1.671995683092793428e+01 3.571730312344424951e-01 1.530525399999999969e+01 7.001581000000000055e-01 3.097326999999999941e+00 6.173127157116079616e+04 3.253563490259658852e+00 5.511448250262441562e+00 1.059549139252185412e+00 1.834472805125016848e+01 2.191359991045574418e+01 1.500000000000000000e+01 7.234983000000000386e-01 3.013116999999999823e+00 2.430703481538036613e+03 1.137603001888582745e-02
3.303659101690908706e+00 1.422330009401663098e+01 2.926738291451913554e+00 1.671995683092793428e+01 3.571730312344424951e-01 1.530525399999999969e+01 7.001581000000000055e-01 3.097326999999999941e+00 6.173127157116079616e+04 3.253563490259658852e+00 5.511448250262441562e+00 1.059549139252185412e+00 1.834472805125016848e+01 2.191359991045574418e+01 1.500000000000000000e+01 7.234983000000000386e-01 3.013116999999999823e+00 2.430703445317732985e+03 1.137604492004702129e-02
3.302391125115863080e+00 1.422330052969770975e+01 2.926737419309268340e+00 1.671987231752121872e+01 3.571688338064020196e-01 1.530525399999999969e+01 7.001581000000000055e-01 3.097326999999999941e+00 6.173127157116771559e+04 3.252441681752110902e+00 5.511471868564279397e+00 1.059377811948226222e+00 1.834459411438106358e+01 2.191356200023134448e+01 1.500000000000000000e+01 7.234983000000000386e-01 3.013116999999999823e+00 2.430703445324578752e+03 6.487917309178121636e-03
3.302391174325325363e+00 1.422330052969770975e+01 2.926737419309268340e+00 1.671987231752121872e+01 3.571688338064020196e-01 1.530525399999999969e+01 7.001581000000000055e-01 3.097326999999999941e+00 6.173127157116771559e+04 3.252441681752110902e+00 5.511471868564279397e+00 1.059377811948226222e+00 1.834459411438106358e+01 2.191356200023134448e+01 1.500000000000000000e+01 7.234983000000000386e-01 3.013116999999999823e+00 2.430703445324578752e+03 6.487917309178121636e-03
3.302391125115863080e+00 1.422330074164140434e+01 2.926737419309268340e+00 1.671987231752121872e+01 3.571688338064020196e-01 1.530525399999999969e+01 7.001581000000000055e-01 3.097326999999999941e+00 6.173127157116771559e+04 3.252441681752110902e+00 5.511471868564279397e+00 1.059377811948226222e+00 1.834459411438106358e+01 2.191356200023134448e+01 1.500000000000000000e+01 7.234983000000000386e-01 3.013116999999999823e+00 2.430703445324578752e+03 6.487917309178121636e-03
3.302391125115863080e+00 1.422330052969770975e+01 2.926737462921054522e+00 1.671987231752121872e+01 3.571688338064020196e-01 1.530525399999999969e+01 7.001581000000000055e-01 3.097326999999999941e+00 6.173127157116771559e+04 3.252441681752110902e+00 5.511471868564279397e+00 1.059377811948226222e+00 1.834459411438106358e+01 2.191356200023134448e+01 1.500000000000000000e+01 7.234983000000000386e-01 3.013116999999999823e+00 2.430703445324578752e+03 6.487917309178121636e-03
3.302391125115863080e+00 1.422330052969770975e+01 2.926737419309268340e+00 1.671987256666673005e+01 3.571688338064020196e-01 1.530525399999999969e+01 7.001581000000000055e-01 3.097326999999999941e+00 6.173127157116771559e+04 3.252441681752110902e+00 5.511471868564279397e+00 1.059377811948226222e+00 1.834459411438106358e+01 2.191356200023134448e+01 1.500000000000000000e+01 7.234983000000000386e-01 3.013116999999999823e+00 2.430703445324578752e+03 6.487917309178121636e-03
3.302391125115863080e+00 1.422330052969770975e+01 2.926737419309268340e+00 1.671987231752121872e+01 3.571688487075632135e-01 1.530525399999999969e+01 7.001581000000000055e-01 3.097326999999999941e+00 6.173127157116771559e+04 3.252441681752110902e+00 5.511471868564279397e+00 1.059377811948226222e+00 1.834459411438106358e+01 2.191356200023134448e+01 1.500000000000000000e+01 7.234983000000000386e-01 3.013116999999999823e+00 2.430703445324578752e+03 6.487917309178121636e-03
3.302391125115863080e+00 1.422330052969770975e+01 2.926737419309268340e+00 1.671987231752121872e+01 3.571688338064020196e-01 1.530525399999999969e+01 7.001581000000000055e-01 3.097326999999999941e+00 6.173127249103534268e+04 3.252441681752110902e+00 5.511471868564279397e+00 1.059377811948226222e+00 1.834459411438106358e+01 2.191356200023134448e+01 1.500000000000000000e+01 7.234983000000000386e-01 3.013116999999999823e+00 2.430703445324578752e+03 6.487917309178121636e-03
3.302391125115863080e+00 1.422330052969770975e+01 2.926737419309268340e+00 1.671987231752121872e+01 3.571688338064020196e-01 1.530525399999999969e+01 7.001581000000000055e-01 3.097326999999999941e+00 6.173127157116771559e+04 3.252441730217268567e+00 5.511471868564279397e+00 1.059377811948226222e+00 1.834459411438106358e+01 2.191356200023134448e+01 1.500000000000000000e+01 7.234983000000000386e-01 3.013116999999999823e+00 2.430703445324578752e+03 6.487917309178121636e-03
3.302391125115863080e+00 1.422330052969770975e+01 2.926737419309268340e+00 1.671987231752121872e+01 3.571688338064020196e-01 1.530525399999999969e+01 7.001581000000000055e-01 3.097326999999999941e+00 6.173127157116771559e+04 3.252441681752110902e+00 5.511471950691610111e+00 1.059377811948226222e+00 1.834459411438106358e+01 2.191356200023134448e+01 1.500000000000000000e+01 7.234983000000000386e-01 3.013116999999999823e+00 2.430703445324578752e+03 6.487917309178121636e-03
3.302391125115863080e+00 1.422330052969770975e+01 2.926737419309268340e+00 1.671987231752121872e+01 3.571688338064020196e-01 1.530525399999999969e+01 7.001581000000000055e-01 3.097326999999999941e+00 6.173127157116771559e+04 3.252441681752110902e+00 5.511471868564279397e+00 1.059377827734185873e+00 1.834459411438106358e+01 2.191356200023134448e+01 1.500000000000000000e+01 7.234983000000000386e-01 3.013116999999999823e+00 2.430703445324578752e+03 6.487917309178121636e-03
3.302391125115863080e+00 1.422330052969770975e+01 2.926737419309268340e+00 1.671987231752121872e+01 3.571688338064020196e-01 1.530525399999999969e+01 7.001581000000000055e-01 3.097326999999999941e+00 6.173127157116771559e+04 3.252441681752110902e+00 5.511471868564279397e+00 1.059377811948226222e+00 1.834459438773681583e+01 2.191356200023134448e+01 1.500000000000000000e+01 7.234983000000000386e-01 3.013116999999999823e+00 2.430703445324578752e+03 6.487917309178121636e-03
3.302391125115863080e+00 1.422330052969770975e+01 2.926737419309268340e+00 1.671987231752121872e+01 3.571688338064020196e-01 1.530525399999999969e+01 7.001581000000000055e-01 3.097326999999999941e+00 6.173127157116771559e+04 3.252441681752110902e+00 5.511471868564279397e+00 1.059377811948226222e+00 1.834459411438106358e+01 2.191356232676886506e+01 1.500000000000000000e+01 7.234983000000000386e-01 3.013116999999999823e+00 2.430703445324578752e+03 6.487917309178121636e-03
3.302391125115863080e+00 1.422330052969770975e+01 2.926737419309268340e+00 1.671987231752121872e+01 3.571688338064020196e-01 1.530525399999999969e+01 7.001581000000000055e-01 3.097326999999999941e+00 6.173127157116771559e+04 3.252441681752110902e+00 5.511471868564279397e+00 1.059377811948226222e+00 1.834459411438106358e+01 2.191356200023134448e+01 1.500000000000000000e+01 7.234983000000000386e-01 3.013116999999999823e+00 2.430703481544882379e+03 6.487917309178121636e-03
3.302391125115863080e+00 1.422330052969770975e+01 2.926737419309268340e+00 1.671987231752121872e+01 3.571688338064020196e-01 1.530525399999999969e+01 7.001581000000000055e-01 3.097326999999999941e+00 6.173127157116771559e+04 3.252441681752110902e+00 5.511471868564279397e+00 1.059377811948226222e+00 1.834459411438106358e+01 2.191356200023134448e+01 1.500000000000000000e+01 7.234983000000000386e-01 3.013116999999999823e+00 2.430703445324578752e+03 6.487932210339315484e-03
3.301876469522874391e+00 1.420660684070353774e+01 2.926380526201648902e+00 1.671643745852924212e+01 3.570919786403307650e-01 1.530525399999999969e+01 7.001581000000000055e-01 3.097326999999999941e+00 6.389746823908663646e+04 3.252430771251026531e+00 5.436993847749898912e+00 1.059417857505495109e+00 1.834479161731836427e+01 2.191236674353515923e+01 1.500000000000000000e+01 7.234983000000000386e-01 3.013116999999999823e+00 2.043024979180245282e+00 5.819967699437086049e-03
3.301876518724667697e+00 1.420660684070353774e+01 2.926380526201648902e+00 1.671643745852924212e+01 3.570919786403307650e-01 1.530525399999999969e+01 7.001581000000000055e-01 3.097326999999999941e+00 6.389746823908663646e+04 3.252430771251026531e+00 5.436993847749898912e+00 1.059417857505495109e+00 1.834479161731836427e+01 2.191236674353515923e+01 1.500000000000000000e+01 7.234983000000000386e-01 3.013116999999999823e+00 2.043024979180245282e+00 5.819967699437086049e-03
3.301876469522874391e+00 1.420660705239847665e+01 2.926380526201648902e+00 1.671643745852924212e+01 3.570919786403307650e-01 1.530525399999999969e+01 7.001581000000000055e-01 3.097326999999999941e+00 6.389746823908663646e+04 3.252430771251026531e+00 5.436993847749898912e+00 1.059417857505495109e+00 1.834479161731836427e+01 2.191236674353515923e+01 1.500000000000000000e+01 7.234983000000000386e-01 3.013116999999999823e+00 2.043024979180245282e+00 5.819967699437086049e-03
3.301876469522874391e+00 1.420660684070353774e+01 2.926380569808116672e+00 1.671643745852924212e+01 3.570919786403307650e-01 1.530525399999999969e+01 7.001581000000000055e-01 3.097326999999999941e+00 6.389746823908663646e+04 3.252430771251026531e+00 5.436993847749898912e+00 1.059417857505495109e+00 1.834479161731836427e+01 2.191236674353515923e+01 1.500000000000000000e+01 7.234983000000000386e-01 3.013116999999999823e+00 2.043024979180245282e+00 5.819967699437086049e-03
3.301876469522874391e+00 1.420660684070353774e+01 2.926380526201648902e+00 1.671643770762356951e+01 3.570919786403307650e-01 1.530525399999999969e+01 7.001581000000000055e-01 3.097326999999999941e+00 6.389746823908663646e+04 3.252430771251026531e+00 5.436993847749898912e+00 1.059417857505495109e+00 1.834479161731836427e+01 2.191236674353515923e+01 1.500000000000000000e+01 7.234983000000000386e-01 3.013116999999999823e+00 2.043024979180245282e+00 5.819967699437086049e-03
3.301876469522874391e+00 1.420660684070353774e+01 2.926380526201648902e+00 1.671643745852924212e+01 3.570919935414919588e-01 1.530525399999999969e+01 7.001581000000000055e-01 3.097326999999999941e+00 6.389746823908663646e+04 3.252430771251026531e+00 5.436993847749898912e+00 1.059417857505495109e+00 1.834479161731836427e+01 2.191236674353515923e+01 1.500000000000000000e+01 7.234983000000000386e-01 3.013116999999999823e+00 2.043024979180245282e+00 5.819967699437086049e-03
3.301876469522874391e+00 1.420660684070353774e+01 2.926380526201648902e+00 1.671643745852924212e+01 3.570919786403307650e-01 1.530525399999999969e+01 7.001581000000000055e-01 3.097326999999999941e+00 6.389746919123311091e+04 3.252430771251026531e+00 5.436993847749898912e+00 1.059417857505495109e+00 1.834479161731836427e+01 2.191236674353515923e+01 1.500000000000000000e+01 7.234983000000000386e-01 3.013116999999999823e+00 2.043024979180245282e+00 5.819967699437086049e-03
3.301876469522874391e+00 1.420660684070353774e+01 2.926380526201648902e+00 1.671643745852924212e+01 3.570919786403307650e-01 1.530525399999999969e+01 7.001581000000000055e-01 3.097326999999999941e+00 6.389746823908663646e+04 3.252430819716021659e+00 5.436993847749898912e+00 1.059417857505495109e+00 1.834479161731836427e+01 2.191236674353515923e+01 1.500000000000000000e+01 7.234983000000000386e-01 3.013116999999999823e+00 2.043024979180245282e+00 5.819967699437086049e-03
3.301876469522874391e+00 1.420660684070353774e+01 2.926380526201648902e+00 1.671643745852924212e+01 3.570919786403307650e-01 1.530525399999999969e+01 7.001581000000000055e-01 3.097326999999999941e+00 6.389746823908663646e+04 3.252430771251026531e+00 5.436993928767420492e+00 1.059417857505495109e+00 1.834479161731836427e+01 2.191236674353515923e+01 1.500000000000000000e+01 7.234983000000000386e-01 3.013116999999999823e+00 2.043024979180245282e+00 5.819967699437086049e-03
3.301876469522874391e+00 1.420660684070353774e+01 2.926380526201648902e+00 1.671643745852924212e+01 3.570919786403307650e-01 1.530525399999999969e+01 7.001581000000000055e-01 3.097326999999999941e+00 6.389746823908663646e+04 3.252430771251026531e+00 5.436993847749898912e+00 1.059417873292051393e+00 1.834479161731836427e+01 2.191236674353515923e+01 1.500000000000000000e+01 7.234983000000000386e-01 3.013116999999999823e+00 2.043024979180245282e+00 5.819967699437086049e-03
3.301876469522874391e+00 1.420660684070353774e+01 2.926380526201648902e+00 1.671643745852924212e+01 3.570919786403307650e-01 1.530525399999999969e+01 7.001581000000000055e-01 3.097326999999999941e+00 6.389746823908663646e+04 3.252430771251026531e+00 5.436993847749898912e+00 1.059417857505495109e+00 1.834479189067706173e+01 2.191236674353515923e+01 1.500000000000000000e+01 7.234983000000000386e-01 3.013116999999999823e+00 2.043024979180245282e+00 5.819967699437086049e-03
3.301876469522874391e+00 1.420660684070353774e+01 2.926380526201648902e+00 1.671643745852924212e+01 3.570919786403307650e-01 1.530525399999999969e+01 7.001581000000000055e-01 3.097326999999999941e+00 6.389746823908663646e+04 3.252430771251026531e+00 5.436993847749898912e+00 1.059417857505495109e+00 1.834479161731836427e+01 2.191236707005486650e+01 1.500000000000000000e+01 7.234983000000000386e-01 3.013116999999999823e+00 2.043024979180245282e+00 5.819967699437086049e-03
3.301876469522874391e+00 1.420660684070353774e+01 2.926380526201648902e+00 1.671643745852924212e+01 3.570919786403307650e-01 1.530525399999999969e+01 7.001581000000000055e-01 3.097326999999999941e+00 6.389746823908663646e+04 3.252430771251026531e+00 5.436993847749898912e+00 1.059417857505495109e+00 1.834479161731836427e+01 2.191236674353515923e+01 1.500000000000000000e+01 7.234983000000000386e-01 3.013116999999999823e+00 2.043025009623689936e+00 5.819967699437086049e-03
3.301876469522874391e+00 1.420660684070353774e+01 2.926380526201648902e+00 1.671643745852924212e+01 3.570919786403307650e-01 1.530525399999999969e+01 7.001581000000000055e-01 3.097326999999999941e+00 6.389746823908663646e+04 3.252430771251026531e+00 5.436993847749898912e+00 1.059417857505495109e+00 1.834479161731836427e+01 2.191236674353515923e+01 1.500000000000000000e+01 7.234983000000000386e-01 3.013116999999999823e+00 2.043024979180245282e+00 5.819982600598279897e-03
3.297211277863763002e+00 1.408075733572563770e+01 2.926747302480970703e+00 1.668798775358972719e+01 3.564014835869206976e-01 1.530525399999999969e+01 7.001581000000000055e-01 3.097326999999999941e+00 6.071360520073816588e+04 3.254880752696627688e+00 4.342588669029877835e+00 1.058627885937965196e+00 1.834705532655388183e+01 2.198757406134996728e+01 1.500000000000000000e+01 7.234983000000000386e-01 3.013116999999999823e+00 1.020486601763392287e+03 -2.567535503592436978e-03
3.305551632471083856e+00 1.391629473484153046e+01 2.933931238841732014e+00 1.672084068905480336e+01 3.570799650301670902e-01 1.530525399999999969e+01 7.001581000000000055e-01 3.097326999999999941e+00 6.307082080663137458e+04 3.263113445381477185e+00 4.517813838969770401e+00 1.062101146072149449e+00 1.840118257246506772e+01 2.203961084202040155e+01 1.500000000000000000e+01 7.234983000000000386e-01 3.013116999999999823e+00 1.246865873645437404e+02 -1.053971819786308182e-03
3.308585829166603265e+00 1.388266411513293619e+01 2.936638140646138595e+00 1.673402003254303239e+01 3.573547746184950746e-01 1.530525399999999969e+01 7.001581000000000055e-01 3.097326999999999941e+00 6.368855849167334236e+04 3.265814979148054853e+00 4.492598304264381781e+00 1.063166353565303091e+00 1.841840520251312796e+01 2.205900976126671509e+01 1.500000000000000000e+01 7.234983000000000386e-01 3.013116999999999823e+00 4.297744144910968345e+00 -9.711378572759598107e-04
3.309542110670530946e+00 1.387660203636792033e+01 2.937502564342000522e+00 1.673838618912592580e+01 3.574463049403144299e-01 1.530525399999999969e+01 7.001581000000000055e-01 3.097326999999999941e+00 6.384534105744850240e+04 3.266611277144302772e+00 4.470876750106484998e+00 1.063468203537098589e+00 1.842339458825631837e+01 2.206510290258632878e+01 1.500000000000000000e+01 7.234983000000000386e-01 3.013116999999999823e+00 1.399947075258360929e-01 -1.015297306732605535e-03
3.309809127642358462e+00 1.387490471638904843e+01 2.937750009859360301e+00 1.673960525789947695e+01 3.574717635980843577e-01 1.530525399999999969e+01 7.001581000000000055e-01 3.097326999999999941e+00 6.388448311335182370e+04 3.266839335551339207e+00 4.462735108712758247e+00 1.063551983466852313e+00 1.842480337786371436e+01 2.206693393004559312e+01 1.500000000000000000e+01 7.234983000000000386e-01 3.013116999999999823e+00 1.307582223277936162e+00 -1.041309885292660171e-03
3.309875508834637881e+00 1.387454807034553106e+01 2.937810060108603682e+00 1.673991130592795429e+01 3.574781823311258266e-01 1.530525399999999969e+01 7.001581000000000055e-01 3.097326999999999941e+00 6.389436429982385016e+04 3.266894693004229300e+00 4.460877840266327610e+00 1.063572681913266260e+00 1.842514783556308799e+01 2.206736330565250270e+01 1.500000000000000000e+01 7.234983000000000386e-01 3.013116999999999823e+00 1.854920570620237630e+00 -1.046340795954348209e-03
3.308891016926919448e+00 1.382756533904726126e+01 2.935687065295933706e+00 1.673281789756241977e+01 3.573302994897482043e-01 1.530525399999999969e+01 7.001581000000000055e-01 3.097326999999999941e+00 6.389746642590131523e+04 3.267678554660530033e+00 4.629009685767850435e+00 1.064197729889310828e+00 1.843180966302089274e+01 2.205634087116816389e+01 1.500000000000000000e+01 7.234983000000000386e-01 3.013116999999999823e+00 2.042420476918850980e+00 -1.875437928615863656e-04
3.304488507414323095e+00 1.365328917783639362e+01 2.927441163080399367e+00 1.670167301151408878e+01 3.566751488565662598e-01 1.530525399999999969e+01 7.001581000000000055e-01 3.097326999999999941e+00 6.389746816181386384e+04 3.271575583825526490e+00 5.299991288404219958e+00 1.066930061159331311e+00 1.845646523718399834e+01 2.199901697859374750e+01 1.500000000000000000e+01 7.234983000000000386e-01 3.013116999999999823e+00 2.042939332380575568e+00 3.211923683808890796e-03
3.288439310002573723e+00 1.405611669459040591e+01 2.926313309352453373e+00 1.669970168277741251e+01 3.566441083529856004e-01 1.530525399999999969e+01 7.001581000000000055e-01 3.097326999999999941e+00 6.389746823750153271e+04 3.300322534990224099e+00 5.432787281131460588e+00 1.071390658515327221e+00 1.837851248976012997e+01 2.191995874733876803e+01 1.500000000000000000e+01 7.234983000000000386e-01 3.013116999999999823e+00 2.043023129154061035e+00 3.220376727251421031e-03
3.295072576965108802e+00 1.419384462434991789e+01 2.926376520918643642e+00 1.671501257546099239e+01 3.570527739964909908e-01 1.530525399999999969e+01 7.001581000000000055e-01 3.097326999999999941e+00 6.389746823895787384e+04 3.273117845967461470e+00 5.436661542451250106e+00 1.061332679402780865e+00 1.834781404190659870e+01 2.191319669151577187e+01 1.500000000000000000e+01 7.234983000000000386e-01 3.013116999999999823e+00 2.043024823301488713e+00 4.849957469456429686e-03
3.295072626065516541e+00 1.419384462434991789e+01 2.926376520918643642e+00 1.671501257546099239e+01 3.570527739964909908e-01 1.530525399999999969e+01 7.001581000000000055e-01 3.097326999999999941e+00 6.389746823895787384e+04 3.273117845967461470e+00 5.436661542451250106e+00 1.061332679402780865e+00 1.834781404190659870e+01 2.191319669151577187e+01 1.500000000000000000e+01 7.234983000000000386e-01 3.013116999999999823e+00 2.043024823301488713e+00 4.849957469456429686e-03
3.295072576965108802e+00 1.419384483585468537e+01 2.926376520918643642e+00 1.671501257546099239e+01 3.570527739964909908e-01 1.530525399999999969e+01 7.001581000000000055e-01 3.097326999999999941e+00 6.389746823895787384e+04 3.273117845967461470e+00 5.436661542451250106e+00 1.061332679402780865e+00 1.834781404190659870e+01 2.191319669151577187e+01 1.500000000000000000e+01 7.234983000000000386e-01 3.013116999999999823e+00 2.043024823301488713e+00 4.849957469456429686e-03
3.295072576965108802e+00 1.419384462434991789e+01 2.926376564525051904e+00 1.671501257546099239e+01 3.570527739964909908e-01 1.530525399999999969e+01 7.001581000000000055e-01 3.097326999999999941e+00 6.389746823895787384e+04 3.273117845967461470e+00 5.436661542451250106e+00 1.061332679402780865e+00 1.834781404190659870e+01 2.191319669151577187e+01 1.500000000000000000e+01 7.234983000000000386e-01 3.013116999999999823e+00 2.043024823301488713e+00 4.849957469456429686e-03
3.295072576965108802e+00 1.419384462434991789e+01 2.926376520918643642e+00 1.671501282453408876e+01 3.570527739964909908e-01 1.530525399999999969e+01 7.001581000000000055e-01 3.097326999999999941e+00 6.389746823895787384e+04 3.273117845967461470e+00 5.436661542451250106e+00 1.061332679402780865e+00 1.834781404190659870e+01 2.191319669151577187e+01 1.500000000000000000e+01 7.234983000000000386e-01 3.013116999999999823e+00 2.043024823301488713e+00 4.849957469456429686e-03
3.295072576965108802e+00 1.419384462434991789e+01 2.926376520918643642e+00 1.671501257546099239e+01 3.570527888976521846e-01 1.530525399999999969e+01 7.001581000000000055e-01 3.097326999999999941e+00 6.389746823895787384e+04 3.273117845967461470e+00 5.436661542451250106e+00 1.061332679402780865e+00 1.834781404190659870e+01 2.191319669151577187e+01 1.500000000000000000e+01 7.234983000000000386e-01 3.013116999999999823e+00 2.043024823301488713e+00 4.849957469456429686e-03
3.295072576965108802e+00 1.419384462434991789e+01 2.926376520918643642e+00 1.671501257546099239e+01 3.570527739964909908e-01 1.530525399999999969e+01 7.001581000000000055e-01 3.097326999999999941e+00 6.389746919110434828e+04 3.273117845967461470e+00 5.436661542451250106e+00 1.061332679402780865e+00 1.834781404190659870e+01 2.191319669151577187e+01 1.500000000000000000e+01 7.234983000000000386e-01 3.013116999999999823e+00 2.043024823301488713e+00 4.849957469456429686e-03
3.295072576965108802e+00 1.419384462434991789e+01 2.926376520918643642e+00 1.671501257546099239e+01 3.570527739964909908e-01 1.530525399999999969e+01 7.001581000000000055e-01 3.097326999999999941e+00 6.389746823895787384e+04 3.273117894740718015e+00 5.436661542451250106e+00 1.061332679402780865e+00 1.834781404190659870e+01 2.191319669151577187e+01 1.500000000000000000e+01 7.234983000000000386e-01 3.013116999999999823e+00 2.043024823301488713e+00 4.849957469456429686e-03
3.295072576965108802e+00 1.419384462434991789e+01 2.926376520918643642e+00 1.671501257546099239e+01 3.570527739964909908e-01 1.530525399999999969e+01 7.001581000000000055e-01 3.097326999999999941e+00 6.389746823895787384e+04 3.273117845967461470e+00 5.436661623463820092e+00 1.061332679402780865e+00 1.834781404190659870e+01 2.191319669151577187e+01 1.500000000000000000e+01 7.234983000000000386e-01 3.013116999999999823e+00 2.043024823301488713e+00 4.849957469456429686e-03
3.295072576965108802e+00 1.419384462434991789e+01 2.926376520918643642e+00 1.671501257546099239e+01 3.570527739964909908e-01 1.530525399999999969e+01 7.001581000000000055e-01 3.097326999999999941e+00 6.389746823895787384e+04 3.273117845967461470e+00 5.436661542451250106e+00 1.061332695217870103e+00 1.834781404190659870e+01 2.191319669151577187e+01 1.500000000000000000e+01 7.234983000000000386e-01 3.013116999999999823e+00 2.043024823301488713e+00 4.849957469456429686e-03
3.295072576965108802e+00 1.419384462434991789e+01 2.926376520918643642e+00 1.671501257546099239e+01 3.570527739964909908e-01 1.530525399999999969e+01 7.001581000000000055e-01 3.097326999999999941e+00 6.389746823895787384e+04 3.273117845967461470e+00 5.436661542451250106e+00 1.061332679402780865e+00 1.834781431531033391e+01 2.191319669151577187e+01 1.500000000000000000e+01 7.234983000000000386e-01 3.013116999999999823e+00 2.043024823301488713e+00 4.849957469456429686e-03
3.295072576965108802e+00 1.419384462434991789e+01 2.926376520918643642e+00 1.671501257546099239e+01 3.570527739964909908e-01 1.530525399999999969e+01 7.001581000000000055e-01 3.097326999999999941e+00 6.389746823895787384e+04 3.273117845967461470e+00 5.436661542451250106e+00 1.061332679402780865e+00 1.834781404190659870e+01 2.191319701804784970e+01 1.500000000000000000e+01 7.234983000000000386e-01 3.013116999999999823e+00 2.043024823301488713e+00 4.849957469456429686e-03
3.295072576965108802e+00 1.419384462434991789e+01 2.926376520918643642e+00 1.671501257546099239e+01 3.570527739964909908e-01 1.530525399999999969e+01 7.001581000000000055e-01 3.097326999999999941e+00 6.389746823895787384e+04 3.273117845967461470e+00 5.436661542451250106e+00 1.061332679402780865e+00 1.834781404190659870e+01 2.191319669151577187e+01 1.500000000000000000e+01 7.234983000000000386e-01 3.013116999999999823e+00 2.043024853744931146e+00 4.849957469456429686e-03
3.295072576965108802e+00 1.419384462434991789e+01 2.926376520918643642e+00 1.671501257546099239e+01 3.570527739964909908e-01 1.530525399999999969e+01 7.001581000000000055e-01 3.097326999999999941e+00 6.389746823895787384e+04 3.273117845967461470e+00 5.436661542451250106e+00 1.061332679402780865e+00 1.834781404190659870e+01 2.191319669151577187e+01 1.500000000000000000e+01 7.234983000000000386e-01 3.013116999999999823e+00 2.043024823301488713e+00 4.849972370617623534e-03
3.286399250982317888e+00 1.413697195424367514e+01 2.926359174336752744e+00 1.670966951151807578e+01 3.567605321373705229e-01 1.530525399999999969e+01 7.001581000000000055e-01 3.097326999999999941e+00 6.389746823837733973e+04 3.304295257989527279e+00 5.435287344023358003e+00 1.070774102101768266e+00 1.836179226010430909e+01 2.191653705650665529e+01 1.500000000000000000e+01 7.234983000000000386e-01 3.013116999999999823e+00 2.043025360189761219e+00 3.346113207617902423e-03
3.292181436821310037e+00 1.418671075001087090e+01 2.926374816780077825e+00 1.671434893183458215e+01 3.570146762779380367e-01 1.530525399999999969e+01 7.001581000000000055e-01 3.097326999999999941e+00 6.389746823888403014e+04 3.282930627469040186e+00 5.436490980472254542e+00 1.063534686075483959e+00 1.834967207370534581e+01 2.191368091885932046e+01 1.500000000000000000e+01 7.234983000000000386e-01 3.013116999999999823e+00 2.043024881075223842e+00 4.413813442528014171e-03
3.294216156112534044e+00 1.419220065938671382e+01 2.926376082834547088e+00 1.671485275500447187e+01 3.570436049269466450e-01 1.530525399999999969e+01 7.001581000000000055e-01 3.097326999999999941e+00 6.389746823894114641e+04 3.275569808119892290e+00 5.436622081630688719e+00 1.061858162877010292e+00 1.834823682022644320e+01 2.191330863419188191e+01 1.500000000000000000e+01 7.234983000000000386e-01 3.013116999999999823e+00 2.043024836352987261e+00 4.743874745898926312e-03
3.294746946847511904e+00 1.419344224729740311e+01 2.926376353147417841e+00 1.671496630060436317e+01 3.570501573493831127e-01 1.530525399999999969e+01 7.001581000000000055e-01 3.097326999999999941e+00 6.389746823895410489e+04 3.273689581883854061e+00 5.436651684026989173e+00 1.061453020436714745e+00 1.834791015102310041e+01 2.191322210269855475e+01 1.500000000000000000e+01 7.234983000000000386e-01 3.013116999999999823e+00 2.043024826566475660e+00 4.826459309750345122e-03
3.294746995943067081e+00 1.419344224729740311e+01 2.926376353147417841e+00 1.671496630060436317e+01 3.570501573493831127e-01 1.530525399999999969e+01 7.001581000000000055e-01 3.097326999999999941e+00 6.389746823895410489e+04 3.273689581883854061e+00 5.436651684026989173e+00 1.061453020436714745e+00 1.834791015102310041e+01 2.191322210269855475e+01 1.500000000000000000e+01 7.234983000000000386e-01 3.013116999999999823e+00 2.043024826566475660e+00 4.826459309750345122e-03
3.294746946847511904e+00 1.419344245879617361e+01 2.926376353147417841e+00 1.671496630060436317e+01 3.570501573493831127e-01 1.530525399999999969e+01 7.001581000000000055e-01 3.097326999999999941e+00 6.389746823895410489e+04 3.273689581883854061e+00 5.436651684026989173e+00 1.061453020436714745e+00 1.834791015102310041e+01 2.191322210269855475e+01 1.500000000000000000e+01 7.234983000000000386e-01 3.013116999999999823e+00 2.043024826566475660e+00 4.826459309750345122e-03
3.294746946847511904e+00 1.419344224729740311e+01 2.926376396753823439e+00 1.671496630060436317e+01 3.570501573493831127e-01 1.530525399999999969e+01 7.001581000000000055e-01 3.097326999999999941e+00 6.389746823895410489e+04 3.273689581883854061e+00 5.436651684026989173e+00 1.061453020436714745e+00 1.834791015102310041e+01 2.191322210269855475e+01 1.500000000000000000e+01 7.234983000000000386e-01 3.013116999999999823e+00 2.043024826566475660e+00 4.826459309750345122e-03
3.294746946847511904e+00 1.419344224729740311e+01 2.926376353147417841e+00 1.671496654967677031e+01 3.570501573493831127e-01 1.530525399999999969e+01 7.001581000000000055e-01 3.097326999999999941e+00 6.389746823895410489e+04 3.273689581883854061e+00 5.436651684026989173e+00 1.061453020436714745e+00 1.834791015102310041e+01 2.191322210269855475e+01 1.500000000000000000e+01 7.234983000000000386e-01 3.013116999999999823e+00 2.043024826566475660e+00 4.826459309750345122e-03
3.294746946847511904e+00 1.419344224729740311e+01 2.926376353147417841e+00 1.671496630060436317e+01 3.570501722505443065e-01 1.530525399999999969e+01 7.001581000000000055e-01 3.097326999999999941e+00 6.389746823895410489e+04 3.273689581883854061e+00 5.436651684026989173e+00 1.061453020436714745e+00 1.834791015102310041e+01 2.191322210269855475e+01 1.500000000000000000e+01 7.234983000000000386e-01 3.013116999999999823e+00 2.043024826566475660e+00 4.826459309750345122e-03
3.294746946847511904e+00 1.419344224729740311e+01 2.926376353147417841e+00 1.671496630060436317e+01 3.570501573493831127e-01 1.530525399999999969e+01 7.001581000000000055e-01 3.097326999999999941e+00 6.389746919110057934e+04 3.273689581883854061e+00 5.436651684026989173e+00 1.061453020436714745e+00 1.834791015102310041e+01 2.191322210269855475e+01 1.500000000000000000e+01 7.234983000000000386e-01 3.013116999999999823e+00 2.043024826566475660e+00 4.826459309750345122e-03
3.294746946847511904e+00 1.419344224729740311e+01 2.926376353147417841e+00 1.671496630060436317e+01 3.570501573493831127e-01 1.530525399999999969e+01 7.001581000000000055e-01 3.097326999999999941e+00 6.389746823895410489e+04 3.273689630665630013e+00 5.436651684026989173e+00 1.061453020436714745e+00 1.834791015102310041e+01 2.191322210269855475e+01 1.500000000000000000e+01 7.234983000000000386e-01 3.013116999999999823e+00 2.043024826566475660e+00 4.826459309750345122e-03
3.294746946847511904e+00 1.419344224729740311e+01 2.926376353147417841e+00 1.671496630060436317e+01 3.570501573493831127e-01 1.530525399999999969e+01 7.001581000000000055e-01 3.097326999999999941e+00 6.389746823895410489e+04 3.273689581883854061e+00 5.436651765039412609e+00 1.061453020436714745e+00 1.834791015102310041e+01 2.191322210269855475e+01 1.500000000000000000e+01 7.234983000000000386e-01 3.013116999999999823e+00 2.043024826566475660e+00 4.826459309750345122e-03
3.294746946847511904e+00 1.419344224729740311e+01 2.926376353147417841e+00 1.671496630060436317e+01 3.570501573493831127e-01 1.530525399999999969e+01 7.001581000000000055e-01 3.097326999999999941e+00 6.389746823895410489e+04 3.273689581883854061e+00 5.436651684026989173e+00 1.061453036253597215e+00 1.834791015102310041e+01 2.191322210269855475e+01 1.500000000000000000e+01 7.234983000000000386e-01 3.013116999999999823e+00 2.043024826566475660e+00 4.826459309750345122e-03
3.294746946847511904e+00 1.419344224729740311e+01 2.926376353147417841e+00 1.671496630060436317e+01 3.570501573493831127e-01 1.530525399999999969e+01 7.001581000000000055e-01 3.097326999999999941e+00 6.389746823895410489e+04 3.273689581883854061e+00 5.436651684026989173e+00 1.061453020436714745e+00 1.834791042442826736e+01 2.191322210269855475e+01 1.500000000000000000e+01 7.234983000000000386e-01 3.013116999999999823e+00 2.043024826566475660e+00 4.826459309750345122e-03
3.294746946847511904e+00 1.419344224729740311e+01 2.926376353147417841e+00 1.671496630060436317e+01 3.570501573493831127e-01 1.530525399999999969e+01 7.001581000000000055e-01 3.097326999999999941e+00 6.389746823895410489e+04 3.273689581883854061e+00 5.436651684026989173e+00 1.061453020436714745e+00 1.834791015102310041e+01 2.191322242923100916e+01 1.500000000000000000e+01 7.234983000000000386e-01 3.013116999999999823e+00 2.043024826566475660e+00 4.826459309750345122e-03
3.294746946847511904e+00 1.419344224729740311e+01 2.926376353147417841e+00 1.671496630060436317e+01 3.570501573493831127e-01 1.530525399999999969e+01 7.001581000000000055e-01 3.097326999999999941e+00 6.389746823895410489e+04 3.273689581883854061e+00 5.436651684026989173e+00 1.061453020436714745e+00 1.834791015102310041e+01 2.191322210269855475e+01 1.500000000000000000e+01 7.234983000000000386e-01 3.013116999999999823e+00 2.043024857009918094e+00 4.826459309750345122e-03
3.294746946847511904e+00 1.419344224729740311e+01 2.926376353147417841e+00 1.671496630060436317e+01 3.570501573493831127e-01 1.530525399999999969e+01 7.001581000000000055e-01 3.097326999999999941e+00 6.389746823895410489e+04 3.273689581883854061e+00 5.436651684026989173e+00 1.061453020436714745e+00 1.834791015102310041e+01 2.191322210269855475e+01 1.500000000000000000e+01 7.234983000000000386e-01 3.013116999999999823e+00 2.043024826566475660e+00 4.826474210911538970e-03
3.294501568104036160e+00 1.419311402364732011e+01 2.926376191735581500e+00 1.671492740735619975e+01 3.570490882620052098e-01 1.530525399999999969e+01 7.001581000000000055e-01 3.097326999999999941e+00 6.389746823895078705e+04 3.274316400839065722e+00 5.436642373764678737e+00 1.061559095664452279e+00 1.834799154567231483e+01 2.191324441893193509e+01 1.500000000000000000e+01 7.234983000000000386e-01 3.013116999999999823e+00 2.043024817697747686e+00 4.789280394429911401e-03
3.294501617195935150e+00 1.419311402364732011e+01 2.926376191735581500e+00 1.671492740735619975e+01 3.570490882620052098e-01 1.530525399999999969e+01 7.001581000000000055e-01 3.097326999999999941e+00 6.389746823895078705e+04 3.274316400839065722e+00 5.436642373764678737e+00 1.061559095664452279e+00 1.834799154567231483e+01 2.191324441893193509e+01 1.500000000000000000e+01 7.234983000000000386e-01 3.013116999999999823e+00 2.043024817697747686e+00 4.789280394429911401e-03
3.294501568104036160e+00 1.419311423514120030e+01 2.926376191735581500e+00 1.671492740735619975e+01 3.570490882620052098e-01 1.530525399999999969e+01 7.001581000000000055e-01 3.097326999999999941e+00 6.389746823895078705e+04 3.274316400839065722e+00 5.436642373764678737e+00 1.061559095664452279e+00 1.834799154567231483e+01 2.191324441893193509e+01 1.500000000000000000e+01 7.234983000000000386e-01 3.013116999999999823e+00 2.043024817697747686e+00 4.789280394429911401e-03
3.294501568104036160e+00 1.419311402364732011e+01 2.926376235341984877e+00 1.671492740735619975e+01 3.570490882620052098e-01 1.530525399999999969e+01 7.001581000000000055e-01 3.097326999999999941e+00 6.389746823895078705e+04 3.274316400839065722e+00 5.436642373764678737e+00 1.061559095664452279e+00 1.834799154567231483e+01 2.191324441893193509e+01 1.500000000000000000e+01 7.234983000000000386e-01 3.013116999999999823e+00 2.043024817697747686e+00 4.789280394429911401e-03
3.294501568104036160e+00 1.419311402364732011e+01 2.926376191735581500e+00 1.671492765642802780e+01 3.570490882620052098e-01 1.530525399999999969e+01 7.001581000000000055e-01 3.097326999999999941e+00 6.389746823895078705e+04 3.274316400839065722e+00 5.436642373764678737e+00 1.061559095664452279e+00 1.834799154567231483e+01 2.191324441893193509e+01 1.500000000000000000e+01 7.234983000000000386e-01 3.013116999999999823e+00 2.043024817697747686e+00 4.789280394429911401e-03
3.294501568104036160e+00 1.419311402364732011e+01 2.926376191735581500e+00 1.671492740735619975e+01 3.570491031631664036e-01 1.530525399999999969e+01 7.001581000000000055e-01 3.097326999999999941e+00 6.389746823895078705e+04 3.274316400839065722e+00 5.436642373764678737e+00 1.061559095664452279e+00 1.834799154567231483e+01 2.191324441893193509e+01 1.500000000000000000e+01 7.234983000000000386e-01 3.013116999999999823e+00 2.043024817697747686e+00 4.789280394429911401e-03
3.294501568104036160e+00 1.419311402364732011e+01 2.926376191735581500e+00 1.671492740735619975e+01 3.570490882620052098e-01 1.530525399999999969e+01 7.001581000000000055e-01 3.097326999999999941e+00 6.389746919109726150e+04 3.274316400839065722e+00 5.436642373764678737e+00 1.061559095664452279e+00 1.834799154567231483e+01 2.191324441893193509e+01 1.500000000000000000e+01 7.234983000000000386e-01 3.013116999999999823e+00 2.043024817697747686e+00 4.789280394429911401e-03
3.294501568104036160e+00 1.419311402364732011e+01 2.926376191735581500e+00 1.671492740735619975e+01 3.570490882620052098e-01 1.530525399999999969e+01 7.001581000000000055e-01 3.097326999999999941e+00 6.389746823895078705e+04 3.274316449630182202e+00 5.436642373764678737e+00 1.061559095664452279e+00 1.834799154567231483e+01 2.191324441893193509e+01 1.500000000000000000e+01 7.234983000000000386e-01 3.013116999999999823e+00 2.043024817697747686e+00 4.789280394429911401e-03
3.294501568104036160e+00 1.419311402364732011e+01 2.926376191735581500e+00 1.671492740735619975e+01 3.570490882620052098e-01 1.530525399999999969e+01 7.001581000000000055e-01 3.097326999999999941e+00 6.389746823895078705e+04 3.274316400839065722e+00 5.436642454776962730e+00 1.061559095664452279e+00 1.834799154567231483e+01 2.191324441893193509e+01 1.500000000000000000e+01 7.234983000000000386e-01 3.013116999999999823e+00 2.043024817697747686e+00 4.789280394429911401e-03
3.294501568104036160e+00 1.419311402364732011e+01 2.926376191735581500e+00 1.671492740735619975e+01 3.570490882620052098e-01 1.530525399999999969e+01 7.001581000000000055e-01 3.097326999999999941e+00 6.389746823895078705e+04 3.274316400839065722e+00 5.436642373764678737e+00 1.061559111482915485e+00 1.834799154567231483e+01 2.191324441893193509e+01 1.500000000000000000e+01 7.234983000000000386e-01 3.013116999999999823e+00 2.043024817697747686e+00 4.789280394429911401e-03
3.294501568104036160e+00 1.419311402364732011e+01 2.926376191735581500e+00 1.671492740735619975e+01 3.570490882620052098e-01 1.530525399999999969e+01 7.001581000000000055e-01 3.097326999999999941e+00 6.389746823895078705e+04 3.274316400839065722e+00 5.436642373764678737e+00 1.061559095664452279e+00 1.834799181907869325e+01 2.191324441893193509e+01 1.500000000000000000e+01 7.234983000000000386e-01 3.013116999999999823e+00 2.043024817697747686e+00 4.789280394429911401e-03
3.294501568104036160e+00 1.419311402364732011e+01 2.926376191735581500e+00 1.671492740735619975e+01 3.570490882620052098e-01 1.530525399999999969e+01 7.001581000000000055e-01 3.097326999999999941e+00 6.389746823895078705e+04 3.274316400839065722e+00 5.436642373764678737e+00 1.061559095664452279e+00 1.834799154567231483e+01 2.191324474546472345e+01 1.500000000000000000e+01 7.234983000000000386e-01 3.013116999999999823e+00 2.043024817697747686e+00 4.789280394429911401e-03
3.294501568104036160e+00 1.419311402364732011e+01 2.926376191735581500e+00 1.671492740735619975e+01 3.570490882620052098e-01 1.530525399999999969e+01 7.001581000000000055e-01 3.097326999999999941e+00 6.389746823895078705e+04 3.274316400839065722e+00 5.436642373764678737e+00 1.061559095664452279e+00 1.834799154567231483e+01 2.191324441893193509e+01 1.500000000000000000e+01 7.234983000000000386e-01 3.013116999999999823e+00 2.043024848141189675e+00 4.789280394429911401e-03
3.294501568104036160e+00 1.419311402364732011e+01 2.926376191735581500e+00 1.671492740735619975e+01 3.570490882620052098e-01 1.530525399999999969e+01 7.001581000000000055e-01 3.097326999999999941e+00 6.389746823895078705e+04 3.274316400839065722e+00 5.436642373764678737e+00 1.061559095664452279e+00 1.834799154567231483e+01 2.191324441893193509e+01 1.500000000000000000e+01 7.234983000000000386e-01 3.013116999999999823e+00 2.043024817697747686e+00 4.789295295591105249e-03
3.294296485383561901e+00 1.419194977482432307e+01 2.926376051797566102e+00 1.671492016540667791e+01 3.570397831303621650e-01 1.530525399999999969e+01 7.001581000000000055e-01 3.097326999999999941e+00 6.389746748719749303e+04 3.274993736158251068e+00 5.436489066627991029e+00 1.061736205614890682e+00 1.834800722730182798e+01 2.191324802489297952e+01 1.500000000000000000e+01 7.234983000000000386e-01 3.013116999999999823e+00 2.043024813352835700e+00 4.753532331813027992e-03
3.294296534472404669e+00 1.419194977482432307e+01 2.926376051797566102e+00 1.671492016540667791e+01 3.570397831303621650e-01 1.530525399999999969e+01 7.001581000000000055e-01 3.097326999999999941e+00 6.389746748719749303e+04 3.274993736158251068e+00 5.436489066627991029e+00 1.061736205614890682e+00 1.834800722730182798e+01 2.191324802489297952e+01 1.500000000000000000e+01 7.234983000000000386e-01 3.013116999999999823e+00 2.043024813352835700e+00 4.753532331813027992e-03
3.294296485383561901e+00 1.419194998630085358e+01 2.926376051797566102e+00 1.671492016540667791e+01 3.570397831303621650e-01 1.530525399999999969e+01 7.001581000000000055e-01 3.097326999999999941e+00 6.389746748719749303e+04 3.274993736158251068e+00 5.436489066627991029e+00 1.061736205614890682e+00 1.834800722730182798e+01 2.191324802489297952e+01 1.500000000000000000e+01 7.234983000000000386e-01 3.013116999999999823e+00 2.043024813352835700e+00 4.753532331813027992e-03
3.294296485383561901e+00 1.419194977482432307e+01 2.926376095403967259e+00 1.671492016540667791e+01 3.570397831303621650e-01 1.530525399999999969e+01 7.001581000000000055e-01 3.097326999999999941e+00 6.389746748719749303e+04 3.274993736158251068e+00 5.436489066627991029e+00 1.061736205614890682e+00 1.834800722730182798e+01 2.191324802489297952e+01 1.500000000000000000e+01 7.234983000000000386e-01 3.013116999999999823e+00 2.043024813352835700e+00 4.753532331813027992e-03
3.294296485383561901e+00 1.419194977482432307e+01 2.926376051797566102e+00 1.671492041447839938e+01 3.570397831303621650e-01 1.530525399999999969e+01 7.001581000000000055e-01 3.097326999999999941e+00 6.389746748719749303e+04 3.274993736158251068e+00 5.436489066627991029e+00 1.061736205614890682e+00 1.834800722730182798e+01 2.191324802489297952e+01 1.500000000000000000e+01 7.234983000000000386e-01 3.013116999999999823e+00 2.043024813352835700e+00 4.753532331813027992e-03
3.294296485383561901e+00 1.419194977482432307e+01 2.926376051797566102e+00 1.671492016540667791e+01 3.570397980315233588e-01 1.530525399999999969e+01 7.001581000000000055e-01 3.097326999999999941e+00 6.389746748719749303e+04 3.274993736158251068e+00 5.436489066627991029e+00 1.061736205614890682e+00 1.834800722730182798e+01 2.191324802489297952e+01 1.500000000000000000e+01 7.234983000000000386e-01 3.013116999999999823e+00 2.043024813352835700e+00 4.753532331813027992e-03
3.294296485383561901e+00 1.419194977482432307e+01 2.926376051797566102e+00 1.671492016540667791e+01 3.570397831303621650e-01 1.530525399999999969e+01 7.001581000000000055e-01 3.097326999999999941e+00 6.389746843934395292e+04 3.274993736158251068e+00 5.436489066627991029e+00 1.061736205614890682e+00 1.834800722730182798e+01 2.191324802489297952e+01 1.500000000000000000e+01 7.234983000000000386e-01 3.013116999999999823e+00 2.043024813352835700e+00 4.753532331813027992e-03
3.294296485383561901e+00 1.419194977482432307e+01 2.926376051797566102e+00 1.671492016540667791e+01 3.570397831303621650e-01 1.530525399999999969e+01 7.001581000000000055e-01 3.097326999999999941e+00 6.389746748719749303e+04 3.274993784959460807e+00 5.436489066627991029e+00 1.061736205614890682e+00 1.834800722730182798e+01 2.191324802489297952e+01 1.500000000000000000e+01 7.234983000000000386e-01 3.013116999999999823e+00 2.043024813352835700e+00 4.753532331813027992e-03
3.294296485383561901e+00 1.419194977482432307e+01 2.926376051797566102e+00 1.671492016540667791e+01 3.570397831303621650e-01 1.530525399999999969e+01 7.001581000000000055e-01 3.097326999999999941e+00 6.389746748719749303e+04 3.274993736158251068e+00 5.436489147637990627e+00 1.061736205614890682e+00 1.834800722730182798e+01 2.191324802489297952e+01 1.500000000000000000e+01 7.234983000000000386e-01 3.013116999999999823e+00 2.043024813352835700e+00 4.753532331813027992e-03
3.294296485383561901e+00 1.419194977482432307e+01 2.926376051797566102e+00 1.671492016540667791e+01 3.570397831303621650e-01 1.530525399999999969e+01 7.001581000000000055e-01 3.097326999999999941e+00 6.389746748719749303e+04 3.274993736158251068e+00 5.436489066627991029e+00 1.061736221435993111e+00 1.834800722730182798e+01 2.191324802489297952e+01 1.500000000000000000e+01 7.234983000000000386e-01 3.013116999999999823e+00 2.043024813352835700e+00 4.753532331813027992e-03
3.294296485383561901e+00 1.419194977482432307e+01 2.926376051797566102e+00 1.671492016540667791e+01 3.570397831303621650e-01 1.530525399999999969e+01 7.001581000000000055e-01 3.097326999999999941e+00 6.389746748719749303e+04 3.274993736158251068e+00 5.436489066627991029e+00 1.061736205614890682e+00 1.834800750070844089e+01 2.191324802489297952e+01 1.500000000000000000e+01 7.234983000000000386e-01 3.013116999999999823e+00 2.043024813352835700e+00 4.753532331813027992e-03
3.294296485383561901e+00 1.419194977482432307e+01 2.926376051797566102e+00 1.671492016540667791e+01 3.570397831303621650e-01 1.530525399999999969e+01 7.001581000000000055e-01 3.097326999999999941e+00 6.389746748719749303e+04 3.274993736158251068e+00 5.436489066627991029e+00 1.061736205614890682e+00 1.834800722730182798e+01 2.191324835142582117e+01 1.500000000000000000e+01 7.234983000000000386e-01 3.013116999999999823e+00 2.043024813352835700e+00 4.753532331813027992e-03
3.294296485383561901e+00 1.419194977482432307e+01 2.926376051797566102e+00 1.671492016540667791e+01 3.570397831303621650e-01 1.530525399999999969e+01 7.001581000000000055e-01 3.097326999999999941e+00 6.389746748719749303e+04 3.274993736158251068e+00 5.436489066627991029e+00 1.061736205614890682e+00 1.834800722730182798e+01 2.191324802489297952e+01 1.500000000000000000e+01 7.234983000000000386e-01 3.013116999999999823e+00 2.043024843796277690e+00 4.753532331813027992e-03
3.294296485383561901e+00 1.419194977482432307e+01 2.926376051797566102e+00 1.671492016540667791e+01 3.570397831303621650e-01 1.530525399999999969e+01 7.001581000000000055e-01 3.097326999999999941e+00 6.389746748719749303e+04 3.274993736158251068e+00 5.436489066627991029e+00 1.061736205614890682e+00 1.834800722730182798e+01 2.191324802489297952e+01 1.500000000000000000e+01 7.234983000000000386e-01 3.013116999999999823e+00 2.043024813352835700e+00 4.753547232974221839e-03
3.293491844987261441e+00 1.419024468720610166e+01 2.926375370468822901e+00 1.671474871240095439e+01 3.570299241415346714e-01 1.530525399999999969e+01 7.001581000000000055e-01 3.097326999999999941e+00 6.389746748718034360e+04 3.277576532579696167e+00 5.436448047468021905e+00 1.062011220628837904e+00 1.834842740863274457e+01 2.191336260717804763e+01 1.500000000000000000e+01 7.234983000000000386e-01 3.013116999999999823e+00 2.043024789624016346e+00 4.646685055395783671e-03
3.294088577183134969e+00 1.419152379785438178e+01 2.926375877168717388e+00 1.671487681275905857e+01 3.570372924553097405e-01 1.530525399999999969e+01 7.001581000000000055e-01 3.097326999999999941e+00 6.389746748719322932e+04 3.275637494694962459e+00 5.436478807136416513e+00 1.061804490001296841e+00 1.834811169738508241e+01 2.191327665363361987e+01 1.500000000000000000e+01 7.234983000000000386e-01 3.013116999999999823e+00 2.043024807449694169e+00 4.726670489452708922e-03
3.294088626268879771e+00 1.419152379785438178e+01 2.926375877168717388e+00 1.671487681275905857e+01 3.570372924553097405e-01 1.530525399999999969e+01 7.001581000000000055e-01 3.097326999999999941e+00 6.389746748719322932e+04 3.275637494694962459e+00 5.436478807136416513e+00 1.061804490001296841e+00 1.834811169738508241e+01 2.191327665363361987e+01 1.500000000000000000e+01 7.234983000000000386e-01 3.013116999999999823e+00 2.043024807449694169e+00 4.726670489452708922e-03
3.294088577183134969e+00 1.419152400932456537e+01 2.926375877168717388e+00 1.671487681275905857e+01 3.570372924553097405e-01 1.530525399999999969e+01 7.001581000000000055e-01 3.097326999999999941e+00 6.389746748719322932e+04 3.275637494694962459e+00 5.436478807136416513e+00 1.061804490001296841e+00 1.834811169738508241e+01 2.191327665363361987e+01 1.500000000000000000e+01 7.234983000000000386e-01 3.013116999999999823e+00 2.043024807449694169e+00 4.726670489452708922e-03
3.294088577183134969e+00 1.419152379785438178e+01 2.926375920775115880e+00 1.671487681275905857e+01 3.570372924553097405e-01 1.530525399999999969e+01 7.001581000000000055e-01 3.097326999999999941e+00 6.389746748719322932e+04 3.275637494694962459e+00 5.436478807136416513e+00 1.061804490001296841e+00 1.834811169738508241e+01 2.191327665363361987e+01 1.500000000000000000e+01 7.234983000000000386e-01 3.013116999999999823e+00 2.043024807449694169e+00 4.726670489452708922e-03
3.294088577183134969e+00 1.419152379785438178e+01 2.926375877168717388e+00 1.671487706183013344e+01 3.570372924553097405e-01 1.530525399999999969e+01 7.001581000000000055e-01 3.097326999999999941e+00 6.389746748719322932e+04 3.275637494694962459e+00 5.436478807136416513e+00 1.061804490001296841e+00 1.834811169738508241e+01 2.191327665363361987e+01 1.500000000000000000e+01 7.234983000000000386e-01 3.013116999999999823e+00 2.043024807449694169e+00 4.726670489452708922e-03
3.294088577183134969e+00 1.419152379785438178e+01 2.926375877168717388e+00 1.671487681275905857e+01 3.570373073564709343e-01 1.530525399999999969e+01 7.001581000000000055e-01 3.097326999999999941e+00 6.389746748719322932e+04 3.275637494694962459e+00 5.436478807136416513e+00 1.061804490001296841e+00 1.834811169738508241e+01 2.191327665363361987e+01 1.500000000000000000e+01 7.234983000000000386e-01 3.013116999999999823e+00 2.043024807449694169e+00 4.726670489452708922e-03
3.294088577183134969e+00 1.419152379785438178e+01 2.926375877168717388e+00 1.671487681275905857e+01 3.570372924553097405e-01 1.530525399999999969e+01 7.001581000000000055e-01 3.097326999999999941e+00 6.389746843933968921e+04 3.275637494694962459e+00 5.436478807136416513e+00 1.061804490001296841e+00 1.834811169738508241e+01 2.191327665363361987e+01 1.500000000000000000e+01 7.234983000000000386e-01 3.013116999999999823e+00 2.043024807449694169e+00 4.726670489452708922e-03
3.294088577183134969e+00 1.419152379785438178e+01 2.926375877168717388e+00 1.671487681275905857e+01 3.570372924553097405e-01 1.530525399999999969e+01 7.001581000000000055e-01 3.097326999999999941e+00 6.389746748719322932e+04 3.275637543505764970e+00 5.436478807136416513e+00 1.061804490001296841e+00 1.834811169738508241e+01 2.191327665363361987e+01 1.500000000000000000e+01 7.234983000000000386e-01 3.013116999999999823e+00 2.043024807449694169e+00 4.726670489452708922e-03
3.294088577183134969e+00 1.419152379785438178e+01 2.926375877168717388e+00 1.671487681275905857e+01 3.570372924553097405e-01 1.530525399999999969e+01 7.001581000000000055e-01 3.097326999999999941e+00 6.389746748719322932e+04 3.275637494694962459e+00 5.436478888146263344e+00 1.061804490001296841e+00 1.834811169738508241e+01 2.191327665363361987e+01 1.500000000000000000e+01 7.234983000000000386e-01 3.013116999999999823e+00 2.043024807449694169e+00 4.726670489452708922e-03
3.294088577183134969e+00 1.419152379785438178e+01 2.926375877168717388e+00 1.671487681275905857e+01 3.570372924553097405e-01 1.530525399999999969e+01 7.001581000000000055e-01 3.097326999999999941e+00 6.389746748719322932e+04 3.275637494694962459e+00 5.436478807136416513e+00 1.061804505823416678e+00 1.834811169738508241e+01 2.191327665363361987e+01 1.500000000000000000e+01 7.234983000000000386e-01 3.013116999999999823e+00 2.043024807449694169e+00 4.726670489452708922e-03
3.294088577183134969e+00 1.419152379785438178e+01 2.926375877168717388e+00 1.671487681275905857e+01 3.570372924553097405e-01 1.530525399999999969e+01 7.001581000000000055e-01 3.097326999999999941e+00 6.389746748719322932e+04 3.275637494694962459e+00 5.436478807136416513e+00 1.061804490001296841e+00 1.834811197079325140e+01 2.191327665363361987e+01 1.500000000000000000e+01 7.234983000000000386e-01 3.013116999999999823e+00 2.043024807449694169e+00 4.726670489452708922e-03
3.294088577183134969e+00 1.419152379785438178e+01 2.926375877168717388e+00 1.671487681275905857e+01 3.570372924553097405e-01 1.530525399999999969e+01 7.001581000000000055e-01 3.097326999999999941e+00 6.389746748719322932e+04 3.275637494694962459e+00 5.436478807136416513e+00 1.061804490001296841e+00 1.834811169738508241e+01 2.191327698016688785e+01 1.500000000000000000e+01 7.234983000000000386e-01 3.013116999999999823e+00 2.043024807449694169e+00 4.726670489452708922e-03
3.294088577183134969e+00 1.419152379785438178e+01 2.926375877168717388e+00 1.671487681275905857e+01 3.570372924553097405e-01 1.530525399999999969e+01 7.001581000000000055e-01 3.097326999999999941e+00 6.389746748719322932e+04 3.275637494694962459e+00 5.436478807136416513e+00 1.061804490001296841e+00 1.834811169738508241e+01 2.191327665363361987e+01 1.500000000000000000e+01 7.234983000000000386e-01 3.013116999999999823e+00 2.043024837893136159e+00 4.726670489452708922e-03
3.294088577183134969e+00 1.419152379785438178e+01 2.926375877168717388e+00 1.671487681275905857e+01 3.570372924553097405e-01 1.530525399999999969e+01 7.001581000000000055e-01 3.097326999999999941e+00 6.389746748719322932e+04 3.275637494694962459e+00 5.436478807136416513e+00 1.061804490001296841e+00 1.834811169738508241e+01 2.191327665363361987e+01 1.500000000000000000e+01 7.234983000000000386e-01 3.013116999999999823e+00 2.043024807449694169e+00 4.726685390613902769e-03
3.294034651746759579e+00 1.419144290307517942e+01 2.926375849614686331e+00 1.671486767528439543e+01 3.570367896766125093e-01 1.530525399999999969e+01 7.001581000000000055e-01 3.097326999999999941e+00 6.389746748719239258e+04 3.275795659205899213e+00 5.436476813077004699e+00 1.061831393891977671e+00 1.834813226785630746e+01 2.191328228443947523e+01 1.500000000000000000e+01 7.234983000000000386e-01 3.013116999999999823e+00 2.043024806197995424e+00 4.712348722684344543e-03
3.294034700831701024e+00 1.419144290307517942e+01 2.926375849614686331e+00 1.671486767528439543e+01 3.570367896766125093e-01 1.530525399999999969e+01 7.001581000000000055e-01 3.097326999999999941e+00 6.389746748719239258e+04 3.275795659205899213e+00 5.436476813077004699e+00 1.061831393891977671e+00 1.834813226785630746e+01 2.191328228443947523e+01 1.500000000000000000e+01 7.234983000000000386e-01 3.013116999999999823e+00 2.043024806197995424e+00 4.712348722684344543e-03
3.294034651746759579e+00 1.419144311454415686e+01 2.926375849614686331e+00 1.671486767528439543e+01 3.570367896766125093e-01 1.530525399999999969e+01 7.001581000000000055e-01 3.097326999999999941e+00 6.389746748719239258e+04 3.275795659205899213e+00 5.436476813077004699e+00 1.061831393891977671e+00 1.834813226785630746e+01 2.191328228443947523e+01 1.500000000000000000e+01 7.234983000000000386e-01 3.013116999999999823e+00 2.043024806197995424e+00 4.712348722684344543e-03
3.294034651746759579e+00 1.419144290307517942e+01 2.926375893221084379e+00 1.671486767528439543e+01 3.570367896766125093e-01 1.530525399999999969e+01 7.001581000000000055e-01 3.097326999999999941e+00 6.389746748719239258e+04 3.275795659205899213e+00 5.436476813077004699e+00 1.061831393891977671e+00 1.834813226785630746e+01 2.191328228443947523e+01 1.500000000000000000e+01 7.234983000000000386e-01 3.013116999999999823e+00 2.043024806197995424e+00 4.712348722684344543e-03
3.294034651746759579e+00 1.419144290307517942e+01 2.926375849614686331e+00 1.671486792435533175e+01 3.570367896766125093e-01 1.530525399999999969e+01 7.001581000000000055e-01 3.097326999999999941e+00 6.389746748719239258e+04 3.275795659205899213e+00 5.436476813077004699e+00 1.061831393891977671e+00 1.834813226785630746e+01 2.191328228443947523e+01 1.500000000000000000e+01 7.234983000000000386e-01 3.013116999999999823e+00 2.043024806197995424e+00 4.712348722684344543e-03
3.294034651746759579e+00 1.419144290307517942e+01 2.926375849614686331e+00 1.671486767528439543e+01 3.570368045777737032e-01 1.530525399999999969e+01 7.001581000000000055e-01 3.097326999999999941e+00 6.389746748719239258e+04 3.275795659205899213e+00 5.436476813077004699e+00 1.061831393891977671e+00 1.834813226785630746e+01 2.191328228443947523e+01 1.500000000000000000e+01 7.234983000000000386e-01 3.013116999999999823e+00 2.043024806197995424e+00 4.712348722684344543e-03
3.294034651746759579e+00 1.419144290307517942e+01 2.926375849614686331e+00 1.671486767528439543e+01 3.570367896766125093e-01 1.530525399999999969e+01 7.001581000000000055e-01 3.097326999999999941e+00 6.389746843933885248e+04 3.275795659205899213e+00 5.436476813077004699e+00 1.061831393891977671e+00 1.834813226785630746e+01 2.191328228443947523e+01 1.500000000000000000e+01 7.234983000000000386e-01 3.013116999999999823e+00 2.043024806197995424e+00 4.712348722684344543e-03
3.294034651746759579e+00 1.419144290307517942e+01 2.926375849614686331e+00 1.671486767528439543e+01 3.570367896766125093e-01 1.530525399999999969e+01 7.001581000000000055e-01 3.097326999999999941e+00 6.389746748719239258e+04 3.275795708019058505e+00 5.436476813077004699e+00 1.061831393891977671e+00 1.834813226785630746e+01 2.191328228443947523e+01 1.500000000000000000e+01 7.234983000000000386e-01 3.013116999999999823e+00 2.043024806197995424e+00 4.712348722684344543e-03
3.294034651746759579e+00 1.419144290307517942e+01 2.926375849614686331e+00 1.671486767528439543e+01 3.570367896766125093e-01 1.530525399999999969e+01 7.001581000000000055e-01 3.097326999999999941e+00 6.389746748719239258e+04 3.275795659205899213e+00 5.436476894086822220e+00 1.061831393891977671e+00 1.834813226785630746e+01 2.191328228443947523e+01 1.500000000000000000e+01 7.234983000000000386e-01 3.013116999999999823e+00 2.043024806197995424e+00 4.712348722684344543e-03
3.294034651746759579e+00 1.419144290307517942e+01 2.926375849614686331e+00 1.671486767528439543e+01 3.570367896766125093e-01 1.530525399999999969e+01 7.001581000000000055e-01 3.097326999999999941e+00 6.389746748719239258e+04 3.275795659205899213e+00 5.436476813077004699e+00 1.061831409714498520e+00 1.834813226785630746e+01 2.191328228443947523e+01 1.500000000000000000e+01 7.234983000000000386e-01 3.013116999999999823e+00 2.043024806197995424e+00 4.712348722684344543e-03
3.294034651746759579e+00 1.419144290307517942e+01 2.926375849614686331e+00 1.671486767528439543e+01 3.570367896766125093e-01 1.530525399999999969e+01 7.001581000000000055e-01 3.097326999999999941e+00 6.389746748719239258e+04 3.275795659205899213e+00 5.436476813077004699e+00 1.061831393891977671e+00 1.834813254126478554e+01 2.191328228443947523e+01 1.500000000000000000e+01 7.234983000000000386e-01 3.013116999999999823e+00 2.043024806197995424e+00 4.712348722684344543e-03
3.294034651746759579e+00 1.419144290307517942e+01 2.926375849614686331e+00 1.671486767528439543e+01 3.570367896766125093e-01 1.530525399999999969e+01 7.001581000000000055e-01 3.097326999999999941e+00 6.389746748719239258e+04 3.275795659205899213e+00 5.436476813077004699e+00 1.061831393891977671e+00 1.834813226785630746e+01 2.191328261097282848e+01 1.500000000000000000e+01 7.234983000000000386e-01 3.013116999999999823e+00 2.043024806197995424e+00 4.712348722684344543e-03
3.294034651746759579e+00 1.419144290307517942e+01 2.926375849614686331e+00 1.671486767528439543e+01 3.570367896766125093e-01 1.530525399999999969e+01 7.001581000000000055e-01 3.097326999999999941e+00 6.389746748719239258e+04 3.275795659205899213e+00 5.436476813077004699e+00 1.061831393891977671e+00 1.834813226785630746e+01 2.191328228443947523e+01 1.500000000000000000e+01 7.234983000000000386e-01 3.013116999999999823e+00 2.043024836641437414e+00 4.712348722684344543e-03
3.294034651746759579e+00 1.419144290307517942e+01 2.926375849614686331e+00 1.671486767528439543e+01 3.570367896766125093e-01 1.530525399999999969e+01 7.001581000000000055e-01 3.097326999999999941e+00 6.389746748719239258e+04 3.275795659205899213e+00 5.436476813077004699e+00 1.061831393891977671e+00 1.834813226785630746e+01 2.191328228443947523e+01 1.500000000000000000e+01 7.234983000000000386e-01 3.013116999999999823e+00 2.043024806197995424e+00 4.712363623845538391e-03
