3.205843000000000220e+00 7.511125999999999969e+00 1.235333999999999932e+00 1.528337999999999867e-05 3.753042800000000057e+01 1.549994700000000059e+01 7.954442999999999930e-01 3.681439999999999824e+00 2.571453499999999985e+04 0.000000000000000000e+00
3.205843047770783549e+00 7.511125999999999969e+00 1.235333999999999932e+00 1.528337999999999867e-05 3.753042800000000057e+01 1.549994700000000059e+01 7.954442999999999930e-01 3.681439999999999824e+00 2.571453499999999985e+04 0.000000000000000000e+00
3.205843000000000220e+00 7.511126111924498971e+00 1.235333999999999932e+00 1.528337999999999867e-05 3.753042800000000057e+01 1.549994700000000059e+01 7.954442999999999930e-01 3.681439999999999824e+00 2.571453499999999985e+04 0.000000000000000000e+00
3.205843000000000220e+00 7.511125999999999969e+00 1.235334018407910905e+00 1.528337999999999867e-05 3.753042800000000057e+01 1.549994700000000059e+01 7.954442999999999930e-01 3.681439999999999824e+00 2.571453499999999985e+04 0.000000000000000000e+00
3.205843000000000220e+00 7.511125999999999969e+00 1.235333999999999932e+00 1.529828116119384633e-05 3.753042800000000057e+01 1.549994700000000059e+01 7.954442999999999930e-01 3.681439999999999824e+00 2.571453499999999985e+04 0.000000000000000000e+00
3.205843000000000220e+00 7.511125999999999969e+00 1.235333999999999932e+00 1.528337999999999867e-05 3.753042855924695687e+01 1.549994700000000059e+01 7.954442999999999930e-01 3.681439999999999824e+00 2.571453499999999985e+04 0.000000000000000000e+00
3.205843000000000220e+00 7.511125999999999969e+00 1.235333999999999932e+00 1.528337999999999867e-05 3.753042800000000057e+01 1.549994700000000059e+01 7.954442999999999930e-01 3.681439999999999824e+00 2.571453538317642960e+04 0.000000000000000000e+00
3.205843000000000220e+00 7.511125999999999969e+00 1.235333999999999932e+00 1.528337999999999867e-05 3.753042800000000057e+01 1.549994700000000059e+01 7.954442999999999930e-01 3.681439999999999824e+00 2.571453499999999985e+04 1.490116119384765625e-08
3.122758714715897721e+00 7.511125999650864138e+00 1.271875152779524010e+00 7.663509932048414575e-01 4.529455212006304521e+01 1.549994700000000059e+01 7.954442999999999930e-01 3.681439999999999824e+00 2.571453496489471581e+04 6.232705293306030998e-04
3.122758761248628723e+00 7.511125999650864138e+00 1.271875152779524010e+00 7.663509932048414575e-01 4.529455212006304521e+01 1.549994700000000059e+01 7.954442999999999930e-01 3.681439999999999824e+00 2.571453496489471581e+04 6.232705293306030998e-04
3.122758714715897721e+00 7.511126111575363140e+00 1.271875152779524010e+00 7.663509932048414575e-01 4.529455212006304521e+01 1.549994700000000059e+01 7.954442999999999930e-01 3.681439999999999824e+00 2.571453496489471581e+04 6.232705293306030998e-04
3.122758714715897721e+00 7.511125999650864138e+00 1.271875171731940757e+00 7.663509932048414575e-01 4.529455212006304521e+01 1.549994700000000059e+01 7.954442999999999930e-01 3.681439999999999824e+00 2.571453496489471581e+04 6.232705293306030998e-04
3.122758714715897721e+00 7.511125999650864138e+00 1.271875152779524010e+00 7.663510081060026513e-01 4.529455212006304521e+01 1.549994700000000059e+01 7.954442999999999930e-01 3.681439999999999824e+00 2.571453496489471581e+04 6.232705293306030998e-04
3.122758714715897721e+00 7.511125999650864138e+00 1.271875152779524010e+00 7.663509932048414575e-01 4.529455279500447062e+01 1.549994700000000059e+01 7.954442999999999930e-01 3.681439999999999824e+00 2.571453496489471581e+04 6.232705293306030998e-04
3.122758714715897721e+00 7.511125999650864138e+00 1.271875152779524010e+00 7.663509932048414575e-01 4.529455212006304521e+01 1.549994700000000059e+01 7.954442999999999930e-01 3.681439999999999824e+00 2.571453534807114556e+04 6.232705293306030998e-04
3.122758714715897721e+00 7.511125999650864138e+00 1.271875152779524010e+00 7.663509932048414575e-01 4.529455212006304521e+01 1.549994700000000059e+01 7.954442999999999930e-01 3.681439999999999824e+00 2.571453496489471581e+04 6.232854304917969475e-04
3.060936225728018378e+00 7.511125999277851406e+00 1.312322620281155316e+00 3.849013116006407276e-01 5.318198014734682033e+01 1.549994700000000059e+01 7.954442999999999930e-01 3.681439999999999824e+00 2.571453488428246783e+04 1.143873719460731988e-03
3.060936271339522285e+00 7.511125999277851406e+00 1.312322620281155316e+00 3.849013116006407276e-01 5.318198014734682033e+01 1.549994700000000059e+01 7.954442999999999930e-01 3.681439999999999824e+00 2.571453488428246783e+04 1.143873719460731988e-03
3.060936225728018378e+00 7.511126111202350408e+00 1.312322620281155316e+00 3.849013116006407276e-01 5.318198014734682033e+01 1.549994700000000059e+01 7.954442999999999930e-01 3.681439999999999824e+00 2.571453488428246783e+04 1.143873719460731988e-03
3.060936225728018378e+00 7.511125999277851406e+00 1.312322639836286164e+00 3.849013116006407276e-01 5.318198014734682033e+01 1.549994700000000059e+01 7.954442999999999930e-01 3.681439999999999824e+00 2.571453488428246783e+04 1.143873719460731988e-03
3.060936225728018378e+00 7.511125999277851406e+00 1.312322620281155316e+00 3.849013265018019214e-01 5.318198014734682033e+01 1.549994700000000059e+01 7.954442999999999930e-01 3.681439999999999824e+00 2.571453488428246783e+04 1.143873719460731988e-03
3.060936225728018378e+00 7.511125999277851406e+00 1.312322620281155316e+00 3.849013116006407276e-01 5.318198093982007890e+01 1.549994700000000059e+01 7.954442999999999930e-01 3.681439999999999824e+00 2.571453488428246783e+04 1.143873719460731988e-03
3.060936225728018378e+00 7.511125999277851406e+00 1.312322620281155316e+00 3.849013116006407276e-01 5.318198014734682033e+01 1.549994700000000059e+01 7.954442999999999930e-01 3.681439999999999824e+00 2.571453526745889758e+04 1.143873719460731988e-03
3.060936225728018378e+00 7.511125999277851406e+00 1.312322620281155316e+00 3.849013116006407276e-01 5.318198014734682033e+01 1.549994700000000059e+01 7.954442999999999930e-01 3.681439999999999824e+00 2.571453488428246783e+04 1.143888620621925836e-03
3.047975131907735058e+00 7.511125998219888800e+00 1.321877044176090088e+00 1.747564879796675852e-02 5.499717877485160500e+01 1.549994700000000059e+01 7.954442999999999930e-01 3.681439999999999824e+00 2.571453438103265944e+04 1.239856225050498103e-03
3.271761379817492266e+00 7.498244826187172585e+00 9.020343134168469224e-01 3.459811928612545606e-01 5.318205703190614031e+01 1.549994700000000059e+01 7.954442999999999930e-01 3.681439999999999824e+00 2.571581621717600865e+04 -7.202501665962907692e-04
3.122543830294981504e+00 7.488184058202764781e+00 1.215144643791733259e+00 3.756566165218286346e-01 5.318198424613436970e+01 1.549994700000000059e+01 7.954442999999999930e-01 3.681439999999999824e+00 2.571482711135786303e+04 -9.728441748421993648e-06
3.083951852835492335e+00 7.492352628670308157e+00 1.296306289098409836e+00 3.830957425647095183e-01 5.318205986216570835e+01 1.549994700000000059e+01 7.954442999999999930e-01 3.681439999999999824e+00 2.571459221885743318e+04 1.981850235108766501e-04
3.067490413541707817e+00 7.510040883891387686e+00 1.315329566966396024e+00 3.849968029711028916e-01 5.318203395197401306e+01 1.549994700000000059e+01 7.954442999999999930e-01 3.681439999999999824e+00 2.571453233118938442e+04 7.283415254251122441e-04
3.067490459250876711e+00 7.510040883891387686e+00 1.315329566966396024e+00 3.849968029711028916e-01 5.318203395197401306e+01 1.549994700000000059e+01 7.954442999999999930e-01 3.681439999999999824e+00 2.571453233118938442e+04 7.283415254251122441e-04
3.067490413541707817e+00 7.510040995799717400e+00 1.315329566966396024e+00 3.849968029711028916e-01 5.318203395197401306e+01 1.549994700000000059e+01 7.954442999999999930e-01 3.681439999999999824e+00 2.571453233118938442e+04 7.283415254251122441e-04
3.067490413541707817e+00 7.510040883891387686e+00 1.315329586566333919e+00 3.849968029711028916e-01 5.318203395197401306e+01 1.549994700000000059e+01 7.954442999999999930e-01 3.681439999999999824e+00 2.571453233118938442e+04 7.283415254251122441e-04
3.067490413541707817e+00 7.510040883891387686e+00 1.315329566966396024e+00 3.849968178722640855e-01 5.318203395197401306e+01 1.549994700000000059e+01 7.954442999999999930e-01 3.681439999999999824e+00 2.571453233118938442e+04 7.283415254251122441e-04
3.067490413541707817e+00 7.510040883891387686e+00 1.315329566966396024e+00 3.849968029711028916e-01 5.318203474444807455e+01 1.549994700000000059e+01 7.954442999999999930e-01 3.681439999999999824e+00 2.571453233118938442e+04 7.283415254251122441e-04
3.067490413541707817e+00 7.510040883891387686e+00 1.315329566966396024e+00 3.849968029711028916e-01 5.318203395197401306e+01 1.549994700000000059e+01 7.954442999999999930e-01 3.681439999999999824e+00 2.571453271436577415e+04 7.283415254251122441e-04
3.067490413541707817e+00 7.510040883891387686e+00 1.315329566966396024e+00 3.849968029711028916e-01 5.318203395197401306e+01 1.549994700000000059e+01 7.954442999999999930e-01 3.681439999999999824e+00 2.571453233118938442e+04 7.283564265863060917e-04
3.070535358102328694e+00 7.510015335951277571e+00 1.315797912556440963e+00 3.850008621306418855e-01 5.318240631650024852e+01 1.549994700000000059e+01 7.954442999999999930e-01 3.681439999999999824e+00 2.571453233117910713e+04 4.478585060236110141e-04
3.070535403856871071e+00 7.510015335951277571e+00 1.315797912556440963e+00 3.850008621306418855e-01 5.318240631650024852e+01 1.549994700000000059e+01 7.954442999999999930e-01 3.681439999999999824e+00 2.571453233117910713e+04 4.478585060236110141e-04
3.070535358102328694e+00 7.510015447859226256e+00 1.315797912556440963e+00 3.850008621306418855e-01 5.318240631650024852e+01 1.549994700000000059e+01 7.954442999999999930e-01 3.681439999999999824e+00 2.571453233117910713e+04 4.478585060236110141e-04
3.070535358102328694e+00 7.510015335951277571e+00 1.315797932163357720e+00 3.850008621306418855e-01 5.318240631650024852e+01 1.549994700000000059e+01 7.954442999999999930e-01 3.681439999999999824e+00 2.571453233117910713e+04 4.478585060236110141e-04
3.070535358102328694e+00 7.510015335951277571e+00 1.315797912556440963e+00 3.850008770318030793e-01 5.318240631650024852e+01 1.549994700000000059e+01 7.954442999999999930e-01 3.681439999999999824e+00 2.571453233117910713e+04 4.478585060236110141e-04
3.070535358102328694e+00 7.510015335951277571e+00 1.315797912556440963e+00 3.850008621306418855e-01 5.318240710897985934e+01 1.549994700000000059e+01 7.954442999999999930e-01 3.681439999999999824e+00 2.571453233117910713e+04 4.478585060236110141e-04
3.070535358102328694e+00 7.510015335951277571e+00 1.315797912556440963e+00 3.850008621306418855e-01 5.318240631650024852e+01 1.549994700000000059e+01 7.954442999999999930e-01 3.681439999999999824e+00 2.571453271435549686e+04 4.478585060236110141e-04
3.070535358102328694e+00 7.510015335951277571e+00 1.315797912556440963e+00 3.850008621306418855e-01 5.318240631650024852e+01 1.549994700000000059e+01 7.954442999999999930e-01 3.681439999999999824e+00 2.571453233117910713e+04 4.478734071848048618e-04
3.073754184660191235e+00 7.506178955396383579e+00 1.314947617069161634e+00 3.848782111357859081e-01 5.318242450464045135e+01 1.549994700000000059e+01 7.954442999999999930e-01 3.681439999999999824e+00 2.571453613811611649e+04 2.876767456888652038e-04
3.071368633952394234e+00 7.509821324489200478e+00 1.316139721443213784e+00 3.850101417749336452e-01 5.318241307659702244e+01 1.549994700000000059e+01 7.954442999999999930e-01 3.681439999999999824e+00 2.571453209937561041e+04 4.091651129524831042e-04
3.071368679719353345e+00 7.509821324489200478e+00 1.316139721443213784e+00 3.850101417749336452e-01 5.318241307659702244e+01 1.549994700000000059e+01 7.954442999999999930e-01 3.681439999999999824e+00 2.571453209937561041e+04 4.091651129524831042e-04
3.071368633952394234e+00 7.509821436394258143e+00 1.316139721443213784e+00 3.850101417749336452e-01 5.318241307659702244e+01 1.549994700000000059e+01 7.954442999999999930e-01 3.681439999999999824e+00 2.571453209937561041e+04 4.091651129524831042e-04
3.071368633952394234e+00 7.509821324489200478e+00 1.316139741055224022e+00 3.850101417749336452e-01 5.318241307659702244e+01 1.549994700000000059e+01 7.954442999999999930e-01 3.681439999999999824e+00 2.571453209937561041e+04 4.091651129524831042e-04
3.071368633952394234e+00 7.509821324489200478e+00 1.316139721443213784e+00 3.850101566760948391e-01 5.318241307659702244e+01 1.549994700000000059e+01 7.954442999999999930e-01 3.681439999999999824e+00 2.571453209937561041e+04 4.091651129524831042e-04
3.071368633952394234e+00 7.509821324489200478e+00 1.316139721443213784e+00 3.850101417749336452e-01 5.318241386907673274e+01 1.549994700000000059e+01 7.954442999999999930e-01 3.681439999999999824e+00 2.571453209937561041e+04 4.091651129524831042e-04
3.071368633952394234e+00 7.509821324489200478e+00 1.316139721443213784e+00 3.850101417749336452e-01 5.318241307659702244e+01 1.549994700000000059e+01 7.954442999999999930e-01 3.681439999999999824e+00 2.571453248255199651e+04 4.091651129524831042e-04
3.071368633952394234e+00 7.509821324489200478e+00 1.316139721443213784e+00 3.850101417749336452e-01 5.318241307659702244e+01 1.549994700000000059e+01 7.954442999999999930e-01 3.681439999999999824e+00 2.571453209937561041e+04 4.091800141136769518e-04
3.073438346625215978e+00 7.509436601174630965e+00 1.314639367148695781e+00 3.849703271919920344e-01 5.318242766797842336e+01 1.549994700000000059e+01 7.954442999999999930e-01 3.681439999999999824e+00 2.571453209949953089e+04 2.904610749517369246e-04
3.072141261891099706e+00 7.509810867121995415e+00 1.316226844647659044e+00 3.850105638162731880e-01 5.318249755316861638e+01 1.549994700000000059e+01 7.954442999999999930e-01 3.681439999999999824e+00 2.571453209937486099e+04 3.452576230014072628e-04
3.072141307669571830e+00 7.509810867121995415e+00 1.316226844647659044e+00 3.850105638162731880e-01 5.318249755316861638e+01 1.549994700000000059e+01 7.954442999999999930e-01 3.681439999999999824e+00 2.571453209937486099e+04 3.452576230014072628e-04
3.072141261891099706e+00 7.509810979026897648e+00 1.316226844647659044e+00 3.850105638162731880e-01 5.318249755316861638e+01 1.549994700000000059e+01 7.954442999999999930e-01 3.681439999999999824e+00 2.571453209937486099e+04 3.452576230014072628e-04
3.072141261891099706e+00 7.509810867121995415e+00 1.316226864260967355e+00 3.850105638162731880e-01 5.318249755316861638e+01 1.549994700000000059e+01 7.954442999999999930e-01 3.681439999999999824e+00 2.571453209937486099e+04 3.452576230014072628e-04
3.072141261891099706e+00 7.509810867121995415e+00 1.316226844647659044e+00 3.850105787174343819e-01 5.318249755316861638e+01 1.549994700000000059e+01 7.954442999999999930e-01 3.681439999999999824e+00 2.571453209937486099e+04 3.452576230014072628e-04
3.072141261891099706e+00 7.509810867121995415e+00 1.316226844647659044e+00 3.850105638162731880e-01 5.318249834564958434e+01 1.549994700000000059e+01 7.954442999999999930e-01 3.681439999999999824e+00 2.571453209937486099e+04 3.452576230014072628e-04
3.072141261891099706e+00 7.509810867121995415e+00 1.316226844647659044e+00 3.850105638162731880e-01 5.318249755316861638e+01 1.549994700000000059e+01 7.954442999999999930e-01 3.681439999999999824e+00 2.571453248255124709e+04 3.452576230014072628e-04
3.072141261891099706e+00 7.509810867121995415e+00 1.316226844647659044e+00 3.850105638162731880e-01 5.318249755316861638e+01 1.549994700000000059e+01 7.954442999999999930e-01 3.681439999999999824e+00 2.571453209937486099e+04 3.452725241626011105e-04
3.072581823317985794e+00 7.509591315331227257e+00 1.316282405300827296e+00 3.850081991792576042e-01 5.318250013189614833e+01 1.549994700000000059e+01 7.954442999999999930e-01 3.681439999999999824e+00 2.571453219081329371e+04 3.162115375580169785e-04
3.072581869103022889e+00 7.509591315331227257e+00 1.316282405300827296e+00 3.850081991792576042e-01 5.318250013189614833e+01 1.549994700000000059e+01 7.954442999999999930e-01 3.681439999999999824e+00 2.571453219081329371e+04 3.162115375580169785e-04
3.072581823317985794e+00 7.509591427232858329e+00 1.316282405300827296e+00 3.850081991792576042e-01 5.318250013189614833e+01 1.549994700000000059e+01 7.954442999999999930e-01 3.681439999999999824e+00 2.571453219081329371e+04 3.162115375580169785e-04
3.072581823317985794e+00 7.509591315331227257e+00 1.316282424914963611e+00 3.850081991792576042e-01 5.318250013189614833e+01 1.549994700000000059e+01 7.954442999999999930e-01 3.681439999999999824e+00 2.571453219081329371e+04 3.162115375580169785e-04
3.072581823317985794e+00 7.509591315331227257e+00 1.316282405300827296e+00 3.850082140804187980e-01 5.318250013189614833e+01 1.549994700000000059e+01 7.954442999999999930e-01 3.681439999999999824e+00 2.571453219081329371e+04 3.162115375580169785e-04
3.072581823317985794e+00 7.509591315331227257e+00 1.316282405300827296e+00 3.850081991792576042e-01 5.318250092437715892e+01 1.549994700000000059e+01 7.954442999999999930e-01 3.681439999999999824e+00 2.571453219081329371e+04 3.162115375580169785e-04
3.072581823317985794e+00 7.509591315331227257e+00 1.316282405300827296e+00 3.850081991792576042e-01 5.318250013189614833e+01 1.549994700000000059e+01 7.954442999999999930e-01 3.681439999999999824e+00 2.571453257398968344e+04 3.162115375580169785e-04
3.072581823317985794e+00 7.509591315331227257e+00 1.316282405300827296e+00 3.850081991792576042e-01 5.318250013189614833e+01 1.549994700000000059e+01 7.954442999999999930e-01 3.681439999999999824e+00 2.571453219081329371e+04 3.162264387192108262e-04
3.072999381369346139e+00 7.507829528259226670e+00 1.315805177942946269e+00 3.849710043494448120e-01 5.318249896418933531e+01 1.549994700000000059e+01 7.954442999999999930e-01 3.681439999999999824e+00 2.571453441036065124e+04 2.875047820129690329e-04
3.072795514881762280e+00 7.509396721627269677e+00 1.316267461236138692e+00 3.850055777329964291e-01 5.318250116658529691e+01 1.549994700000000059e+01 7.954442999999999930e-01 3.681439999999999824e+00 2.571453235518980728e+04 3.029745470221932384e-04
3.072795560669983495e+00 7.509396721627269677e+00 1.316267461236138692e+00 3.850055777329964291e-01 5.318250116658529691e+01 1.549994700000000059e+01 7.954442999999999930e-01 3.681439999999999824e+00 2.571453235518980728e+04 3.029745470221932384e-04
3.072795514881762280e+00 7.509396833526000847e+00 1.316267461236138692e+00 3.850055777329964291e-01 5.318250116658529691e+01 1.549994700000000059e+01 7.954442999999999930e-01 3.681439999999999824e+00 2.571453235518980728e+04 3.029745470221932384e-04
3.072795514881762280e+00 7.509396721627269677e+00 1.316267480850052296e+00 3.850055777329964291e-01 5.318250116658529691e+01 1.549994700000000059e+01 7.954442999999999930e-01 3.681439999999999824e+00 2.571453235518980728e+04 3.029745470221932384e-04
3.072795514881762280e+00 7.509396721627269677e+00 1.316267461236138692e+00 3.850055926341576229e-01 5.318250116658529691e+01 1.549994700000000059e+01 7.954442999999999930e-01 3.681439999999999824e+00 2.571453235518980728e+04 3.029745470221932384e-04
3.072795514881762280e+00 7.509396721627269677e+00 1.316267461236138692e+00 3.850055777329964291e-01 5.318250195906632172e+01 1.549994700000000059e+01 7.954442999999999930e-01 3.681439999999999824e+00 2.571453235518980728e+04 3.029745470221932384e-04
3.072795514881762280e+00 7.509396721627269677e+00 1.316267461236138692e+00 3.850055777329964291e-01 5.318250116658529691e+01 1.549994700000000059e+01 7.954442999999999930e-01 3.681439999999999824e+00 2.571453273836620065e+04 3.029745470221932384e-04
3.072795514881762280e+00 7.509396721627269677e+00 1.316267461236138692e+00 3.850055777329964291e-01 5.318250116658529691e+01 1.549994700000000059e+01 7.954442999999999930e-01 3.681439999999999824e+00 2.571453235518980728e+04 3.029894481833870861e-04
3.073038330707983601e+00 7.508759831802344742e+00 1.315965510125751248e+00 3.849929019158388477e-01 5.318250138533354487e+01 1.549994700000000059e+01 7.954442999999999930e-01 3.681439999999999824e+00 2.571453310862732542e+04 2.918693374114966852e-04
3.073038376499823254e+00 7.508759831802344742e+00 1.315965510125751248e+00 3.849929019158388477e-01 5.318250138533354487e+01 1.549994700000000059e+01 7.954442999999999930e-01 3.681439999999999824e+00 2.571453310862732542e+04 2.918693374114966852e-04
3.073038330707983601e+00 7.508759943691585725e+00 1.315965510125751248e+00 3.849929019158388477e-01 5.318250138533354487e+01 1.549994700000000059e+01 7.954442999999999930e-01 3.681439999999999824e+00 2.571453310862732542e+04 2.918693374114966852e-04
3.073038330707983601e+00 7.508759831802344742e+00 1.315965529735165340e+00 3.849929019158388477e-01 5.318250138533354487e+01 1.549994700000000059e+01 7.954442999999999930e-01 3.681439999999999824e+00 2.571453310862732542e+04 2.918693374114966852e-04
3.073038330707983601e+00 7.508759831802344742e+00 1.315965510125751248e+00 3.849929168170000415e-01 5.318250138533354487e+01 1.549994700000000059e+01 7.954442999999999930e-01 3.681439999999999824e+00 2.571453310862732542e+04 2.918693374114966852e-04
3.073038330707983601e+00 7.508759831802344742e+00 1.315965510125751248e+00 3.849929019158388477e-01 5.318250217781456968e+01 1.549994700000000059e+01 7.954442999999999930e-01 3.681439999999999824e+00 2.571453310862732542e+04 2.918693374114966852e-04
3.073038330707983601e+00 7.508759831802344742e+00 1.315965510125751248e+00 3.849929019158388477e-01 5.318250138533354487e+01 1.549994700000000059e+01 7.954442999999999930e-01 3.681439999999999824e+00 2.571453349180372970e+04 2.918693374114966852e-04
3.073038330707983601e+00 7.508759831802344742e+00 1.315965510125751248e+00 3.849929019158388477e-01 5.318250138533354487e+01 1.549994700000000059e+01 7.954442999999999930e-01 3.681439999999999824e+00 2.571453310862732542e+04 2.918842385726905329e-04
3.073200313792157523e+00 7.508105460133352338e+00 1.315618514155394658e+00 3.849657198863992713e-01 5.318250100951027548e+01 1.549994700000000059e+01 7.954442999999999930e-01 3.681439999999999824e+00 2.571453392231675389e+04 2.874239415703472192e-04
3.073200359586410801e+00 7.508105460133352338e+00 1.315618514155394658e+00 3.849657198863992713e-01 5.318250100951027548e+01 1.549994700000000059e+01 7.954442999999999930e-01 3.681439999999999824e+00 2.571453392231675389e+04 2.874239415703472192e-04
3.073200313792157523e+00 7.508105572012842011e+00 1.315618514155394658e+00 3.849657198863992713e-01 5.318250100951027548e+01 1.549994700000000059e+01 7.954442999999999930e-01 3.681439999999999824e+00 2.571453392231675389e+04 2.874239415703472192e-04
3.073200313792157523e+00 7.508105460133352338e+00 1.315618533759638220e+00 3.849657198863992713e-01 5.318250100951027548e+01 1.549994700000000059e+01 7.954442999999999930e-01 3.681439999999999824e+00 2.571453392231675389e+04 2.874239415703472192e-04
3.073200313792157523e+00 7.508105460133352338e+00 1.315618514155394658e+00 3.849657347875604652e-01 5.318250100951027548e+01 1.549994700000000059e+01 7.954442999999999930e-01 3.681439999999999824e+00 2.571453392231675389e+04 2.874239415703472192e-04
3.073200313792157523e+00 7.508105460133352338e+00 1.315618514155394658e+00 3.849657198863992713e-01 5.318250180199129318e+01 1.549994700000000059e+01 7.954442999999999930e-01 3.681439999999999824e+00 2.571453392231675389e+04 2.874239415703472192e-04
3.073200313792157523e+00 7.508105460133352338e+00 1.315618514155394658e+00 3.849657198863992713e-01 5.318250100951027548e+01 1.549994700000000059e+01 7.954442999999999930e-01 3.681439999999999824e+00 2.571453430549316909e+04 2.874239415703472192e-04
3.073200313792157523e+00 7.508105460133352338e+00 1.315618514155394658e+00 3.849657198863992713e-01 5.318250100951027548e+01 1.549994700000000059e+01 7.954442999999999930e-01 3.681439999999999824e+00 2.571453392231675389e+04 2.874388427315410668e-04
3.073473188970151426e+00 7.506789877599371330e+00 1.314903021419395301e+00 3.849380685406941782e-01 5.318249987502813525e+01 1.549994700000000059e+01 7.954442999999999930e-01 3.681439999999999824e+00 2.571453558172896373e+04 2.808774620707964621e-04
3.073473234768470785e+00 7.506789877599371330e+00 1.314903021419395301e+00 3.849380685406941782e-01 5.318249987502813525e+01 1.549994700000000059e+01 7.954442999999999930e-01 3.681439999999999824e+00 2.571453558172896373e+04 2.808774620707964621e-04
3.073473188970151426e+00 7.506789989459257129e+00 1.314903021419395301e+00 3.849380685406941782e-01 5.318249987502813525e+01 1.549994700000000059e+01 7.954442999999999930e-01 3.681439999999999824e+00 2.571453558172896373e+04 2.808774620707964621e-04
3.073473188970151426e+00 7.506789877599371330e+00 1.314903041012977170e+00 3.849380685406941782e-01 5.318249987502813525e+01 1.549994700000000059e+01 7.954442999999999930e-01 3.681439999999999824e+00 2.571453558172896373e+04 2.808774620707964621e-04
3.073473188970151426e+00 7.506789877599371330e+00 1.314903021419395301e+00 3.849380834418553721e-01 5.318249987502813525e+01 1.549994700000000059e+01 7.954442999999999930e-01 3.681439999999999824e+00 2.571453558172896373e+04 2.808774620707964621e-04
3.073473188970151426e+00 7.506789877599371330e+00 1.314903021419395301e+00 3.849380685406941782e-01 5.318250066750913874e+01 1.549994700000000059e+01 7.954442999999999930e-01 3.681439999999999824e+00 2.571453558172896373e+04 2.808774620707964621e-04
3.073473188970151426e+00 7.506789877599371330e+00 1.314903021419395301e+00 3.849380685406941782e-01 5.318249987502813525e+01 1.549994700000000059e+01 7.954442999999999930e-01 3.681439999999999824e+00 2.571453596490540440e+04 2.808774620707964621e-04
3.073473188970151426e+00 7.506789877599371330e+00 1.314903021419395301e+00 3.849380685406941782e-01 5.318249987502813525e+01 1.549994700000000059e+01 7.954442999999999930e-01 3.681439999999999824e+00 2.571453558172896373e+04 2.808923632319903097e-04
3.073786550519888916e+00 7.505420477975524030e+00 1.314218251809494253e+00 3.849102575038933494e-01 5.318249945106054355e+01 1.549994700000000059e+01 7.954442999999999930e-01 3.681439999999999824e+00 2.571453725449932972e+04 2.754137866771022179e-04
3.073554722647277693e+00 7.506446703174921353e+00 1.314733543016251671e+00 3.849311483851000082e-01 5.318249979617760204e+01 1.549994700000000059e+01 7.954442999999999930e-01 3.681439999999999824e+00 2.571453599809450679e+04 2.801903034237170184e-04
3.073554768446812080e+00 7.506446703174921353e+00 1.314733543016251671e+00 3.849311483851000082e-01 5.318249979617760204e+01 1.549994700000000059e+01 7.954442999999999930e-01 3.681439999999999824e+00 2.571453599809450679e+04 2.801903034237170184e-04
3.073554722647277693e+00 7.506446815029693909e+00 1.314733543016251671e+00 3.849311483851000082e-01 5.318249979617760204e+01 1.549994700000000059e+01 7.954442999999999930e-01 3.681439999999999824e+00 2.571453599809450679e+04 2.801903034237170184e-04
3.073554722647277693e+00 7.506446703174921353e+00 1.314733562607308226e+00 3.849311483851000082e-01 5.318249979617760204e+01 1.549994700000000059e+01 7.954442999999999930e-01 3.681439999999999824e+00 2.571453599809450679e+04 2.801903034237170184e-04
3.073554722647277693e+00 7.506446703174921353e+00 1.314733543016251671e+00 3.849311632862612020e-01 5.318249979617760204e+01 1.549994700000000059e+01 7.954442999999999930e-01 3.681439999999999824e+00 2.571453599809450679e+04 2.801903034237170184e-04
3.073554722647277693e+00 7.506446703174921353e+00 1.314733543016251671e+00 3.849311483851000082e-01 5.318250058865860552e+01 1.549994700000000059e+01 7.954442999999999930e-01 3.681439999999999824e+00 2.571453599809450679e+04 2.801903034237170184e-04
3.073554722647277693e+00 7.506446703174921353e+00 1.314733543016251671e+00 3.849311483851000082e-01 5.318249979617760204e+01 1.549994700000000059e+01 7.954442999999999930e-01 3.681439999999999824e+00 2.571453638127095110e+04 2.801903034237170184e-04
3.073554722647277693e+00 7.506446703174921353e+00 1.314733543016251671e+00 3.849311483851000082e-01 5.318249979617760204e+01 1.549994700000000059e+01 7.954442999999999930e-01 3.681439999999999824e+00 2.571453599809450679e+04 2.802052045849108661e-04
3.073758308847966081e+00 7.506352622065882052e+00 1.314244412331727840e+00 3.849257088882744315e-01 5.318244559365149371e+01 1.549994700000000059e+01 7.954442999999999930e-01 3.681439999999999824e+00 2.571453599812732136e+04 2.766392018857736883e-04
3.073758354650534041e+00 7.506352622065882052e+00 1.314244412331727840e+00 3.849257088882744315e-01 5.318244559365149371e+01 1.549994700000000059e+01 7.954442999999999930e-01 3.681439999999999824e+00 2.571453599812732136e+04 2.766392018857736883e-04
3.073758308847966081e+00 7.506352733919252174e+00 1.314244412331727840e+00 3.849257088882744315e-01 5.318244559365149371e+01 1.549994700000000059e+01 7.954442999999999930e-01 3.681439999999999824e+00 2.571453599812732136e+04 2.766392018857736883e-04
3.073758308847966081e+00 7.506352622065882052e+00 1.314244431915495781e+00 3.849257088882744315e-01 5.318244559365149371e+01 1.549994700000000059e+01 7.954442999999999930e-01 3.681439999999999824e+00 2.571453599812732136e+04 2.766392018857736883e-04
3.073758308847966081e+00 7.506352622065882052e+00 1.314244412331727840e+00 3.849257237894356254e-01 5.318244559365149371e+01 1.549994700000000059e+01 7.954442999999999930e-01 3.681439999999999824e+00 2.571453599812732136e+04 2.766392018857736883e-04
3.073758308847966081e+00 7.506352622065882052e+00 1.314244412331727840e+00 3.849257088882744315e-01 5.318244638613168718e+01 1.549994700000000059e+01 7.954442999999999930e-01 3.681439999999999824e+00 2.571453599812732136e+04 2.766392018857736883e-04
3.073758308847966081e+00 7.506352622065882052e+00 1.314244412331727840e+00 3.849257088882744315e-01 5.318244559365149371e+01 1.549994700000000059e+01 7.954442999999999930e-01 3.681439999999999824e+00 2.571453638130376567e+04 2.766392018857736883e-04
3.073758308847966081e+00 7.506352622065882052e+00 1.314244412331727840e+00 3.849257088882744315e-01 5.318244559365149371e+01 1.549994700000000059e+01 7.954442999999999930e-01 3.681439999999999824e+00 2.571453599812732136e+04 2.766541030469675359e-04
3.073902058678235516e+00 7.505661583418991256e+00 1.313898092486473823e+00 3.849113192508107351e-01 5.318244524927839478e+01 1.549994700000000059e+01 7.954442999999999930e-01 3.681439999999999824e+00 2.571453684675635668e+04 2.751352260774976794e-04
3.073902104482945763e+00 7.505661583418991256e+00 1.313898092486473823e+00 3.849113192508107351e-01 5.318244524927839478e+01 1.549994700000000059e+01 7.954442999999999930e-01 3.681439999999999824e+00 2.571453684675635668e+04 2.751352260774976794e-04
3.073902058678235516e+00 7.505661695262064725e+00 1.313898092486473823e+00 3.849113192508107351e-01 5.318244524927839478e+01 1.549994700000000059e+01 7.954442999999999930e-01 3.681439999999999824e+00 2.571453684675635668e+04 2.751352260774976794e-04
3.073902058678235516e+00 7.505661583418991256e+00 1.313898112065081003e+00 3.849113192508107351e-01 5.318244524927839478e+01 1.549994700000000059e+01 7.954442999999999930e-01 3.681439999999999824e+00 2.571453684675635668e+04 2.751352260774976794e-04
3.073902058678235516e+00 7.505661583418991256e+00 1.313898092486473823e+00 3.849113341519719289e-01 5.318244524927839478e+01 1.549994700000000059e+01 7.954442999999999930e-01 3.681439999999999824e+00 2.571453684675635668e+04 2.751352260774976794e-04
3.073902058678235516e+00 7.505661583418991256e+00 1.313898092486473823e+00 3.849113192508107351e-01 5.318244604175858115e+01 1.549994700000000059e+01 7.954442999999999930e-01 3.681439999999999824e+00 2.571453684675635668e+04 2.751352260774976794e-04
3.073902058678235516e+00 7.505661583418991256e+00 1.313898092486473823e+00 3.849113192508107351e-01 5.318244524927839478e+01 1.549994700000000059e+01 7.954442999999999930e-01 3.681439999999999824e+00 2.571453722993281553e+04 2.751352260774976794e-04
3.073902058678235516e+00 7.505661583418991256e+00 1.313898092486473823e+00 3.849113192508107351e-01 5.318244524927839478e+01 1.549994700000000059e+01 7.954442999999999930e-01 3.681439999999999824e+00 2.571453684675635668e+04 2.751501272386915270e-04
3.074130261429607103e+00 7.505563585308219210e+00 1.313414791717459895e+00 3.849056121614742310e-01 5.318239770268401401e+01 1.549994700000000059e+01 7.954442999999999930e-01 3.681439999999999824e+00 2.571453684678991704e+04 2.723157991423861874e-04
3.073957913497955108e+00 7.505637244453876811e+00 1.313776999020066505e+00 3.849098995541668233e-01 5.318243320881242653e+01 1.549994700000000059e+01 7.954442999999999930e-01 3.681439999999999824e+00 2.571453684676470584e+04 2.734467837930200677e-04
3.073957959303497578e+00 7.505637244453876811e+00 1.313776999020066505e+00 3.849098995541668233e-01 5.318243320881242653e+01 1.549994700000000059e+01 7.954442999999999930e-01 3.681439999999999824e+00 2.571453684676470584e+04 2.734467837930200677e-04
3.073957913497955108e+00 7.505637356296587015e+00 1.313776999020066505e+00 3.849098995541668233e-01 5.318243320881242653e+01 1.549994700000000059e+01 7.954442999999999930e-01 3.681439999999999824e+00 2.571453684676470584e+04 2.734467837930200677e-04
3.073957913497955108e+00 7.505637244453876811e+00 1.313777018596869350e+00 3.849098995541668233e-01 5.318243320881242653e+01 1.549994700000000059e+01 7.954442999999999930e-01 3.681439999999999824e+00 2.571453684676470584e+04 2.734467837930200677e-04
3.073957913497955108e+00 7.505637244453876811e+00 1.313776999020066505e+00 3.849099144553280172e-01 5.318243320881242653e+01 1.549994700000000059e+01 7.954442999999999930e-01 3.681439999999999824e+00 2.571453684676470584e+04 2.734467837930200677e-04
3.073957913497955108e+00 7.505637244453876811e+00 1.313776999020066505e+00 3.849098995541668233e-01 5.318243400129243525e+01 1.549994700000000059e+01 7.954442999999999930e-01 3.681439999999999824e+00 2.571453684676470584e+04 2.734467837930200677e-04
3.073957913497955108e+00 7.505637244453876811e+00 1.313776999020066505e+00 3.849098995541668233e-01 5.318243320881242653e+01 1.549994700000000059e+01 7.954442999999999930e-01 3.681439999999999824e+00 2.571453722994116470e+04 2.734467837930200677e-04
3.073957913497955108e+00 7.505637244453876811e+00 1.313776999020066505e+00 3.849098995541668233e-01 5.318243320881242653e+01 1.549994700000000059e+01 7.954442999999999930e-01 3.681439999999999824e+00 2.571453684676470584e+04 2.734616849542139154e-04
