3.303662000000000099e+00 1.054415000000000013e+01 2.926740999999999815e+00 1.671997199999999850e+01 3.571733999999999742e-01 1.530525399999999969e+01 7.001581000000000055e-01 3.097326999999999941e+00 3.016286899999999878e+04 3.253563999999999901e+00 8.825920999999999239e+00 1.059549999999999992e+00 1.834474000000000160e+01 2.191357299999999952e+01 1.500000000000000000e+01 7.234983000000000386e-01 3.013116999999999823e+00 1.906309500000000116e+04 0.000000000000000000e+00
3.303662049228400122e+00 1.054415000000000013e+01 2.926740999999999815e+00 1.671997199999999850e+01 3.571733999999999742e-01 1.530525399999999969e+01 7.001581000000000055e-01 3.097326999999999941e+00 3.016286899999999878e+04 3.253563999999999901e+00 8.825920999999999239e+00 1.059549999999999992e+00 1.834474000000000160e+01 2.191357299999999952e+01 1.500000000000000000e+01 7.234983000000000386e-01 3.013116999999999823e+00 1.906309500000000116e+04 0.000000000000000000e+00
3.303662000000000099e+00 1.054415015712007886e+01 2.926740999999999815e+00 1.671997199999999850e+01 3.571733999999999742e-01 1.530525399999999969e+01 7.001581000000000055e-01 3.097326999999999941e+00 3.016286899999999878e+04 3.253563999999999901e+00 8.825920999999999239e+00 1.059549999999999992e+00 1.834474000000000160e+01 2.191357299999999952e+01 1.500000000000000000e+01 7.234983000000000386e-01 3.013116999999999823e+00 1.906309500000000116e+04 0.000000000000000000e+00
3.303662000000000099e+00 1.054415000000000013e+01 2.926741043611839288e+00 1.671997199999999850e+01 3.571733999999999742e-01 1.530525399999999969e+01 7.001581000000000055e-01 3.097326999999999941e+00 3.016286899999999878e+04 3.253563999999999901e+00 8.825920999999999239e+00 1.059549999999999992e+00 1.834474000000000160e+01 2.191357299999999952e+01 1.500000000000000000e+01 7.234983000000000386e-01 3.013116999999999823e+00 1.906309500000000116e+04 0.000000000000000000e+00
3.303662000000000099e+00 1.054415000000000013e+01 2.926740999999999815e+00 1.671997224914699487e+01 3.571733999999999742e-01 1.530525399999999969e+01 7.001581000000000055e-01 3.097326999999999941e+00 3.016286899999999878e+04 3.253563999999999901e+00 8.825920999999999239e+00 1.059549999999999992e+00 1.834474000000000160e+01 2.191357299999999952e+01 1.500000000000000000e+01 7.234983000000000386e-01 3.013116999999999823e+00 1.906309500000000116e+04 0.000000000000000000e+00
3.303662000000000099e+00 1.054415000000000013e+01 2.926740999999999815e+00 1.671997199999999850e+01 3.571734149011611681e-01 1.530525399999999969e+01 7.001581000000000055e-01 3.097326999999999941e+00 3.016286899999999878e+04 3.253563999999999901e+00 8.825920999999999239e+00 1.059549999999999992e+00 1.834474000000000160e+01 2.191357299999999952e+01 1.500000000000000000e+01 7.234983000000000386e-01 3.013116999999999823e+00 1.906309500000000116e+04 0.000000000000000000e+00
3.303662000000000099e+00 1.054415000000000013e+01 2.926740999999999815e+00 1.671997199999999850e+01 3.571733999999999742e-01 1.530525399999999969e+01 7.001581000000000055e-01 3.097326999999999941e+00 3.016286944946177027e+04 3.253563999999999901e+00 8.825920999999999239e+00 1.059549999999999992e+00 1.834474000000000160e+01 2.191357299999999952e+01 1.500000000000000000e+01 7.234983000000000386e-01 3.013116999999999823e+00 1.906309500000000116e+04 0.000000000000000000e+00
3.303662000000000099e+00 1.054415000000000013e+01 2.926740999999999815e+00 1.671997199999999850e+01 3.571733999999999742e-01 1.530525399999999969e+01 7.001581000000000055e-01 3.097326999999999941e+00 3.016286899999999878e+04 3.253564048481881521e+00 8.825920999999999239e+00 1.059549999999999992e+00 1.834474000000000160e+01 2.191357299999999952e+01 1.500000000000000000e+01 7.234983000000000386e-01 3.013116999999999823e+00 1.906309500000000116e+04 0.000000000000000000e+00
3.303662000000000099e+00 1.054415000000000013e+01 2.926740999999999815e+00 1.671997199999999850e+01 3.571733999999999742e-01 1.530525399999999969e+01 7.001581000000000055e-01 3.097326999999999941e+00 3.016286899999999878e+04 3.253563999999999901e+00 8.825921131516471618e+00 1.059549999999999992e+00 1.834474000000000160e+01 2.191357299999999952e+01 1.500000000000000000e+01 7.234983000000000386e-01 3.013116999999999823e+00 1.906309500000000116e+04 0.000000000000000000e+00
3.303662000000000099e+00 1.054415000000000013e+01 2.926740999999999815e+00 1.671997199999999850e+01 3.571733999999999742e-01 1.530525399999999969e+01 7.001581000000000055e-01 3.097326999999999941e+00 3.016286899999999878e+04 3.253563999999999901e+00 8.825920999999999239e+00 1.059550015788525368e+00 1.834474000000000160e+01 2.191357299999999952e+01 1.500000000000000000e+01 7.234983000000000386e-01 3.013116999999999823e+00 1.906309500000000116e+04 0.000000000000000000e+00
3.303662000000000099e+00 1.054415000000000013e+01 2.926740999999999815e+00 1.671997199999999850e+01 3.571733999999999742e-01 1.530525399999999969e+01 7.001581000000000055e-01 3.097326999999999941e+00 3.016286899999999878e+04 3.253563999999999901e+00 8.825920999999999239e+00 1.059549999999999992e+00 1.834474027335792812e+01 2.191357299999999952e+01 1.500000000000000000e+01 7.234983000000000386e-01 3.013116999999999823e+00 1.906309500000000116e+04 0.000000000000000000e+00
3.303662000000000099e+00 1.054415000000000013e+01 2.926740999999999815e+00 1.671997199999999850e+01 3.571733999999999742e-01 1.530525399999999969e+01 7.001581000000000055e-01 3.097326999999999941e+00 3.016286899999999878e+04 3.253563999999999901e+00 8.825920999999999239e+00 1.059549999999999992e+00 1.834474000000000160e+01 2.191357332653768353e+01 1.500000000000000000e+01 7.234983000000000386e-01 3.013116999999999823e+00 1.906309500000000116e+04 0.000000000000000000e+00
3.303662000000000099e+00 1.054415000000000013e+01 2.926740999999999815e+00 1.671997199999999850e+01 3.571733999999999742e-01 1.530525399999999969e+01 7.001581000000000055e-01 3.097326999999999941e+00 3.016286899999999878e+04 3.253563999999999901e+00 8.825920999999999239e+00 1.059549999999999992e+00 1.834474000000000160e+01 2.191357299999999952e+01 1.500000000000000000e+01 7.234983000000000386e-01 3.013116999999999823e+00 1.906309528406225218e+04 0.000000000000000000e+00
3.303662000000000099e+00 1.054415000000000013e+01 2.926740999999999815e+00 1.671997199999999850e+01 3.571733999999999742e-01 1.530525399999999969e+01 7.001581000000000055e-01 3.097326999999999941e+00 3.016286899999999878e+04 3.253563999999999901e+00 8.825920999999999239e+00 1.059549999999999992e+00 1.834474000000000160e+01 2.191357299999999952e+01 1.500000000000000000e+01 7.234983000000000386e-01 3.013116999999999823e+00 1.906309500000000116e+04 1.490116119384765625e-08
3.303661929510256279e+00 1.854661974263767377e+01 2.926740972012037201e+00 1.671997163205017145e+01 3.571733900663252581e-01 1.530525399999999969e+01 7.001581000000000055e-01 3.097326999999999941e+00 6.270080274053500762e+04 3.253564072030913579e+00 3.392812653605545847e-01 1.059549963509769821e+00 1.834473976389719496e+01 2.191357585758507298e+01 1.500000000000000000e+01 7.234983000000000386e-01 3.013116999999999823e+00 4.417848464722652352e+03 8.142171341110036181e-03
3.303655132857879373e+00 9.686102726843985877e+00 2.926734302455343606e+00 1.671993602115464128e+01 3.571726207644939644e-01 1.530525399999999969e+01 7.001581000000000055e-01 3.097326999999999941e+00 3.653787702596998133e+04 3.253557962626368649e+00 1.094683637289365841e+01 1.059547895952611896e+00 1.834470394072830146e+01 2.191352663125246281e+01 1.500000000000000000e+01 7.234983000000000386e-01 3.013116999999999823e+00 2.530283053721402030e+04 1.552594101447134917e-02
3.303655182086177255e+00 9.686102726843985877e+00 2.926734302455343606e+00 1.671993602115464128e+01 3.571726207644939644e-01 1.530525399999999969e+01 7.001581000000000055e-01 3.097326999999999941e+00 3.653787702596998133e+04 3.253557962626368649e+00 1.094683637289365841e+01 1.059547895952611896e+00 1.834470394072830146e+01 2.191352663125246281e+01 1.500000000000000000e+01 7.234983000000000386e-01 3.013116999999999823e+00 2.530283053721402030e+04 1.552594101447134917e-02
3.303655132857879373e+00 9.686102871178164264e+00 2.926734302455343606e+00 1.671993602115464128e+01 3.571726207644939644e-01 1.530525399999999969e+01 7.001581000000000055e-01 3.097326999999999941e+00 3.653787702596998133e+04 3.253557962626368649e+00 1.094683637289365841e+01 1.059547895952611896e+00 1.834470394072830146e+01 2.191352663125246281e+01 1.500000000000000000e+01 7.234983000000000386e-01 3.013116999999999823e+00 2.530283053721402030e+04 1.552594101447134917e-02
3.303655132857879373e+00 9.686102726843985877e+00 2.926734346067083159e+00 1.671993602115464128e+01 3.571726207644939644e-01 1.530525399999999969e+01 7.001581000000000055e-01 3.097326999999999941e+00 3.653787702596998133e+04 3.253557962626368649e+00 1.094683637289365841e+01 1.059547895952611896e+00 1.834470394072830146e+01 2.191352663125246281e+01 1.500000000000000000e+01 7.234983000000000386e-01 3.013116999999999823e+00 2.530283053721402030e+04 1.552594101447134917e-02
3.303655132857879373e+00 9.686102726843985877e+00 2.926734302455343606e+00 1.671993627030110474e+01 3.571726207644939644e-01 1.530525399999999969e+01 7.001581000000000055e-01 3.097326999999999941e+00 3.653787702596998133e+04 3.253557962626368649e+00 1.094683637289365841e+01 1.059547895952611896e+00 1.834470394072830146e+01 2.191352663125246281e+01 1.500000000000000000e+01 7.234983000000000386e-01 3.013116999999999823e+00 2.530283053721402030e+04 1.552594101447134917e-02
3.303655132857879373e+00 9.686102726843985877e+00 2.926734302455343606e+00 1.671993602115464128e+01 3.571726356656551582e-01 1.530525399999999969e+01 7.001581000000000055e-01 3.097326999999999941e+00 3.653787702596998133e+04 3.253557962626368649e+00 1.094683637289365841e+01 1.059547895952611896e+00 1.834470394072830146e+01 2.191352663125246281e+01 1.500000000000000000e+01 7.234983000000000386e-01 3.013116999999999823e+00 2.530283053721402030e+04 1.552594101447134917e-02
3.303655132857879373e+00 9.686102726843985877e+00 2.926734302455343606e+00 1.671993602115464128e+01 3.571726207644939644e-01 1.530525399999999969e+01 7.001581000000000055e-01 3.097326999999999941e+00 3.653787757042677549e+04 3.253557962626368649e+00 1.094683637289365841e+01 1.059547895952611896e+00 1.834470394072830146e+01 2.191352663125246281e+01 1.500000000000000000e+01 7.234983000000000386e-01 3.013116999999999823e+00 2.530283053721402030e+04 1.552594101447134917e-02
3.303655132857879373e+00 9.686102726843985877e+00 2.926734302455343606e+00 1.671993602115464128e+01 3.571726207644939644e-01 1.530525399999999969e+01 7.001581000000000055e-01 3.097326999999999941e+00 3.653787702596998133e+04 3.253558011108160120e+00 1.094683637289365841e+01 1.059547895952611896e+00 1.834470394072830146e+01 2.191352663125246281e+01 1.500000000000000000e+01 7.234983000000000386e-01 3.013116999999999823e+00 2.530283053721402030e+04 1.552594101447134917e-02
3.303655132857879373e+00 9.686102726843985877e+00 2.926734302455343606e+00 1.671993602115464128e+01 3.571726207644939644e-01 1.530525399999999969e+01 7.001581000000000055e-01 3.097326999999999941e+00 3.653787702596998133e+04 3.253557962626368649e+00 1.094683653601423146e+01 1.059547895952611896e+00 1.834470394072830146e+01 2.191352663125246281e+01 1.500000000000000000e+01 7.234983000000000386e-01 3.013116999999999823e+00 2.530283053721402030e+04 1.552594101447134917e-02
3.303655132857879373e+00 9.686102726843985877e+00 2.926734302455343606e+00 1.671993602115464128e+01 3.571726207644939644e-01 1.530525399999999969e+01 7.001581000000000055e-01 3.097326999999999941e+00 3.653787702596998133e+04 3.253557962626368649e+00 1.094683637289365841e+01 1.059547911741105963e+00 1.834470394072830146e+01 2.191352663125246281e+01 1.500000000000000000e+01 7.234983000000000386e-01 3.013116999999999823e+00 2.530283053721402030e+04 1.552594101447134917e-02
3.303655132857879373e+00 9.686102726843985877e+00 2.926734302455343606e+00 1.671993602115464128e+01 3.571726207644939644e-01 1.530525399999999969e+01 7.001581000000000055e-01 3.097326999999999941e+00 3.653787702596998133e+04 3.253557962626368649e+00 1.094683637289365841e+01 1.059547895952611896e+00 1.834470421408569152e+01 2.191352663125246281e+01 1.500000000000000000e+01 7.234983000000000386e-01 3.013116999999999823e+00 2.530283053721402030e+04 1.552594101447134917e-02
3.303655132857879373e+00 9.686102726843985877e+00 2.926734302455343606e+00 1.671993602115464128e+01 3.571726207644939644e-01 1.530525399999999969e+01 7.001581000000000055e-01 3.097326999999999941e+00 3.653787702596998133e+04 3.253557962626368649e+00 1.094683637289365841e+01 1.059547895952611896e+00 1.834470394072830146e+01 2.191352695778945403e+01 1.500000000000000000e+01 7.234983000000000386e-01 3.013116999999999823e+00 2.530283053721402030e+04 1.552594101447134917e-02
3.303655132857879373e+00 9.686102726843985877e+00 2.926734302455343606e+00 1.671993602115464128e+01 3.571726207644939644e-01 1.530525399999999969e+01 7.001581000000000055e-01 3.097326999999999941e+00 3.653787702596998133e+04 3.253557962626368649e+00 1.094683637289365841e+01 1.059547895952611896e+00 1.834470394072830146e+01 2.191352663125246281e+01 1.500000000000000000e+01 7.234983000000000386e-01 3.013116999999999823e+00 2.530283091425557723e+04 1.552594101447134917e-02
3.303655132857879373e+00 9.686102726843985877e+00 2.926734302455343606e+00 1.671993602115464128e+01 3.571726207644939644e-01 1.530525399999999969e+01 7.001581000000000055e-01 3.097326999999999941e+00 3.653787702596998133e+04 3.253557962626368649e+00 1.094683637289365841e+01 1.059547895952611896e+00 1.834470394072830146e+01 2.191352663125246281e+01 1.500000000000000000e+01 7.234983000000000386e-01 3.013116999999999823e+00 2.530283053721402030e+04 1.552595591563254301e-02
3.303654062798984548e+00 7.874220826351319147e-02 2.926731881080354203e+00 1.671993029529118147e+01 3.571725183135707749e-01 1.530525399999999969e+01 7.001581000000000055e-01 3.097326999999999941e+00 2.015736321719179250e+04 3.253553407658855701e+00 1.941365838837226931e+01 1.059547586088440019e+00 1.834469293569920012e+01 2.191344014695241071e+01 1.500000000000000000e+01 7.234983000000000386e-01 3.013116999999999823e+00 3.237239430969381283e+04 5.392191047007855245e-03
3.303658322649880130e+00 3.476216337187022276e+00 2.926735753270501839e+00 1.671995288188399442e+01 3.571729949547025607e-01 1.530525399999999969e+01 7.001581000000000055e-01 3.097326999999999941e+00 3.332825595989537396e+04 3.253558473926005945e+00 1.640563163271688296e+01 1.059549075989869138e+00 1.834471981302619525e+01 2.191348836065219530e+01 1.500000000000000000e+01 7.234983000000000386e-01 3.013116999999999823e+00 2.220573152586405922e+04 8.392748098657965700e-03
3.303664836159720952e+00 8.369210720496623068e+00 2.926741722203341833e+00 1.671998741956031509e+01 3.571737231581280092e-01 1.530525399999999969e+01 7.001581000000000055e-01 3.097326999999999941e+00 3.574170402571409795e+04 3.253566331026804370e+00 1.198787164159531571e+01 1.059551351737115343e+00 1.834476105137151336e+01 2.191356459104572707e+01 1.500000000000000000e+01 7.234983000000000386e-01 3.013116999999999823e+00 2.452214775087234011e+04 1.290475635322649826e-02
3.303664885388163164e+00 8.369210720496623068e+00 2.926741722203341833e+00 1.671998741956031509e+01 3.571737231581280092e-01 1.530525399999999969e+01 7.001581000000000055e-01 3.097326999999999941e+00 3.574170402571409795e+04 3.253566331026804370e+00 1.198787164159531571e+01 1.059551351737115343e+00 1.834476105137151336e+01 2.191356459104572707e+01 1.500000000000000000e+01 7.234983000000000386e-01 3.013116999999999823e+00 2.452214775087234011e+04 1.290475635322649826e-02
3.303664836159720952e+00 8.369210845207581073e+00 2.926741722203341833e+00 1.671998741956031509e+01 3.571737231581280092e-01 1.530525399999999969e+01 7.001581000000000055e-01 3.097326999999999941e+00 3.574170402571409795e+04 3.253566331026804370e+00 1.198787164159531571e+01 1.059551351737115343e+00 1.834476105137151336e+01 2.191356459104572707e+01 1.500000000000000000e+01 7.234983000000000386e-01 3.013116999999999823e+00 2.452214775087234011e+04 1.290475635322649826e-02
3.303664836159720952e+00 8.369210720496623068e+00 2.926741765815191965e+00 1.671998741956031509e+01 3.571737231581280092e-01 1.530525399999999969e+01 7.001581000000000055e-01 3.097326999999999941e+00 3.574170402571409795e+04 3.253566331026804370e+00 1.198787164159531571e+01 1.059551351737115343e+00 1.834476105137151336e+01 2.191356459104572707e+01 1.500000000000000000e+01 7.234983000000000386e-01 3.013116999999999823e+00 2.452214775087234011e+04 1.290475635322649826e-02
3.303664836159720952e+00 8.369210720496623068e+00 2.926741722203341833e+00 1.671998766870754238e+01 3.571737231581280092e-01 1.530525399999999969e+01 7.001581000000000055e-01 3.097326999999999941e+00 3.574170402571409795e+04 3.253566331026804370e+00 1.198787164159531571e+01 1.059551351737115343e+00 1.834476105137151336e+01 2.191356459104572707e+01 1.500000000000000000e+01 7.234983000000000386e-01 3.013116999999999823e+00 2.452214775087234011e+04 1.290475635322649826e-02
3.303664836159720952e+00 8.369210720496623068e+00 2.926741722203341833e+00 1.671998741956031509e+01 3.571737380592892031e-01 1.530525399999999969e+01 7.001581000000000055e-01 3.097326999999999941e+00 3.574170402571409795e+04 3.253566331026804370e+00 1.198787164159531571e+01 1.059551351737115343e+00 1.834476105137151336e+01 2.191356459104572707e+01 1.500000000000000000e+01 7.234983000000000386e-01 3.013116999999999823e+00 2.452214775087234011e+04 1.290475635322649826e-02
3.303664836159720952e+00 8.369210720496623068e+00 2.926741722203341833e+00 1.671998741956031509e+01 3.571737231581280092e-01 1.530525399999999969e+01 7.001581000000000055e-01 3.097326999999999941e+00 3.574170455830699211e+04 3.253566331026804370e+00 1.198787164159531571e+01 1.059551351737115343e+00 1.834476105137151336e+01 2.191356459104572707e+01 1.500000000000000000e+01 7.234983000000000386e-01 3.013116999999999823e+00 2.452214775087234011e+04 1.290475635322649826e-02
3.303664836159720952e+00 8.369210720496623068e+00 2.926741722203341833e+00 1.671998741956031509e+01 3.571737231581280092e-01 1.530525399999999969e+01 7.001581000000000055e-01 3.097326999999999941e+00 3.574170402571409795e+04 3.253566379508720630e+00 1.198787164159531571e+01 1.059551351737115343e+00 1.834476105137151336e+01 2.191356459104572707e+01 1.500000000000000000e+01 7.234983000000000386e-01 3.013116999999999823e+00 2.452214775087234011e+04 1.290475635322649826e-02
3.303664836159720952e+00 8.369210720496623068e+00 2.926741722203341833e+00 1.671998741956031509e+01 3.571737231581280092e-01 1.530525399999999969e+01 7.001581000000000055e-01 3.097326999999999941e+00 3.574170402571409795e+04 3.253566331026804370e+00 1.198787182022852349e+01 1.059551351737115343e+00 1.834476105137151336e+01 2.191356459104572707e+01 1.500000000000000000e+01 7.234983000000000386e-01 3.013116999999999823e+00 2.452214775087234011e+04 1.290475635322649826e-02
3.303664836159720952e+00 8.369210720496623068e+00 2.926741722203341833e+00 1.671998741956031509e+01 3.571737231581280092e-01 1.530525399999999969e+01 7.001581000000000055e-01 3.097326999999999941e+00 3.574170402571409795e+04 3.253566331026804370e+00 1.198787164159531571e+01 1.059551367525660925e+00 1.834476105137151336e+01 2.191356459104572707e+01 1.500000000000000000e+01 7.234983000000000386e-01 3.013116999999999823e+00 2.452214775087234011e+04 1.290475635322649826e-02
3.303664836159720952e+00 8.369210720496623068e+00 2.926741722203341833e+00 1.671998741956031509e+01 3.571737231581280092e-01 1.530525399999999969e+01 7.001581000000000055e-01 3.097326999999999941e+00 3.574170402571409795e+04 3.253566331026804370e+00 1.198787164159531571e+01 1.059551351737115343e+00 1.834476132472975607e+01 2.191356459104572707e+01 1.500000000000000000e+01 7.234983000000000386e-01 3.013116999999999823e+00 2.452214775087234011e+04 1.290475635322649826e-02
3.303664836159720952e+00 8.369210720496623068e+00 2.926741722203341833e+00 1.671998741956031509e+01 3.571737231581280092e-01 1.530525399999999969e+01 7.001581000000000055e-01 3.097326999999999941e+00 3.574170402571409795e+04 3.253566331026804370e+00 1.198787164159531571e+01 1.059551351737115343e+00 1.834476105137151336e+01 2.191356491758328673e+01 1.500000000000000000e+01 7.234983000000000386e-01 3.013116999999999823e+00 2.452214775087234011e+04 1.290475635322649826e-02
3.303664836159720952e+00 8.369210720496623068e+00 2.926741722203341833e+00 1.671998741956031509e+01 3.571737231581280092e-01 1.530525399999999969e+01 7.001581000000000055e-01 3.097326999999999941e+00 3.574170402571409795e+04 3.253566331026804370e+00 1.198787164159531571e+01 1.059551351737115343e+00 1.834476105137151336e+01 2.191356459104572707e+01 1.500000000000000000e+01 7.234983000000000386e-01 3.013116999999999823e+00 2.452214811628081588e+04 1.290475635322649826e-02
3.303664836159720952e+00 8.369210720496623068e+00 2.926741722203341833e+00 1.671998741956031509e+01 3.571737231581280092e-01 1.530525399999999969e+01 7.001581000000000055e-01 3.097326999999999941e+00 3.574170402571409795e+04 3.253566331026804370e+00 1.198787164159531571e+01 1.059551351737115343e+00 1.834476105137151336e+01 2.191356459104572707e+01 1.500000000000000000e+01 7.234983000000000386e-01 3.013116999999999823e+00 2.452214775087234011e+04 1.290477125438769211e-02
3.303688645928274603e+00 6.979572362043597877e+00 2.926762249417244721e+00 1.672011594743890583e+01 3.571765383987612896e-01 1.530525399999999969e+01 7.001581000000000055e-01 3.097326999999999941e+00 3.494409538192437321e+04 3.253593086405732748e+00 1.310681393874917688e+01 1.059561624516606848e+00 1.834493400801196117e+01 2.191371694269141912e+01 1.500000000000000000e+01 7.234983000000000386e-01 3.013116999999999823e+00 2.374293202630957603e+04 9.450410594856999830e-03
3.303698953049843290e+00 8.059797979732429951e+00 2.926771515493031828e+00 1.672017160504596234e+01 3.571777482547203730e-01 1.530525399999999969e+01 7.001581000000000055e-01 3.097326999999999941e+00 3.554245752763638302e+04 3.253606138674618453e+00 1.221509377011742004e+01 1.059566043633671795e+00 1.834501042838913420e+01 2.191381667310132642e+01 1.500000000000000000e+01 7.234983000000000386e-01 3.013116999999999823e+00 2.432718447750901760e+04 1.163703906278924609e-02
3.303699002278793984e+00 8.059797979732429951e+00 2.926771515493031828e+00 1.672017160504596234e+01 3.571777482547203730e-01 1.530525399999999969e+01 7.001581000000000055e-01 3.097326999999999941e+00 3.554245752763638302e+04 3.253606138674618453e+00 1.221509377011742004e+01 1.059566043633671795e+00 1.834501042838913420e+01 2.191381667310132642e+01 1.500000000000000000e+01 7.234983000000000386e-01 3.013116999999999823e+00 2.432718447750901760e+04 1.163703906278924609e-02
3.303698953049843290e+00 8.059798099832779172e+00 2.926771515493031828e+00 1.672017160504596234e+01 3.571777482547203730e-01 1.530525399999999969e+01 7.001581000000000055e-01 3.097326999999999941e+00 3.554245752763638302e+04 3.253606138674618453e+00 1.221509377011742004e+01 1.059566043633671795e+00 1.834501042838913420e+01 2.191381667310132642e+01 1.500000000000000000e+01 7.234983000000000386e-01 3.013116999999999823e+00 2.432718447750901760e+04 1.163703906278924609e-02
3.303698953049843290e+00 8.059797979732429951e+00 2.926771559105326048e+00 1.672017160504596234e+01 3.571777482547203730e-01 1.530525399999999969e+01 7.001581000000000055e-01 3.097326999999999941e+00 3.554245752763638302e+04 3.253606138674618453e+00 1.221509377011742004e+01 1.059566043633671795e+00 1.834501042838913420e+01 2.191381667310132642e+01 1.500000000000000000e+01 7.234983000000000386e-01 3.013116999999999823e+00 2.432718447750901760e+04 1.163703906278924609e-02
3.303698953049843290e+00 8.059797979732429951e+00 2.926771515493031828e+00 1.672017185419593588e+01 3.571777482547203730e-01 1.530525399999999969e+01 7.001581000000000055e-01 3.097326999999999941e+00 3.554245752763638302e+04 3.253606138674618453e+00 1.221509377011742004e+01 1.059566043633671795e+00 1.834501042838913420e+01 2.191381667310132642e+01 1.500000000000000000e+01 7.234983000000000386e-01 3.013116999999999823e+00 2.432718447750901760e+04 1.163703906278924609e-02
3.303698953049843290e+00 8.059797979732429951e+00 2.926771515493031828e+00 1.672017160504596234e+01 3.571777631558815669e-01 1.530525399999999969e+01 7.001581000000000055e-01 3.097326999999999941e+00 3.554245752763638302e+04 3.253606138674618453e+00 1.221509377011742004e+01 1.059566043633671795e+00 1.834501042838913420e+01 2.191381667310132642e+01 1.500000000000000000e+01 7.234983000000000386e-01 3.013116999999999823e+00 2.432718447750901760e+04 1.163703906278924609e-02
3.303698953049843290e+00 8.059797979732429951e+00 2.926771515493031828e+00 1.672017160504596234e+01 3.571777482547203730e-01 1.530525399999999969e+01 7.001581000000000055e-01 3.097326999999999941e+00 3.554245805726027174e+04 3.253606138674618453e+00 1.221509377011742004e+01 1.059566043633671795e+00 1.834501042838913420e+01 2.191381667310132642e+01 1.500000000000000000e+01 7.234983000000000386e-01 3.013116999999999823e+00 2.432718447750901760e+04 1.163703906278924609e-02
3.303698953049843290e+00 8.059797979732429951e+00 2.926771515493031828e+00 1.672017160504596234e+01 3.571777482547203730e-01 1.530525399999999969e+01 7.001581000000000055e-01 3.097326999999999941e+00 3.554245752763638302e+04 3.253606187157128016e+00 1.221509377011742004e+01 1.059566043633671795e+00 1.834501042838913420e+01 2.191381667310132642e+01 1.500000000000000000e+01 7.234983000000000386e-01 3.013116999999999823e+00 2.432718447750901760e+04 1.163703906278924609e-02
3.303698953049843290e+00 8.059797979732429951e+00 2.926771515493031828e+00 1.672017160504596234e+01 3.571777482547203730e-01 1.530525399999999969e+01 7.001581000000000055e-01 3.097326999999999941e+00 3.554245752763638302e+04 3.253606138674618453e+00 1.221509395213650073e+01 1.059566043633671795e+00 1.834501042838913420e+01 2.191381667310132642e+01 1.500000000000000000e+01 7.234983000000000386e-01 3.013116999999999823e+00 2.432718447750901760e+04 1.163703906278924609e-02
3.303698953049843290e+00 8.059797979732429951e+00 2.926771515493031828e+00 1.672017160504596234e+01 3.571777482547203730e-01 1.530525399999999969e+01 7.001581000000000055e-01 3.097326999999999941e+00 3.554245752763638302e+04 3.253606138674618453e+00 1.221509377011742004e+01 1.059566059422436313e+00 1.834501042838913420e+01 2.191381667310132642e+01 1.500000000000000000e+01 7.234983000000000386e-01 3.013116999999999823e+00 2.432718447750901760e+04 1.163703906278924609e-02
3.303698953049843290e+00 8.059797979732429951e+00 2.926771515493031828e+00 1.672017160504596234e+01 3.571777482547203730e-01 1.530525399999999969e+01 7.001581000000000055e-01 3.097326999999999941e+00 3.554245752763638302e+04 3.253606138674618453e+00 1.221509377011742004e+01 1.059566043633671795e+00 1.834501070175109305e+01 2.191381667310132642e+01 1.500000000000000000e+01 7.234983000000000386e-01 3.013116999999999823e+00 2.432718447750901760e+04 1.163703906278924609e-02
3.303698953049843290e+00 8.059797979732429951e+00 2.926771515493031828e+00 1.672017160504596234e+01 3.571777482547203730e-01 1.530525399999999969e+01 7.001581000000000055e-01 3.097326999999999941e+00 3.554245752763638302e+04 3.253606138674618453e+00 1.221509377011742004e+01 1.059566043633671795e+00 1.834501042838913420e+01 2.191381699964264129e+01 1.500000000000000000e+01 7.234983000000000386e-01 3.013116999999999823e+00 2.432718447750901760e+04 1.163703906278924609e-02
3.303698953049843290e+00 8.059797979732429951e+00 2.926771515493031828e+00 1.672017160504596234e+01 3.571777482547203730e-01 1.530525399999999969e+01 7.001581000000000055e-01 3.097326999999999941e+00 3.554245752763638302e+04 3.253606138674618453e+00 1.221509377011742004e+01 1.059566043633671795e+00 1.834501042838913420e+01 2.191381667310132642e+01 1.500000000000000000e+01 7.234983000000000386e-01 3.013116999999999823e+00 2.432718484001231627e+04 1.163703906278924609e-02
3.303698953049843290e+00 8.059797979732429951e+00 2.926771515493031828e+00 1.672017160504596234e+01 3.571777482547203730e-01 1.530525399999999969e+01 7.001581000000000055e-01 3.097326999999999941e+00 3.554245752763638302e+04 3.253606138674618453e+00 1.221509377011742004e+01 1.059566043633671795e+00 1.834501042838913420e+01 2.191381667310132642e+01 1.500000000000000000e+01 7.234983000000000386e-01 3.013116999999999823e+00 2.432718447750901760e+04 1.163705396395043994e-02
3.304997732382134679e+00 7.002734842073802923e+00 2.927902616086547560e+00 1.672721270768507651e+01 3.573313338949853368e-01 1.530525399999999969e+01 7.001581000000000055e-01 3.097326999999999941e+00 3.514384156020356750e+04 3.255142761592829892e+00 1.298178911940426872e+01 1.060146363343926312e+00 1.835482036112821191e+01 2.192286515716710937e+01 1.500000000000000000e+01 7.234983000000000386e-01 3.013116999999999823e+00 2.393738507450422549e+04 9.492233464243422444e-03
3.305271273559510448e+00 7.499512804436695212e+00 2.928148636380028424e+00 1.672869589453964068e+01 3.573635045070013838e-01 1.530525399999999969e+01 7.001581000000000055e-01 3.097326999999999941e+00 3.544284202053752233e+04 3.255499877715613888e+00 1.259088078658411014e+01 1.060268001153038542e+00 1.835692050215558524e+01 2.192554005972926490e+01 1.500000000000000000e+01 7.234983000000000386e-01 3.013116999999999823e+00 2.422969707489339271e+04 1.060763053398521699e-02
3.305339634964888251e+00 7.623716278706551996e+00 2.928210118914719828e+00 1.672906655699275547e+01 3.573715442204997150e-01 1.530525399999999969e+01 7.001581000000000055e-01 3.097326999999999941e+00 3.551755796439512778e+04 3.255589123156306108e+00 1.249314721661887795e+01 1.060298399076042619e+00 1.835744533901744902e+01 2.192620855084273757e+01 1.500000000000000000e+01 7.234983000000000386e-01 3.013116999999999823e+00 2.430281312392693508e+04 1.088649624907142913e-02
3.305356629312286465e+00 7.654803633769406090e+00 2.928225398960983661e+00 1.672915868310015242e+01 3.573735423377368825e-01 1.530525399999999969e+01 7.001581000000000055e-01 3.097326999999999941e+00 3.553624143532982998e+04 3.255611299458953667e+00 1.246868820268713129e+01 1.060305952235590432e+00 1.835757575100782901e+01 2.192637472893570205e+01 1.500000000000000000e+01 7.234983000000000386e-01 3.013116999999999823e+00 2.432110002965005333e+04 1.095627756413994867e-02
3.305360481817868568e+00 7.662725225865005818e+00 2.928228845253638468e+00 1.672917948887375417e+01 3.573739931401593295e-01 1.530525399999999969e+01 7.001581000000000055e-01 3.097326999999999941e+00 3.554093750464204641e+04 3.255616286363592238e+00 1.246246838165436088e+01 1.060307649433180011e+00 1.835760506513824808e+01 2.192641237589975844e+01 1.500000000000000000e+01 7.234983000000000386e-01 3.013116999999999823e+00 2.432569663140108241e+04 1.097398880605299568e-02
3.305357355943332465e+00 7.666015141400453814e+00 2.928225887656876747e+00 1.672916183338162099e+01 3.573736058402866012e-01 1.530525399999999969e+01 7.001581000000000055e-01 3.097326999999999941e+00 3.554225368492684356e+04 3.255611894325652234e+00 1.246001618468507388e+01 1.060306123146460555e+00 1.835757887528308174e+01 2.192638276963701571e+01 1.500000000000000000e+01 7.234983000000000386e-01 3.013116999999999823e+00 2.432698494847689653e+04 1.098066543574633888e-02
3.304301710000986159e+00 7.939049492910017491e+00 2.927230952781471718e+00 1.672322948855518021e+01 3.572437410448296435e-01 1.530525399999999969e+01 7.001581000000000055e-01 3.097326999999999941e+00 3.554245742668109597e+04 3.254121462296357681e+00 1.227790609297384705e+01 1.059793969305800276e+00 1.834876477823440410e+01 2.191590814475317472e+01 1.500000000000000000e+01 7.234983000000000386e-01 3.013116999999999823e+00 2.432718437834444921e+04 1.141607343103515082e-02
3.304301759238918557e+00 7.939049492910017491e+00 2.927230952781471718e+00 1.672322948855518021e+01 3.572437410448296435e-01 1.530525399999999969e+01 7.001581000000000055e-01 3.097326999999999941e+00 3.554245742668109597e+04 3.254121462296357681e+00 1.227790609297384705e+01 1.059793969305800276e+00 1.834876477823440410e+01 2.191590814475317472e+01 1.500000000000000000e+01 7.234983000000000386e-01 3.013116999999999823e+00 2.432718437834444921e+04 1.141607343103515082e-02
3.304301710000986159e+00 7.939049611211073554e+00 2.927230952781471718e+00 1.672322948855518021e+01 3.572437410448296435e-01 1.530525399999999969e+01 7.001581000000000055e-01 3.097326999999999941e+00 3.554245742668109597e+04 3.254121462296357681e+00 1.227790609297384705e+01 1.059793969305800276e+00 1.834876477823440410e+01 2.191590814475317472e+01 1.500000000000000000e+01 7.234983000000000386e-01 3.013116999999999823e+00 2.432718437834444921e+04 1.141607343103515082e-02
3.304301710000986159e+00 7.939049492910017491e+00 2.927230996400612018e+00 1.672322948855518021e+01 3.572437410448296435e-01 1.530525399999999969e+01 7.001581000000000055e-01 3.097326999999999941e+00 3.554245742668109597e+04 3.254121462296357681e+00 1.227790609297384705e+01 1.059793969305800276e+00 1.834876477823440410e+01 2.191590814475317472e+01 1.500000000000000000e+01 7.234983000000000386e-01 3.013116999999999823e+00 2.432718437834444921e+04 1.141607343103515082e-02
3.304301710000986159e+00 7.939049492910017491e+00 2.927230952781471718e+00 1.672322973775071731e+01 3.572437410448296435e-01 1.530525399999999969e+01 7.001581000000000055e-01 3.097326999999999941e+00 3.554245742668109597e+04 3.254121462296357681e+00 1.227790609297384705e+01 1.059793969305800276e+00 1.834876477823440410e+01 2.191590814475317472e+01 1.500000000000000000e+01 7.234983000000000386e-01 3.013116999999999823e+00 2.432718437834444921e+04 1.141607343103515082e-02
3.304301710000986159e+00 7.939049492910017491e+00 2.927230952781471718e+00 1.672322948855518021e+01 3.572437559459908374e-01 1.530525399999999969e+01 7.001581000000000055e-01 3.097326999999999941e+00 3.554245742668109597e+04 3.254121462296357681e+00 1.227790609297384705e+01 1.059793969305800276e+00 1.834876477823440410e+01 2.191590814475317472e+01 1.500000000000000000e+01 7.234983000000000386e-01 3.013116999999999823e+00 2.432718437834444921e+04 1.141607343103515082e-02
3.304301710000986159e+00 7.939049492910017491e+00 2.927230952781471718e+00 1.672322948855518021e+01 3.572437410448296435e-01 1.530525399999999969e+01 7.001581000000000055e-01 3.097326999999999941e+00 3.554245795630498469e+04 3.254121462296357681e+00 1.227790609297384705e+01 1.059793969305800276e+00 1.834876477823440410e+01 2.191590814475317472e+01 1.500000000000000000e+01 7.234983000000000386e-01 3.013116999999999823e+00 2.432718437834444921e+04 1.141607343103515082e-02
3.304301710000986159e+00 7.939049492910017491e+00 2.927230952781471718e+00 1.672322948855518021e+01 3.572437410448296435e-01 1.530525399999999969e+01 7.001581000000000055e-01 3.097326999999999941e+00 3.554245742668109597e+04 3.254121510786545990e+00 1.227790609297384705e+01 1.059793969305800276e+00 1.834876477823440410e+01 2.191590814475317472e+01 1.500000000000000000e+01 7.234983000000000386e-01 3.013116999999999823e+00 2.432718437834444921e+04 1.141607343103515082e-02
3.304301710000986159e+00 7.939049492910017491e+00 2.927230952781471718e+00 1.672322948855518021e+01 3.572437410448296435e-01 1.530525399999999969e+01 7.001581000000000055e-01 3.097326999999999941e+00 3.554245742668109597e+04 3.254121462296357681e+00 1.227790627592890438e+01 1.059793969305800276e+00 1.834876477823440410e+01 2.191590814475317472e+01 1.500000000000000000e+01 7.234983000000000386e-01 3.013116999999999823e+00 2.432718437834444921e+04 1.141607343103515082e-02
3.304301710000986159e+00 7.939049492910017491e+00 2.927230952781471718e+00 1.672322948855518021e+01 3.572437410448296435e-01 1.530525399999999969e+01 7.001581000000000055e-01 3.097326999999999941e+00 3.554245742668109597e+04 3.254121462296357681e+00 1.227790609297384705e+01 1.059793985097960967e+00 1.834876477823440410e+01 2.191590814475317472e+01 1.500000000000000000e+01 7.234983000000000386e-01 3.013116999999999823e+00 2.432718437834444921e+04 1.141607343103515082e-02
3.304301710000986159e+00 7.939049492910017491e+00 2.927230952781471718e+00 1.672322948855518021e+01 3.572437410448296435e-01 1.530525399999999969e+01 7.001581000000000055e-01 3.097326999999999941e+00 3.554245742668109597e+04 3.254121462296357681e+00 1.227790609297384705e+01 1.059793969305800276e+00 1.834876505165230753e+01 2.191590814475317472e+01 1.500000000000000000e+01 7.234983000000000386e-01 3.013116999999999823e+00 2.432718437834444921e+04 1.141607343103515082e-02
3.304301710000986159e+00 7.939049492910017491e+00 2.927230952781471718e+00 1.672322948855518021e+01 3.572437410448296435e-01 1.530525399999999969e+01 7.001581000000000055e-01 3.097326999999999941e+00 3.554245742668109597e+04 3.254121462296357681e+00 1.227790609297384705e+01 1.059793969305800276e+00 1.834876477823440410e+01 2.191590847132565401e+01 1.500000000000000000e+01 7.234983000000000386e-01 3.013116999999999823e+00 2.432718437834444921e+04 1.141607343103515082e-02
3.304301710000986159e+00 7.939049492910017491e+00 2.927230952781471718e+00 1.672322948855518021e+01 3.572437410448296435e-01 1.530525399999999969e+01 7.001581000000000055e-01 3.097326999999999941e+00 3.554245742668109597e+04 3.254121462296357681e+00 1.227790609297384705e+01 1.059793969305800276e+00 1.834876477823440410e+01 2.191590814475317472e+01 1.500000000000000000e+01 7.234983000000000386e-01 3.013116999999999823e+00 2.432718474084774425e+04 1.141607343103515082e-02
3.304301710000986159e+00 7.939049492910017491e+00 2.927230952781471718e+00 1.672322948855518021e+01 3.572437410448296435e-01 1.530525399999999969e+01 7.001581000000000055e-01 3.097326999999999941e+00 3.554245742668109597e+04 3.254121462296357681e+00 1.227790609297384705e+01 1.059793969305800276e+00 1.834876477823440410e+01 2.191590814475317472e+01 1.500000000000000000e+01 7.234983000000000386e-01 3.013116999999999823e+00 2.432718437834444921e+04 1.141608833219634467e-02
3.307312438443748892e+00 7.712789536430764592e+00 2.929070192814259066e+00 1.673622857242343898e+01 3.575233982533719268e-01 1.530525399999999969e+01 7.001581000000000055e-01 3.097326999999999941e+00 3.554245735294838960e+04 3.254284010389076887e+00 1.242916343834505000e+01 1.060579356369109050e+00 1.835971633859870522e+01 2.189710721058059661e+01 1.500000000000000000e+01 7.234983000000000386e-01 3.013116999999999823e+00 2.432718430624126268e+04 1.098791786602443081e-02
3.306537315308236025e+00 7.886417178327197242e+00 2.928076677576130660e+00 1.673156835949185250e+01 3.574253836420706043e-01 1.530525399999999969e+01 7.001581000000000055e-01 3.097326999999999941e+00 3.554245741262879164e+04 3.253339655229032346e+00 1.232077202696375373e+01 1.060271039720308561e+00 1.835411101317287219e+01 2.189704037786110291e+01 1.500000000000000000e+01 7.234983000000000386e-01 3.013116999999999823e+00 2.432718436460963858e+04 1.128941699819971736e-02
3.306537364579481775e+00 7.886417178327197242e+00 2.928076677576130660e+00 1.673156835949185250e+01 3.574253836420706043e-01 1.530525399999999969e+01 7.001581000000000055e-01 3.097326999999999941e+00 3.554245741262879164e+04 3.253339655229032346e+00 1.232077202696375373e+01 1.060271039720308561e+00 1.835411101317287219e+01 2.189704037786110291e+01 1.500000000000000000e+01 7.234983000000000386e-01 3.013116999999999823e+00 2.432718436460963858e+04 1.128941699819971736e-02
3.306537315308236025e+00 7.886417295843970443e+00 2.928076677576130660e+00 1.673156835949185250e+01 3.574253836420706043e-01 1.530525399999999969e+01 7.001581000000000055e-01 3.097326999999999941e+00 3.554245741262879164e+04 3.253339655229032346e+00 1.232077202696375373e+01 1.060271039720308561e+00 1.835411101317287219e+01 2.189704037786110291e+01 1.500000000000000000e+01 7.234983000000000386e-01 3.013116999999999823e+00 2.432718436460963858e+04 1.128941699819971736e-02
3.306537315308236025e+00 7.886417178327197242e+00 2.928076721207873323e+00 1.673156835949185250e+01 3.574253836420706043e-01 1.530525399999999969e+01 7.001581000000000055e-01 3.097326999999999941e+00 3.554245741262879164e+04 3.253339655229032346e+00 1.232077202696375373e+01 1.060271039720308561e+00 1.835411101317287219e+01 2.189704037786110291e+01 1.500000000000000000e+01 7.234983000000000386e-01 3.013116999999999823e+00 2.432718436460963858e+04 1.128941699819971736e-02
3.306537315308236025e+00 7.886417178327197242e+00 2.928076677576130660e+00 1.673156860881164931e+01 3.574253836420706043e-01 1.530525399999999969e+01 7.001581000000000055e-01 3.097326999999999941e+00 3.554245741262879164e+04 3.253339655229032346e+00 1.232077202696375373e+01 1.060271039720308561e+00 1.835411101317287219e+01 2.189704037786110291e+01 1.500000000000000000e+01 7.234983000000000386e-01 3.013116999999999823e+00 2.432718436460963858e+04 1.128941699819971736e-02
3.306537315308236025e+00 7.886417178327197242e+00 2.928076677576130660e+00 1.673156835949185250e+01 3.574253985432317982e-01 1.530525399999999969e+01 7.001581000000000055e-01 3.097326999999999941e+00 3.554245741262879164e+04 3.253339655229032346e+00 1.232077202696375373e+01 1.060271039720308561e+00 1.835411101317287219e+01 2.189704037786110291e+01 1.500000000000000000e+01 7.234983000000000386e-01 3.013116999999999823e+00 2.432718436460963858e+04 1.128941699819971736e-02
3.306537315308236025e+00 7.886417178327197242e+00 2.928076677576130660e+00 1.673156835949185250e+01 3.574253836420706043e-01 1.530525399999999969e+01 7.001581000000000055e-01 3.097326999999999941e+00 3.554245794225268037e+04 3.253339655229032346e+00 1.232077202696375373e+01 1.060271039720308561e+00 1.835411101317287219e+01 2.189704037786110291e+01 1.500000000000000000e+01 7.234983000000000386e-01 3.013116999999999823e+00 2.432718436460963858e+04 1.128941699819971736e-02
3.306537315308236025e+00 7.886417178327197242e+00 2.928076677576130660e+00 1.673156835949185250e+01 3.574253836420706043e-01 1.530525399999999969e+01 7.001581000000000055e-01 3.097326999999999941e+00 3.554245741262879164e+04 3.253339703707570862e+00 1.232077202696375373e+01 1.060271039720308561e+00 1.835411101317287219e+01 2.189704037786110291e+01 1.500000000000000000e+01 7.234983000000000386e-01 3.013116999999999823e+00 2.432718436460963858e+04 1.128941699819971736e-02
3.306537315308236025e+00 7.886417178327197242e+00 2.928076677576130660e+00 1.673156835949185250e+01 3.574253836420706043e-01 1.530525399999999969e+01 7.001581000000000055e-01 3.097326999999999941e+00 3.554245741262879164e+04 3.253339655229032346e+00 1.232077221055756411e+01 1.060271039720308561e+00 1.835411101317287219e+01 2.189704037786110291e+01 1.500000000000000000e+01 7.234983000000000386e-01 3.013116999999999823e+00 2.432718436460963858e+04 1.128941699819971736e-02
3.306537315308236025e+00 7.886417178327197242e+00 2.928076677576130660e+00 1.673156835949185250e+01 3.574253836420706043e-01 1.530525399999999969e+01 7.001581000000000055e-01 3.097326999999999941e+00 3.554245741262879164e+04 3.253339655229032346e+00 1.232077202696375373e+01 1.060271055519578232e+00 1.835411101317287219e+01 2.189704037786110291e+01 1.500000000000000000e+01 7.234983000000000386e-01 3.013116999999999823e+00 2.432718436460963858e+04 1.128941699819971736e-02
3.306537315308236025e+00 7.886417178327197242e+00 2.928076677576130660e+00 1.673156835949185250e+01 3.574253836420706043e-01 1.530525399999999969e+01 7.001581000000000055e-01 3.097326999999999941e+00 3.554245741262879164e+04 3.253339655229032346e+00 1.232077202696375373e+01 1.060271039720308561e+00 1.835411128667043812e+01 2.189704037786110291e+01 1.500000000000000000e+01 7.234983000000000386e-01 3.013116999999999823e+00 2.432718436460963858e+04 1.128941699819971736e-02
3.306537315308236025e+00 7.886417178327197242e+00 2.928076677576130660e+00 1.673156835949185250e+01 3.574253836420706043e-01 1.530525399999999969e+01 7.001581000000000055e-01 3.097326999999999941e+00 3.554245741262879164e+04 3.253339655229032346e+00 1.232077202696375373e+01 1.060271039720308561e+00 1.835411101317287219e+01 2.189704070415243109e+01 1.500000000000000000e+01 7.234983000000000386e-01 3.013116999999999823e+00 2.432718436460963858e+04 1.128941699819971736e-02
3.306537315308236025e+00 7.886417178327197242e+00 2.928076677576130660e+00 1.673156835949185250e+01 3.574253836420706043e-01 1.530525399999999969e+01 7.001581000000000055e-01 3.097326999999999941e+00 3.554245741262879164e+04 3.253339655229032346e+00 1.232077202696375373e+01 1.060271039720308561e+00 1.835411101317287219e+01 2.189704037786110291e+01 1.500000000000000000e+01 7.234983000000000386e-01 3.013116999999999823e+00 2.432718472711293361e+04 1.128941699819971736e-02
3.306537315308236025e+00 7.886417178327197242e+00 2.928076677576130660e+00 1.673156835949185250e+01 3.574253836420706043e-01 1.530525399999999969e+01 7.001581000000000055e-01 3.097326999999999941e+00 3.554245741262879164e+04 3.253339655229032346e+00 1.232077202696375373e+01 1.060271039720308561e+00 1.835411101317287219e+01 2.189704037786110291e+01 1.500000000000000000e+01 7.234983000000000386e-01 3.013116999999999823e+00 2.432718436460963858e+04 1.128943189936091121e-02
3.330250808132601659e+00 7.876443037609373476e+00 2.928169087313385432e+00 1.673188450126610149e+01 3.578738243549822173e-01 1.530525399999999969e+01 7.001581000000000055e-01 3.097326999999999941e+00 3.554238847604847251e+04 3.223016284301913892e+00 1.239749307233583231e+01 1.111815033314813794e+00 1.835557979772950787e+01 2.189665023369829555e+01 1.500000000000000000e+01 7.234983000000000386e-01 3.013116999999999823e+00 2.432713913054808654e+04 1.103304665305861014e-02
3.314090452354819583e+00 7.879988442829662709e+00 2.928099068738792443e+00 1.673171388514252200e+01 3.576870723236598160e-01 1.530525399999999969e+01 7.001581000000000055e-01 3.097326999999999941e+00 3.554244242293534626e+04 3.246399843888733816e+00 1.235418610504365411e+01 1.069664206061792910e+00 1.835437173879968853e+01 2.189692608225323767e+01 1.500000000000000000e+01 7.234983000000000386e-01 3.013116999999999823e+00 2.432717450435934734e+04 1.119737692016262338e-02
3.308655306028618348e+00 7.883960282140137998e+00 2.928082493255447893e+00 1.673161168782372243e+01 3.575048068354826913e-01 1.530525399999999969e+01 7.001581000000000055e-01 3.097326999999999941e+00 3.554245377408949571e+04 3.251711150564611241e+00 1.232976301075351522e+01 1.062172512785545253e+00 1.835416305517149738e+01 2.189701285389233121e+01 1.500000000000000000e+01 7.234983000000000386e-01 3.013116999999999823e+00 2.432718195877756807e+04 1.125855031512988831e-02
3.307168454977734040e+00 7.885659998826602290e+00 2.928078328222396554e+00 1.673158173789028069e+01 3.574500995046070440e-01 1.530525399999999969e+01 7.001581000000000055e-01 3.097326999999999941e+00 3.554245644251020713e+04 3.252942175644910616e+00 1.232278810701082605e+01 1.060684270751550473e+00 1.835412217992823969e+01 2.189703347637951936e+01 1.500000000000000000e+01 7.234983000000000386e-01 3.013116999999999823e+00 2.432718371964424296e+04 1.127759034829197392e-02
3.306723415069517724e+00 7.886209158590551382e+00 2.928077148854921763e+00 1.673157245763357182e+01 3.574330273007291781e-01 1.530525399999999969e+01 7.001581000000000055e-01 3.097326999999999941e+00 3.554245715173650387e+04 3.253258831134325568e+00 1.232119660943517125e+01 1.060367369347197108e+00 1.835411362804953939e+01 2.189703872350772684e+01 1.500000000000000000e+01 7.234983000000000386e-01 3.013116999999999823e+00 2.432718419044439361e+04 1.128439151784962208e-02
3.306723464343536367e+00 7.886209158590551382e+00 2.928077148854921763e+00 1.673157245763357182e+01 3.574330273007291781e-01 1.530525399999999969e+01 7.001581000000000055e-01 3.097326999999999941e+00 3.554245715173650387e+04 3.253258831134325568e+00 1.232119660943517125e+01 1.060367369347197108e+00 1.835411362804953939e+01 2.189703872350772684e+01 1.500000000000000000e+01 7.234983000000000386e-01 3.013116999999999823e+00 2.432718419044439361e+04 1.128439151784962208e-02
3.306723415069517724e+00 7.886209276104224841e+00 2.928077148854921763e+00 1.673157245763357182e+01 3.574330273007291781e-01 1.530525399999999969e+01 7.001581000000000055e-01 3.097326999999999941e+00 3.554245715173650387e+04 3.253258831134325568e+00 1.232119660943517125e+01 1.060367369347197108e+00 1.835411362804953939e+01 2.189703872350772684e+01 1.500000000000000000e+01 7.234983000000000386e-01 3.013116999999999823e+00 2.432718419044439361e+04 1.128439151784962208e-02
3.306723415069517724e+00 7.886209158590551382e+00 2.928077192486671532e+00 1.673157245763357182e+01 3.574330273007291781e-01 1.530525399999999969e+01 7.001581000000000055e-01 3.097326999999999941e+00 3.554245715173650387e+04 3.253258831134325568e+00 1.232119660943517125e+01 1.060367369347197108e+00 1.835411362804953939e+01 2.189703872350772684e+01 1.500000000000000000e+01 7.234983000000000386e-01 3.013116999999999823e+00 2.432718419044439361e+04 1.128439151784962208e-02
3.306723415069517724e+00 7.886209158590551382e+00 2.928077148854921763e+00 1.673157270695342902e+01 3.574330273007291781e-01 1.530525399999999969e+01 7.001581000000000055e-01 3.097326999999999941e+00 3.554245715173650387e+04 3.253258831134325568e+00 1.232119660943517125e+01 1.060367369347197108e+00 1.835411362804953939e+01 2.189703872350772684e+01 1.500000000000000000e+01 7.234983000000000386e-01 3.013116999999999823e+00 2.432718419044439361e+04 1.128439151784962208e-02
3.306723415069517724e+00 7.886209158590551382e+00 2.928077148854921763e+00 1.673157245763357182e+01 3.574330422018903719e-01 1.530525399999999969e+01 7.001581000000000055e-01 3.097326999999999941e+00 3.554245715173650387e+04 3.253258831134325568e+00 1.232119660943517125e+01 1.060367369347197108e+00 1.835411362804953939e+01 2.189703872350772684e+01 1.500000000000000000e+01 7.234983000000000386e-01 3.013116999999999823e+00 2.432718419044439361e+04 1.128439151784962208e-02
3.306723415069517724e+00 7.886209158590551382e+00 2.928077148854921763e+00 1.673157245763357182e+01 3.574330273007291781e-01 1.530525399999999969e+01 7.001581000000000055e-01 3.097326999999999941e+00 3.554245768136038532e+04 3.253258831134325568e+00 1.232119660943517125e+01 1.060367369347197108e+00 1.835411362804953939e+01 2.189703872350772684e+01 1.500000000000000000e+01 7.234983000000000386e-01 3.013116999999999823e+00 2.432718419044439361e+04 1.128439151784962208e-02
3.306723415069517724e+00 7.886209158590551382e+00 2.928077148854921763e+00 1.673157245763357182e+01 3.574330273007291781e-01 1.530525399999999969e+01 7.001581000000000055e-01 3.097326999999999941e+00 3.554245715173650387e+04 3.253258879611659715e+00 1.232119660943517125e+01 1.060367369347197108e+00 1.835411362804953939e+01 2.189703872350772684e+01 1.500000000000000000e+01 7.234983000000000386e-01 3.013116999999999823e+00 2.432718419044439361e+04 1.128439151784962208e-02
3.306723415069517724e+00 7.886209158590551382e+00 2.928077148854921763e+00 1.673157245763357182e+01 3.574330273007291781e-01 1.530525399999999969e+01 7.001581000000000055e-01 3.097326999999999941e+00 3.554245715173650387e+04 3.253258831134325568e+00 1.232119679303530724e+01 1.060367369347197108e+00 1.835411362804953939e+01 2.189703872350772684e+01 1.500000000000000000e+01 7.234983000000000386e-01 3.013116999999999823e+00 2.432718419044439361e+04 1.128439151784962208e-02
3.306723415069517724e+00 7.886209158590551382e+00 2.928077148854921763e+00 1.673157245763357182e+01 3.574330273007291781e-01 1.530525399999999969e+01 7.001581000000000055e-01 3.097326999999999941e+00 3.554245715173650387e+04 3.253258831134325568e+00 1.232119660943517125e+01 1.060367385147902297e+00 1.835411362804953939e+01 2.189703872350772684e+01 1.500000000000000000e+01 7.234983000000000386e-01 3.013116999999999823e+00 2.432718419044439361e+04 1.128439151784962208e-02
3.306723415069517724e+00 7.886209158590551382e+00 2.928077148854921763e+00 1.673157245763357182e+01 3.574330273007291781e-01 1.530525399999999969e+01 7.001581000000000055e-01 3.097326999999999941e+00 3.554245715173650387e+04 3.253258831134325568e+00 1.232119660943517125e+01 1.060367369347197108e+00 1.835411390154714439e+01 2.189703872350772684e+01 1.500000000000000000e+01 7.234983000000000386e-01 3.013116999999999823e+00 2.432718419044439361e+04 1.128439151784962208e-02
3.306723415069517724e+00 7.886209158590551382e+00 2.928077148854921763e+00 1.673157245763357182e+01 3.574330273007291781e-01 1.530525399999999969e+01 7.001581000000000055e-01 3.097326999999999941e+00 3.554245715173650387e+04 3.253258831134325568e+00 1.232119660943517125e+01 1.060367369347197108e+00 1.835411362804953939e+01 2.189703904979903015e+01 1.500000000000000000e+01 7.234983000000000386e-01 3.013116999999999823e+00 2.432718419044439361e+04 1.128439151784962208e-02
3.306723415069517724e+00 7.886209158590551382e+00 2.928077148854921763e+00 1.673157245763357182e+01 3.574330273007291781e-01 1.530525399999999969e+01 7.001581000000000055e-01 3.097326999999999941e+00 3.554245715173650387e+04 3.253258831134325568e+00 1.232119660943517125e+01 1.060367369347197108e+00 1.835411362804953939e+01 2.189703872350772684e+01 1.500000000000000000e+01 7.234983000000000386e-01 3.013116999999999823e+00 2.432718455294768501e+04 1.128439151784962208e-02
3.306723415069517724e+00 7.886209158590551382e+00 2.928077148854921763e+00 1.673157245763357182e+01 3.574330273007291781e-01 1.530525399999999969e+01 7.001581000000000055e-01 3.097326999999999941e+00 3.554245715173650387e+04 3.253258831134325568e+00 1.232119660943517125e+01 1.060367369347197108e+00 1.835411362804953939e+01 2.189703872350772684e+01 1.500000000000000000e+01 7.234983000000000386e-01 3.013116999999999823e+00 2.432718419044439361e+04 1.128440641901081593e-02
3.307101288673363726e+00 7.886189047371330751e+00 2.928077635503537834e+00 1.673162093262671846e+01 3.574341277223318514e-01 1.530525399999999969e+01 7.001581000000000055e-01 3.097326999999999941e+00 3.554245715173019562e+04 3.253090336464309118e+00 1.232124662797789760e+01 1.060495067920097290e+00 1.835417877480472271e+01 2.189700540845161925e+01 1.500000000000000000e+01 7.234983000000000386e-01 3.013116999999999823e+00 2.432718419043834729e+04 1.127676990065074741e-02
3.306828717577225962e+00 7.886204644643075135e+00 2.928077290985918513e+00 1.673158459853892666e+01 3.574332941798212815e-01 1.530525399999999969e+01 7.001581000000000055e-01 3.097326999999999941e+00 3.554245715173516510e+04 3.253219295706365699e+00 1.232120415989396456e+01 1.060389964089181403e+00 1.835412427281007197e+01 2.189703224224451361e+01 1.500000000000000000e+01 7.234983000000000386e-01 3.013116999999999823e+00 2.432718419044309849e+04 1.128164585933966527e-02
