3.427662393587249223e+00 1.055072169627201006e+01 2.926665138081305351e+00 1.672990167869727429e+01 3.587443379454149373e-01 1.530525399999999969e+01 7.001581000000000055e-01 3.097326999999999941e+00 3.016285869803655442e+04 3.062507988073515985e+00 8.837987786359104092e+00 1.091051683781509407e+00 1.834858178980362453e+01 2.189024961051906715e+01 1.500000000000000000e+01 7.234983000000000386e-01 3.013116999999999823e+00 1.906308947114246621e+04 7.597842411799764911e-03
3.427662444663399199e+00 1.055072169627201006e+01 2.926665138081305351e+00 1.672990167869727429e+01 3.587443379454149373e-01 1.530525399999999969e+01 7.001581000000000055e-01 3.097326999999999941e+00 3.016285869803655442e+04 3.062507988073515985e+00 8.837987786359104092e+00 1.091051683781509407e+00 1.834858178980362453e+01 2.189024961051906715e+01 1.500000000000000000e+01 7.234983000000000386e-01 3.013116999999999823e+00 1.906308947114246621e+04 7.597842411799764911e-03
3.427662393587249223e+00 1.055072185349001401e+01 2.926665138081305351e+00 1.672990167869727429e+01 3.587443379454149373e-01 1.530525399999999969e+01 7.001581000000000055e-01 3.097326999999999941e+00 3.016285869803655442e+04 3.062507988073515985e+00 8.837987786359104092e+00 1.091051683781509407e+00 1.834858178980362453e+01 2.189024961051906715e+01 1.500000000000000000e+01 7.234983000000000386e-01 3.013116999999999823e+00 1.906308947114246621e+04 7.597842411799764911e-03
3.427662393587249223e+00 1.055072169627201006e+01 2.926665181692014173e+00 1.672990167869727429e+01 3.587443379454149373e-01 1.530525399999999969e+01 7.001581000000000055e-01 3.097326999999999941e+00 3.016285869803655442e+04 3.062507988073515985e+00 8.837987786359104092e+00 1.091051683781509407e+00 1.834858178980362453e+01 2.189024961051906715e+01 1.500000000000000000e+01 7.234983000000000386e-01 3.013116999999999823e+00 1.906308947114246621e+04 7.597842411799764911e-03
3.427662393587249223e+00 1.055072169627201006e+01 2.926665138081305351e+00 1.672990192799223763e+01 3.587443379454149373e-01 1.530525399999999969e+01 7.001581000000000055e-01 3.097326999999999941e+00 3.016285869803655442e+04 3.062507988073515985e+00 8.837987786359104092e+00 1.091051683781509407e+00 1.834858178980362453e+01 2.189024961051906715e+01 1.500000000000000000e+01 7.234983000000000386e-01 3.013116999999999823e+00 1.906308947114246621e+04 7.597842411799764911e-03
3.427662393587249223e+00 1.055072169627201006e+01 2.926665138081305351e+00 1.672990167869727429e+01 3.587443528465761311e-01 1.530525399999999969e+01 7.001581000000000055e-01 3.097326999999999941e+00 3.016285869803655442e+04 3.062507988073515985e+00 8.837987786359104092e+00 1.091051683781509407e+00 1.834858178980362453e+01 2.189024961051906715e+01 1.500000000000000000e+01 7.234983000000000386e-01 3.013116999999999823e+00 1.906308947114246621e+04 7.597842411799764911e-03
3.427662393587249223e+00 1.055072169627201006e+01 2.926665138081305351e+00 1.672990167869727429e+01 3.587443379454149373e-01 1.530525422806605640e+01 7.001581000000000055e-01 3.097326999999999941e+00 3.016285869803655442e+04 3.062507988073515985e+00 8.837987786359104092e+00 1.091051683781509407e+00 1.834858178980362453e+01 2.189024961051906715e+01 1.500000000000000000e+01 7.234983000000000386e-01 3.013116999999999823e+00 1.906308947114246621e+04 7.597842411799764911e-03
3.427662393587249223e+00 1.055072169627201006e+01 2.926665138081305351e+00 1.672990167869727429e+01 3.587443379454149373e-01 1.530525399999999969e+01 7.001581149011611993e-01 3.097326999999999941e+00 3.016285869803655442e+04 3.062507988073515985e+00 8.837987786359104092e+00 1.091051683781509407e+00 1.834858178980362453e+01 2.189024961051906715e+01 1.500000000000000000e+01 7.234983000000000386e-01 3.013116999999999823e+00 1.906308947114246621e+04 7.597842411799764911e-03
3.427662393587249223e+00 1.055072169627201006e+01 2.926665138081305351e+00 1.672990167869727429e+01 3.587443379454149373e-01 1.530525399999999969e+01 7.001581000000000055e-01 3.097326999999999941e+00 3.016285914749817312e+04 3.062507988073515985e+00 8.837987786359104092e+00 1.091051683781509407e+00 1.834858178980362453e+01 2.189024961051906715e+01 1.500000000000000000e+01 7.234983000000000386e-01 3.013116999999999823e+00 1.906308947114246621e+04 7.597842411799764911e-03
3.427662393587249223e+00 1.055072169627201006e+01 2.926665138081305351e+00 1.672990167869727429e+01 3.587443379454149373e-01 1.530525399999999969e+01 7.001581000000000055e-01 3.097326999999999941e+00 3.016285869803655442e+04 3.062508033708441157e+00 8.837987786359104092e+00 1.091051683781509407e+00 1.834858178980362453e+01 2.189024961051906715e+01 1.500000000000000000e+01 7.234983000000000386e-01 3.013116999999999823e+00 1.906308947114246621e+04 7.597842411799764911e-03
3.427662393587249223e+00 1.055072169627201006e+01 2.926665138081305351e+00 1.672990167869727429e+01 3.587443379454149373e-01 1.530525399999999969e+01 7.001581000000000055e-01 3.097326999999999941e+00 3.016285869803655442e+04 3.062507988073515985e+00 8.837987918055384640e+00 1.091051683781509407e+00 1.834858178980362453e+01 2.189024961051906715e+01 1.500000000000000000e+01 7.234983000000000386e-01 3.013116999999999823e+00 1.906308947114246621e+04 7.597842411799764911e-03
3.427662393587249223e+00 1.055072169627201006e+01 2.926665138081305351e+00 1.672990167869727429e+01 3.587443379454149373e-01 1.530525399999999969e+01 7.001581000000000055e-01 3.097326999999999941e+00 3.016285869803655442e+04 3.062507988073515985e+00 8.837987786359104092e+00 1.091051700039446404e+00 1.834858178980362453e+01 2.189024961051906715e+01 1.500000000000000000e+01 7.234983000000000386e-01 3.013116999999999823e+00 1.906308947114246621e+04 7.597842411799764911e-03
3.427662393587249223e+00 1.055072169627201006e+01 2.926665138081305351e+00 1.672990167869727429e+01 3.587443379454149373e-01 1.530525399999999969e+01 7.001581000000000055e-01 3.097326999999999941e+00 3.016285869803655442e+04 3.062507988073515985e+00 8.837987786359104092e+00 1.091051683781509407e+00 1.834858206321879948e+01 2.189024961051906715e+01 1.500000000000000000e+01 7.234983000000000386e-01 3.013116999999999823e+00 1.906308947114246621e+04 7.597842411799764911e-03
3.427662393587249223e+00 1.055072169627201006e+01 2.926665138081305351e+00 1.672990167869727429e+01 3.587443379454149373e-01 1.530525399999999969e+01 7.001581000000000055e-01 3.097326999999999941e+00 3.016285869803655442e+04 3.062507988073515985e+00 8.837987786359104092e+00 1.091051683781509407e+00 1.834858178980362453e+01 2.189024993670920693e+01 1.500000000000000000e+01 7.234983000000000386e-01 3.013116999999999823e+00 1.906308947114246621e+04 7.597842411799764911e-03
3.427662393587249223e+00 1.055072169627201006e+01 2.926665138081305351e+00 1.672990167869727429e+01 3.587443379454149373e-01 1.530525399999999969e+01 7.001581000000000055e-01 3.097326999999999941e+00 3.016285869803655442e+04 3.062507988073515985e+00 8.837987786359104092e+00 1.091051683781509407e+00 1.834858178980362453e+01 2.189024961051906715e+01 1.500000022351741791e+01 7.234983000000000386e-01 3.013116999999999823e+00 1.906308947114246621e+04 7.597842411799764911e-03
3.427662393587249223e+00 1.055072169627201006e+01 2.926665138081305351e+00 1.672990167869727429e+01 3.587443379454149373e-01 1.530525399999999969e+01 7.001581000000000055e-01 3.097326999999999941e+00 3.016285869803655442e+04 3.062507988073515985e+00 8.837987786359104092e+00 1.091051683781509407e+00 1.834858178980362453e+01 2.189024961051906715e+01 1.500000000000000000e+01 7.234983149011612324e-01 3.013116999999999823e+00 1.906308947114246621e+04 7.597842411799764911e-03
3.427662393587249223e+00 1.055072169627201006e+01 2.926665138081305351e+00 1.672990167869727429e+01 3.587443379454149373e-01 1.530525399999999969e+01 7.001581000000000055e-01 3.097326999999999941e+00 3.016285869803655442e+04 3.062507988073515985e+00 8.837987786359104092e+00 1.091051683781509407e+00 1.834858178980362453e+01 2.189024961051906715e+01 1.500000000000000000e+01 7.234983000000000386e-01 3.013116999999999823e+00 1.906308975520463355e+04 7.597842411799764911e-03
3.427662393587249223e+00 1.055072169627201006e+01 2.926665138081305351e+00 1.672990167869727429e+01 3.587443379454149373e-01 1.530525399999999969e+01 7.001581000000000055e-01 3.097326999999999941e+00 3.016285869803655442e+04 3.062507988073515985e+00 8.837987786359104092e+00 1.091051683781509407e+00 1.834858178980362453e+01 2.189024961051906715e+01 1.500000000000000000e+01 7.234983000000000386e-01 3.013116999999999823e+00 1.906308947114246621e+04 7.597857312960958759e-03
3.427711923928538962e+00 8.811451726472265378e+00 2.927461366577121193e+00 1.673020036099662988e+01 3.587203668591467109e-01 1.530498425592715606e+01 7.003890688981634360e-01 3.097326999999999941e+00 3.935113583014443429e+04 3.063133927546592528e+00 1.477057839620545465e+01 1.084445210917091451e+00 1.834963624242990576e+01 2.189763517654888503e+01 1.499966365043678529e+01 7.236876299457506434e-01 3.013116999999999823e+00 2.306316002323001157e-01 5.630996700066035615e-03
3.437872789502281368e+00 1.158977757963373456e+01 2.930588391318559083e+00 1.678271389436131145e+01 3.600971856701018492e-01 1.530194566014248281e+01 7.031076631463712978e-01 3.097326999999999941e+00 2.633945251575147995e+04 3.063111226212805516e+00 1.675492441318504433e+01 1.094674406215390805e+00 1.839144905730125856e+01 2.186806889505076157e+01 1.499885249439246770e+01 7.240841079923280299e-01 3.013116999999999823e+00 1.540657914253947456e+04 1.314780780657479921e-02
3.445071228846265488e+00 1.446141583247220197e+01 2.932410149565872093e+00 1.681989546974752869e+01 3.610880481920809015e-01 1.529992028247107427e+01 7.049245461793277601e-01 3.097326999999999941e+00 2.920537516859388779e+04 3.062782477389485170e+00 1.573324749193812089e+01 1.105230416954113393e+00 1.842064195563879636e+01 2.184336534576376110e+01 1.499844526068595840e+01 7.242699793475130265e-01 3.013116999999999823e+00 1.815070367016883392e+04 1.940268875094393330e-02
3.446871096443276272e+00 1.517937457991425632e+01 2.932865595118137936e+00 1.682919224826452265e+01 3.613358033339515996e-01 1.529941386327707242e+01 7.053788808010081901e-01 3.097326999999999941e+00 2.992350067190598202e+04 3.062700187334552293e+00 1.547785052133937178e+01 1.107869882580831522e+00 1.842794109086129239e+01 2.183718762016370718e+01 1.499834346254071171e+01 7.243164459025890345e-01 3.013116999999999823e+00 1.883511456287943656e+04 2.096650920595496265e-02
3.447322041295987294e+00 1.535901992884462608e+01 2.932979470346474660e+00 1.683152170898043209e+01 3.613978927720046808e-01 1.529928697312747765e+01 7.054929088785344415e-01 3.097326999999999941e+00 3.010328955939230582e+04 3.062679206300577217e+00 1.541392316657247008e+01 1.108531501112806961e+00 1.842976930394627288e+01 2.183563602573470419e+01 1.499831805574245536e+01 7.243280572111686633e-01 3.013116999999999823e+00 1.900635941449529128e+04 2.135783403454464408e-02
3.447439008110487535e+00 1.540457296242487217e+01 2.933007966233556640e+00 1.683212688476301011e+01 3.614140690868238304e-01 1.529925401510203820e+01 7.055233656214180415e-01 3.097326999999999941e+00 3.014910943526661140e+04 3.062672143012123538e+00 1.539760134811719006e+01 1.108704533652685731e+00 1.843024111737247139e+01 2.183521660809269349e+01 1.499831190264685787e+01 7.243309326273328352e-01 3.013116999999999823e+00 1.904999599364376991e+04 2.145720045092013029e-02
3.466269629000864327e+00 1.253288094795180285e+01 2.901852897942576170e+00 1.694413360231568788e+01 3.659905547277041982e-01 1.530185806028600659e+01 7.202810614747510165e-01 3.097326999999999941e+00 3.016285805607625662e+04 3.003427908935591528e+00 1.360485778710089200e+01 1.195925812763369844e+00 1.841959409519607860e+01 2.116249873720166974e+01 1.500122580924315763e+01 7.157451532879302025e-01 3.013116999999999823e+00 1.906308899179487707e+04 1.579941658003639060e-02
3.463809564695334409e+00 1.093303369994602292e+01 2.877127426690159417e+00 1.693050756308085170e+01 3.680133144582422022e-01 1.530473798576717570e+01 7.127544311588629444e-01 3.097326999999999941e+00 3.016285865986243516e+04 2.899917516260860140e+00 1.000331323508323322e+01 1.299016999189590127e+00 1.827765818660790487e+01 2.032925293245340370e+01 1.500046416755770196e+01 7.133923057158487735e-01 3.013116999999999823e+00 1.906308946655087493e+04 1.049188965616740590e-02
3.463809616310118855e+00 1.093303369994602292e+01 2.877127426690159417e+00 1.693050756308085170e+01 3.680133144582422022e-01 1.530473798576717570e+01 7.127544311588629444e-01 3.097326999999999941e+00 3.016285865986243516e+04 2.899917516260860140e+00 1.000331323508323322e+01 1.299016999189590127e+00 1.827765818660790487e+01 2.032925293245340370e+01 1.500046416755770196e+01 7.133923057158487735e-01 3.013116999999999823e+00 1.906308946655087493e+04 1.049188965616740590e-02
3.463809564695334409e+00 1.093303386286092049e+01 2.877127426690159417e+00 1.693050756308085170e+01 3.680133144582422022e-01 1.530473798576717570e+01 7.127544311588629444e-01 3.097326999999999941e+00 3.016285865986243516e+04 2.899917516260860140e+00 1.000331323508323322e+01 1.299016999189590127e+00 1.827765818660790487e+01 2.032925293245340370e+01 1.500046416755770196e+01 7.133923057158487735e-01 3.013116999999999823e+00 1.906308946655087493e+04 1.049188965616740590e-02
3.463809564695334409e+00 1.093303369994602292e+01 2.877127469562699158e+00 1.693050756308085170e+01 3.680133144582422022e-01 1.530473798576717570e+01 7.127544311588629444e-01 3.097326999999999941e+00 3.016285865986243516e+04 2.899917516260860140e+00 1.000331323508323322e+01 1.299016999189590127e+00 1.827765818660790487e+01 2.032925293245340370e+01 1.500046416755770196e+01 7.133923057158487735e-01 3.013116999999999823e+00 1.906308946655087493e+04 1.049188965616740590e-02
3.463809564695334409e+00 1.093303369994602292e+01 2.877127426690159417e+00 1.693050781536507543e+01 3.680133144582422022e-01 1.530473798576717570e+01 7.127544311588629444e-01 3.097326999999999941e+00 3.016285865986243516e+04 2.899917516260860140e+00 1.000331323508323322e+01 1.299016999189590127e+00 1.827765818660790487e+01 2.032925293245340370e+01 1.500046416755770196e+01 7.133923057158487735e-01 3.013116999999999823e+00 1.906308946655087493e+04 1.049188965616740590e-02
3.463809564695334409e+00 1.093303369994602292e+01 2.877127426690159417e+00 1.693050756308085170e+01 3.680133293594033961e-01 1.530473798576717570e+01 7.127544311588629444e-01 3.097326999999999941e+00 3.016285865986243516e+04 2.899917516260860140e+00 1.000331323508323322e+01 1.299016999189590127e+00 1.827765818660790487e+01 2.032925293245340370e+01 1.500046416755770196e+01 7.133923057158487735e-01 3.013116999999999823e+00 1.906308946655087493e+04 1.049188965616740590e-02
3.463809564695334409e+00 1.093303369994602292e+01 2.877127426690159417e+00 1.693050756308085170e+01 3.680133144582422022e-01 1.530473821382554434e+01 7.127544311588629444e-01 3.097326999999999941e+00 3.016285865986243516e+04 2.899917516260860140e+00 1.000331323508323322e+01 1.299016999189590127e+00 1.827765818660790487e+01 2.032925293245340370e+01 1.500046416755770196e+01 7.133923057158487735e-01 3.013116999999999823e+00 1.906308946655087493e+04 1.049188965616740590e-02
3.463809564695334409e+00 1.093303369994602292e+01 2.877127426690159417e+00 1.693050756308085170e+01 3.680133144582422022e-01 1.530473798576717570e+01 7.127544460600241383e-01 3.097326999999999941e+00 3.016285865986243516e+04 2.899917516260860140e+00 1.000331323508323322e+01 1.299016999189590127e+00 1.827765818660790487e+01 2.032925293245340370e+01 1.500046416755770196e+01 7.133923057158487735e-01 3.013116999999999823e+00 1.906308946655087493e+04 1.049188965616740590e-02
3.463809564695334409e+00 1.093303369994602292e+01 2.877127426690159417e+00 1.693050756308085170e+01 3.680133144582422022e-01 1.530473798576717570e+01 7.127544311588629444e-01 3.097326999999999941e+00 3.016285910932405386e+04 2.899917516260860140e+00 1.000331323508323322e+01 1.299016999189590127e+00 1.827765818660790487e+01 2.032925293245340370e+01 1.500046416755770196e+01 7.133923057158487735e-01 3.013116999999999823e+00 1.906308946655087493e+04 1.049188965616740590e-02
3.463809564695334409e+00 1.093303369994602292e+01 2.877127426690159417e+00 1.693050756308085170e+01 3.680133144582422022e-01 1.530473798576717570e+01 7.127544311588629444e-01 3.097326999999999941e+00 3.016285865986243516e+04 2.899917559472998452e+00 1.000331323508323322e+01 1.299016999189590127e+00 1.827765818660790487e+01 2.032925293245340370e+01 1.500046416755770196e+01 7.133923057158487735e-01 3.013116999999999823e+00 1.906308946655087493e+04 1.049188965616740590e-02
3.463809564695334409e+00 1.093303369994602292e+01 2.877127426690159417e+00 1.693050756308085170e+01 3.680133144582422022e-01 1.530473798576717570e+01 7.127544311588629444e-01 3.097326999999999941e+00 3.016285865986243516e+04 2.899917516260860140e+00 1.000331338414421545e+01 1.299016999189590127e+00 1.827765818660790487e+01 2.032925293245340370e+01 1.500046416755770196e+01 7.133923057158487735e-01 3.013116999999999823e+00 1.906308946655087493e+04 1.049188965616740590e-02
3.463809564695334409e+00 1.093303369994602292e+01 2.877127426690159417e+00 1.693050756308085170e+01 3.680133144582422022e-01 1.530473798576717570e+01 7.127544311588629444e-01 3.097326999999999941e+00 3.016285865986243516e+04 2.899917516260860140e+00 1.000331323508323322e+01 1.299017018546451796e+00 1.827765818660790487e+01 2.032925293245340370e+01 1.500046416755770196e+01 7.133923057158487735e-01 3.013116999999999823e+00 1.906308946655087493e+04 1.049188965616740590e-02
3.463809564695334409e+00 1.093303369994602292e+01 2.877127426690159417e+00 1.693050756308085170e+01 3.680133144582422022e-01 1.530473798576717570e+01 7.127544311588629444e-01 3.097326999999999941e+00 3.016285865986243516e+04 2.899917516260860140e+00 1.000331323508323322e+01 1.299016999189590127e+00 1.827765845896623631e+01 2.032925293245340370e+01 1.500046416755770196e+01 7.133923057158487735e-01 3.013116999999999823e+00 1.906308946655087493e+04 1.049188965616740590e-02
3.463809564695334409e+00 1.093303369994602292e+01 2.877127426690159417e+00 1.693050756308085170e+01 3.680133144582422022e-01 1.530473798576717570e+01 7.127544311588629444e-01 3.097326999999999941e+00 3.016285865986243516e+04 2.899917516260860140e+00 1.000331323508323322e+01 1.299016999189590127e+00 1.827765818660790487e+01 2.032925323538287898e+01 1.500046416755770196e+01 7.133923057158487735e-01 3.013116999999999823e+00 1.906308946655087493e+04 1.049188965616740590e-02
3.463809564695334409e+00 1.093303369994602292e+01 2.877127426690159417e+00 1.693050756308085170e+01 3.680133144582422022e-01 1.530473798576717570e+01 7.127544311588629444e-01 3.097326999999999941e+00 3.016285865986243516e+04 2.899917516260860140e+00 1.000331323508323322e+01 1.299016999189590127e+00 1.827765818660790487e+01 2.032925293245340370e+01 1.500046439108203700e+01 7.133923057158487735e-01 3.013116999999999823e+00 1.906308946655087493e+04 1.049188965616740590e-02
3.463809564695334409e+00 1.093303369994602292e+01 2.877127426690159417e+00 1.693050756308085170e+01 3.680133144582422022e-01 1.530473798576717570e+01 7.127544311588629444e-01 3.097326999999999941e+00 3.016285865986243516e+04 2.899917516260860140e+00 1.000331323508323322e+01 1.299016999189590127e+00 1.827765818660790487e+01 2.032925293245340370e+01 1.500046416755770196e+01 7.133923206170099673e-01 3.013116999999999823e+00 1.906308946655087493e+04 1.049188965616740590e-02
3.463809564695334409e+00 1.093303369994602292e+01 2.877127426690159417e+00 1.693050756308085170e+01 3.680133144582422022e-01 1.530473798576717570e+01 7.127544311588629444e-01 3.097326999999999941e+00 3.016285865986243516e+04 2.899917516260860140e+00 1.000331323508323322e+01 1.299016999189590127e+00 1.827765818660790487e+01 2.032925293245340370e+01 1.500046416755770196e+01 7.133923057158487735e-01 3.013116999999999823e+00 1.906308975061304227e+04 1.049188965616740590e-02
3.463809564695334409e+00 1.093303369994602292e+01 2.877127426690159417e+00 1.693050756308085170e+01 3.680133144582422022e-01 1.530473798576717570e+01 7.127544311588629444e-01 3.097326999999999941e+00 3.016285865986243516e+04 2.899917516260860140e+00 1.000331323508323322e+01 1.299016999189590127e+00 1.827765818660790487e+01 2.032925293245340370e+01 1.500046416755770196e+01 7.133923057158487735e-01 3.013116999999999823e+00 1.906308946655087493e+04 1.049190455732859975e-02
3.532742775438243665e+00 1.084811062598388354e+01 2.878701535427766522e+00 1.692673979565742570e+01 3.496076683773815530e-01 1.530477646868170538e+01 7.127445910540296525e-01 3.097326999999999941e+00 3.016270331517090381e+04 2.693512349980199172e+00 1.000340219799515573e+01 1.076898694051220184e+00 1.827674820986047166e+01 2.032737760092473067e+01 1.500050430558924575e+01 7.133915334629464811e-01 3.013116999999999823e+00 1.906299004377160236e+04 9.454817864595132376e-03
3.489068843512468376e+00 1.093515890170281857e+01 2.876902887313995016e+00 1.693101775517714103e+01 3.704741505305080285e-01 1.530473285628346858e+01 7.128331122536284425e-01 3.097326999999999941e+00 3.016285634300653328e+04 2.824609014974894805e+00 1.002097061914906462e+01 1.311810107447966667e+00 1.827754723660459391e+01 2.032832341625741535e+01 1.500046663326064333e+01 7.133740288797202345e-01 3.013116999999999823e+00 1.906309101251370521e+04 9.729977204634044849e-03
3.475995130061911187e+00 1.093360974352541071e+01 2.877083342108261554e+00 1.693073234593067511e+01 3.688035815715049459e-01 1.530473624841412850e+01 7.127877693823200245e-01 3.097326999999999941e+00 3.016285665741062257e+04 2.884311179487311971e+00 1.000877932708809581e+01 1.302265552297102058e+00 1.827764707138377887e+01 2.032904908646584374e+01 1.500046464772123578e+01 7.133889105154729293e-01 3.013116999999999823e+00 1.906308890562773013e+04 9.687518302514398078e-03
3.468711041437934739e+00 1.093310284021242929e+01 2.877132459934774733e+00 1.693059021645897388e+01 3.681900123359837518e-01 1.530473755972803929e+01 7.127632706612627711e-01 3.097326999999999941e+00 3.016285752846098330e+04 2.900954963833452194e+00 1.000288802862568360e+01 1.299281070557050111e+00 1.827766865727778978e+01 2.032925729244196233e+01 1.500046411304327698e+01 7.133929091130208899e-01 3.013116999999999823e+00 1.906308877038309220e+04 1.001908527558435791e-02
3.468711093125757206e+00 1.093310284021242929e+01 2.877132459934774733e+00 1.693059021645897388e+01 3.681900123359837518e-01 1.530473755972803929e+01 7.127632706612627711e-01 3.097326999999999941e+00 3.016285752846098330e+04 2.900954963833452194e+00 1.000288802862568360e+01 1.299281070557050111e+00 1.827766865727778978e+01 2.032925729244196233e+01 1.500046411304327698e+01 7.133929091130208899e-01 3.013116999999999823e+00 1.906308877038309220e+04 1.001908527558435791e-02
3.468711041437934739e+00 1.093310300312835714e+01 2.877132459934774733e+00 1.693059021645897388e+01 3.681900123359837518e-01 1.530473755972803929e+01 7.127632706612627711e-01 3.097326999999999941e+00 3.016285752846098330e+04 2.900954963833452194e+00 1.000288802862568360e+01 1.299281070557050111e+00 1.827766865727778978e+01 2.032925729244196233e+01 1.500046411304327698e+01 7.133929091130208899e-01 3.013116999999999823e+00 1.906308877038309220e+04 1.001908527558435791e-02
3.468711041437934739e+00 1.093310284021242929e+01 2.877132502807389081e+00 1.693059021645897388e+01 3.681900123359837518e-01 1.530473755972803929e+01 7.127632706612627711e-01 3.097326999999999941e+00 3.016285752846098330e+04 2.900954963833452194e+00 1.000288802862568360e+01 1.299281070557050111e+00 1.827766865727778978e+01 2.032925729244196233e+01 1.500046411304327698e+01 7.133929091130208899e-01 3.013116999999999823e+00 1.906308877038309220e+04 1.001908527558435791e-02
3.468711041437934739e+00 1.093310284021242929e+01 2.877132459934774733e+00 1.693059046874442686e+01 3.681900123359837518e-01 1.530473755972803929e+01 7.127632706612627711e-01 3.097326999999999941e+00 3.016285752846098330e+04 2.900954963833452194e+00 1.000288802862568360e+01 1.299281070557050111e+00 1.827766865727778978e+01 2.032925729244196233e+01 1.500046411304327698e+01 7.133929091130208899e-01 3.013116999999999823e+00 1.906308877038309220e+04 1.001908527558435791e-02
3.468711041437934739e+00 1.093310284021242929e+01 2.877132459934774733e+00 1.693059021645897388e+01 3.681900272371449456e-01 1.530473755972803929e+01 7.127632706612627711e-01 3.097326999999999941e+00 3.016285752846098330e+04 2.900954963833452194e+00 1.000288802862568360e+01 1.299281070557050111e+00 1.827766865727778978e+01 2.032925729244196233e+01 1.500046411304327698e+01 7.133929091130208899e-01 3.013116999999999823e+00 1.906308877038309220e+04 1.001908527558435791e-02
3.468711041437934739e+00 1.093310284021242929e+01 2.877132459934774733e+00 1.693059021645897388e+01 3.681900123359837518e-01 1.530473778778640082e+01 7.127632706612627711e-01 3.097326999999999941e+00 3.016285752846098330e+04 2.900954963833452194e+00 1.000288802862568360e+01 1.299281070557050111e+00 1.827766865727778978e+01 2.032925729244196233e+01 1.500046411304327698e+01 7.133929091130208899e-01 3.013116999999999823e+00 1.906308877038309220e+04 1.001908527558435791e-02
3.468711041437934739e+00 1.093310284021242929e+01 2.877132459934774733e+00 1.693059021645897388e+01 3.681900123359837518e-01 1.530473755972803929e+01 7.127632855624239649e-01 3.097326999999999941e+00 3.016285752846098330e+04 2.900954963833452194e+00 1.000288802862568360e+01 1.299281070557050111e+00 1.827766865727778978e+01 2.032925729244196233e+01 1.500046411304327698e+01 7.133929091130208899e-01 3.013116999999999823e+00 1.906308877038309220e+04 1.001908527558435791e-02
3.468711041437934739e+00 1.093310284021242929e+01 2.877132459934774733e+00 1.693059021645897388e+01 3.681900123359837518e-01 1.530473755972803929e+01 7.127632706612627711e-01 3.097326999999999941e+00 3.016285797792258381e+04 2.900954963833452194e+00 1.000288802862568360e+01 1.299281070557050111e+00 1.827766865727778978e+01 2.032925729244196233e+01 1.500046411304327698e+01 7.133929091130208899e-01 3.013116999999999823e+00 1.906308877038309220e+04 1.001908527558435791e-02
3.468711041437934739e+00 1.093310284021242929e+01 2.877132459934774733e+00 1.693059021645897388e+01 3.681900123359837518e-01 1.530473755972803929e+01 7.127632706612627711e-01 3.097326999999999941e+00 3.016285752846098330e+04 2.900955007061049695e+00 1.000288802862568360e+01 1.299281070557050111e+00 1.827766865727778978e+01 2.032925729244196233e+01 1.500046411304327698e+01 7.133929091130208899e-01 3.013116999999999823e+00 1.906308877038309220e+04 1.001908527558435791e-02
3.468711041437934739e+00 1.093310284021242929e+01 2.877132459934774733e+00 1.693059021645897388e+01 3.681900123359837518e-01 1.530473755972803929e+01 7.127632706612627711e-01 3.097326999999999941e+00 3.016285752846098330e+04 2.900954963833452194e+00 1.000288817768033134e+01 1.299281070557050111e+00 1.827766865727778978e+01 2.032925729244196233e+01 1.500046411304327698e+01 7.133929091130208899e-01 3.013116999999999823e+00 1.906308877038309220e+04 1.001908527558435791e-02
3.468711041437934739e+00 1.093310284021242929e+01 2.877132459934774733e+00 1.693059021645897388e+01 3.681900123359837518e-01 1.530473755972803929e+01 7.127632706612627711e-01 3.097326999999999941e+00 3.016285752846098330e+04 2.900954963833452194e+00 1.000288802862568360e+01 1.299281089917846854e+00 1.827766865727778978e+01 2.032925729244196233e+01 1.500046411304327698e+01 7.133929091130208899e-01 3.013116999999999823e+00 1.906308877038309220e+04 1.001908527558435791e-02
3.468711041437934739e+00 1.093310284021242929e+01 2.877132459934774733e+00 1.693059021645897388e+01 3.681900123359837518e-01 1.530473755972803929e+01 7.127632706612627711e-01 3.097326999999999941e+00 3.016285752846098330e+04 2.900954963833452194e+00 1.000288802862568360e+01 1.299281070557050111e+00 1.827766892963627754e+01 2.032925729244196233e+01 1.500046411304327698e+01 7.133929091130208899e-01 3.013116999999999823e+00 1.906308877038309220e+04 1.001908527558435791e-02
3.468711041437934739e+00 1.093310284021242929e+01 2.877132459934774733e+00 1.693059021645897388e+01 3.681900123359837518e-01 1.530473755972803929e+01 7.127632706612627711e-01 3.097326999999999941e+00 3.016285752846098330e+04 2.900954963833452194e+00 1.000288802862568360e+01 1.299281070557050111e+00 1.827766865727778978e+01 2.032925759537150157e+01 1.500046411304327698e+01 7.133929091130208899e-01 3.013116999999999823e+00 1.906308877038309220e+04 1.001908527558435791e-02
3.468711041437934739e+00 1.093310284021242929e+01 2.877132459934774733e+00 1.693059021645897388e+01 3.681900123359837518e-01 1.530473755972803929e+01 7.127632706612627711e-01 3.097326999999999941e+00 3.016285752846098330e+04 2.900954963833452194e+00 1.000288802862568360e+01 1.299281070557050111e+00 1.827766865727778978e+01 2.032925729244196233e+01 1.500046433656761025e+01 7.133929091130208899e-01 3.013116999999999823e+00 1.906308877038309220e+04 1.001908527558435791e-02
3.468711041437934739e+00 1.093310284021242929e+01 2.877132459934774733e+00 1.693059021645897388e+01 3.681900123359837518e-01 1.530473755972803929e+01 7.127632706612627711e-01 3.097326999999999941e+00 3.016285752846098330e+04 2.900954963833452194e+00 1.000288802862568360e+01 1.299281070557050111e+00 1.827766865727778978e+01 2.032925729244196233e+01 1.500046411304327698e+01 7.133929240141820838e-01 3.013116999999999823e+00 1.906308877038309220e+04 1.001908527558435791e-02
3.468711041437934739e+00 1.093310284021242929e+01 2.877132459934774733e+00 1.693059021645897388e+01 3.681900123359837518e-01 1.530473755972803929e+01 7.127632706612627711e-01 3.097326999999999941e+00 3.016285752846098330e+04 2.900954963833452194e+00 1.000288802862568360e+01 1.299281070557050111e+00 1.827766865727778978e+01 2.032925729244196233e+01 1.500046411304327698e+01 7.133929091130208899e-01 3.013116999999999823e+00 1.906308905444525226e+04 1.001908527558435791e-02
3.468711041437934739e+00 1.093310284021242929e+01 2.877132459934774733e+00 1.693059021645897388e+01 3.681900123359837518e-01 1.530473755972803929e+01 7.127632706612627711e-01 3.097326999999999941e+00 3.016285752846098330e+04 2.900954963833452194e+00 1.000288802862568360e+01 1.299281070557050111e+00 1.827766865727778978e+01 2.032925729244196233e+01 1.500046411304327698e+01 7.133929091130208899e-01 3.013116999999999823e+00 1.906308877038309220e+04 1.001910017674555176e-02
3.473677882611870160e+00 1.093442719934693841e+01 2.877133674985339784e+00 1.693068885234899312e+01 3.684361008359762213e-01 1.530473697132427269e+01 7.127748953162224010e-01 3.097326999999999941e+00 3.016285623310455776e+04 2.900565578155414492e+00 1.000297984719300004e+01 1.299823790219705177e+00 1.827767811879086324e+01 2.032924407645605314e+01 1.500046409269712910e+01 7.133931966499218458e-01 3.013116999999999823e+00 1.906308803068377165e+04 9.691366210152997304e-03
3.473677934373704090e+00 1.093442719934693841e+01 2.877133674985339784e+00 1.693068885234899312e+01 3.684361008359762213e-01 1.530473697132427269e+01 7.127748953162224010e-01 3.097326999999999941e+00 3.016285623310455776e+04 2.900565578155414492e+00 1.000297984719300004e+01 1.299823790219705177e+00 1.827767811879086324e+01 2.032924407645605314e+01 1.500046409269712910e+01 7.133931966499218458e-01 3.013116999999999823e+00 1.906308803068377165e+04 9.691366210152997304e-03
3.473677882611870160e+00 1.093442736228259982e+01 2.877133674985339784e+00 1.693068885234899312e+01 3.684361008359762213e-01 1.530473697132427269e+01 7.127748953162224010e-01 3.097326999999999941e+00 3.016285623310455776e+04 2.900565578155414492e+00 1.000297984719300004e+01 1.299823790219705177e+00 1.827767811879086324e+01 2.032924407645605314e+01 1.500046409269712910e+01 7.133931966499218458e-01 3.013116999999999823e+00 1.906308803068377165e+04 9.691366210152997304e-03
3.473677882611870160e+00 1.093442719934693841e+01 2.877133717857972339e+00 1.693068885234899312e+01 3.684361008359762213e-01 1.530473697132427269e+01 7.127748953162224010e-01 3.097326999999999941e+00 3.016285623310455776e+04 2.900565578155414492e+00 1.000297984719300004e+01 1.299823790219705177e+00 1.827767811879086324e+01 2.032924407645605314e+01 1.500046409269712910e+01 7.133931966499218458e-01 3.013116999999999823e+00 1.906308803068377165e+04 9.691366210152997304e-03
3.473677882611870160e+00 1.093442719934693841e+01 2.877133674985339784e+00 1.693068910463591692e+01 3.684361008359762213e-01 1.530473697132427269e+01 7.127748953162224010e-01 3.097326999999999941e+00 3.016285623310455776e+04 2.900565578155414492e+00 1.000297984719300004e+01 1.299823790219705177e+00 1.827767811879086324e+01 2.032924407645605314e+01 1.500046409269712910e+01 7.133931966499218458e-01 3.013116999999999823e+00 1.906308803068377165e+04 9.691366210152997304e-03
3.473677882611870160e+00 1.093442719934693841e+01 2.877133674985339784e+00 1.693068885234899312e+01 3.684361157371374151e-01 1.530473697132427269e+01 7.127748953162224010e-01 3.097326999999999941e+00 3.016285623310455776e+04 2.900565578155414492e+00 1.000297984719300004e+01 1.299823790219705177e+00 1.827767811879086324e+01 2.032924407645605314e+01 1.500046409269712910e+01 7.133931966499218458e-01 3.013116999999999823e+00 1.906308803068377165e+04 9.691366210152997304e-03
3.473677882611870160e+00 1.093442719934693841e+01 2.877133674985339784e+00 1.693068885234899312e+01 3.684361008359762213e-01 1.530473719938262533e+01 7.127748953162224010e-01 3.097326999999999941e+00 3.016285623310455776e+04 2.900565578155414492e+00 1.000297984719300004e+01 1.299823790219705177e+00 1.827767811879086324e+01 2.032924407645605314e+01 1.500046409269712910e+01 7.133931966499218458e-01 3.013116999999999823e+00 1.906308803068377165e+04 9.691366210152997304e-03
3.473677882611870160e+00 1.093442719934693841e+01 2.877133674985339784e+00 1.693068885234899312e+01 3.684361008359762213e-01 1.530473697132427269e+01 7.127749102173835949e-01 3.097326999999999941e+00 3.016285623310455776e+04 2.900565578155414492e+00 1.000297984719300004e+01 1.299823790219705177e+00 1.827767811879086324e+01 2.032924407645605314e+01 1.500046409269712910e+01 7.133931966499218458e-01 3.013116999999999823e+00 1.906308803068377165e+04 9.691366210152997304e-03
3.473677882611870160e+00 1.093442719934693841e+01 2.877133674985339784e+00 1.693068885234899312e+01 3.684361008359762213e-01 1.530473697132427269e+01 7.127748953162224010e-01 3.097326999999999941e+00 3.016285668256614008e+04 2.900565578155414492e+00 1.000297984719300004e+01 1.299823790219705177e+00 1.827767811879086324e+01 2.032924407645605314e+01 1.500046409269712910e+01 7.133931966499218458e-01 3.013116999999999823e+00 1.906308803068377165e+04 9.691366210152997304e-03
3.473677882611870160e+00 1.093442719934693841e+01 2.877133674985339784e+00 1.693068885234899312e+01 3.684361008359762213e-01 1.530473697132427269e+01 7.127748953162224010e-01 3.097326999999999941e+00 3.016285623310455776e+04 2.900565621377209524e+00 1.000297984719300004e+01 1.299823790219705177e+00 1.827767811879086324e+01 2.032924407645605314e+01 1.500046409269712910e+01 7.133931966499218458e-01 3.013116999999999823e+00 1.906308803068377165e+04 9.691366210152997304e-03
3.473677882611870160e+00 1.093442719934693841e+01 2.877133674985339784e+00 1.693068885234899312e+01 3.684361008359762213e-01 1.530473697132427269e+01 7.127748953162224010e-01 3.097326999999999941e+00 3.016285623310455776e+04 2.900565578155414492e+00 1.000297999624901557e+01 1.299823790219705177e+00 1.827767811879086324e+01 2.032924407645605314e+01 1.500046409269712910e+01 7.133931966499218458e-01 3.013116999999999823e+00 1.906308803068377165e+04 9.691366210152997304e-03
3.473677882611870160e+00 1.093442719934693841e+01 2.877133674985339784e+00 1.693068885234899312e+01 3.684361008359762213e-01 1.530473697132427269e+01 7.127748953162224010e-01 3.097326999999999941e+00 3.016285623310455776e+04 2.900565578155414492e+00 1.000297984719300004e+01 1.299823809588589008e+00 1.827767811879086324e+01 2.032924407645605314e+01 1.500046409269712910e+01 7.133931966499218458e-01 3.013116999999999823e+00 1.906308803068377165e+04 9.691366210152997304e-03
3.473677882611870160e+00 1.093442719934693841e+01 2.877133674985339784e+00 1.693068885234899312e+01 3.684361008359762213e-01 1.530473697132427269e+01 7.127748953162224010e-01 3.097326999999999941e+00 3.016285623310455776e+04 2.900565578155414492e+00 1.000297984719300004e+01 1.299823790219705177e+00 1.827767839114948956e+01 2.032924407645605314e+01 1.500046409269712910e+01 7.133931966499218458e-01 3.013116999999999823e+00 1.906308803068377165e+04 9.691366210152997304e-03
3.473677882611870160e+00 1.093442719934693841e+01 2.877133674985339784e+00 1.693068885234899312e+01 3.684361008359762213e-01 1.530473697132427269e+01 7.127748953162224010e-01 3.097326999999999941e+00 3.016285623310455776e+04 2.900565578155414492e+00 1.000297984719300004e+01 1.299823790219705177e+00 1.827767811879086324e+01 2.032924437938539697e+01 1.500046409269712910e+01 7.133931966499218458e-01 3.013116999999999823e+00 1.906308803068377165e+04 9.691366210152997304e-03
3.473677882611870160e+00 1.093442719934693841e+01 2.877133674985339784e+00 1.693068885234899312e+01 3.684361008359762213e-01 1.530473697132427269e+01 7.127748953162224010e-01 3.097326999999999941e+00 3.016285623310455776e+04 2.900565578155414492e+00 1.000297984719300004e+01 1.299823790219705177e+00 1.827767811879086324e+01 2.032924407645605314e+01 1.500046431622146237e+01 7.133931966499218458e-01 3.013116999999999823e+00 1.906308803068377165e+04 9.691366210152997304e-03
3.473677882611870160e+00 1.093442719934693841e+01 2.877133674985339784e+00 1.693068885234899312e+01 3.684361008359762213e-01 1.530473697132427269e+01 7.127748953162224010e-01 3.097326999999999941e+00 3.016285623310455776e+04 2.900565578155414492e+00 1.000297984719300004e+01 1.299823790219705177e+00 1.827767811879086324e+01 2.032924407645605314e+01 1.500046409269712910e+01 7.133932115510830396e-01 3.013116999999999823e+00 1.906308803068377165e+04 9.691366210152997304e-03
3.473677882611870160e+00 1.093442719934693841e+01 2.877133674985339784e+00 1.693068885234899312e+01 3.684361008359762213e-01 1.530473697132427269e+01 7.127748953162224010e-01 3.097326999999999941e+00 3.016285623310455776e+04 2.900565578155414492e+00 1.000297984719300004e+01 1.299823790219705177e+00 1.827767811879086324e+01 2.032924407645605314e+01 1.500046409269712910e+01 7.133931966499218458e-01 3.013116999999999823e+00 1.906308831474592080e+04 9.691366210152997304e-03
3.473677882611870160e+00 1.093442719934693841e+01 2.877133674985339784e+00 1.693068885234899312e+01 3.684361008359762213e-01 1.530473697132427269e+01 7.127748953162224010e-01 3.097326999999999941e+00 3.016285623310455776e+04 2.900565578155414492e+00 1.000297984719300004e+01 1.299823790219705177e+00 1.827767811879086324e+01 2.032924407645605314e+01 1.500046409269712910e+01 7.133931966499218458e-01 3.013116999999999823e+00 1.906308803068377165e+04 9.691381111314191152e-03
3.477885430269783917e+00 1.093473920609736894e+01 2.877031654679549355e+00 1.693217239836501165e+01 3.685656877240965357e-01 1.530473647525564829e+01 7.127939846477681085e-01 3.097326999999999941e+00 3.016285623308268987e+04 2.884154508250808213e+00 1.000336412216024762e+01 1.301856384081279572e+00 1.827747846455629244e+01 2.032691023548330378e+01 1.500046429908979739e+01 7.133867062697439865e-01 3.013116999999999823e+00 1.906308803068262569e+04 9.685171851288020342e-03
3.477885482094315250e+00 1.093473920609736894e+01 2.877031654679549355e+00 1.693217239836501165e+01 3.685656877240965357e-01 1.530473647525564829e+01 7.127939846477681085e-01 3.097326999999999941e+00 3.016285623308268987e+04 2.884154508250808213e+00 1.000336412216024762e+01 1.301856384081279572e+00 1.827747846455629244e+01 2.032691023548330378e+01 1.500046429908979739e+01 7.133867062697439865e-01 3.013116999999999823e+00 1.906308803068262569e+04 9.685171851288020342e-03
3.477885430269783917e+00 1.093473936903768085e+01 2.877031654679549355e+00 1.693217239836501165e+01 3.685656877240965357e-01 1.530473647525564829e+01 7.127939846477681085e-01 3.097326999999999941e+00 3.016285623308268987e+04 2.884154508250808213e+00 1.000336412216024762e+01 1.301856384081279572e+00 1.827747846455629244e+01 2.032691023548330378e+01 1.500046429908979739e+01 7.133867062697439865e-01 3.013116999999999823e+00 1.906308803068262569e+04 9.685171851288020342e-03
3.477885430269783917e+00 1.093473920609736894e+01 2.877031697550661793e+00 1.693217239836501165e+01 3.685656877240965357e-01 1.530473647525564829e+01 7.127939846477681085e-01 3.097326999999999941e+00 3.016285623308268987e+04 2.884154508250808213e+00 1.000336412216024762e+01 1.301856384081279572e+00 1.827747846455629244e+01 2.032691023548330378e+01 1.500046429908979739e+01 7.133867062697439865e-01 3.013116999999999823e+00 1.906308803068262569e+04 9.685171851288020342e-03
3.477885430269783917e+00 1.093473920609736894e+01 2.877031654679549355e+00 1.693217265067404043e+01 3.685656877240965357e-01 1.530473647525564829e+01 7.127939846477681085e-01 3.097326999999999941e+00 3.016285623308268987e+04 2.884154508250808213e+00 1.000336412216024762e+01 1.301856384081279572e+00 1.827747846455629244e+01 2.032691023548330378e+01 1.500046429908979739e+01 7.133867062697439865e-01 3.013116999999999823e+00 1.906308803068262569e+04 9.685171851288020342e-03
3.477885430269783917e+00 1.093473920609736894e+01 2.877031654679549355e+00 1.693217239836501165e+01 3.685657026252577295e-01 1.530473647525564829e+01 7.127939846477681085e-01 3.097326999999999941e+00 3.016285623308268987e+04 2.884154508250808213e+00 1.000336412216024762e+01 1.301856384081279572e+00 1.827747846455629244e+01 2.032691023548330378e+01 1.500046429908979739e+01 7.133867062697439865e-01 3.013116999999999823e+00 1.906308803068262569e+04 9.685171851288020342e-03
3.477885430269783917e+00 1.093473920609736894e+01 2.877031654679549355e+00 1.693217239836501165e+01 3.685656877240965357e-01 1.530473670331399383e+01 7.127939846477681085e-01 3.097326999999999941e+00 3.016285623308268987e+04 2.884154508250808213e+00 1.000336412216024762e+01 1.301856384081279572e+00 1.827747846455629244e+01 2.032691023548330378e+01 1.500046429908979739e+01 7.133867062697439865e-01 3.013116999999999823e+00 1.906308803068262569e+04 9.685171851288020342e-03
3.477885430269783917e+00 1.093473920609736894e+01 2.877031654679549355e+00 1.693217239836501165e+01 3.685656877240965357e-01 1.530473647525564829e+01 7.127939995489293024e-01 3.097326999999999941e+00 3.016285623308268987e+04 2.884154508250808213e+00 1.000336412216024762e+01 1.301856384081279572e+00 1.827747846455629244e+01 2.032691023548330378e+01 1.500046429908979739e+01 7.133867062697439865e-01 3.013116999999999823e+00 1.906308803068262569e+04 9.685171851288020342e-03
3.477885430269783917e+00 1.093473920609736894e+01 2.877031654679549355e+00 1.693217239836501165e+01 3.685656877240965357e-01 1.530473647525564829e+01 7.127939846477681085e-01 3.097326999999999941e+00 3.016285668254427219e+04 2.884154508250808213e+00 1.000336412216024762e+01 1.301856384081279572e+00 1.827747846455629244e+01 2.032691023548330378e+01 1.500046429908979739e+01 7.133867062697439865e-01 3.013116999999999823e+00 1.906308803068262569e+04 9.685171851288020342e-03
3.477885430269783917e+00 1.093473920609736894e+01 2.877031654679549355e+00 1.693217239836501165e+01 3.685656877240965357e-01 1.530473647525564829e+01 7.127939846477681085e-01 3.097326999999999941e+00 3.016285623308268987e+04 2.884154551228059304e+00 1.000336412216024762e+01 1.301856384081279572e+00 1.827747846455629244e+01 2.032691023548330378e+01 1.500046429908979739e+01 7.133867062697439865e-01 3.013116999999999823e+00 1.906308803068262569e+04 9.685171851288020342e-03
3.477885430269783917e+00 1.093473920609736894e+01 2.877031654679549355e+00 1.693217239836501165e+01 3.685656877240965357e-01 1.530473647525564829e+01 7.127939846477681085e-01 3.097326999999999941e+00 3.016285623308268987e+04 2.884154508250808213e+00 1.000336427122198835e+01 1.301856384081279572e+00 1.827747846455629244e+01 2.032691023548330378e+01 1.500046429908979739e+01 7.133867062697439865e-01 3.013116999999999823e+00 1.906308803068262569e+04 9.685171851288020342e-03
3.477885430269783917e+00 1.093473920609736894e+01 2.877031654679549355e+00 1.693217239836501165e+01 3.685656877240965357e-01 1.530473647525564829e+01 7.127939846477681085e-01 3.097326999999999941e+00 3.016285623308268987e+04 2.884154508250808213e+00 1.000336412216024762e+01 1.301856403480451396e+00 1.827747846455629244e+01 2.032691023548330378e+01 1.500046429908979739e+01 7.133867062697439865e-01 3.013116999999999823e+00 1.906308803068262569e+04 9.685171851288020342e-03
3.477885430269783917e+00 1.093473920609736894e+01 2.877031654679549355e+00 1.693217239836501165e+01 3.685656877240965357e-01 1.530473647525564829e+01 7.127939846477681085e-01 3.097326999999999941e+00 3.016285623308268987e+04 2.884154508250808213e+00 1.000336412216024762e+01 1.301856384081279572e+00 1.827747873691194513e+01 2.032691023548330378e+01 1.500046429908979739e+01 7.133867062697439865e-01 3.013116999999999823e+00 1.906308803068262569e+04 9.685171851288020342e-03
3.477885430269783917e+00 1.093473920609736894e+01 2.877031654679549355e+00 1.693217239836501165e+01 3.685656877240965357e-01 1.530473647525564829e+01 7.127939846477681085e-01 3.097326999999999941e+00 3.016285623308268987e+04 2.884154508250808213e+00 1.000336412216024762e+01 1.301856384081279572e+00 1.827747846455629244e+01 2.032691053837787010e+01 1.500046429908979739e+01 7.133867062697439865e-01 3.013116999999999823e+00 1.906308803068262569e+04 9.685171851288020342e-03
3.477885430269783917e+00 1.093473920609736894e+01 2.877031654679549355e+00 1.693217239836501165e+01 3.685656877240965357e-01 1.530473647525564829e+01 7.127939846477681085e-01 3.097326999999999941e+00 3.016285623308268987e+04 2.884154508250808213e+00 1.000336412216024762e+01 1.301856384081279572e+00 1.827747846455629244e+01 2.032691023548330378e+01 1.500046452261413421e+01 7.133867062697439865e-01 3.013116999999999823e+00 1.906308803068262569e+04 9.685171851288020342e-03
3.477885430269783917e+00 1.093473920609736894e+01 2.877031654679549355e+00 1.693217239836501165e+01 3.685656877240965357e-01 1.530473647525564829e+01 7.127939846477681085e-01 3.097326999999999941e+00 3.016285623308268987e+04 2.884154508250808213e+00 1.000336412216024762e+01 1.301856384081279572e+00 1.827747846455629244e+01 2.032691023548330378e+01 1.500046429908979739e+01 7.133867211709051803e-01 3.013116999999999823e+00 1.906308803068262569e+04 9.685171851288020342e-03
3.477885430269783917e+00 1.093473920609736894e+01 2.877031654679549355e+00 1.693217239836501165e+01 3.685656877240965357e-01 1.530473647525564829e+01 7.127939846477681085e-01 3.097326999999999941e+00 3.016285623308268987e+04 2.884154508250808213e+00 1.000336412216024762e+01 1.301856384081279572e+00 1.827747846455629244e+01 2.032691023548330378e+01 1.500046429908979739e+01 7.133867062697439865e-01 3.013116999999999823e+00 1.906308831474477483e+04 9.685171851288020342e-03
3.477885430269783917e+00 1.093473920609736894e+01 2.877031654679549355e+00 1.693217239836501165e+01 3.685656877240965357e-01 1.530473647525564829e+01 7.127939846477681085e-01 3.097326999999999941e+00 3.016285623308268987e+04 2.884154508250808213e+00 1.000336412216024762e+01 1.301856384081279572e+00 1.827747846455629244e+01 2.032691023548330378e+01 1.500046429908979739e+01 7.133867062697439865e-01 3.013116999999999823e+00 1.906308803068262569e+04 9.685186752449214190e-03
3.482580306053474573e+00 1.094102101104733293e+01 2.876952162772242971e+00 1.693228718073500971e+01 3.688795455463479422e-01 1.530473496878487261e+01 7.128182422366234894e-01 3.097326999999999941e+00 3.016285589480660565e+04 2.865029276069512854e+00 1.001123538740462493e+01 1.304938149480165954e+00 1.827744727861005103e+01 2.032668742219761171e+01 1.500046472364394745e+01 7.133810562891610418e-01 3.013116999999999823e+00 1.906308860473261302e+04 9.705713115317910963e-03
3.482580357947965055e+00 1.094102101104733293e+01 2.876952162772242971e+00 1.693228718073500971e+01 3.688795455463479422e-01 1.530473496878487261e+01 7.128182422366234894e-01 3.097326999999999941e+00 3.016285589480660565e+04 2.865029276069512854e+00 1.001123538740462493e+01 1.304938149480165954e+00 1.827744727861005103e+01 2.032668742219761171e+01 1.500046472364394745e+01 7.133810562891610418e-01 3.013116999999999823e+00 1.906308860473261302e+04 9.705713115317910963e-03
3.482580306053474573e+00 1.094102117408124997e+01 2.876952162772242971e+00 1.693228718073500971e+01 3.688795455463479422e-01 1.530473496878487261e+01 7.128182422366234894e-01 3.097326999999999941e+00 3.016285589480660565e+04 2.865029276069512854e+00 1.001123538740462493e+01 1.304938149480165954e+00 1.827744727861005103e+01 2.032668742219761171e+01 1.500046472364394745e+01 7.133810562891610418e-01 3.013116999999999823e+00 1.906308860473261302e+04 9.705713115317910963e-03
3.482580306053474573e+00 1.094102101104733293e+01 2.876952205642171023e+00 1.693228718073500971e+01 3.688795455463479422e-01 1.530473496878487261e+01 7.128182422366234894e-01 3.097326999999999941e+00 3.016285589480660565e+04 2.865029276069512854e+00 1.001123538740462493e+01 1.304938149480165954e+00 1.827744727861005103e+01 2.032668742219761171e+01 1.500046472364394745e+01 7.133810562891610418e-01 3.013116999999999823e+00 1.906308860473261302e+04 9.705713115317910963e-03
3.482580306053474573e+00 1.094102101104733293e+01 2.876952162772242971e+00 1.693228743304575090e+01 3.688795455463479422e-01 1.530473496878487261e+01 7.128182422366234894e-01 3.097326999999999941e+00 3.016285589480660565e+04 2.865029276069512854e+00 1.001123538740462493e+01 1.304938149480165954e+00 1.827744727861005103e+01 2.032668742219761171e+01 1.500046472364394745e+01 7.133810562891610418e-01 3.013116999999999823e+00 1.906308860473261302e+04 9.705713115317910963e-03
3.482580306053474573e+00 1.094102101104733293e+01 2.876952162772242971e+00 1.693228718073500971e+01 3.688795604475091361e-01 1.530473496878487261e+01 7.128182422366234894e-01 3.097326999999999941e+00 3.016285589480660565e+04 2.865029276069512854e+00 1.001123538740462493e+01 1.304938149480165954e+00 1.827744727861005103e+01 2.032668742219761171e+01 1.500046472364394745e+01 7.133810562891610418e-01 3.013116999999999823e+00 1.906308860473261302e+04 9.705713115317910963e-03
3.482580306053474573e+00 1.094102101104733293e+01 2.876952162772242971e+00 1.693228718073500971e+01 3.688795455463479422e-01 1.530473519684319506e+01 7.128182422366234894e-01 3.097326999999999941e+00 3.016285589480660565e+04 2.865029276069512854e+00 1.001123538740462493e+01 1.304938149480165954e+00 1.827744727861005103e+01 2.032668742219761171e+01 1.500046472364394745e+01 7.133810562891610418e-01 3.013116999999999823e+00 1.906308860473261302e+04 9.705713115317910963e-03
3.482580306053474573e+00 1.094102101104733293e+01 2.876952162772242971e+00 1.693228718073500971e+01 3.688795455463479422e-01 1.530473496878487261e+01 7.128182571377846832e-01 3.097326999999999941e+00 3.016285589480660565e+04 2.865029276069512854e+00 1.001123538740462493e+01 1.304938149480165954e+00 1.827744727861005103e+01 2.032668742219761171e+01 1.500046472364394745e+01 7.133810562891610418e-01 3.013116999999999823e+00 1.906308860473261302e+04 9.705713115317910963e-03
3.482580306053474573e+00 1.094102101104733293e+01 2.876952162772242971e+00 1.693228718073500971e+01 3.688795455463479422e-01 1.530473496878487261e+01 7.128182422366234894e-01 3.097326999999999941e+00 3.016285634426818433e+04 2.865029276069512854e+00 1.001123538740462493e+01 1.304938149480165954e+00 1.827744727861005103e+01 2.032668742219761171e+01 1.500046472364394745e+01 7.133810562891610418e-01 3.013116999999999823e+00 1.906308860473261302e+04 9.705713115317910963e-03
3.482580306053474573e+00 1.094102101104733293e+01 2.876952162772242971e+00 1.693228718073500971e+01 3.688795455463479422e-01 1.530473496878487261e+01 7.128182422366234894e-01 3.097326999999999941e+00 3.016285589480660565e+04 2.865029318761775912e+00 1.001123538740462493e+01 1.304938149480165954e+00 1.827744727861005103e+01 2.032668742219761171e+01 1.500046472364394745e+01 7.133810562891610418e-01 3.013116999999999823e+00 1.906308860473261302e+04 9.705713115317910963e-03
3.482580306053474573e+00 1.094102101104733293e+01 2.876952162772242971e+00 1.693228718073500971e+01 3.688795455463479422e-01 1.530473496878487261e+01 7.128182422366234894e-01 3.097326999999999941e+00 3.016285589480660565e+04 2.865029276069512854e+00 1.001123553658365672e+01 1.304938149480165954e+00 1.827744727861005103e+01 2.032668742219761171e+01 1.500046472364394745e+01 7.133810562891610418e-01 3.013116999999999823e+00 1.906308860473261302e+04 9.705713115317910963e-03
3.482580306053474573e+00 1.094102101104733293e+01 2.876952162772242971e+00 1.693228718073500971e+01 3.688795455463479422e-01 1.530473496878487261e+01 7.128182422366234894e-01 3.097326999999999941e+00 3.016285589480660565e+04 2.865029276069512854e+00 1.001123538740462493e+01 1.304938168925259712e+00 1.827744727861005103e+01 2.032668742219761171e+01 1.500046472364394745e+01 7.133810562891610418e-01 3.013116999999999823e+00 1.906308860473261302e+04 9.705713115317910963e-03
3.482580306053474573e+00 1.094102101104733293e+01 2.876952162772242971e+00 1.693228718073500971e+01 3.688795455463479422e-01 1.530473496878487261e+01 7.128182422366234894e-01 3.097326999999999941e+00 3.016285589480660565e+04 2.865029276069512854e+00 1.001123538740462493e+01 1.304938149480165954e+00 1.827744755096523832e+01 2.032668742219761171e+01 1.500046472364394745e+01 7.133810562891610418e-01 3.013116999999999823e+00 1.906308860473261302e+04 9.705713115317910963e-03
3.482580306053474573e+00 1.094102101104733293e+01 2.876952162772242971e+00 1.693228718073500971e+01 3.688795455463479422e-01 1.530473496878487261e+01 7.128182422366234894e-01 3.097326999999999941e+00 3.016285589480660565e+04 2.865029276069512854e+00 1.001123538740462493e+01 1.304938149480165954e+00 1.827744727861005103e+01 2.032668772508885624e+01 1.500046472364394745e+01 7.133810562891610418e-01 3.013116999999999823e+00 1.906308860473261302e+04 9.705713115317910963e-03
3.482580306053474573e+00 1.094102101104733293e+01 2.876952162772242971e+00 1.693228718073500971e+01 3.688795455463479422e-01 1.530473496878487261e+01 7.128182422366234894e-01 3.097326999999999941e+00 3.016285589480660565e+04 2.865029276069512854e+00 1.001123538740462493e+01 1.304938149480165954e+00 1.827744727861005103e+01 2.032668742219761171e+01 1.500046494716828960e+01 7.133810562891610418e-01 3.013116999999999823e+00 1.906308860473261302e+04 9.705713115317910963e-03
3.482580306053474573e+00 1.094102101104733293e+01 2.876952162772242971e+00 1.693228718073500971e+01 3.688795455463479422e-01 1.530473496878487261e+01 7.128182422366234894e-01 3.097326999999999941e+00 3.016285589480660565e+04 2.865029276069512854e+00 1.001123538740462493e+01 1.304938149480165954e+00 1.827744727861005103e+01 2.032668742219761171e+01 1.500046472364394745e+01 7.133810711903222357e-01 3.013116999999999823e+00 1.906308860473261302e+04 9.705713115317910963e-03
3.482580306053474573e+00 1.094102101104733293e+01 2.876952162772242971e+00 1.693228718073500971e+01 3.688795455463479422e-01 1.530473496878487261e+01 7.128182422366234894e-01 3.097326999999999941e+00 3.016285589480660565e+04 2.865029276069512854e+00 1.001123538740462493e+01 1.304938149480165954e+00 1.827744727861005103e+01 2.032668742219761171e+01 1.500046472364394745e+01 7.133810562891610418e-01 3.013116999999999823e+00 1.906308888879476945e+04 9.705713115317910963e-03
3.482580306053474573e+00 1.094102101104733293e+01 2.876952162772242971e+00 1.693228718073500971e+01 3.688795455463479422e-01 1.530473496878487261e+01 7.128182422366234894e-01 3.097326999999999941e+00 3.016285589480660565e+04 2.865029276069512854e+00 1.001123538740462493e+01 1.304938149480165954e+00 1.827744727861005103e+01 2.032668742219761171e+01 1.500046472364394745e+01 7.133810562891610418e-01 3.013116999999999823e+00 1.906308860473261302e+04 9.705728016479104811e-03
3.497863810069636425e+00 1.094193520105112150e+01 2.876591418590439098e+00 1.693537912439789395e+01 3.690636811580164656e-01 1.530473386980521155e+01 7.129099856584804051e-01 3.097326999999999941e+00 3.016285589478632392e+04 2.798763507108078752e+00 1.001246338588598306e+01 1.310539526139773647e+00 1.827664180750108613e+01 2.031990007480662541e+01 1.500046539294190140e+01 7.133596471685088591e-01 3.013116999999999823e+00 1.906308860477748021e+04 9.723838956765328695e-03
3.486432091473479655e+00 1.094120628815073815e+01 2.876875425890650817e+00 1.693281690621959612e+01 3.689153785895230575e-01 1.530473475772702230e+01 7.128357708852546271e-01 3.097326999999999941e+00 3.016285589480588897e+04 2.848419528002675616e+00 1.001149364044816714e+01 1.306105439262149170e+00 1.827726627547075111e+01 2.032527157378557803e+01 1.500046486721532268e+01 7.133764972960129347e-01 3.013116999999999823e+00 1.906308860474533139e+04 9.709060041870042415e-03
3.486432143425366448e+00 1.094120628815073815e+01 2.876875425890650817e+00 1.693281690621959612e+01 3.689153785895230575e-01 1.530473475772702230e+01 7.128357708852546271e-01 3.097326999999999941e+00 3.016285589480588897e+04 2.848419528002675616e+00 1.001149364044816714e+01 1.306105439262149170e+00 1.827726627547075111e+01 2.032527157378557803e+01 1.500046486721532268e+01 7.133764972960129347e-01 3.013116999999999823e+00 1.906308860474533139e+04 9.709060041870042415e-03
3.486432091473479655e+00 1.094120645118741741e+01 2.876875425890650817e+00 1.693281690621959612e+01 3.689153785895230575e-01 1.530473475772702230e+01 7.128357708852546271e-01 3.097326999999999941e+00 3.016285589480588897e+04 2.848419528002675616e+00 1.001149364044816714e+01 1.306105439262149170e+00 1.827726627547075111e+01 2.032527157378557803e+01 1.500046486721532268e+01 7.133764972960129347e-01 3.013116999999999823e+00 1.906308860474533139e+04 9.709060041870042415e-03
3.486432091473479655e+00 1.094120628815073815e+01 2.876875468759435339e+00 1.693281690621959612e+01 3.689153785895230575e-01 1.530473475772702230e+01 7.128357708852546271e-01 3.097326999999999941e+00 3.016285589480588897e+04 2.848419528002675616e+00 1.001149364044816714e+01 1.306105439262149170e+00 1.827726627547075111e+01 2.032527157378557803e+01 1.500046486721532268e+01 7.133764972960129347e-01 3.013116999999999823e+00 1.906308860474533139e+04 9.709060041870042415e-03
3.486432091473479655e+00 1.094120628815073815e+01 2.876875425890650817e+00 1.693281715853823144e+01 3.689153785895230575e-01 1.530473475772702230e+01 7.128357708852546271e-01 3.097326999999999941e+00 3.016285589480588897e+04 2.848419528002675616e+00 1.001149364044816714e+01 1.306105439262149170e+00 1.827726627547075111e+01 2.032527157378557803e+01 1.500046486721532268e+01 7.133764972960129347e-01 3.013116999999999823e+00 1.906308860474533139e+04 9.709060041870042415e-03
3.486432091473479655e+00 1.094120628815073815e+01 2.876875425890650817e+00 1.693281690621959612e+01 3.689153934906842514e-01 1.530473475772702230e+01 7.128357708852546271e-01 3.097326999999999941e+00 3.016285589480588897e+04 2.848419528002675616e+00 1.001149364044816714e+01 1.306105439262149170e+00 1.827726627547075111e+01 2.032527157378557803e+01 1.500046486721532268e+01 7.133764972960129347e-01 3.013116999999999823e+00 1.906308860474533139e+04 9.709060041870042415e-03
3.486432091473479655e+00 1.094120628815073815e+01 2.876875425890650817e+00 1.693281690621959612e+01 3.689153785895230575e-01 1.530473498578534119e+01 7.128357708852546271e-01 3.097326999999999941e+00 3.016285589480588897e+04 2.848419528002675616e+00 1.001149364044816714e+01 1.306105439262149170e+00 1.827726627547075111e+01 2.032527157378557803e+01 1.500046486721532268e+01 7.133764972960129347e-01 3.013116999999999823e+00 1.906308860474533139e+04 9.709060041870042415e-03
3.486432091473479655e+00 1.094120628815073815e+01 2.876875425890650817e+00 1.693281690621959612e+01 3.689153785895230575e-01 1.530473475772702230e+01 7.128357857864158209e-01 3.097326999999999941e+00 3.016285589480588897e+04 2.848419528002675616e+00 1.001149364044816714e+01 1.306105439262149170e+00 1.827726627547075111e+01 2.032527157378557803e+01 1.500046486721532268e+01 7.133764972960129347e-01 3.013116999999999823e+00 1.906308860474533139e+04 9.709060041870042415e-03
3.486432091473479655e+00 1.094120628815073815e+01 2.876875425890650817e+00 1.693281690621959612e+01 3.689153785895230575e-01 1.530473475772702230e+01 7.128357708852546271e-01 3.097326999999999941e+00 3.016285634426746765e+04 2.848419528002675616e+00 1.001149364044816714e+01 1.306105439262149170e+00 1.827726627547075111e+01 2.032527157378557803e+01 1.500046486721532268e+01 7.133764972960129347e-01 3.013116999999999823e+00 1.906308860474533139e+04 9.709060041870042415e-03
3.486432091473479655e+00 1.094120628815073815e+01 2.876875425890650817e+00 1.693281690621959612e+01 3.689153785895230575e-01 1.530473475772702230e+01 7.128357708852546271e-01 3.097326999999999941e+00 3.016285589480588897e+04 2.848419570447433991e+00 1.001149364044816714e+01 1.306105439262149170e+00 1.827726627547075111e+01 2.032527157378557803e+01 1.500046486721532268e+01 7.133764972960129347e-01 3.013116999999999823e+00 1.906308860474533139e+04 9.709060041870042415e-03
3.486432091473479655e+00 1.094120628815073815e+01 2.876875425890650817e+00 1.693281690621959612e+01 3.689153785895230575e-01 1.530473475772702230e+01 7.128357708852546271e-01 3.097326999999999941e+00 3.016285589480588897e+04 2.848419528002675616e+00 1.001149378963104830e+01 1.306105439262149170e+00 1.827726627547075111e+01 2.032527157378557803e+01 1.500046486721532268e+01 7.133764972960129347e-01 3.013116999999999823e+00 1.906308860474533139e+04 9.709060041870042415e-03
3.486432091473479655e+00 1.094120628815073815e+01 2.876875425890650817e+00 1.693281690621959612e+01 3.689153785895230575e-01 1.530473475772702230e+01 7.128357708852546271e-01 3.097326999999999941e+00 3.016285589480588897e+04 2.848419528002675616e+00 1.001149364044816714e+01 1.306105458724636792e+00 1.827726627547075111e+01 2.032527157378557803e+01 1.500046486721532268e+01 7.133764972960129347e-01 3.013116999999999823e+00 1.906308860474533139e+04 9.709060041870042415e-03
3.486432091473479655e+00 1.094120628815073815e+01 2.876875425890650817e+00 1.693281690621959612e+01 3.689153785895230575e-01 1.530473475772702230e+01 7.128357708852546271e-01 3.097326999999999941e+00 3.016285589480588897e+04 2.848419528002675616e+00 1.001149364044816714e+01 1.306105439262149170e+00 1.827726654782324189e+01 2.032527157378557803e+01 1.500046486721532268e+01 7.133764972960129347e-01 3.013116999999999823e+00 1.906308860474533139e+04 9.709060041870042415e-03
3.486432091473479655e+00 1.094120628815073815e+01 2.876875425890650817e+00 1.693281690621959612e+01 3.689153785895230575e-01 1.530473475772702230e+01 7.128357708852546271e-01 3.097326999999999941e+00 3.016285589480588897e+04 2.848419528002675616e+00 1.001149364044816714e+01 1.306105439262149170e+00 1.827726627547075111e+01 2.032527187665572654e+01 1.500046486721532268e+01 7.133764972960129347e-01 3.013116999999999823e+00 1.906308860474533139e+04 9.709060041870042415e-03
3.486432091473479655e+00 1.094120628815073815e+01 2.876875425890650817e+00 1.693281690621959612e+01 3.689153785895230575e-01 1.530473475772702230e+01 7.128357708852546271e-01 3.097326999999999941e+00 3.016285589480588897e+04 2.848419528002675616e+00 1.001149364044816714e+01 1.306105439262149170e+00 1.827726627547075111e+01 2.032527157378557803e+01 1.500046509073966838e+01 7.133764972960129347e-01 3.013116999999999823e+00 1.906308860474533139e+04 9.709060041870042415e-03
3.486432091473479655e+00 1.094120628815073815e+01 2.876875425890650817e+00 1.693281690621959612e+01 3.689153785895230575e-01 1.530473475772702230e+01 7.128357708852546271e-01 3.097326999999999941e+00 3.016285589480588897e+04 2.848419528002675616e+00 1.001149364044816714e+01 1.306105439262149170e+00 1.827726627547075111e+01 2.032527157378557803e+01 1.500046486721532268e+01 7.133765121971741285e-01 3.013116999999999823e+00 1.906308860474533139e+04 9.709060041870042415e-03
3.486432091473479655e+00 1.094120628815073815e+01 2.876875425890650817e+00 1.693281690621959612e+01 3.689153785895230575e-01 1.530473475772702230e+01 7.128357708852546271e-01 3.097326999999999941e+00 3.016285589480588897e+04 2.848419528002675616e+00 1.001149364044816714e+01 1.306105439262149170e+00 1.827726627547075111e+01 2.032527157378557803e+01 1.500046486721532268e+01 7.133764972960129347e-01 3.013116999999999823e+00 1.906308888880748782e+04 9.709060041870042415e-03
3.486432091473479655e+00 1.094120628815073815e+01 2.876875425890650817e+00 1.693281690621959612e+01 3.689153785895230575e-01 1.530473475772702230e+01 7.128357708852546271e-01 3.097326999999999941e+00 3.016285589480588897e+04 2.848419528002675616e+00 1.001149364044816714e+01 1.306105439262149170e+00 1.827726627547075111e+01 2.032527157378557803e+01 1.500046486721532268e+01 7.133764972960129347e-01 3.013116999999999823e+00 1.906308860474533139e+04 9.709074943031236263e-03
3.493642008832820611e+00 1.094167168631132903e+01 2.876725214898125937e+00 1.693429181080159296e+01 3.690063869235971072e-01 1.530473421659132249e+01 7.128824892236905741e-01 3.097326999999999941e+00 3.016285589479876217e+04 2.815262868687533615e+00 1.001210122120710189e+01 1.308701430018026413e+00 1.827686941476819982e+01 2.032206692228754719e+01 1.500046528486589104e+01 7.133663548845931013e-01 3.013116999999999823e+00 1.906308860477106282e+04 9.714350217254655306e-03
3.488236324644771624e+00 1.094130410316535595e+01 2.876842170241250329e+00 1.693307865360928943e+01 3.689338500481205707e-01 1.530473464991287180e+01 7.128450421565626360e-01 3.097326999999999941e+00 3.016285589480602357e+04 2.840113352592296803e+00 1.001162699445993276e+01 1.306669001816846754e+00 1.827717370724983326e+01 2.032457395138011336e+01 1.500046495980793537e+01 7.133742381489388551e-01 3.013116999999999823e+00 1.906308860475254187e+04 9.709624007938063434e-03
3.488236376623543578e+00 1.094130410316535595e+01 2.876842170241250329e+00 1.693307865360928943e+01 3.689338500481205707e-01 1.530473464991287180e+01 7.128450421565626360e-01 3.097326999999999941e+00 3.016285589480602357e+04 2.840113352592296803e+00 1.001162699445993276e+01 1.306669001816846754e+00 1.827717370724983326e+01 2.032457395138011336e+01 1.500046495980793537e+01 7.133742381489388551e-01 3.013116999999999823e+00 1.906308860475254187e+04 9.709624007938063434e-03
3.488236324644771624e+00 1.094130426620349184e+01 2.876842170241250329e+00 1.693307865360928943e+01 3.689338500481205707e-01 1.530473464991287180e+01 7.128450421565626360e-01 3.097326999999999941e+00 3.016285589480602357e+04 2.840113352592296803e+00 1.001162699445993276e+01 1.306669001816846754e+00 1.827717370724983326e+01 2.032457395138011336e+01 1.500046495980793537e+01 7.133742381489388551e-01 3.013116999999999823e+00 1.906308860475254187e+04 9.709624007938063434e-03
3.488236324644771624e+00 1.094130410316535595e+01 2.876842213109539248e+00 1.693307865360928943e+01 3.689338500481205707e-01 1.530473464991287180e+01 7.128450421565626360e-01 3.097326999999999941e+00 3.016285589480602357e+04 2.840113352592296803e+00 1.001162699445993276e+01 1.306669001816846754e+00 1.827717370724983326e+01 2.032457395138011336e+01 1.500046495980793537e+01 7.133742381489388551e-01 3.013116999999999823e+00 1.906308860475254187e+04 9.709624007938063434e-03
3.488236324644771624e+00 1.094130410316535595e+01 2.876842170241250329e+00 1.693307890593182563e+01 3.689338500481205707e-01 1.530473464991287180e+01 7.128450421565626360e-01 3.097326999999999941e+00 3.016285589480602357e+04 2.840113352592296803e+00 1.001162699445993276e+01 1.306669001816846754e+00 1.827717370724983326e+01 2.032457395138011336e+01 1.500046495980793537e+01 7.133742381489388551e-01 3.013116999999999823e+00 1.906308860475254187e+04 9.709624007938063434e-03
3.488236324644771624e+00 1.094130410316535595e+01 2.876842170241250329e+00 1.693307865360928943e+01 3.689338649492817646e-01 1.530473464991287180e+01 7.128450421565626360e-01 3.097326999999999941e+00 3.016285589480602357e+04 2.840113352592296803e+00 1.001162699445993276e+01 1.306669001816846754e+00 1.827717370724983326e+01 2.032457395138011336e+01 1.500046495980793537e+01 7.133742381489388551e-01 3.013116999999999823e+00 1.906308860475254187e+04 9.709624007938063434e-03
3.488236324644771624e+00 1.094130410316535595e+01 2.876842170241250329e+00 1.693307865360928943e+01 3.689338500481205707e-01 1.530473487797119070e+01 7.128450421565626360e-01 3.097326999999999941e+00 3.016285589480602357e+04 2.840113352592296803e+00 1.001162699445993276e+01 1.306669001816846754e+00 1.827717370724983326e+01 2.032457395138011336e+01 1.500046495980793537e+01 7.133742381489388551e-01 3.013116999999999823e+00 1.906308860475254187e+04 9.709624007938063434e-03
3.488236324644771624e+00 1.094130410316535595e+01 2.876842170241250329e+00 1.693307865360928943e+01 3.689338500481205707e-01 1.530473464991287180e+01 7.128450570577238299e-01 3.097326999999999941e+00 3.016285589480602357e+04 2.840113352592296803e+00 1.001162699445993276e+01 1.306669001816846754e+00 1.827717370724983326e+01 2.032457395138011336e+01 1.500046495980793537e+01 7.133742381489388551e-01 3.013116999999999823e+00 1.906308860475254187e+04 9.709624007938063434e-03
3.488236324644771624e+00 1.094130410316535595e+01 2.876842170241250329e+00 1.693307865360928943e+01 3.689338500481205707e-01 1.530473464991287180e+01 7.128450421565626360e-01 3.097326999999999941e+00 3.016285634426760225e+04 2.840113352592296803e+00 1.001162699445993276e+01 1.306669001816846754e+00 1.827717370724983326e+01 2.032457395138011336e+01 1.500046495980793537e+01 7.133742381489388551e-01 3.013116999999999823e+00 1.906308860475254187e+04 9.709624007938063434e-03
3.488236324644771624e+00 1.094130410316535595e+01 2.876842170241250329e+00 1.693307865360928943e+01 3.689338500481205707e-01 1.530473464991287180e+01 7.128450421565626360e-01 3.097326999999999941e+00 3.016285589480602357e+04 2.840113394913283518e+00 1.001162699445993276e+01 1.306669001816846754e+00 1.827717370724983326e+01 2.032457395138011336e+01 1.500046495980793537e+01 7.133742381489388551e-01 3.013116999999999823e+00 1.906308860475254187e+04 9.709624007938063434e-03
3.488236324644771624e+00 1.094130410316535595e+01 2.876842170241250329e+00 1.693307865360928943e+01 3.689338500481205707e-01 1.530473464991287180e+01 7.128450421565626360e-01 3.097326999999999941e+00 3.016285589480602357e+04 2.840113352592296803e+00 1.001162714364479989e+01 1.306669001816846754e+00 1.827717370724983326e+01 2.032457395138011336e+01 1.500046495980793537e+01 7.133742381489388551e-01 3.013116999999999823e+00 1.906308860475254187e+04 9.709624007938063434e-03
3.488236324644771624e+00 1.094130410316535595e+01 2.876842170241250329e+00 1.693307865360928943e+01 3.689338500481205707e-01 1.530473464991287180e+01 7.128450421565626360e-01 3.097326999999999941e+00 3.016285589480602357e+04 2.840113352592296803e+00 1.001162699445993276e+01 1.306669021287732102e+00 1.827717370724983326e+01 2.032457395138011336e+01 1.500046495980793537e+01 7.133742381489388551e-01 3.013116999999999823e+00 1.906308860475254187e+04 9.709624007938063434e-03
3.488236324644771624e+00 1.094130410316535595e+01 2.876842170241250329e+00 1.693307865360928943e+01 3.689338500481205707e-01 1.530473464991287180e+01 7.128450421565626360e-01 3.097326999999999941e+00 3.016285589480602357e+04 2.840113352592296803e+00 1.001162699445993276e+01 1.306669001816846754e+00 1.827717397960094559e+01 2.032457395138011336e+01 1.500046495980793537e+01 7.133742381489388551e-01 3.013116999999999823e+00 1.906308860475254187e+04 9.709624007938063434e-03
3.488236324644771624e+00 1.094130410316535595e+01 2.876842170241250329e+00 1.693307865360928943e+01 3.689338500481205707e-01 1.530473464991287180e+01 7.128450421565626360e-01 3.097326999999999941e+00 3.016285589480602357e+04 2.840113352592296803e+00 1.001162699445993276e+01 1.306669001816846754e+00 1.827717370724983326e+01 2.032457425423986663e+01 1.500046495980793537e+01 7.133742381489388551e-01 3.013116999999999823e+00 1.906308860475254187e+04 9.709624007938063434e-03
3.488236324644771624e+00 1.094130410316535595e+01 2.876842170241250329e+00 1.693307865360928943e+01 3.689338500481205707e-01 1.530473464991287180e+01 7.128450421565626360e-01 3.097326999999999941e+00 3.016285589480602357e+04 2.840113352592296803e+00 1.001162699445993276e+01 1.306669001816846754e+00 1.827717370724983326e+01 2.032457395138011336e+01 1.500046518333228107e+01 7.133742381489388551e-01 3.013116999999999823e+00 1.906308860475254187e+04 9.709624007938063434e-03
3.488236324644771624e+00 1.094130410316535595e+01 2.876842170241250329e+00 1.693307865360928943e+01 3.689338500481205707e-01 1.530473464991287180e+01 7.128450421565626360e-01 3.097326999999999941e+00 3.016285589480602357e+04 2.840113352592296803e+00 1.001162699445993276e+01 1.306669001816846754e+00 1.827717370724983326e+01 2.032457395138011336e+01 1.500046495980793537e+01 7.133742530501000489e-01 3.013116999999999823e+00 1.906308860475254187e+04 9.709624007938063434e-03
3.488236324644771624e+00 1.094130410316535595e+01 2.876842170241250329e+00 1.693307865360928943e+01 3.689338500481205707e-01 1.530473464991287180e+01 7.128450421565626360e-01 3.097326999999999941e+00 3.016285589480602357e+04 2.840113352592296803e+00 1.001162699445993276e+01 1.306669001816846754e+00 1.827717370724983326e+01 2.032457395138011336e+01 1.500046495980793537e+01 7.133742381489388551e-01 3.013116999999999823e+00 1.906308888881469829e+04 9.709624007938063434e-03
3.488236324644771624e+00 1.094130410316535595e+01 2.876842170241250329e+00 1.693307865360928943e+01 3.689338500481205707e-01 1.530473464991287180e+01 7.128450421565626360e-01 3.097326999999999941e+00 3.016285589480602357e+04 2.840113352592296803e+00 1.001162699445993276e+01 1.306669001816846754e+00 1.827717370724983326e+01 2.032457395138011336e+01 1.500046495980793537e+01 7.133742381489388551e-01 3.013116999999999823e+00 1.906308860475254187e+04 9.709638909099257281e-03
3.489916492888533117e+00 1.094492755934533257e+01 2.876803265858171255e+00 1.693312103946218983e+01 3.690879606530061419e-01 1.530473404232428436e+01 7.128557434289435335e-01 3.097326999999999941e+00 3.016285603988243020e+04 2.830413694830383520e+00 1.001597598764647579e+01 1.308005904990824364e+00 1.827715666704000341e+01 2.032446848880603341e+01 1.500046527082939285e+01 7.133708610361647606e-01 3.013116999999999823e+00 1.906308913494450826e+04 9.718687280209654250e-03
3.488664471531352618e+00 1.094221301871418994e+01 2.876832451120106882e+00 1.693308939634694710e+01 3.689725403779623436e-01 1.530473449698446231e+01 7.128477394048101656e-01 3.097326999999999941e+00 3.016285592967429329e+04 2.837690082049922236e+00 1.001271525424590436e+01 1.307003758502765400e+00 1.827716946132802533e+01 2.032454759325693772e+01 1.500046503742286497e+01 7.133733950445253491e-01 3.013116999999999823e+00 1.906308873644610503e+04 9.711654530999251633e-03
3.488351206318601960e+00 1.094153283657450437e+01 2.876839749345293296e+00 1.693308147435215716e+01 3.689436652659500715e-01 1.530473461099451704e+01 7.128457302010282604e-01 3.097326999999999941e+00 3.016285590181124280e+04 2.839509042257159610e+00 1.001189844803739604e+01 1.306752991133220299e+00 1.827717265856444939e+01 2.032456736893443505e+01 1.500046497911831977e+01 7.133740283537841620e-01 3.013116999999999823e+00 1.906308863661530995e+04 9.709923490874169949e-03
3.488351258299085433e+00 1.094153283657450437e+01 2.876839749345293296e+00 1.693308147435215716e+01 3.689436652659500715e-01 1.530473461099451704e+01 7.128457302010282604e-01 3.097326999999999941e+00 3.016285590181124280e+04 2.839509042257159610e+00 1.001189844803739604e+01 1.306752991133220299e+00 1.827717265856444939e+01 2.032456736893443505e+01 1.500046497911831977e+01 7.133740283537841620e-01 3.013116999999999823e+00 1.906308863661530995e+04 9.709923490874169949e-03
3.488351206318601960e+00 1.094153299961604908e+01 2.876839749345293296e+00 1.693308147435215716e+01 3.689436652659500715e-01 1.530473461099451704e+01 7.128457302010282604e-01 3.097326999999999941e+00 3.016285590181124280e+04 2.839509042257159610e+00 1.001189844803739604e+01 1.306752991133220299e+00 1.827717265856444939e+01 2.032456736893443505e+01 1.500046497911831977e+01 7.133740283537841620e-01 3.013116999999999823e+00 1.906308863661530995e+04 9.709923490874169949e-03
3.488351206318601960e+00 1.094153283657450437e+01 2.876839792213546243e+00 1.693308147435215716e+01 3.689436652659500715e-01 1.530473461099451704e+01 7.128457302010282604e-01 3.097326999999999941e+00 3.016285590181124280e+04 2.839509042257159610e+00 1.001189844803739604e+01 1.306752991133220299e+00 1.827717265856444939e+01 2.032456736893443505e+01 1.500046497911831977e+01 7.133740283537841620e-01 3.013116999999999823e+00 1.906308863661530995e+04 9.709923490874169949e-03
3.488351206318601960e+00 1.094153283657450437e+01 2.876839749345293296e+00 1.693308172667473244e+01 3.689436652659500715e-01 1.530473461099451704e+01 7.128457302010282604e-01 3.097326999999999941e+00 3.016285590181124280e+04 2.839509042257159610e+00 1.001189844803739604e+01 1.306752991133220299e+00 1.827717265856444939e+01 2.032456736893443505e+01 1.500046497911831977e+01 7.133740283537841620e-01 3.013116999999999823e+00 1.906308863661530995e+04 9.709923490874169949e-03
3.488351206318601960e+00 1.094153283657450437e+01 2.876839749345293296e+00 1.693308147435215716e+01 3.689436801671112653e-01 1.530473461099451704e+01 7.128457302010282604e-01 3.097326999999999941e+00 3.016285590181124280e+04 2.839509042257159610e+00 1.001189844803739604e+01 1.306752991133220299e+00 1.827717265856444939e+01 2.032456736893443505e+01 1.500046497911831977e+01 7.133740283537841620e-01 3.013116999999999823e+00 1.906308863661530995e+04 9.709923490874169949e-03
3.488351206318601960e+00 1.094153283657450437e+01 2.876839749345293296e+00 1.693308147435215716e+01 3.689436652659500715e-01 1.530473483905283416e+01 7.128457302010282604e-01 3.097326999999999941e+00 3.016285590181124280e+04 2.839509042257159610e+00 1.001189844803739604e+01 1.306752991133220299e+00 1.827717265856444939e+01 2.032456736893443505e+01 1.500046497911831977e+01 7.133740283537841620e-01 3.013116999999999823e+00 1.906308863661530995e+04 9.709923490874169949e-03
3.488351206318601960e+00 1.094153283657450437e+01 2.876839749345293296e+00 1.693308147435215716e+01 3.689436652659500715e-01 1.530473461099451704e+01 7.128457451021894542e-01 3.097326999999999941e+00 3.016285590181124280e+04 2.839509042257159610e+00 1.001189844803739604e+01 1.306752991133220299e+00 1.827717265856444939e+01 2.032456736893443505e+01 1.500046497911831977e+01 7.133740283537841620e-01 3.013116999999999823e+00 1.906308863661530995e+04 9.709923490874169949e-03
3.488351206318601960e+00 1.094153283657450437e+01 2.876839749345293296e+00 1.693308147435215716e+01 3.689436652659500715e-01 1.530473461099451704e+01 7.128457302010282604e-01 3.097326999999999941e+00 3.016285635127282148e+04 2.839509042257159610e+00 1.001189844803739604e+01 1.306752991133220299e+00 1.827717265856444939e+01 2.032456736893443505e+01 1.500046497911831977e+01 7.133740283537841620e-01 3.013116999999999823e+00 1.906308863661530995e+04 9.709923490874169949e-03
3.488351206318601960e+00 1.094153283657450437e+01 2.876839749345293296e+00 1.693308147435215716e+01 3.689436652659500715e-01 1.530473461099451704e+01 7.128457302010282604e-01 3.097326999999999941e+00 3.016285590181124280e+04 2.839509084569141528e+00 1.001189844803739604e+01 1.306752991133220299e+00 1.827717265856444939e+01 2.032456736893443505e+01 1.500046497911831977e+01 7.133740283537841620e-01 3.013116999999999823e+00 1.906308863661530995e+04 9.709923490874169949e-03
3.488351206318601960e+00 1.094153283657450437e+01 2.876839749345293296e+00 1.693308147435215716e+01 3.689436652659500715e-01 1.530473461099451704e+01 7.128457302010282604e-01 3.097326999999999941e+00 3.016285590181124280e+04 2.839509042257159610e+00 1.001189859722630793e+01 1.306752991133220299e+00 1.827717265856444939e+01 2.032456736893443505e+01 1.500046497911831977e+01 7.133740283537841620e-01 3.013116999999999823e+00 1.906308863661530995e+04 9.709923490874169949e-03
3.488351206318601960e+00 1.094153283657450437e+01 2.876839749345293296e+00 1.693308147435215716e+01 3.689436652659500715e-01 1.530473461099451704e+01 7.128457302010282604e-01 3.097326999999999941e+00 3.016285590181124280e+04 2.839509042257159610e+00 1.001189844803739604e+01 1.306753010605357312e+00 1.827717265856444939e+01 2.032456736893443505e+01 1.500046497911831977e+01 7.133740283537841620e-01 3.013116999999999823e+00 1.906308863661530995e+04 9.709923490874169949e-03
3.488351206318601960e+00 1.094153283657450437e+01 2.876839749345293296e+00 1.693308147435215716e+01 3.689436652659500715e-01 1.530473461099451704e+01 7.128457302010282604e-01 3.097326999999999941e+00 3.016285590181124280e+04 2.839509042257159610e+00 1.001189844803739604e+01 1.306752991133220299e+00 1.827717293091554396e+01 2.032456736893443505e+01 1.500046497911831977e+01 7.133740283537841620e-01 3.013116999999999823e+00 1.906308863661530995e+04 9.709923490874169949e-03
3.488351206318601960e+00 1.094153283657450437e+01 2.876839749345293296e+00 1.693308147435215716e+01 3.689436652659500715e-01 1.530473461099451704e+01 7.128457302010282604e-01 3.097326999999999941e+00 3.016285590181124280e+04 2.839509042257159610e+00 1.001189844803739604e+01 1.306752991133220299e+00 1.827717265856444939e+01 2.032456767179408885e+01 1.500046497911831977e+01 7.133740283537841620e-01 3.013116999999999823e+00 1.906308863661530995e+04 9.709923490874169949e-03
3.488351206318601960e+00 1.094153283657450437e+01 2.876839749345293296e+00 1.693308147435215716e+01 3.689436652659500715e-01 1.530473461099451704e+01 7.128457302010282604e-01 3.097326999999999941e+00 3.016285590181124280e+04 2.839509042257159610e+00 1.001189844803739604e+01 1.306752991133220299e+00 1.827717265856444939e+01 2.032456736893443505e+01 1.500046520264266725e+01 7.133740283537841620e-01 3.013116999999999823e+00 1.906308863661530995e+04 9.709923490874169949e-03
3.488351206318601960e+00 1.094153283657450437e+01 2.876839749345293296e+00 1.693308147435215716e+01 3.689436652659500715e-01 1.530473461099451704e+01 7.128457302010282604e-01 3.097326999999999941e+00 3.016285590181124280e+04 2.839509042257159610e+00 1.001189844803739604e+01 1.306752991133220299e+00 1.827717265856444939e+01 2.032456736893443505e+01 1.500046497911831977e+01 7.133740432549453558e-01 3.013116999999999823e+00 1.906308863661530995e+04 9.709923490874169949e-03
3.488351206318601960e+00 1.094153283657450437e+01 2.876839749345293296e+00 1.693308147435215716e+01 3.689436652659500715e-01 1.530473461099451704e+01 7.128457302010282604e-01 3.097326999999999941e+00 3.016285590181124280e+04 2.839509042257159610e+00 1.001189844803739604e+01 1.306752991133220299e+00 1.827717265856444939e+01 2.032456736893443505e+01 1.500046497911831977e+01 7.133740283537841620e-01 3.013116999999999823e+00 1.906308892067746638e+04 9.709923490874169949e-03
3.488351206318601960e+00 1.094153283657450437e+01 2.876839749345293296e+00 1.693308147435215716e+01 3.689436652659500715e-01 1.530473461099451704e+01 7.128457302010282604e-01 3.097326999999999941e+00 3.016285590181124280e+04 2.839509042257159610e+00 1.001189844803739604e+01 1.306752991133220299e+00 1.827717265856444939e+01 2.032456736893443505e+01 1.500046497911831977e+01 7.133740283537841620e-01 3.013116999999999823e+00 1.906308863661530995e+04 9.709938392035363797e-03
3.488400916962116849e+00 1.094159206319007005e+01 2.876839183930929078e+00 1.693308271167261836e+01 3.689466956024683442e-01 1.530473459861289953e+01 7.128459600532385254e-01 3.097326999999999941e+00 3.016285589674438597e+04 2.839363654315365526e+00 1.001196367875931337e+01 1.306775130491537373e+00 1.827717244621773318e+01 2.032456575075680405e+01 1.500046498359915326e+01 7.133739795155074059e-01 3.013116999999999823e+00 1.906308864040485787e+04 9.710558556358880183e-03
3.488400968943341063e+00 1.094159206319007005e+01 2.876839183930929078e+00 1.693308271167261836e+01 3.689466956024683442e-01 1.530473459861289953e+01 7.128459600532385254e-01 3.097326999999999941e+00 3.016285589674438597e+04 2.839363654315365526e+00 1.001196367875931337e+01 1.306775130491537373e+00 1.827717244621773318e+01 2.032456575075680405e+01 1.500046498359915326e+01 7.133739795155074059e-01 3.013116999999999823e+00 1.906308864040485787e+04 9.710558556358880183e-03
3.488400916962116849e+00 1.094159222623249761e+01 2.876839183930929078e+00 1.693308271167261836e+01 3.689466956024683442e-01 1.530473459861289953e+01 7.128459600532385254e-01 3.097326999999999941e+00 3.016285589674438597e+04 2.839363654315365526e+00 1.001196367875931337e+01 1.306775130491537373e+00 1.827717244621773318e+01 2.032456575075680405e+01 1.500046498359915326e+01 7.133739795155074059e-01 3.013116999999999823e+00 1.906308864040485787e+04 9.710558556358880183e-03
3.488400916962116849e+00 1.094159206319007005e+01 2.876839226799173588e+00 1.693308271167261836e+01 3.689466956024683442e-01 1.530473459861289953e+01 7.128459600532385254e-01 3.097326999999999941e+00 3.016285589674438597e+04 2.839363654315365526e+00 1.001196367875931337e+01 1.306775130491537373e+00 1.827717244621773318e+01 2.032456575075680405e+01 1.500046498359915326e+01 7.133739795155074059e-01 3.013116999999999823e+00 1.906308864040485787e+04 9.710558556358880183e-03
3.488400916962116849e+00 1.094159206319007005e+01 2.876839183930929078e+00 1.693308296399521495e+01 3.689466956024683442e-01 1.530473459861289953e+01 7.128459600532385254e-01 3.097326999999999941e+00 3.016285589674438597e+04 2.839363654315365526e+00 1.001196367875931337e+01 1.306775130491537373e+00 1.827717244621773318e+01 2.032456575075680405e+01 1.500046498359915326e+01 7.133739795155074059e-01 3.013116999999999823e+00 1.906308864040485787e+04 9.710558556358880183e-03
3.488400916962116849e+00 1.094159206319007005e+01 2.876839183930929078e+00 1.693308271167261836e+01 3.689467105036295380e-01 1.530473459861289953e+01 7.128459600532385254e-01 3.097326999999999941e+00 3.016285589674438597e+04 2.839363654315365526e+00 1.001196367875931337e+01 1.306775130491537373e+00 1.827717244621773318e+01 2.032456575075680405e+01 1.500046498359915326e+01 7.133739795155074059e-01 3.013116999999999823e+00 1.906308864040485787e+04 9.710558556358880183e-03
3.488400916962116849e+00 1.094159206319007005e+01 2.876839183930929078e+00 1.693308271167261836e+01 3.689466956024683442e-01 1.530473482667121665e+01 7.128459600532385254e-01 3.097326999999999941e+00 3.016285589674438597e+04 2.839363654315365526e+00 1.001196367875931337e+01 1.306775130491537373e+00 1.827717244621773318e+01 2.032456575075680405e+01 1.500046498359915326e+01 7.133739795155074059e-01 3.013116999999999823e+00 1.906308864040485787e+04 9.710558556358880183e-03
3.488400916962116849e+00 1.094159206319007005e+01 2.876839183930929078e+00 1.693308271167261836e+01 3.689466956024683442e-01 1.530473459861289953e+01 7.128459749543997193e-01 3.097326999999999941e+00 3.016285589674438597e+04 2.839363654315365526e+00 1.001196367875931337e+01 1.306775130491537373e+00 1.827717244621773318e+01 2.032456575075680405e+01 1.500046498359915326e+01 7.133739795155074059e-01 3.013116999999999823e+00 1.906308864040485787e+04 9.710558556358880183e-03
3.488400916962116849e+00 1.094159206319007005e+01 2.876839183930929078e+00 1.693308271167261836e+01 3.689466956024683442e-01 1.530473459861289953e+01 7.128459600532385254e-01 3.097326999999999941e+00 3.016285634620596466e+04 2.839363654315365526e+00 1.001196367875931337e+01 1.306775130491537373e+00 1.827717244621773318e+01 2.032456575075680405e+01 1.500046498359915326e+01 7.133739795155074059e-01 3.013116999999999823e+00 1.906308864040485787e+04 9.710558556358880183e-03
3.488400916962116849e+00 1.094159206319007005e+01 2.876839183930929078e+00 1.693308271167261836e+01 3.689466956024683442e-01 1.530473459861289953e+01 7.128459600532385254e-01 3.097326999999999941e+00 3.016285589674438597e+04 2.839363696625181177e+00 1.001196367875931337e+01 1.306775130491537373e+00 1.827717244621773318e+01 2.032456575075680405e+01 1.500046498359915326e+01 7.133739795155074059e-01 3.013116999999999823e+00 1.906308864040485787e+04 9.710558556358880183e-03
3.488400916962116849e+00 1.094159206319007005e+01 2.876839183930929078e+00 1.693308271167261836e+01 3.689466956024683442e-01 1.530473459861289953e+01 7.128459600532385254e-01 3.097326999999999941e+00 3.016285589674438597e+04 2.839363654315365526e+00 1.001196382794919870e+01 1.306775130491537373e+00 1.827717244621773318e+01 2.032456575075680405e+01 1.500046498359915326e+01 7.133739795155074059e-01 3.013116999999999823e+00 1.906308864040485787e+04 9.710558556358880183e-03
3.488400916962116849e+00 1.094159206319007005e+01 2.876839183930929078e+00 1.693308271167261836e+01 3.689466956024683442e-01 1.530473459861289953e+01 7.128459600532385254e-01 3.097326999999999941e+00 3.016285589674438597e+04 2.839363654315365526e+00 1.001196367875931337e+01 1.306775149964004346e+00 1.827717244621773318e+01 2.032456575075680405e+01 1.500046498359915326e+01 7.133739795155074059e-01 3.013116999999999823e+00 1.906308864040485787e+04 9.710558556358880183e-03
3.488400916962116849e+00 1.094159206319007005e+01 2.876839183930929078e+00 1.693308271167261836e+01 3.689466956024683442e-01 1.530473459861289953e+01 7.128459600532385254e-01 3.097326999999999941e+00 3.016285589674438597e+04 2.839363654315365526e+00 1.001196367875931337e+01 1.306775130491537373e+00 1.827717271856882419e+01 2.032456575075680405e+01 1.500046498359915326e+01 7.133739795155074059e-01 3.013116999999999823e+00 1.906308864040485787e+04 9.710558556358880183e-03
3.488400916962116849e+00 1.094159206319007005e+01 2.876839183930929078e+00 1.693308271167261836e+01 3.689466956024683442e-01 1.530473459861289953e+01 7.128459600532385254e-01 3.097326999999999941e+00 3.016285589674438597e+04 2.839363654315365526e+00 1.001196367875931337e+01 1.306775130491537373e+00 1.827717244621773318e+01 2.032456605361643298e+01 1.500046498359915326e+01 7.133739795155074059e-01 3.013116999999999823e+00 1.906308864040485787e+04 9.710558556358880183e-03
3.488400916962116849e+00 1.094159206319007005e+01 2.876839183930929078e+00 1.693308271167261836e+01 3.689466956024683442e-01 1.530473459861289953e+01 7.128459600532385254e-01 3.097326999999999941e+00 3.016285589674438597e+04 2.839363654315365526e+00 1.001196367875931337e+01 1.306775130491537373e+00 1.827717244621773318e+01 2.032456575075680405e+01 1.500046520712350073e+01 7.133739795155074059e-01 3.013116999999999823e+00 1.906308864040485787e+04 9.710558556358880183e-03
3.488400916962116849e+00 1.094159206319007005e+01 2.876839183930929078e+00 1.693308271167261836e+01 3.689466956024683442e-01 1.530473459861289953e+01 7.128459600532385254e-01 3.097326999999999941e+00 3.016285589674438597e+04 2.839363654315365526e+00 1.001196367875931337e+01 1.306775130491537373e+00 1.827717244621773318e+01 2.032456575075680405e+01 1.500046498359915326e+01 7.133739944166685998e-01 3.013116999999999823e+00 1.906308864040485787e+04 9.710558556358880183e-03
3.488400916962116849e+00 1.094159206319007005e+01 2.876839183930929078e+00 1.693308271167261836e+01 3.689466956024683442e-01 1.530473459861289953e+01 7.128459600532385254e-01 3.097326999999999941e+00 3.016285589674438597e+04 2.839363654315365526e+00 1.001196367875931337e+01 1.306775130491537373e+00 1.827717244621773318e+01 2.032456575075680405e+01 1.500046498359915326e+01 7.133739795155074059e-01 3.013116999999999823e+00 1.906308892446701429e+04 9.710558556358880183e-03
3.488400916962116849e+00 1.094159206319007005e+01 2.876839183930929078e+00 1.693308271167261836e+01 3.689466956024683442e-01 1.530473459861289953e+01 7.128459600532385254e-01 3.097326999999999941e+00 3.016285589674438597e+04 2.839363654315365526e+00 1.001196367875931337e+01 1.306775130491537373e+00 1.827717244621773318e+01 2.032456575075680405e+01 1.500046498359915326e+01 7.133739795155074059e-01 3.013116999999999823e+00 1.906308864040485787e+04 9.710573457520074031e-03
