3.206756814697933944e+00 6.539500169992313872e+00 1.236202975031353235e+00 6.321326999730773422e-05 3.753436081582671591e+01 1.549994700000000059e+01 7.954442999999999930e-01 3.681439999999999824e+00 2.804354112578919739e+04 1.947919308412873795e-03
3.206756862482333936e+00 6.539500169992313872e+00 1.236202975031353235e+00 6.321326999730773422e-05 3.753436081582671591e+01 1.549994700000000059e+01 7.954442999999999930e-01 3.681439999999999824e+00 2.804354112578919739e+04 1.947919308412873795e-03
3.206756814697933944e+00 6.539500267438460135e+00 1.236202975031353235e+00 6.321326999730773422e-05 3.753436081582671591e+01 1.549994700000000059e+01 7.954442999999999930e-01 3.681439999999999824e+00 2.804354112578919739e+04 1.947919308412873795e-03
3.206756814697933944e+00 6.539500169992313872e+00 1.236202993452212962e+00 6.321326999730773422e-05 3.753436081582671591e+01 1.549994700000000059e+01 7.954442999999999930e-01 3.681439999999999824e+00 2.804354112578919739e+04 1.947919308412873795e-03
3.206756814697933944e+00 6.539500169992313872e+00 1.236202975031353235e+00 6.322817115850158187e-05 3.753436081582671591e+01 1.549994700000000059e+01 7.954442999999999930e-01 3.681439999999999824e+00 2.804354112578919739e+04 1.947919308412873795e-03
3.206756814697933944e+00 6.539500169992313872e+00 1.236202975031353235e+00 6.321326999730773422e-05 3.753436137513227777e+01 1.549994700000000059e+01 7.954442999999999930e-01 3.681439999999999824e+00 2.804354112578919739e+04 1.947919308412873795e-03
3.206756814697933944e+00 6.539500169992313872e+00 1.236202975031353235e+00 6.321326999730773422e-05 3.753436081582671591e+01 1.549994723096720861e+01 7.954442999999999930e-01 3.681439999999999824e+00 2.804354112578919739e+04 1.947919308412873795e-03
3.206756814697933944e+00 6.539500169992313872e+00 1.236202975031353235e+00 6.321326999730773422e-05 3.753436081582671591e+01 1.549994700000000059e+01 7.954443149011611869e-01 3.681439999999999824e+00 2.804354112578919739e+04 1.947919308412873795e-03
3.206756814697933944e+00 6.539500169992313872e+00 1.236202975031353235e+00 6.321326999730773422e-05 3.753436081582671591e+01 1.549994700000000059e+01 7.954442999999999930e-01 3.681439999999999824e+00 2.804354154367052251e+04 1.947919308412873795e-03
3.206756814697933944e+00 6.539500169992313872e+00 1.236202975031353235e+00 6.321326999730773422e-05 3.753436081582671591e+01 1.549994700000000059e+01 7.954442999999999930e-01 3.681439999999999824e+00 2.804354112578919739e+04 1.947934209574067642e-03
3.206755213363756685e+00 6.539500172737366057e+00 1.236220277597705142e+00 9.065183348005616878e-06 3.753421569044699169e+01 1.549994706974588610e+01 7.954442750345571689e-01 3.681439999999999824e+00 2.804354008642230474e+04 1.947931611155297128e-03
3.206752285562125770e+00 6.539423184516819809e+00 1.236202205241933472e+00 5.585386872783242290e-05 3.753436045286797906e+01 1.549994748622665242e+01 7.954547921294329305e-01 3.681439999999999824e+00 2.804354127955223885e+04 1.947916048820890964e-03
3.206752333346458705e+00 6.539423184516819809e+00 1.236202205241933472e+00 5.585386872783242290e-05 3.753436045286797906e+01 1.549994748622665242e+01 7.954547921294329305e-01 3.681439999999999824e+00 2.804354127955223885e+04 1.947916048820890964e-03
3.206752285562125770e+00 6.539423281961818546e+00 1.236202205241933472e+00 5.585386872783242290e-05 3.753436045286797906e+01 1.549994748622665242e+01 7.954547921294329305e-01 3.681439999999999824e+00 2.804354127955223885e+04 1.947916048820890964e-03
3.206752285562125770e+00 6.539423184516819809e+00 1.236202223662781874e+00 5.585386872783242290e-05 3.753436045286797906e+01 1.549994748622665242e+01 7.954547921294329305e-01 3.681439999999999824e+00 2.804354127955223885e+04 1.947916048820890964e-03
3.206752285562125770e+00 6.539423184516819809e+00 1.236202205241933472e+00 5.586876988902627055e-05 3.753436045286797906e+01 1.549994748622665242e+01 7.954547921294329305e-01 3.681439999999999824e+00 2.804354127955223885e+04 1.947916048820890964e-03
3.206752285562125770e+00 6.539423184516819809e+00 1.236202205241933472e+00 5.585386872783242290e-05 3.753436101217353382e+01 1.549994748622665242e+01 7.954547921294329305e-01 3.681439999999999824e+00 2.804354127955223885e+04 1.947916048820890964e-03
3.206752285562125770e+00 6.539423184516819809e+00 1.236202205241933472e+00 5.585386872783242290e-05 3.753436045286797906e+01 1.549994771719386755e+01 7.954547921294329305e-01 3.681439999999999824e+00 2.804354127955223885e+04 1.947916048820890964e-03
3.206752285562125770e+00 6.539423184516819809e+00 1.236202205241933472e+00 5.585386872783242290e-05 3.753436045286797906e+01 1.549994748622665242e+01 7.954548070305941243e-01 3.681439999999999824e+00 2.804354127955223885e+04 1.947916048820890964e-03
3.206752285562125770e+00 6.539423184516819809e+00 1.236202205241933472e+00 5.585386872783242290e-05 3.753436045286797906e+01 1.549994748622665242e+01 7.954547921294329305e-01 3.681439999999999824e+00 2.804354169743356761e+04 1.947916048820890964e-03
3.206752285562125770e+00 6.539423184516819809e+00 1.236202205241933472e+00 5.585386872783242290e-05 3.753436045286797906e+01 1.549994748622665242e+01 7.954547921294329305e-01 3.681439999999999824e+00 2.804354127955223885e+04 1.947930949982084811e-03
