3.301949597237541667e+00 1.159778693092584945e+01 2.923967385906762750e+00 1.671640844724895203e+01 3.571760430737284664e-01 1.530525399999999969e+01 7.001581000000000055e-01 3.097326999999999941e+00 2.437894238201342159e+04 3.249355434712214663e+00 8.497169032609150463e+00 1.060138006750374062e+00 1.833769524629125414e+01 2.181766836591793179e+01 1.500000000000000000e+01 7.234983000000000386e-01 3.013116999999999823e+00 3.840999855104591552e+04 1.334584071774234937e-02
3.301949646440424768e+00 1.159778693092584945e+01 2.923967385906762750e+00 1.671640844724895203e+01 3.571760430737284664e-01 1.530525399999999969e+01 7.001581000000000055e-01 3.097326999999999941e+00 2.437894238201342159e+04 3.249355434712214663e+00 8.497169032609150463e+00 1.060138006750374062e+00 1.833769524629125414e+01 2.181766836591793179e+01 1.500000000000000000e+01 7.234983000000000386e-01 3.013116999999999823e+00 3.840999855104591552e+04 1.334584071774234937e-02
3.301949597237541667e+00 1.159778710374634159e+01 2.923967385906762750e+00 1.671640844724895203e+01 3.571760430737284664e-01 1.530525399999999969e+01 7.001581000000000055e-01 3.097326999999999941e+00 2.437894238201342159e+04 3.249355434712214663e+00 8.497169032609150463e+00 1.060138006750374062e+00 1.833769524629125414e+01 2.181766836591793179e+01 1.500000000000000000e+01 7.234983000000000386e-01 3.013116999999999823e+00 3.840999855104591552e+04 1.334584071774234937e-02
3.301949597237541667e+00 1.159778693092584945e+01 2.923967429477272173e+00 1.671640844724895203e+01 3.571760430737284664e-01 1.530525399999999969e+01 7.001581000000000055e-01 3.097326999999999941e+00 2.437894238201342159e+04 3.249355434712214663e+00 8.497169032609150463e+00 1.060138006750374062e+00 1.833769524629125414e+01 2.181766836591793179e+01 1.500000000000000000e+01 7.234983000000000386e-01 3.013116999999999823e+00 3.840999855104591552e+04 1.334584071774234937e-02
3.301949597237541667e+00 1.159778693092584945e+01 2.923967385906762750e+00 1.671640869634284954e+01 3.571760430737284664e-01 1.530525399999999969e+01 7.001581000000000055e-01 3.097326999999999941e+00 2.437894238201342159e+04 3.249355434712214663e+00 8.497169032609150463e+00 1.060138006750374062e+00 1.833769524629125414e+01 2.181766836591793179e+01 1.500000000000000000e+01 7.234983000000000386e-01 3.013116999999999823e+00 3.840999855104591552e+04 1.334584071774234937e-02
3.301949597237541667e+00 1.159778693092584945e+01 2.923967385906762750e+00 1.671640844724895203e+01 3.571760579748896602e-01 1.530525399999999969e+01 7.001581000000000055e-01 3.097326999999999941e+00 2.437894238201342159e+04 3.249355434712214663e+00 8.497169032609150463e+00 1.060138006750374062e+00 1.833769524629125414e+01 2.181766836591793179e+01 1.500000000000000000e+01 7.234983000000000386e-01 3.013116999999999823e+00 3.840999855104591552e+04 1.334584071774234937e-02
3.301949597237541667e+00 1.159778693092584945e+01 2.923967385906762750e+00 1.671640844724895203e+01 3.571760430737284664e-01 1.530525422806605640e+01 7.001581000000000055e-01 3.097326999999999941e+00 2.437894238201342159e+04 3.249355434712214663e+00 8.497169032609150463e+00 1.060138006750374062e+00 1.833769524629125414e+01 2.181766836591793179e+01 1.500000000000000000e+01 7.234983000000000386e-01 3.013116999999999823e+00 3.840999855104591552e+04 1.334584071774234937e-02
3.301949597237541667e+00 1.159778693092584945e+01 2.923967385906762750e+00 1.671640844724895203e+01 3.571760430737284664e-01 1.530525399999999969e+01 7.001581149011611993e-01 3.097326999999999941e+00 2.437894238201342159e+04 3.249355434712214663e+00 8.497169032609150463e+00 1.060138006750374062e+00 1.833769524629125414e+01 2.181766836591793179e+01 1.500000000000000000e+01 7.234983000000000386e-01 3.013116999999999823e+00 3.840999855104591552e+04 1.334584071774234937e-02
3.301949597237541667e+00 1.159778693092584945e+01 2.923967385906762750e+00 1.671640844724895203e+01 3.571760430737284664e-01 1.530525399999999969e+01 7.001581000000000055e-01 3.097326999999999941e+00 2.437894274528797177e+04 3.249355434712214663e+00 8.497169032609150463e+00 1.060138006750374062e+00 1.833769524629125414e+01 2.181766836591793179e+01 1.500000000000000000e+01 7.234983000000000386e-01 3.013116999999999823e+00 3.840999855104591552e+04 1.334584071774234937e-02
3.301949597237541667e+00 1.159778693092584945e+01 2.923967385906762750e+00 1.671640844724895203e+01 3.571760430737284664e-01 1.530525399999999969e+01 7.001581000000000055e-01 3.097326999999999941e+00 2.437894238201342159e+04 3.249355483131383782e+00 8.497169032609150463e+00 1.060138006750374062e+00 1.833769524629125414e+01 2.181766836591793179e+01 1.500000000000000000e+01 7.234983000000000386e-01 3.013116999999999823e+00 3.840999855104591552e+04 1.334584071774234937e-02
3.301949597237541667e+00 1.159778693092584945e+01 2.923967385906762750e+00 1.671640844724895203e+01 3.571760430737284664e-01 1.530525399999999969e+01 7.001581000000000055e-01 3.097326999999999941e+00 2.437894238201342159e+04 3.249355434712214663e+00 8.497169159226835689e+00 1.060138006750374062e+00 1.833769524629125414e+01 2.181766836591793179e+01 1.500000000000000000e+01 7.234983000000000386e-01 3.013116999999999823e+00 3.840999855104591552e+04 1.334584071774234937e-02
3.301949597237541667e+00 1.159778693092584945e+01 2.923967385906762750e+00 1.671640844724895203e+01 3.571760430737284664e-01 1.530525399999999969e+01 7.001581000000000055e-01 3.097326999999999941e+00 2.437894238201342159e+04 3.249355434712214663e+00 8.497169032609150463e+00 1.060138022547661318e+00 1.833769524629125414e+01 2.181766836591793179e+01 1.500000000000000000e+01 7.234983000000000386e-01 3.013116999999999823e+00 3.840999855104591552e+04 1.334584071774234937e-02
3.301949597237541667e+00 1.159778693092584945e+01 2.923967385906762750e+00 1.671640844724895203e+01 3.571760430737284664e-01 1.530525399999999969e+01 7.001581000000000055e-01 3.097326999999999941e+00 2.437894238201342159e+04 3.249355434712214663e+00 8.497169032609150463e+00 1.060138006750374062e+00 1.833769551954420862e+01 2.181766836591793179e+01 1.500000000000000000e+01 7.234983000000000386e-01 3.013116999999999823e+00 3.840999855104591552e+04 1.334584071774234937e-02
3.301949597237541667e+00 1.159778693092584945e+01 2.923967385906762750e+00 1.671640844724895203e+01 3.571760430737284664e-01 1.530525399999999969e+01 7.001581000000000055e-01 3.097326999999999941e+00 2.437894238201342159e+04 3.249355434712214663e+00 8.497169032609150463e+00 1.060138006750374062e+00 1.833769524629125414e+01 2.181766869102652606e+01 1.500000000000000000e+01 7.234983000000000386e-01 3.013116999999999823e+00 3.840999855104591552e+04 1.334584071774234937e-02
3.301949597237541667e+00 1.159778693092584945e+01 2.923967385906762750e+00 1.671640844724895203e+01 3.571760430737284664e-01 1.530525399999999969e+01 7.001581000000000055e-01 3.097326999999999941e+00 2.437894238201342159e+04 3.249355434712214663e+00 8.497169032609150463e+00 1.060138006750374062e+00 1.833769524629125414e+01 2.181766836591793179e+01 1.500000022351741791e+01 7.234983000000000386e-01 3.013116999999999823e+00 3.840999855104591552e+04 1.334584071774234937e-02
3.301949597237541667e+00 1.159778693092584945e+01 2.923967385906762750e+00 1.671640844724895203e+01 3.571760430737284664e-01 1.530525399999999969e+01 7.001581000000000055e-01 3.097326999999999941e+00 2.437894238201342159e+04 3.249355434712214663e+00 8.497169032609150463e+00 1.060138006750374062e+00 1.833769524629125414e+01 2.181766836591793179e+01 1.500000000000000000e+01 7.234983149011612324e-01 3.013116999999999823e+00 3.840999855104591552e+04 1.334584071774234937e-02
3.301949597237541667e+00 1.159778693092584945e+01 2.923967385906762750e+00 1.671640844724895203e+01 3.571760430737284664e-01 1.530525399999999969e+01 7.001581000000000055e-01 3.097326999999999941e+00 2.437894238201342159e+04 3.249355434712214663e+00 8.497169032609150463e+00 1.060138006750374062e+00 1.833769524629125414e+01 2.181766836591793179e+01 1.500000000000000000e+01 7.234983000000000386e-01 3.013116999999999823e+00 3.840999912339949515e+04 1.334584071774234937e-02
3.301949597237541667e+00 1.159778693092584945e+01 2.923967385906762750e+00 1.671640844724895203e+01 3.571760430737284664e-01 1.530525399999999969e+01 7.001581000000000055e-01 3.097326999999999941e+00 2.437894238201342159e+04 3.249355434712214663e+00 8.497169032609150463e+00 1.060138006750374062e+00 1.833769524629125414e+01 2.181766836591793179e+01 1.500000000000000000e+01 7.234983000000000386e-01 3.013116999999999823e+00 3.840999855104591552e+04 1.334585561890354322e-02
3.297573529874684883e+00 1.469429583480497037e+01 2.925806802727549005e+00 1.669385916120319990e+01 3.565904068621757461e-01 1.528861149137390818e+01 7.289865218257445267e-01 3.097326999999999941e+00 5.709867002077480720e+04 3.253829277323943892e+00 4.645551906342393345e+00 1.058219383601962660e+00 1.832762592594097839e+01 2.198055436001070717e+01 1.497632571457478079e+01 7.474849298602791459e-01 3.013116999999999823e+00 6.801755049578339822e+03 8.105096953044604174e-03
3.296272908705593085e+00 1.445302787826068425e+01 2.926880231258709220e+00 1.668717246606033910e+01 3.564069371274822262e-01 1.528371903365312967e+01 7.374603667094673520e-01 3.097326999999999941e+00 3.315895882588237146e+04 3.256014386679585648e+00 4.826486496325206765e+00 1.057480989575137809e+00 1.832509354327821782e+01 2.205176081106073838e+01 1.496932781069492968e+01 7.545035999096749713e-01 3.013116999999999823e+00 3.118053499809652567e+04 8.583556711389170660e-03
3.295774930592491270e+00 1.438824871298970898e+01 2.927003099481924497e+00 1.668460361687545657e+01 3.563416841209417485e-01 1.528243327257019146e+01 7.397088049823559164e-01 3.097326999999999941e+00 2.703238787968430188e+04 3.256435533151312178e+00 4.879914905246370616e+00 1.057245705062834995e+00 1.832363985439742393e+01 2.206884207729858360e+01 1.496753225638462581e+01 7.563231007667609029e-01 3.013116999999999823e+00 3.738832249456924183e+04 8.701278518829021202e-03
3.292083673306177349e+00 1.430174180568907616e+01 2.923807384854341329e+00 1.666543853350022175e+01 3.559291649511412969e-01 1.528127484486003240e+01 7.421804052930538464e-01 3.097326999999999941e+00 2.494696899962997122e+04 3.253635589681669771e+00 5.049686863865733955e+00 1.056177678205276971e+00 1.830596493434504879e+01 2.205033569275675376e+01 1.496681833268119988e+01 7.574425264662184576e-01 3.013116999999999823e+00 3.883733336964872433e+04 8.640192292159593057e-03
3.288068135410393555e+00 1.422428601040187246e+01 2.920156923069687327e+00 1.664458457087483012e+01 3.554834218957261815e-01 1.528036930065438348e+01 7.442679366378127659e-01 3.097326999999999941e+00 2.451346140696958173e+04 3.250338755523582090e+00 5.224820397057856169e+00 1.055044468553704595e+00 1.828644491550912932e+01 2.202405432617911529e+01 1.496657535633639036e+01 7.581363965255213389e-01 3.013116999999999823e+00 3.852604831136177381e+04 8.534227515197799485e-03
3.287055116968995438e+00 1.420479407777066072e+01 2.919235142485396839e+00 1.663932373445774004e+01 3.553709906658958362e-01 1.528014207195383811e+01 7.447929556534581552e-01 3.097326999999999941e+00 2.441222138549363444e+04 3.249505806733932634e+00 5.268992972338342184e+00 1.054758737835558291e+00 1.828151912720868566e+01 2.201739305765215704e+01 1.496651638946133467e+01 7.583096408520036968e-01 3.013116999999999823e+00 3.843913726151674928e+04 8.507356343698108808e-03
3.286798033832543542e+00 1.419973468799916638e+01 2.919000790364415288e+00 1.663798913997465689e+01 3.553424807561250121e-01 1.528008289512805007e+01 7.449307446377559927e-01 3.097326999999999941e+00 2.438668602361302692e+04 3.249293817346897928e+00 5.280350543457082324e+00 1.054686327948408664e+00 1.828026863988634432e+01 2.201568454251279405e+01 1.496650134826125367e+01 7.583558232996828741e-01 3.013116999999999823e+00 3.841680078222689190e+04 8.500694774747260749e-03
3.292097128910079551e+00 1.331929961207635138e+01 2.920374993064295488e+00 1.666976305266249625e+01 3.561233470346444330e-01 1.527618807890663355e+01 7.815892450220700560e-01 3.097326999999999941e+00 2.437894249978394873e+04 3.248739709297303602e+00 6.322207389399862265e+00 1.057042557966870522e+00 1.830280972968288111e+01 2.190223419159609719e+01 1.497088847274621415e+01 7.766909874328348229e-01 3.013116999999999823e+00 3.840999861484648864e+04 1.003369397002914012e-02
3.300230011722437684e+00 1.196996689887911991e+01 2.922606920312885492e+00 1.671719810288473340e+01 3.572933590470748766e-01 1.529506674516471243e+01 8.197677885669936160e-01 3.097326999999999941e+00 2.437894228507149091e+04 3.248178606554895875e+00 7.934990061800916372e+00 1.060777399806076993e+00 1.833888679416401857e+01 2.173621690882691482e+01 1.499157057630376322e+01 7.913133871828187393e-01 3.013116999999999823e+00 3.840999845563418785e+04 1.243046462241432538e-02
3.301814105922251219e+00 1.165130145837627573e+01 2.923373205245194839e+00 1.672288807442329528e+01 3.574491659571527036e-01 1.530320025683145779e+01 7.753534764144776048e-01 3.097326999999999941e+00 2.437894235865251176e+04 3.248530309272236405e+00 8.367247735578365209e+00 1.061885842683448766e+00 1.834877753511130294e+01 2.172967794465444769e+01 1.499837212373435413e+01 7.607895640782688096e-01 3.013116999999999823e+00 3.840999852820592059e+04 1.310809559425083620e-02
3.301863082968530705e+00 1.160538164687346807e+01 2.923791821972887561e+00 1.671950074466030856e+01 3.573618223993453302e-01 1.530486249224181527e+01 7.239362196625555024e-01 3.097326999999999941e+00 2.437894237708016590e+04 3.248837137946887221e+00 8.469112601749838376e+00 1.062137722352307634e+00 1.834662844196923714e+01 2.177988279749688161e+01 1.499969483779335988e+01 7.340992325801931617e-01 3.013116999999999823e+00 3.840999854621994746e+04 1.329351677881976217e-02
3.301944552036099712e+00 1.159940556515434551e+01 2.923924340110605868e+00 1.671762545022955493e+01 3.572726791606509189e-01 1.530516507415245187e+01 7.062924832763565197e-01 3.097326999999999941e+00 2.437894238086856785e+04 3.248905768173412589e+00 8.490650651128101245e+00 1.061868017317389112e+00 1.834132694352650006e+01 2.180683724004373047e+01 1.499993094535962257e+01 7.261444595217962927e-01 3.013116999999999823e+00 3.840999854992613837e+04 1.333721985968152994e-02
3.302038670594222403e+00 1.159815861085779964e+01 2.923957534642809275e+00 1.671677711811734568e+01 3.572088530185485444e-01 1.530523352723717601e+01 7.016145115437208979e-01 3.097326999999999941e+00 2.437894238174818383e+04 3.248993217331531014e+00 8.495665310120202207e+00 1.061143744708889836e+00 1.833871415766892099e+01 2.181501754490827949e+01 1.499998411546501842e+01 7.241212913718061417e-01 3.013116999999999823e+00 3.840999855078655673e+04 1.334771974934820249e-02
3.302073305032012573e+00 1.159787584804524840e+01 2.923965257687318520e+00 1.671651119921424211e+01 3.571849840058988756e-01 1.530524937861597223e+01 7.004888537090857570e-01 3.097326999999999941e+00 2.437894238195419166e+04 3.249106060592803047e+00 8.496836075343010108e+00 1.060482986128127303e+00 1.833793507243824905e+01 2.181706232502287435e+01 1.499999641065501343e+01 7.236396753402070114e-01 3.013116999999999823e+00 3.840999855098803528e+04 1.334946027675368296e-02
3.302027823213660174e+00 1.159780960618201995e+01 2.923966962796102909e+00 1.671643778367051070e+01 3.571783810140441995e-01 1.530525298597202877e+01 7.002305520932416982e-01 3.097326999999999941e+00 2.437894238200097971e+04 3.249224617218593458e+00 8.497100263902796158e+00 1.060221131376604786e+00 1.833774535770764658e+01 2.181753641350333339e+01 1.499999920931901443e+01 7.235293778506211027e-01 3.013116999999999823e+00 3.840999855103377195e+04 1.334811989781922899e-02
