3.205843000000000220e+00 7.511125999999999969e+00 1.235333999999999932e+00 1.528337999999999867e-05 3.753042800000000057e+01 1.549994700000000059e+01 7.954442999999999930e-01 3.681439999999999824e+00 2.571453499999999985e+04 0.000000000000000000e+00
3.205843047770783549e+00 7.511125999999999969e+00 1.235333999999999932e+00 1.528337999999999867e-05 3.753042800000000057e+01 1.549994700000000059e+01 7.954442999999999930e-01 3.681439999999999824e+00 2.571453499999999985e+04 0.000000000000000000e+00
3.205843000000000220e+00 7.511126111924498971e+00 1.235333999999999932e+00 1.528337999999999867e-05 3.753042800000000057e+01 1.549994700000000059e+01 7.954442999999999930e-01 3.681439999999999824e+00 2.571453499999999985e+04 0.000000000000000000e+00
3.205843000000000220e+00 7.511125999999999969e+00 1.235334018407910905e+00 1.528337999999999867e-05 3.753042800000000057e+01 1.549994700000000059e+01 7.954442999999999930e-01 3.681439999999999824e+00 2.571453499999999985e+04 0.000000000000000000e+00
3.205843000000000220e+00 7.511125999999999969e+00 1.235333999999999932e+00 1.529828116119384633e-05 3.753042800000000057e+01 1.549994700000000059e+01 7.954442999999999930e-01 3.681439999999999824e+00 2.571453499999999985e+04 0.000000000000000000e+00
3.205843000000000220e+00 7.511125999999999969e+00 1.235333999999999932e+00 1.528337999999999867e-05 3.753042855924695687e+01 1.549994700000000059e+01 7.954442999999999930e-01 3.681439999999999824e+00 2.571453499999999985e+04 0.000000000000000000e+00
3.205843000000000220e+00 7.511125999999999969e+00 1.235333999999999932e+00 1.528337999999999867e-05 3.753042800000000057e+01 1.549994700000000059e+01 7.954442999999999930e-01 3.681439999999999824e+00 2.571453538317642960e+04 0.000000000000000000e+00
3.205843000000000220e+00 7.511125999999999969e+00 1.235333999999999932e+00 1.528337999999999867e-05 3.753042800000000057e+01 1.549994700000000059e+01 7.954442999999999930e-01 3.681439999999999824e+00 2.571453499999999985e+04 1.490116119384765625e-08
3.167761419983535109e+00 7.343532540990167945e+00 1.243880361435784065e+00 1.433810944475867634e-05 3.690059545801373275e+01 1.549994700000000059e+01 7.954442999999999930e-01 3.681439999999999824e+00 2.624284855483131469e+04 3.944358422532777235e-03
3.167761467186858582e+00 7.343532540990167945e+00 1.243880361435784065e+00 1.433810944475867634e-05 3.690059545801373275e+01 1.549994700000000059e+01 7.954442999999999930e-01 3.681439999999999824e+00 2.624284855483131469e+04 3.944358422532777235e-03
3.167761419983535109e+00 7.343532650417330387e+00 1.243880361435784065e+00 1.433810944475867634e-05 3.690059545801373275e+01 1.549994700000000059e+01 7.954442999999999930e-01 3.681439999999999824e+00 2.624284855483131469e+04 3.944358422532777235e-03
3.167761419983535109e+00 7.343532540990167945e+00 1.243880379971045835e+00 1.433810944475867634e-05 3.690059545801373275e+01 1.549994700000000059e+01 7.954442999999999930e-01 3.681439999999999824e+00 2.624284855483131469e+04 3.944358422532777235e-03
3.167761419983535109e+00 7.343532540990167945e+00 1.243880361435784065e+00 1.435301060595252400e-05 3.690059545801373275e+01 1.549994700000000059e+01 7.954442999999999930e-01 3.681439999999999824e+00 2.624284855483131469e+04 3.944358422532777235e-03
3.167761419983535109e+00 7.343532540990167945e+00 1.243880361435784065e+00 1.433810944475867634e-05 3.690059600787545691e+01 1.549994700000000059e+01 7.954442999999999930e-01 3.681439999999999824e+00 2.624284855483131469e+04 3.944358422532777235e-03
3.167761419983535109e+00 7.343532540990167945e+00 1.243880361435784065e+00 1.433810944475867634e-05 3.690059545801373275e+01 1.549994700000000059e+01 7.954442999999999930e-01 3.681439999999999824e+00 2.624284894588023235e+04 3.944358422532777235e-03
3.167761419983535109e+00 7.343532540990167945e+00 1.243880361435784065e+00 1.433810944475867634e-05 3.690059545801373275e+01 1.549994700000000059e+01 7.954442999999999930e-01 3.681439999999999824e+00 2.624284855483131469e+04 3.944373323693971083e-03
3.167487036226659836e+00 6.829219637396769294e+00 1.249853070123837062e+00 1.426491821604423080e-05 3.689708912841283706e+01 1.549994700000000059e+01 7.954442999999999930e-01 3.681439999999999824e+00 2.640335946784685075e+04 2.394115606698977126e-03
3.167487083425894578e+00 6.829219637396769294e+00 1.249853070123837062e+00 1.426491821604423080e-05 3.689708912841283706e+01 1.549994700000000059e+01 7.954442999999999930e-01 3.681439999999999824e+00 2.640335946784685075e+04 2.394115606698977126e-03
3.167487036226659836e+00 6.829219739160071967e+00 1.249853070123837062e+00 1.426491821604423080e-05 3.689708912841283706e+01 1.549994700000000059e+01 7.954442999999999930e-01 3.681439999999999824e+00 2.640335946784685075e+04 2.394115606698977126e-03
3.167487036226659836e+00 6.829219637396769294e+00 1.249853088748099195e+00 1.426491821604423080e-05 3.689708912841283706e+01 1.549994700000000059e+01 7.954442999999999930e-01 3.681439999999999824e+00 2.640335946784685075e+04 2.394115606698977126e-03
3.167487036226659836e+00 6.829219637396769294e+00 1.249853070123837062e+00 1.427981937723807845e-05 3.689708912841283706e+01 1.549994700000000059e+01 7.954442999999999930e-01 3.681439999999999824e+00 2.640335946784685075e+04 2.394115606698977126e-03
3.167487036226659836e+00 6.829219637396769294e+00 1.249853070123837062e+00 1.426491821604423080e-05 3.689708967822230790e+01 1.549994700000000059e+01 7.954442999999999930e-01 3.681439999999999824e+00 2.640335946784685075e+04 2.394115606698977126e-03
3.167487036226659836e+00 6.829219637396769294e+00 1.249853070123837062e+00 1.426491821604423080e-05 3.689708912841283706e+01 1.549994700000000059e+01 7.954442999999999930e-01 3.681439999999999824e+00 2.640335986128756485e+04 2.394115606698977126e-03
3.167487036226659836e+00 6.829219637396769294e+00 1.249853070123837062e+00 1.426491821604423080e-05 3.689708912841283706e+01 1.549994700000000059e+01 7.954442999999999930e-01 3.681439999999999824e+00 2.640335946784685075e+04 2.394130507860170974e-03
3.169800779288497239e+00 6.806063631421302773e+00 1.259034184195192196e+00 1.380465732129582692e-05 3.692725068775776975e+01 1.549994700000000059e+01 7.954442999999999930e-01 3.681439999999999824e+00 2.672438294106201647e+04 2.440049791576471595e-03
3.169800826522209736e+00 6.806063631421302773e+00 1.259034184195192196e+00 1.380465732129582692e-05 3.692725068775776975e+01 1.549994700000000059e+01 7.954442999999999930e-01 3.681439999999999824e+00 2.672438294106201647e+04 2.440049791576471595e-03
3.169800779288497239e+00 6.806063732839554348e+00 1.259034184195192196e+00 1.380465732129582692e-05 3.692725068775776975e+01 1.549994700000000059e+01 7.954442999999999930e-01 3.681439999999999824e+00 2.672438294106201647e+04 2.440049791576471595e-03
3.169800779288497239e+00 6.806063631421302773e+00 1.259034202956263560e+00 1.380465732129582692e-05 3.692725068775776975e+01 1.549994700000000059e+01 7.954442999999999930e-01 3.681439999999999824e+00 2.672438294106201647e+04 2.440049791576471595e-03
3.169800779288497239e+00 6.806063631421302773e+00 1.259034184195192196e+00 1.381955848248967457e-05 3.692725068775776975e+01 1.549994700000000059e+01 7.954442999999999930e-01 3.681439999999999824e+00 2.672438294106201647e+04 2.440049791576471595e-03
3.169800779288497239e+00 6.806063631421302773e+00 1.259034184195192196e+00 1.380465732129582692e-05 3.692725123801668730e+01 1.549994700000000059e+01 7.954442999999999930e-01 3.681439999999999824e+00 2.672438294106201647e+04 2.440049791576471595e-03
3.169800779288497239e+00 6.806063631421302773e+00 1.259034184195192196e+00 1.380465732129582692e-05 3.692725068775776975e+01 1.549994700000000059e+01 7.954442999999999930e-01 3.681439999999999824e+00 2.672438333928635620e+04 2.440049791576471595e-03
3.169800779288497239e+00 6.806063631421302773e+00 1.259034184195192196e+00 1.380465732129582692e-05 3.692725068775776975e+01 1.549994700000000059e+01 7.954442999999999930e-01 3.681439999999999824e+00 2.672438294106201647e+04 2.440064692737665443e-03
3.174842490074552881e+00 6.759958471877739683e+00 1.271430351810731496e+00 1.092221332070198898e-05 3.699270682922806941e+01 1.549994700000000059e+01 7.954442999999999930e-01 3.681439999999999824e+00 2.736642988760725711e+04 2.728972729440605222e-03
3.174842537383392393e+00 6.759958471877739683e+00 1.271430351810731496e+00 1.092221332070198898e-05 3.699270682922806941e+01 1.549994700000000059e+01 7.954442999999999930e-01 3.681439999999999824e+00 2.736642988760725711e+04 2.728972729440605222e-03
3.174842490074552881e+00 6.759958572608970151e+00 1.271430351810731496e+00 1.092221332070198898e-05 3.699270682922806941e+01 1.549994700000000059e+01 7.954442999999999930e-01 3.681439999999999824e+00 2.736642988760725711e+04 2.728972729440605222e-03
3.174842490074552881e+00 6.759958471877739683e+00 1.271430370756520212e+00 1.092221332070198898e-05 3.699270682922806941e+01 1.549994700000000059e+01 7.954442999999999930e-01 3.681439999999999824e+00 2.736642988760725711e+04 2.728972729440605222e-03
3.174842490074552881e+00 6.759958471877739683e+00 1.271430351810731496e+00 1.093711448189583663e-05 3.699270682922806941e+01 1.549994700000000059e+01 7.954442999999999930e-01 3.681439999999999824e+00 2.736642988760725711e+04 2.728972729440605222e-03
3.174842490074552881e+00 6.759958471877739683e+00 1.271430351810731496e+00 1.092221332070198898e-05 3.699270738046235607e+01 1.549994700000000059e+01 7.954442999999999930e-01 3.681439999999999824e+00 2.736642988760725711e+04 2.728972729440605222e-03
3.174842490074552881e+00 6.759958471877739683e+00 1.271430351810731496e+00 1.092221332070198898e-05 3.699270682922806941e+01 1.549994700000000059e+01 7.954442999999999930e-01 3.681439999999999824e+00 2.736643029539884083e+04 2.728972729440605222e-03
3.174842490074552881e+00 6.759958471877739683e+00 1.271430351810731496e+00 1.092221332070198898e-05 3.699270682922806941e+01 1.549994700000000059e+01 7.954442999999999930e-01 3.681439999999999824e+00 2.736642988760725711e+04 2.728987630601799070e-03
3.174859385830980152e+00 6.759958475161035096e+00 1.271645276175517258e+00 9.576352313119469370e-03 3.700221733737483731e+01 1.549994700000000059e+01 7.954442999999999930e-01 3.681439999999999824e+00 2.736638108571015982e+04 2.729658804214548512e-03
3.174859433140071463e+00 6.759958475161035096e+00 1.271645276175517258e+00 9.576352313119469370e-03 3.700221733737483731e+01 1.549994700000000059e+01 7.954442999999999930e-01 3.681439999999999824e+00 2.736638108571015982e+04 2.729658804214548512e-03
3.174859385830980152e+00 6.759958575892265564e+00 1.271645276175517258e+00 9.576352313119469370e-03 3.700221733737483731e+01 1.549994700000000059e+01 7.954442999999999930e-01 3.681439999999999824e+00 2.736638108571015982e+04 2.729658804214548512e-03
3.174859385830980152e+00 6.759958475161035096e+00 1.271645295124508523e+00 9.576352313119469370e-03 3.700221733737483731e+01 1.549994700000000059e+01 7.954442999999999930e-01 3.681439999999999824e+00 2.736638108571015982e+04 2.729658804214548512e-03
3.174859385830980152e+00 6.759958475161035096e+00 1.271645276175517258e+00 9.576367214280663218e-03 3.700221733737483731e+01 1.549994700000000059e+01 7.954442999999999930e-01 3.681439999999999824e+00 2.736638108571015982e+04 2.729658804214548512e-03
3.174859385830980152e+00 6.759958475161035096e+00 1.271645276175517258e+00 9.576352313119469370e-03 3.700221788875084172e+01 1.549994700000000059e+01 7.954442999999999930e-01 3.681439999999999824e+00 2.736638108571015982e+04 2.729658804214548512e-03
3.174859385830980152e+00 6.759958475161035096e+00 1.271645276175517258e+00 9.576352313119469370e-03 3.700221733737483731e+01 1.549994700000000059e+01 7.954442999999999930e-01 3.681439999999999824e+00 2.736638149350101594e+04 2.729658804214548512e-03
3.174859385830980152e+00 6.759958475161035096e+00 1.271645276175517258e+00 9.576352313119469370e-03 3.700221733737483731e+01 1.549994700000000059e+01 7.954442999999999930e-01 3.681439999999999824e+00 2.736638108571015982e+04 2.729673705375742360e-03
3.174862746775648503e+00 6.759958405830072792e+00 1.271883233653484879e+00 1.340793832155445092e-03 3.701412693084583339e+01 1.549994700000000059e+01 7.954442999999999930e-01 3.681439999999999824e+00 2.736597011173055944e+04 2.730306107401609360e-03
3.174862794084789996e+00 6.759958405830072792e+00 1.271883233653484879e+00 1.340793832155445092e-03 3.701412693084583339e+01 1.549994700000000059e+01 7.954442999999999930e-01 3.681439999999999824e+00 2.736597011173055944e+04 2.730306107401609360e-03
3.174862746775648503e+00 6.759958506561302372e+00 1.271883233653484879e+00 1.340793832155445092e-03 3.701412693084583339e+01 1.549994700000000059e+01 7.954442999999999930e-01 3.681439999999999824e+00 2.736597011173055944e+04 2.730306107401609360e-03
3.174862746775648503e+00 6.759958405830072792e+00 1.271883252606021975e+00 1.340793832155445092e-03 3.701412693084583339e+01 1.549994700000000059e+01 7.954442999999999930e-01 3.681439999999999824e+00 2.736597011173055944e+04 2.730306107401609360e-03
3.174862746775648503e+00 6.759958405830072792e+00 1.271883233653484879e+00 1.340808733316638940e-03 3.701412693084583339e+01 1.549994700000000059e+01 7.954442999999999930e-01 3.681439999999999824e+00 2.736597011173055944e+04 2.730306107401609360e-03
3.174862746775648503e+00 6.759958405830072792e+00 1.271883233653484879e+00 1.340793832155445092e-03 3.701412748239930295e+01 1.549994700000000059e+01 7.954442999999999930e-01 3.681439999999999824e+00 2.736597011173055944e+04 2.730306107401609360e-03
3.174862746775648503e+00 6.759958405830072792e+00 1.271883233653484879e+00 1.340793832155445092e-03 3.701412693084583339e+01 1.549994700000000059e+01 7.954442999999999930e-01 3.681439999999999824e+00 2.736597051951529284e+04 2.730306107401609360e-03
3.174862746775648503e+00 6.759958405830072792e+00 1.271883233653484879e+00 1.340793832155445092e-03 3.701412693084583339e+01 1.549994700000000059e+01 7.954442999999999930e-01 3.681439999999999824e+00 2.736597011173055944e+04 2.730321008562803207e-03
3.182655955183027352e+00 6.726903621253263132e+00 1.281091264829137266e+00 9.653327248221087523e-04 3.711805157263778909e+01 1.549994700000000059e+01 7.954442999999999930e-01 3.681439999999999824e+00 2.800801705889649384e+04 3.042576645476443957e-03
3.177722163208107631e+00 6.769003903555502077e+00 1.272354932791651461e+00 9.495903408191326209e-04 3.705330048596974990e+01 1.549994700000000059e+01 7.954442999999999930e-01 3.681439999999999824e+00 2.752648184808056612e+04 2.864314515685825388e-03
3.176488714032115190e+00 6.779528940832241446e+00 1.270170850305985644e+00 9.456565518747462196e-04 3.703711278861251088e+01 1.549994700000000059e+01 7.954442999999999930e-01 3.681439999999999824e+00 2.740609803956477481e+04 2.819748854244682329e-03
3.176180347009433191e+00 6.782160066955707833e+00 1.269624831779579077e+00 9.446803327405621422e-04 3.703306616148065444e+01 1.549994700000000059e+01 7.954442999999999930e-01 3.681439999999999824e+00 2.737600206418904054e+04 2.808606922907061921e-03
3.176103236345776182e+00 6.782817315703520755e+00 1.269488335527833023e+00 9.444651892890208907e-04 3.703205569310973289e+01 1.549994700000000059e+01 7.954442999999999930e-01 3.681439999999999824e+00 2.736847797736280700e+04 2.805819376115206015e-03
3.176083883086195048e+00 6.782979494811692156e+00 1.269454245029431938e+00 9.445271301112925268e-04 3.703180782680738048e+01 1.549994700000000059e+01 7.954442999999999930e-01 3.681439999999999824e+00 2.736659658365061841e+04 2.805114225503017346e-03
3.176078739117984551e+00 6.783011360678170121e+00 1.269445859274257016e+00 9.450130699544120275e-04 3.703176507452899813e+01 1.549994700000000059e+01 7.954442999999999930e-01 3.681439999999999824e+00 2.736612473601067541e+04 2.804904311762437472e-03
3.176075782601468500e+00 6.782969920096918237e+00 1.269444569575290505e+00 9.477953230918904556e-04 3.703186032569307429e+01 1.549994700000000059e+01 7.954442999999999930e-01 3.681439999999999824e+00 2.736599973086562750e+04 2.804661091533468265e-03
3.176188023898207202e+00 6.769224206734326010e+00 1.269745667022135649e+00 1.274913214624373743e-03 3.702419301178663602e+01 1.549994700000000059e+01 7.954442999999999930e-01 3.681439999999999824e+00 2.736597016451528179e+04 2.749000690647844178e-03
3.176231954732756435e+00 6.761553830488567840e+00 1.270029005605461503e+00 1.332139352128190518e-03 3.701608448912920579e+01 1.549994700000000059e+01 7.954442999999999930e-01 3.681439999999999824e+00 2.736597011769667370e+04 2.718109540126409981e-03
3.175389546343684533e+00 6.760007334166882487e+00 1.271281860329178892e+00 1.340487633103024665e-03 3.701426985026665051e+01 1.549994700000000059e+01 7.954442999999999930e-01 3.681439999999999824e+00 2.736597011193634171e+04 2.718181268107182792e-03
3.175045463816486446e+00 6.759966788013623606e+00 1.271756076099076038e+00 1.340739852085680089e-03 3.701416738540473972e+01 1.549994700000000059e+01 7.954442999999999930e-01 3.681439999999999824e+00 2.736597011176684828e+04 2.720961056480054180e-03
3.175045511128350650e+00 6.759966788013623606e+00 1.271756076099076038e+00 1.340739852085680089e-03 3.701416738540473972e+01 1.549994700000000059e+01 7.954442999999999930e-01 3.681439999999999824e+00 2.736597011176684828e+04 2.720961056480054180e-03
3.175045463816486446e+00 6.759966888744978419e+00 1.271756076099076038e+00 1.340739852085680089e-03 3.701416738540473972e+01 1.549994700000000059e+01 7.954442999999999930e-01 3.681439999999999824e+00 2.736597011176684828e+04 2.720961056480054180e-03
3.175045463816486446e+00 6.759966788013623606e+00 1.271756095049718427e+00 1.340739852085680089e-03 3.701416738540473972e+01 1.549994700000000059e+01 7.954442999999999930e-01 3.681439999999999824e+00 2.736597011176684828e+04 2.720961056480054180e-03
3.175045463816486446e+00 6.759966788013623606e+00 1.271756076099076038e+00 1.340754753246873937e-03 3.701416738540473972e+01 1.549994700000000059e+01 7.954442999999999930e-01 3.681439999999999824e+00 2.736597011176684828e+04 2.720961056480054180e-03
3.175045463816486446e+00 6.759966788013623606e+00 1.271756076099076038e+00 1.340739852085680089e-03 3.701416793695881324e+01 1.549994700000000059e+01 7.954442999999999930e-01 3.681439999999999824e+00 2.736597011176684828e+04 2.720961056480054180e-03
3.175045463816486446e+00 6.759966788013623606e+00 1.271756076099076038e+00 1.340739852085680089e-03 3.701416738540473972e+01 1.549994700000000059e+01 7.954442999999999930e-01 3.681439999999999824e+00 2.736597051955158167e+04 2.720961056480054180e-03
3.175045463816486446e+00 6.759966788013623606e+00 1.271756076099076038e+00 1.340739852085680089e-03 3.701416738540473972e+01 1.549994700000000059e+01 7.954442999999999930e-01 3.681439999999999824e+00 2.736597011176684828e+04 2.720975957641248028e-03
