3.205843000000000220e+00 7.511125999999999969e+00 1.235333999999999932e+00 1.528337999999999867e-05 3.753042800000000057e+01 1.549994700000000059e+01 7.954442999999999930e-01 3.681439999999999824e+00 2.571453499999999985e+04 0.000000000000000000e+00
3.205843047770783549e+00 7.511125999999999969e+00 1.235333999999999932e+00 1.528337999999999867e-05 3.753042800000000057e+01 1.549994700000000059e+01 7.954442999999999930e-01 3.681439999999999824e+00 2.571453499999999985e+04 0.000000000000000000e+00
3.205843000000000220e+00 7.511126111924498971e+00 1.235333999999999932e+00 1.528337999999999867e-05 3.753042800000000057e+01 1.549994700000000059e+01 7.954442999999999930e-01 3.681439999999999824e+00 2.571453499999999985e+04 0.000000000000000000e+00
3.205843000000000220e+00 7.511125999999999969e+00 1.235334018407910905e+00 1.528337999999999867e-05 3.753042800000000057e+01 1.549994700000000059e+01 7.954442999999999930e-01 3.681439999999999824e+00 2.571453499999999985e+04 0.000000000000000000e+00
3.205843000000000220e+00 7.511125999999999969e+00 1.235333999999999932e+00 1.529828116119384633e-05 3.753042800000000057e+01 1.549994700000000059e+01 7.954442999999999930e-01 3.681439999999999824e+00 2.571453499999999985e+04 0.000000000000000000e+00
3.205843000000000220e+00 7.511125999999999969e+00 1.235333999999999932e+00 1.528337999999999867e-05 3.753042855924695687e+01 1.549994700000000059e+01 7.954442999999999930e-01 3.681439999999999824e+00 2.571453499999999985e+04 0.000000000000000000e+00
3.205843000000000220e+00 7.511125999999999969e+00 1.235333999999999932e+00 1.528337999999999867e-05 3.753042800000000057e+01 1.549994700000000059e+01 7.954442999999999930e-01 3.681439999999999824e+00 2.571453538317642960e+04 0.000000000000000000e+00
3.205843000000000220e+00 7.511125999999999969e+00 1.235333999999999932e+00 1.528337999999999867e-05 3.753042800000000057e+01 1.549994700000000059e+01 7.954442999999999930e-01 3.681439999999999824e+00 2.571453499999999985e+04 1.490116119384765625e-08
3.194790857328063005e+00 7.511125119562617414e+00 1.256479648758261902e+00 1.140829912094413423e+00 4.026465575862496848e+01 1.549994700000000059e+01 7.954442999999999930e-01 3.681439999999999824e+00 2.569580558512038260e+04 1.892359351731517805e-04
3.194790904934156739e+00 7.511125119562617414e+00 1.256479648758261902e+00 1.140829912094413423e+00 4.026465575862496848e+01 1.549994700000000059e+01 7.954442999999999930e-01 3.681439999999999824e+00 2.569580558512038260e+04 1.892359351731517805e-04
3.194790857328063005e+00 7.511125231487103981e+00 1.256479648758261902e+00 1.140829912094413423e+00 4.026465575862496848e+01 1.549994700000000059e+01 7.954442999999999930e-01 3.681439999999999824e+00 2.569580558512038260e+04 1.892359351731517805e-04
3.194790857328063005e+00 7.511125119562617414e+00 1.256479667481267715e+00 1.140829912094413423e+00 4.026465575862496848e+01 1.549994700000000059e+01 7.954442999999999930e-01 3.681439999999999824e+00 2.569580558512038260e+04 1.892359351731517805e-04
3.194790857328063005e+00 7.511125119562617414e+00 1.256479648758261902e+00 1.140829929094103745e+00 4.026465575862496848e+01 1.549994700000000059e+01 7.954442999999999930e-01 3.681439999999999824e+00 2.569580558512038260e+04 1.892359351731517805e-04
3.194790857328063005e+00 7.511125119562617414e+00 1.256479648758261902e+00 1.140829912094413423e+00 4.026465635861509185e+01 1.549994700000000059e+01 7.954442999999999930e-01 3.681439999999999824e+00 2.569580558512038260e+04 1.892359351731517805e-04
3.194790857328063005e+00 7.511125119562617414e+00 1.256479648758261902e+00 1.140829912094413423e+00 4.026465575862496848e+01 1.549994700000000059e+01 7.954442999999999930e-01 3.681439999999999824e+00 2.569580596801772481e+04 1.892359351731517805e-04
3.194790857328063005e+00 7.511125119562617414e+00 1.256479648758261902e+00 1.140829912094413423e+00 4.026465575862496848e+01 1.549994700000000059e+01 7.954442999999999930e-01 3.681439999999999824e+00 2.569580558512038260e+04 1.892508363343456282e-04
3.194818679503216519e+00 7.511118598098828869e+00 1.256491996970005687e+00 1.140830441651645266e+00 4.026465607372569622e+01 1.549994700000000059e+01 7.954442999999999930e-01 3.681439999999999824e+00 2.569580556388706464e+04 9.775317024137413369e-04
3.194818727109724588e+00 7.511118598098828869e+00 1.256491996970005687e+00 1.140830441651645266e+00 4.026465607372569622e+01 1.549994700000000059e+01 7.954442999999999930e-01 3.681439999999999824e+00 2.569580556388706464e+04 9.775317024137413369e-04
3.194818679503216519e+00 7.511118710023217737e+00 1.256491996970005687e+00 1.140830441651645266e+00 4.026465607372569622e+01 1.549994700000000059e+01 7.954442999999999930e-01 3.681439999999999824e+00 2.569580556388706464e+04 9.775317024137413369e-04
3.194818679503216519e+00 7.511118598098828869e+00 1.256492015693195574e+00 1.140830441651645266e+00 4.026465607372569622e+01 1.549994700000000059e+01 7.954442999999999930e-01 3.681439999999999824e+00 2.569580556388706464e+04 9.775317024137413369e-04
3.194818679503216519e+00 7.511118598098828869e+00 1.256491996970005687e+00 1.140830458651343582e+00 4.026465607372569622e+01 1.549994700000000059e+01 7.954442999999999930e-01 3.681439999999999824e+00 2.569580556388706464e+04 9.775317024137413369e-04
3.194818679503216519e+00 7.511118598098828869e+00 1.256491996970005687e+00 1.140830441651645266e+00 4.026465667371582668e+01 1.549994700000000059e+01 7.954442999999999930e-01 3.681439999999999824e+00 2.569580556388706464e+04 9.775317024137413369e-04
3.194818679503216519e+00 7.511118598098828869e+00 1.256491996970005687e+00 1.140830441651645266e+00 4.026465607372569622e+01 1.549994700000000059e+01 7.954442999999999930e-01 3.681439999999999824e+00 2.569580594678440684e+04 9.775317024137413369e-04
3.194818679503216519e+00 7.511118598098828869e+00 1.256491996970005687e+00 1.140830441651645266e+00 4.026465607372569622e+01 1.549994700000000059e+01 7.954442999999999930e-01 3.681439999999999824e+00 2.569580556388706464e+04 9.775466035749351846e-04
3.208985096098394774e+00 8.058998214255105097e+00 1.208400359605507735e+00 1.106475985848210053e+00 4.058062314646470981e+01 1.549994700000000059e+01 7.954442999999999930e-01 3.681439999999999824e+00 2.553105703721541067e+04 2.086978776476798407e-03
3.208985143915998872e+00 8.058998214255105097e+00 1.208400359605507735e+00 1.106475985848210053e+00 4.058062314646470981e+01 1.549994700000000059e+01 7.954442999999999930e-01 3.681439999999999824e+00 2.553105703721541067e+04 2.086978776476798407e-03
3.208985096098394774e+00 8.058998334343536740e+00 1.208400359605507735e+00 1.106475985848210053e+00 4.058062314646470981e+01 1.549994700000000059e+01 7.954442999999999930e-01 3.681439999999999824e+00 2.553105703721541067e+04 2.086978776476798407e-03
3.208985096098394774e+00 8.058998214255105097e+00 1.208400377612076193e+00 1.106475985848210053e+00 4.058062314646470981e+01 1.549994700000000059e+01 7.954442999999999930e-01 3.681439999999999824e+00 2.553105703721541067e+04 2.086978776476798407e-03
3.208985096098394774e+00 8.058998214255105097e+00 1.208400359605507735e+00 1.106476002335986975e+00 4.058062314646470981e+01 1.549994700000000059e+01 7.954442999999999930e-01 3.681439999999999824e+00 2.553105703721541067e+04 2.086978776476798407e-03
3.208985096098394774e+00 8.058998214255105097e+00 1.208400359605507735e+00 1.106475985848210053e+00 4.058062375116311671e+01 1.549994700000000059e+01 7.954442999999999930e-01 3.681439999999999824e+00 2.553105703721541067e+04 2.086978776476798407e-03
3.208985096098394774e+00 8.058998214255105097e+00 1.208400359605507735e+00 1.106475985848210053e+00 4.058062314646470981e+01 1.549994700000000059e+01 7.954442999999999930e-01 3.681439999999999824e+00 2.553105741765780840e+04 2.086978776476798407e-03
3.208985096098394774e+00 8.058998214255105097e+00 1.208400359605507735e+00 1.106475985848210053e+00 4.058062314646470981e+01 1.549994700000000059e+01 7.954442999999999930e-01 3.681439999999999824e+00 2.553105703721541067e+04 2.086993677637992255e-03
3.206337811508594982e+00 8.154225115666768886e+00 1.199179404975368790e+00 1.075020813331659886e+00 4.059313348758736595e+01 1.549994700000000059e+01 7.954442999999999930e-01 3.681439999999999824e+00 2.520155814421818650e+04 2.019220331950956262e-03
3.206337859286751524e+00 8.154225115666768886e+00 1.199179404975368790e+00 1.075020813331659886e+00 4.059313348758736595e+01 1.549994700000000059e+01 7.954442999999999930e-01 3.681439999999999824e+00 2.520155814421818650e+04 2.019220331950956262e-03
3.206337811508594982e+00 8.154225237174191676e+00 1.199179404975368790e+00 1.075020813331659886e+00 4.059313348758736595e+01 1.549994700000000059e+01 7.954442999999999930e-01 3.681439999999999824e+00 2.520155814421818650e+04 2.019220331950956262e-03
3.206337811508594982e+00 8.154225115666768886e+00 1.199179422844534493e+00 1.075020813331659886e+00 4.059313348758736595e+01 1.549994700000000059e+01 7.954442999999999930e-01 3.681439999999999824e+00 2.520155814421818650e+04 2.019220331950956262e-03
3.206337811508594982e+00 8.154225115666768886e+00 1.199179404975368790e+00 1.075020829350718410e+00 4.059313348758736595e+01 1.549994700000000059e+01 7.954442999999999930e-01 3.681439999999999824e+00 2.520155814421818650e+04 2.019220331950956262e-03
3.206337811508594982e+00 8.154225115666768886e+00 1.199179404975368790e+00 1.075020813331659886e+00 4.059313409247219084e+01 1.549994700000000059e+01 7.954442999999999930e-01 3.681439999999999824e+00 2.520155814421818650e+04 2.019220331950956262e-03
3.206337811508594982e+00 8.154225115666768886e+00 1.199179404975368790e+00 1.075020813331659886e+00 4.059313348758736595e+01 1.549994700000000059e+01 7.954442999999999930e-01 3.681439999999999824e+00 2.520155851975066616e+04 2.019220331950956262e-03
3.206337811508594982e+00 8.154225115666768886e+00 1.199179404975368790e+00 1.075020813331659886e+00 4.059313348758736595e+01 1.549994700000000059e+01 7.954442999999999930e-01 3.681439999999999824e+00 2.520155814421818650e+04 2.019235233112150110e-03
3.185650461799875988e+00 8.154450173786512934e+00 1.213169982793958157e+00 5.222051951605077846e-03 4.366034695294058565e+01 1.549994700000000059e+01 7.954442999999999930e-01 3.681439999999999824e+00 2.485264768657887180e+04 1.941241901710967846e-03
3.210647228093844063e+00 8.189761505576926837e+00 1.204826625935516260e+00 5.465591035146682986e-01 4.060443556158539735e+01 1.549994700000000059e+01 7.954442999999999930e-01 3.681439999999999824e+00 2.507047034626425011e+04 1.995828850945711736e-03
3.210647275936215905e+00 8.189761505576926837e+00 1.204826625935516260e+00 5.465591035146682986e-01 4.060443556158539735e+01 1.549994700000000059e+01 7.954442999999999930e-01 3.681439999999999824e+00 2.507047034626425011e+04 1.995828850945711736e-03
3.210647228093844063e+00 8.189761627613883377e+00 1.204826625935516260e+00 5.465591035146682986e-01 4.060443556158539735e+01 1.549994700000000059e+01 7.954442999999999930e-01 3.681439999999999824e+00 2.507047034626425011e+04 1.995828850945711736e-03
3.210647228093844063e+00 8.189761505576926837e+00 1.204826643888831983e+00 5.465591035146682986e-01 4.060443556158539735e+01 1.549994700000000059e+01 7.954442999999999930e-01 3.681439999999999824e+00 2.507047034626425011e+04 1.995828850945711736e-03
3.210647228093844063e+00 8.189761505576926837e+00 1.204826625935516260e+00 5.465591184158294924e-01 4.060443556158539735e+01 1.549994700000000059e+01 7.954442999999999930e-01 3.681439999999999824e+00 2.507047034626425011e+04 1.995828850945711736e-03
3.210647228093844063e+00 8.189761505576926837e+00 1.204826625935516260e+00 5.465591035146682986e-01 4.060443616663863509e+01 1.549994700000000059e+01 7.954442999999999930e-01 3.681439999999999824e+00 2.507047034626425011e+04 1.995828850945711736e-03
3.210647228093844063e+00 8.189761505576926837e+00 1.204826625935516260e+00 5.465591035146682986e-01 4.060443556158539735e+01 1.549994700000000059e+01 7.954442999999999930e-01 3.681439999999999824e+00 2.507047071984337163e+04 1.995828850945711736e-03
3.210647228093844063e+00 8.189761505576926837e+00 1.204826625935516260e+00 5.465591035146682986e-01 4.060443556158539735e+01 1.549994700000000059e+01 7.954442999999999930e-01 3.681439999999999824e+00 2.507047034626425011e+04 1.995843752106905584e-03
3.209930266381586517e+00 8.189950456146737778e+00 1.202992025988550484e+00 5.247806586988987831e-01 4.062873577735645370e+01 1.549994700000000059e+01 7.954442999999999930e-01 3.681439999999999824e+00 2.506949025313085440e+04 1.997647702905381434e-03
3.209930314213274904e+00 8.189950456146737778e+00 1.202992025988550484e+00 5.247806586988987831e-01 4.062873577735645370e+01 1.549994700000000059e+01 7.954442999999999930e-01 3.681439999999999824e+00 2.506949025313085440e+04 1.997647702905381434e-03
3.209930266381586517e+00 8.189950578186509844e+00 1.202992025988550484e+00 5.247806586988987831e-01 4.062873577735645370e+01 1.549994700000000059e+01 7.954442999999999930e-01 3.681439999999999824e+00 2.506949025313085440e+04 1.997647702905381434e-03
3.209930266381586517e+00 8.189950456146737778e+00 1.202992043914528519e+00 5.247806586988987831e-01 4.062873577735645370e+01 1.549994700000000059e+01 7.954442999999999930e-01 3.681439999999999824e+00 2.506949025313085440e+04 1.997647702905381434e-03
3.209930266381586517e+00 8.189950456146737778e+00 1.202992025988550484e+00 5.247806736000599770e-01 4.062873577735645370e+01 1.549994700000000059e+01 7.954442999999999930e-01 3.681439999999999824e+00 2.506949025313085440e+04 1.997647702905381434e-03
3.209930266381586517e+00 8.189950456146737778e+00 1.202992025988550484e+00 5.247806586988987831e-01 4.062873638277179111e+01 1.549994700000000059e+01 7.954442999999999930e-01 3.681439999999999824e+00 2.506949025313085440e+04 1.997647702905381434e-03
3.209930266381586517e+00 8.189950456146737778e+00 1.202992025988550484e+00 5.247806586988987831e-01 4.062873577735645370e+01 1.549994700000000059e+01 7.954442999999999930e-01 3.681439999999999824e+00 2.506949062669536943e+04 1.997647702905381434e-03
3.209930266381586517e+00 8.189950456146737778e+00 1.202992025988550484e+00 5.247806586988987831e-01 4.062873577735645370e+01 1.549994700000000059e+01 7.954442999999999930e-01 3.681439999999999824e+00 2.506949025313085440e+04 1.997662604066575281e-03
3.210333183056522266e+00 8.237555629678718461e+00 1.207247040460346810e+00 1.177550027384088871e-02 4.063978343033626572e+01 1.549994700000000059e+01 7.954442999999999930e-01 3.681439999999999824e+00 2.483467817964749338e+04 1.943914738937299515e-03
3.210333230894214296e+00 8.237555629678718461e+00 1.207247040460346810e+00 1.177550027384088871e-02 4.063978343033626572e+01 1.549994700000000059e+01 7.954442999999999930e-01 3.681439999999999824e+00 2.483467817964749338e+04 1.943914738937299515e-03
3.210333183056522266e+00 8.237555752427862643e+00 1.207247040460346810e+00 1.177550027384088871e-02 4.063978343033626572e+01 1.549994700000000059e+01 7.954442999999999930e-01 3.681439999999999824e+00 2.483467817964749338e+04 1.943914738937299515e-03
3.210333183056522266e+00 8.237555629678718461e+00 1.207247058449729460e+00 1.177550027384088871e-02 4.063978343033626572e+01 1.549994700000000059e+01 7.954442999999999930e-01 3.681439999999999824e+00 2.483467817964749338e+04 1.943914738937299515e-03
3.210333183056522266e+00 8.237555629678718461e+00 1.207247040460346810e+00 1.177551517500208256e-02 4.063978343033626572e+01 1.549994700000000059e+01 7.954442999999999930e-01 3.681439999999999824e+00 2.483467817964749338e+04 1.943914738937299515e-03
3.210333183056522266e+00 8.237555629678718461e+00 1.207247040460346810e+00 1.177550027384088871e-02 4.063978403591622879e+01 1.549994700000000059e+01 7.954442999999999930e-01 3.681439999999999824e+00 2.483467817964749338e+04 1.943914738937299515e-03
3.210333183056522266e+00 8.237555629678718461e+00 1.207247040460346810e+00 1.177550027384088871e-02 4.063978343033626572e+01 1.549994700000000059e+01 7.954442999999999930e-01 3.681439999999999824e+00 2.483467854971303677e+04 1.943914738937299515e-03
3.210333183056522266e+00 8.237555629678718461e+00 1.207247040460346810e+00 1.177550027384088871e-02 4.063978343033626572e+01 1.549994700000000059e+01 7.954442999999999930e-01 3.681439999999999824e+00 2.483467817964749338e+04 1.943929640098493363e-03
3.210743096471085245e+00 8.240194022081814396e+00 1.207942228067786505e+00 3.455326481718252324e-02 4.064001811439757006e+01 1.549994700000000059e+01 7.954442999999999930e-01 3.681439999999999824e+00 2.482398663659726299e+04 1.941592297077405441e-03
3.210743144314885722e+00 8.240194022081814396e+00 1.207942228067786505e+00 3.455326481718252324e-02 4.064001811439757006e+01 1.549994700000000059e+01 7.954442999999999930e-01 3.681439999999999824e+00 2.482398663659726299e+04 1.941592297077405441e-03
3.210743096471085245e+00 8.240194144870272908e+00 1.207942228067786505e+00 3.455326481718252324e-02 4.064001811439757006e+01 1.549994700000000059e+01 7.954442999999999930e-01 3.681439999999999824e+00 2.482398663659726299e+04 1.941592297077405441e-03
3.210743096471085245e+00 8.240194022081814396e+00 1.207942246067528425e+00 3.455326481718252324e-02 4.064001811439757006e+01 1.549994700000000059e+01 7.954442999999999930e-01 3.681439999999999824e+00 2.482398663659726299e+04 1.941592297077405441e-03
3.210743096471085245e+00 8.240194022081814396e+00 1.207942228067786505e+00 3.455327971834371709e-02 4.064001811439757006e+01 1.549994700000000059e+01 7.954442999999999930e-01 3.681439999999999824e+00 2.482398663659726299e+04 1.941592297077405441e-03
3.210743096471085245e+00 8.240194022081814396e+00 1.207942228067786505e+00 3.455326481718252324e-02 4.064001871998102899e+01 1.549994700000000059e+01 7.954442999999999930e-01 3.681439999999999824e+00 2.482398663659726299e+04 1.941592297077405441e-03
3.210743096471085245e+00 8.240194022081814396e+00 1.207942228067786505e+00 3.455326481718252324e-02 4.064001811439757006e+01 1.549994700000000059e+01 7.954442999999999930e-01 3.681439999999999824e+00 2.482398700650348837e+04 1.941592297077405441e-03
3.210743096471085245e+00 8.240194022081814396e+00 1.207942228067786505e+00 3.455326481718252324e-02 4.064001811439757006e+01 1.549994700000000059e+01 7.954442999999999930e-01 3.681439999999999824e+00 2.482398663659726299e+04 1.941607198238599289e-03
3.211141977952142401e+00 8.242451209840840676e+00 1.208480481672505880e+00 4.201758346098389413e-03 4.064007091221317580e+01 1.549994700000000059e+01 7.954442999999999930e-01 3.681439999999999824e+00 2.481478461093657097e+04 1.939613240055752591e-03
3.211142025801886568e+00 8.242451209840840676e+00 1.208480481672505880e+00 4.201758346098389413e-03 4.064007091221317580e+01 1.549994700000000059e+01 7.954442999999999930e-01 3.681439999999999824e+00 2.481478461093657097e+04 1.939613240055752591e-03
3.211141977952142401e+00 8.242451332662934504e+00 1.208480481672505880e+00 4.201758346098389413e-03 4.064007091221317580e+01 1.549994700000000059e+01 7.954442999999999930e-01 3.681439999999999824e+00 2.481478461093657097e+04 1.939613240055752591e-03
3.211141977952142401e+00 8.242451209840840676e+00 1.208480499680268272e+00 4.201758346098389413e-03 4.064007091221317580e+01 1.549994700000000059e+01 7.954442999999999930e-01 3.681439999999999824e+00 2.481478461093657097e+04 1.939613240055752591e-03
3.211141977952142401e+00 8.242451209840840676e+00 1.208480481672505880e+00 4.201773247259583260e-03 4.064007091221317580e+01 1.549994700000000059e+01 7.954442999999999930e-01 3.681439999999999824e+00 2.481478461093657097e+04 1.939613240055752591e-03
3.211141977952142401e+00 8.242451209840840676e+00 1.208480481672505880e+00 4.201758346098389413e-03 4.064007151779742344e+01 1.549994700000000059e+01 7.954442999999999930e-01 3.681439999999999824e+00 2.481478461093657097e+04 1.939613240055752591e-03
3.211141977952142401e+00 8.242451209840840676e+00 1.208480481672505880e+00 4.201758346098389413e-03 4.064007091221317580e+01 1.549994700000000059e+01 7.954442999999999930e-01 3.681439999999999824e+00 2.481478498070567730e+04 1.939613240055752591e-03
3.211141977952142401e+00 8.242451209840840676e+00 1.208480481672505880e+00 4.201758346098389413e-03 4.064007091221317580e+01 1.549994700000000059e+01 7.954442999999999930e-01 3.681439999999999824e+00 2.481478461093657097e+04 1.939628141216946438e-03
3.208517620650306768e+00 8.306463619186366998e+00 1.203255638775603931e+00 3.525002643487128769e-03 4.063272459730784192e+01 1.549994700000000059e+01 7.954442999999999930e-01 3.681439999999999824e+00 2.450602995015809211e+04 1.870262435822188591e-03
3.208517668460944883e+00 8.306463619186366998e+00 1.203255638775603931e+00 3.525002643487128769e-03 4.063272459730784192e+01 1.549994700000000059e+01 7.954442999999999930e-01 3.681439999999999824e+00 2.450602995015809211e+04 1.870262435822188591e-03
3.208517620650306768e+00 8.306463742962320040e+00 1.203255638775603931e+00 3.525002643487128769e-03 4.063272459730784192e+01 1.549994700000000059e+01 7.954442999999999930e-01 3.681439999999999824e+00 2.450602995015809211e+04 1.870262435822188591e-03
3.208517620650306768e+00 8.306463619186366998e+00 1.203255656705510157e+00 3.525002643487128769e-03 4.063272459730784192e+01 1.549994700000000059e+01 7.954442999999999930e-01 3.681439999999999824e+00 2.450602995015809211e+04 1.870262435822188591e-03
3.208517620650306768e+00 8.306463619186366998e+00 1.203255638775603931e+00 3.525017544648322617e-03 4.063272459730784192e+01 1.549994700000000059e+01 7.954442999999999930e-01 3.681439999999999824e+00 2.450602995015809211e+04 1.870262435822188591e-03
3.208517620650306768e+00 8.306463619186366998e+00 1.203255638775603931e+00 3.525002643487128769e-03 4.063272520278262334e+01 1.549994700000000059e+01 7.954442999999999930e-01 3.681439999999999824e+00 2.450602995015809211e+04 1.870262435822188591e-03
3.208517620650306768e+00 8.306463619186366998e+00 1.203255638775603931e+00 3.525002643487128769e-03 4.063272459730784192e+01 1.549994700000000059e+01 7.954442999999999930e-01 3.681439999999999824e+00 2.450603031532639579e+04 1.870262435822188591e-03
3.208517620650306768e+00 8.306463619186366998e+00 1.203255638775603931e+00 3.525002643487128769e-03 4.063272459730784192e+01 1.549994700000000059e+01 7.954442999999999930e-01 3.681439999999999824e+00 2.450602995015809211e+04 1.870277336983382438e-03
3.202979110396562135e+00 8.437340350987776461e+00 1.194593324340467388e+00 3.002008934925733639e-03 4.057878100926990328e+01 1.549994700000000059e+01 7.954442999999999930e-01 3.681439999999999824e+00 2.389238266330196711e+04 1.727080286662353772e-03
3.202979158124670267e+00 8.437340350987776461e+00 1.194593324340467388e+00 3.002008934925733639e-03 4.057878100926990328e+01 1.549994700000000059e+01 7.954442999999999930e-01 3.681439999999999824e+00 2.389238266330196711e+04 1.727080286662353772e-03
3.202979110396562135e+00 8.437340476713945492e+00 1.194593324340467388e+00 3.002008934925733639e-03 4.057878100926990328e+01 1.549994700000000059e+01 7.954442999999999930e-01 3.681439999999999824e+00 2.389238266330196711e+04 1.727080286662353772e-03
3.202979110396562135e+00 8.437340350987776461e+00 1.194593342141295089e+00 3.002008934925733639e-03 4.057878100926990328e+01 1.549994700000000059e+01 7.954442999999999930e-01 3.681439999999999824e+00 2.389238266330196711e+04 1.727080286662353772e-03
3.202979110396562135e+00 8.437340350987776461e+00 1.194593324340467388e+00 3.002023836086927487e-03 4.057878100926990328e+01 1.549994700000000059e+01 7.954442999999999930e-01 3.681439999999999824e+00 2.389238266330196711e+04 1.727080286662353772e-03
3.202979110396562135e+00 8.437340350987776461e+00 1.194593324340467388e+00 3.002008934925733639e-03 4.057878161394086192e+01 1.549994700000000059e+01 7.954442999999999930e-01 3.681439999999999824e+00 2.389238266330196711e+04 1.727080286662353772e-03
3.202979110396562135e+00 8.437340350987776461e+00 1.194593324340467388e+00 3.002008934925733639e-03 4.057878100926990328e+01 1.549994700000000059e+01 7.954442999999999930e-01 3.681439999999999824e+00 2.389238301932621107e+04 1.727080286662353772e-03
3.202979110396562135e+00 8.437340350987776461e+00 1.194593324340467388e+00 3.002008934925733639e-03 4.057878100926990328e+01 1.549994700000000059e+01 7.954442999999999930e-01 3.681439999999999824e+00 2.389238266330196711e+04 1.727095187823547619e-03
3.202630771892651218e+00 8.443518785960298700e+00 1.193700197384150119e+00 2.733399502176199567e-03 4.057436124121318244e+01 1.549994700000000059e+01 7.954442999999999930e-01 3.681439999999999824e+00 2.388453830987545007e+04 1.729563236429825087e-03
3.202630819615568392e+00 8.443518785960298700e+00 1.193700197384150119e+00 2.733399502176199567e-03 4.057436124121318244e+01 1.549994700000000059e+01 7.954442999999999930e-01 3.681439999999999824e+00 2.388453830987545007e+04 1.729563236429825087e-03
3.202630771892651218e+00 8.443518911778532754e+00 1.193700197384150119e+00 2.733399502176199567e-03 4.057436124121318244e+01 1.549994700000000059e+01 7.954442999999999930e-01 3.681439999999999824e+00 2.388453830987545007e+04 1.729563236429825087e-03
3.202630771892651218e+00 8.443518785960298700e+00 1.193700215171669132e+00 2.733399502176199567e-03 4.057436124121318244e+01 1.549994700000000059e+01 7.954442999999999930e-01 3.681439999999999824e+00 2.388453830987545007e+04 1.729563236429825087e-03
3.202630771892651218e+00 8.443518785960298700e+00 1.193700197384150119e+00 2.733414403337393415e-03 4.057436124121318244e+01 1.549994700000000059e+01 7.954442999999999930e-01 3.681439999999999824e+00 2.388453830987545007e+04 1.729563236429825087e-03
3.202630771892651218e+00 8.443518785960298700e+00 1.193700197384150119e+00 2.733399502176199567e-03 4.057436184581828087e+01 1.549994700000000059e+01 7.954442999999999930e-01 3.681439999999999824e+00 2.388453830987545007e+04 1.729563236429825087e-03
3.202630771892651218e+00 8.443518785960298700e+00 1.193700197384150119e+00 2.733399502176199567e-03 4.057436124121318244e+01 1.549994700000000059e+01 7.954442999999999930e-01 3.681439999999999824e+00 2.388453866578280577e+04 1.729563236429825087e-03
3.202630771892651218e+00 8.443518785960298700e+00 1.193700197384150119e+00 2.733399502176199567e-03 4.057436124121318244e+01 1.549994700000000059e+01 7.954442999999999930e-01 3.681439999999999824e+00 2.388453830987545007e+04 1.729578137591018935e-03
3.181760073266608480e+00 8.997458631558073350e+00 1.160262496119782716e+00 9.286171323444883038e-04 4.035106689425421678e+01 1.549994700000000059e+01 7.954442999999999930e-01 3.681439999999999824e+00 2.146143555059770370e+04 1.129814822175072633e-03
3.181760120678528203e+00 8.997458631558073350e+00 1.160262496119782716e+00 9.286171323444883038e-04 4.035106689425421678e+01 1.549994700000000059e+01 7.954442999999999930e-01 3.681439999999999824e+00 2.146143555059770370e+04 1.129814822175072633e-03
3.181760073266608480e+00 8.997458765630653943e+00 1.160262496119782716e+00 9.286171323444883038e-04 4.035106689425421678e+01 1.549994700000000059e+01 7.954442999999999930e-01 3.681439999999999824e+00 2.146143555059770370e+04 1.129814822175072633e-03
3.181760073266608480e+00 8.997458631558073350e+00 1.160262513409041185e+00 9.286171323444883038e-04 4.035106689425421678e+01 1.549994700000000059e+01 7.954442999999999930e-01 3.681439999999999824e+00 2.146143555059770370e+04 1.129814822175072633e-03
3.181760073266608480e+00 8.997458631558073350e+00 1.160262496119782716e+00 9.286320335056821515e-04 4.035106689425421678e+01 1.549994700000000059e+01 7.954442999999999930e-01 3.681439999999999824e+00 2.146143555059770370e+04 1.129814822175072633e-03
3.181760073266608480e+00 8.997458631558073350e+00 1.160262496119782716e+00 9.286171323444883038e-04 4.035106749553197147e+01 1.549994700000000059e+01 7.954442999999999930e-01 3.681439999999999824e+00 2.146143555059770370e+04 1.129814822175072633e-03
3.181760073266608480e+00 8.997458631558073350e+00 1.160262496119782716e+00 9.286171323444883038e-04 4.035106689425421678e+01 1.549994700000000059e+01 7.954442999999999930e-01 3.681439999999999824e+00 2.146143587039801423e+04 1.129814822175072633e-03
3.181760073266608480e+00 8.997458631558073350e+00 1.160262496119782716e+00 9.286171323444883038e-04 4.035106689425421678e+01 1.549994700000000059e+01 7.954442999999999930e-01 3.681439999999999824e+00 2.146143555059770370e+04 1.129829723336266481e-03
3.180002550695630426e+00 9.055614706311105877e+00 1.155049051619762457e+00 8.973337572918822476e-04 4.032738725311284611e+01 1.549994700000000059e+01 7.954442999999999930e-01 3.681439999999999824e+00 2.144574694470614486e+04 1.091174229926640321e-03
3.180002598081360876e+00 9.055614706311105877e+00 1.155049051619762457e+00 8.973337572918822476e-04 4.032738725311284611e+01 1.549994700000000059e+01 7.954442999999999930e-01 3.681439999999999824e+00 2.144574694470614486e+04 1.091174229926640321e-03
3.180002550695630426e+00 9.055614841250280378e+00 1.155049051619762457e+00 8.973337572918822476e-04 4.032738725311284611e+01 1.549994700000000059e+01 7.954442999999999930e-01 3.681439999999999824e+00 2.144574694470614486e+04 1.091174229926640321e-03
3.180002550695630426e+00 9.055614706311105877e+00 1.155049068831334624e+00 8.973337572918822476e-04 4.032738725311284611e+01 1.549994700000000059e+01 7.954442999999999930e-01 3.681439999999999824e+00 2.144574694470614486e+04 1.091174229926640321e-03
3.180002550695630426e+00 9.055614706311105877e+00 1.155049051619762457e+00 8.973486584530760953e-04 4.032738725311284611e+01 1.549994700000000059e+01 7.954442999999999930e-01 3.681439999999999824e+00 2.144574694470614486e+04 1.091174229926640321e-03
3.180002550695630426e+00 9.055614706311105877e+00 1.155049051619762457e+00 8.973337572918822476e-04 4.032738785403774529e+01 1.549994700000000059e+01 7.954442999999999930e-01 3.681439999999999824e+00 2.144574694470614486e+04 1.091174229926640321e-03
3.180002550695630426e+00 9.055614706311105877e+00 1.155049051619762457e+00 8.973337572918822476e-04 4.032738725311284611e+01 1.549994700000000059e+01 7.954442999999999930e-01 3.681439999999999824e+00 2.144574726427267524e+04 1.091174229926640321e-03
3.180002550695630426e+00 9.055614706311105877e+00 1.155049051619762457e+00 8.973337572918822476e-04 4.032738725311284611e+01 1.549994700000000059e+01 7.954442999999999930e-01 3.681439999999999824e+00 2.144574694470614486e+04 1.091189131087834168e-03
3.179918121909660389e+00 9.055820912133096812e+00 1.155342211657802709e+00 1.829994009885096626e-02 4.035500141468581603e+01 1.549994700000000059e+01 7.954442999999999930e-01 3.681439999999999824e+00 2.144325453951884265e+04 1.090507477571877335e-03
3.179918169294132735e+00 9.055820912133096812e+00 1.155342211657802709e+00 1.829994009885096626e-02 4.035500141468581603e+01 1.549994700000000059e+01 7.954442999999999930e-01 3.681439999999999824e+00 2.144325453951884265e+04 1.090507477571877335e-03
3.179918121909660389e+00 9.055821047075344410e+00 1.155342211657802709e+00 1.829994009885096626e-02 4.035500141468581603e+01 1.549994700000000059e+01 7.954442999999999930e-01 3.681439999999999824e+00 2.144325453951884265e+04 1.090507477571877335e-03
3.179918121909660389e+00 9.055820912133096812e+00 1.155342228873743160e+00 1.829994009885096626e-02 4.035500141468581603e+01 1.549994700000000059e+01 7.954442999999999930e-01 3.681439999999999824e+00 2.144325453951884265e+04 1.090507477571877335e-03
3.179918121909660389e+00 9.055820912133096812e+00 1.155342211657802709e+00 1.829995500001216011e-02 4.035500141468581603e+01 1.549994700000000059e+01 7.954442999999999930e-01 3.681439999999999824e+00 2.144325453951884265e+04 1.090507477571877335e-03
3.179918121909660389e+00 9.055820912133096812e+00 1.155342211657802709e+00 1.829994009885096626e-02 4.035500201602219761e+01 1.549994700000000059e+01 7.954442999999999930e-01 3.681439999999999824e+00 2.144325453951884265e+04 1.090507477571877335e-03
3.179918121909660389e+00 9.055820912133096812e+00 1.155342211657802709e+00 1.829994009885096626e-02 4.035500141468581603e+01 1.549994700000000059e+01 7.954442999999999930e-01 3.681439999999999824e+00 2.144325485904823654e+04 1.090507477571877335e-03
3.179918121909660389e+00 9.055820912133096812e+00 1.155342211657802709e+00 1.829994009885096626e-02 4.035500141468581603e+01 1.549994700000000059e+01 7.954442999999999930e-01 3.681439999999999824e+00 2.144325453951884265e+04 1.090522378733071182e-03
3.178221984140270351e+00 9.054146742616334009e+00 1.155559618659808940e+00 4.025538995416751142e-03 4.056752527821437582e+01 1.549994700000000059e+01 7.954442999999999930e-01 3.681439999999999824e+00 2.143127280619658995e+04 1.087111665212987322e-03
3.178222031499468248e+00 9.054146742616334009e+00 1.155559618659808940e+00 4.025538995416751142e-03 4.056752527821437582e+01 1.549994700000000059e+01 7.954442999999999930e-01 3.681439999999999824e+00 2.143127280619658995e+04 1.087111665212987322e-03
3.178221984140270351e+00 9.054146877533634452e+00 1.155559618659808940e+00 4.025538995416751142e-03 4.056752527821437582e+01 1.549994700000000059e+01 7.954442999999999930e-01 3.681439999999999824e+00 2.143127280619658995e+04 1.087111665212987322e-03
3.178221984140270351e+00 9.054146742616334009e+00 1.155559635878989022e+00 4.025538995416751142e-03 4.056752527821437582e+01 1.549994700000000059e+01 7.954442999999999930e-01 3.681439999999999824e+00 2.143127280619658995e+04 1.087111665212987322e-03
3.178221984140270351e+00 9.054146742616334009e+00 1.155559618659808940e+00 4.025553896577944990e-03 4.056752527821437582e+01 1.549994700000000059e+01 7.954442999999999930e-01 3.681439999999999824e+00 2.143127280619658995e+04 1.087111665212987322e-03
3.178221984140270351e+00 9.054146742616334009e+00 1.155559618659808940e+00 4.025538995416751142e-03 4.056752588271761084e+01 1.549994700000000059e+01 7.954442999999999930e-01 3.681439999999999824e+00 2.143127280619658995e+04 1.087111665212987322e-03
3.178221984140270351e+00 9.054146742616334009e+00 1.155559618659808940e+00 4.025538995416751142e-03 4.056752527821437582e+01 1.549994700000000059e+01 7.954442999999999930e-01 3.681439999999999824e+00 2.143127312554743912e+04 1.087111665212987322e-03
3.178221984140270351e+00 9.054146742616334009e+00 1.155559618659808940e+00 4.025538995416751142e-03 4.056752527821437582e+01 1.549994700000000059e+01 7.954442999999999930e-01 3.681439999999999824e+00 2.143127280619658995e+04 1.087126566374181169e-03
3.167908240780974882e+00 9.389852535310442505e+00 1.138857743400228495e+00 1.329158489356856241e-03 4.043148119857193024e+01 1.549994700000000059e+01 7.954442999999999930e-01 3.681439999999999824e+00 2.021621051330885894e+04 7.361702437031914913e-04
3.175171062087251084e+00 9.139748479739671083e+00 1.152102320715908457e+00 1.814165660140371582e-03 4.055267738103331965e+01 1.549994700000000059e+01 7.954442999999999930e-01 3.681439999999999824e+00 2.112755517433563364e+04 9.991009099276321019e-04
3.175171109400986680e+00 9.139748479739671083e+00 1.152102320715908457e+00 1.814165660140371582e-03 4.055267738103331965e+01 1.549994700000000059e+01 7.954442999999999930e-01 3.681439999999999824e+00 2.112755517433563364e+04 9.991009099276321019e-04
3.175171062087251084e+00 9.139748615932536069e+00 1.152102320715908457e+00 1.814165660140371582e-03 4.055267738103331965e+01 1.549994700000000059e+01 7.954442999999999930e-01 3.681439999999999824e+00 2.112755517433563364e+04 9.991009099276321019e-04
3.175171062087251084e+00 9.139748479739671083e+00 1.152102337883570859e+00 1.814165660140371582e-03 4.055267738103331965e+01 1.549994700000000059e+01 7.954442999999999930e-01 3.681439999999999824e+00 2.112755517433563364e+04 9.991009099276321019e-04
3.175171062087251084e+00 9.139748479739671083e+00 1.152102320715908457e+00 1.814180561301565429e-03 4.055267738103331965e+01 1.549994700000000059e+01 7.954442999999999930e-01 3.681439999999999824e+00 2.112755517433563364e+04 9.991009099276321019e-04
3.175171062087251084e+00 9.139748479739671083e+00 1.152102320715908457e+00 1.814165660140371582e-03 4.055267798531529877e+01 1.549994700000000059e+01 7.954442999999999930e-01 3.681439999999999824e+00 2.112755517433563364e+04 9.991009099276321019e-04
3.175171062087251084e+00 9.139748479739671083e+00 1.152102320715908457e+00 1.814165660140371582e-03 4.055267738103331965e+01 1.549994700000000059e+01 7.954442999999999930e-01 3.681439999999999824e+00 2.112755548916073894e+04 9.991009099276321019e-04
3.175171062087251084e+00 9.139748479739671083e+00 1.152102320715908457e+00 1.814165660140371582e-03 4.055267738103331965e+01 1.549994700000000059e+01 7.954442999999999930e-01 3.681439999999999824e+00 2.112755517433563364e+04 9.991158110888259496e-04
3.174864927247361468e+00 9.145316050362072957e+00 1.151940232023543009e+00 1.346663315832950184e-03 4.054884467991915642e+01 1.549994700000000059e+01 7.954442999999999930e-01 3.681439999999999824e+00 2.112340175682986592e+04 9.967472690980941526e-04
3.174864974556535380e+00 9.145316050362072957e+00 1.151940232023543009e+00 1.346663315832950184e-03 4.054884467991915642e+01 1.549994700000000059e+01 7.954442999999999930e-01 3.681439999999999824e+00 2.112340175682986592e+04 9.967472690980941526e-04
3.174864927247361468e+00 9.145316186637900913e+00 1.151940232023543009e+00 1.346663315832950184e-03 4.054884467991915642e+01 1.549994700000000059e+01 7.954442999999999930e-01 3.681439999999999824e+00 2.112340175682986592e+04 9.967472690980941526e-04
3.174864927247361468e+00 9.145316050362072957e+00 1.151940249188790011e+00 1.346663315832950184e-03 4.054884467991915642e+01 1.549994700000000059e+01 7.954442999999999930e-01 3.681439999999999824e+00 2.112340175682986592e+04 9.967472690980941526e-04
3.174864927247361468e+00 9.145316050362072957e+00 1.151940232023543009e+00 1.346678216994144032e-03 4.054884467991915642e+01 1.549994700000000059e+01 7.954442999999999930e-01 3.681439999999999824e+00 2.112340175682986592e+04 9.967472690980941526e-04
3.174864927247361468e+00 9.145316050362072957e+00 1.151940232023543009e+00 1.346663315832950184e-03 4.054884528414402922e+01 1.549994700000000059e+01 7.954442999999999930e-01 3.681439999999999824e+00 2.112340175682986592e+04 9.967472690980941526e-04
3.174864927247361468e+00 9.145316050362072957e+00 1.151940232023543009e+00 1.346663315832950184e-03 4.054884467991915642e+01 1.549994700000000059e+01 7.954442999999999930e-01 3.681439999999999824e+00 2.112340207159308193e+04 9.967472690980941526e-04
3.174864927247361468e+00 9.145316050362072957e+00 1.151940232023543009e+00 1.346663315832950184e-03 4.054884467991915642e+01 1.549994700000000059e+01 7.954442999999999930e-01 3.681439999999999824e+00 2.112340175682986592e+04 9.967621702592880002e-04
3.166631395022631246e+00 9.378872632367475148e+00 1.140031393456094388e+00 9.686965323779553154e-05 4.045582757718723599e+01 1.549994700000000059e+01 7.954442999999999930e-01 3.681439999999999824e+00 2.030906203534748056e+04 7.567756168843917716e-04
3.166631442209116187e+00 9.378872632367475148e+00 1.140031393456094388e+00 9.686965323779553154e-05 4.045582757718723599e+01 1.549994700000000059e+01 7.954442999999999930e-01 3.681439999999999824e+00 2.030906203534748056e+04 7.567756168843917716e-04
3.166631395022631246e+00 9.378872772123568069e+00 1.140031393456094388e+00 9.686965323779553154e-05 4.045582757718723599e+01 1.549994700000000059e+01 7.954442999999999930e-01 3.681439999999999824e+00 2.030906203534748056e+04 7.567756168843917716e-04
3.166631395022631246e+00 9.378872632367475148e+00 1.140031410443886006e+00 9.686965323779553154e-05 4.045582757718723599e+01 1.549994700000000059e+01 7.954442999999999930e-01 3.681439999999999824e+00 2.030906203534748056e+04 7.567756168843917716e-04
3.166631395022631246e+00 9.378872632367475148e+00 1.140031393456094388e+00 9.688455439898937920e-05 4.045582757718723599e+01 1.549994700000000059e+01 7.954442999999999930e-01 3.681439999999999824e+00 2.030906203534748056e+04 7.567756168843917716e-04
3.166631395022631246e+00 9.378872632367475148e+00 1.140031393456094388e+00 9.686965323779553154e-05 4.045582818002604597e+01 1.549994700000000059e+01 7.954442999999999930e-01 3.681439999999999824e+00 2.030906203534748056e+04 7.567756168843917716e-04
3.166631395022631246e+00 9.378872632367475148e+00 1.140031393456094388e+00 9.686965323779553154e-05 4.045582757718723599e+01 1.549994700000000059e+01 7.954442999999999930e-01 3.681439999999999824e+00 2.030906233797608729e+04 7.567756168843917716e-04
3.166631395022631246e+00 9.378872632367475148e+00 1.140031393456094388e+00 9.686965323779553154e-05 4.045582757718723599e+01 1.549994700000000059e+01 7.954442999999999930e-01 3.681439999999999824e+00 2.030906203534748056e+04 7.567905180455856192e-04
3.166669696762705488e+00 9.378947266240162506e+00 1.140092689913425383e+00 7.475859105373306931e-03 4.045582940754602674e+01 1.549994700000000059e+01 7.954442999999999930e-01 3.681439999999999824e+00 2.030898452384172924e+04 7.567541726244024014e-04
3.166669743949761084e+00 9.378947266240162506e+00 1.140092689913425383e+00 7.475859105373306931e-03 4.045582940754602674e+01 1.549994700000000059e+01 7.954442999999999930e-01 3.681439999999999824e+00 2.030898452384172924e+04 7.567541726244024014e-04
3.166669696762705488e+00 9.378947405997367426e+00 1.140092689913425383e+00 7.475859105373306931e-03 4.045582940754602674e+01 1.549994700000000059e+01 7.954442999999999930e-01 3.681439999999999824e+00 2.030898452384172924e+04 7.567541726244024014e-04
3.166669696762705488e+00 9.378947266240162506e+00 1.140092706902130271e+00 7.475859105373306931e-03 4.045582940754602674e+01 1.549994700000000059e+01 7.954442999999999930e-01 3.681439999999999824e+00 2.030898452384172924e+04 7.567541726244024014e-04
3.166669696762705488e+00 9.378947266240162506e+00 1.140092689913425383e+00 7.475874006534500779e-03 4.045582940754602674e+01 1.549994700000000059e+01 7.954442999999999930e-01 3.681439999999999824e+00 2.030898452384172924e+04 7.567541726244024014e-04
3.166669696762705488e+00 9.378947266240162506e+00 1.140092689913425383e+00 7.475859105373306931e-03 4.045583001038486515e+01 1.549994700000000059e+01 7.954442999999999930e-01 3.681439999999999824e+00 2.030898452384172924e+04 7.567541726244024014e-04
3.166669696762705488e+00 9.378947266240162506e+00 1.140092689913425383e+00 7.475859105373306931e-03 4.045582940754602674e+01 1.549994700000000059e+01 7.954442999999999930e-01 3.681439999999999824e+00 2.030898482646918274e+04 7.567541726244024014e-04
3.166669696762705488e+00 9.378947266240162506e+00 1.140092689913425383e+00 7.475859105373306931e-03 4.045582940754602674e+01 1.549994700000000059e+01 7.954442999999999930e-01 3.681439999999999824e+00 2.030898452384172924e+04 7.567690737855962491e-04
3.121814617739107067e+00 9.275130793609889679e+00 1.139783897773003929e+00 2.717269573599584952e-03 4.511171638570376530e+01 1.549994700000000059e+01 7.954442999999999930e-01 3.681439999999999824e+00 2.031481481115881252e+04 7.493392402361595409e-04
3.157618278468838025e+00 9.366178772287490517e+00 1.139718474687378968e+00 2.461330218856069840e-03 4.145042407394438300e+01 1.549994700000000059e+01 7.954442999999999930e-01 3.681439999999999824e+00 2.031027503570407862e+04 7.481628706318637191e-04
3.165347102940803126e+00 9.385848780386488954e+00 1.139703563418400734e+00 2.392486990027261652e-03 4.066001917031196200e+01 1.549994700000000059e+01 7.954442999999999930e-01 3.681439999999999824e+00 2.030925132054803544e+04 7.478947436169397587e-04
3.165347150108150487e+00 9.385848780386488954e+00 1.139703563418400734e+00 2.392486990027261652e-03 4.066001917031196200e+01 1.549994700000000059e+01 7.954442999999999930e-01 3.681439999999999824e+00 2.030925132054803544e+04 7.478947436169397587e-04
3.165347102940803126e+00 9.385848920246534277e+00 1.139703563418400734e+00 2.392486990027261652e-03 4.066001917031196200e+01 1.549994700000000059e+01 7.954442999999999930e-01 3.681439999999999824e+00 2.030925132054803544e+04 7.478947436169397587e-04
3.165347102940803126e+00 9.385848780386488954e+00 1.139703580401307148e+00 2.392486990027261652e-03 4.066001917031196200e+01 1.549994700000000059e+01 7.954442999999999930e-01 3.681439999999999824e+00 2.030925132054803544e+04 7.478947436169397587e-04
3.165347102940803126e+00 9.385848780386488954e+00 1.139703563418400734e+00 2.392501891188455500e-03 4.066001917031196200e+01 1.549994700000000059e+01 7.954442999999999930e-01 3.681439999999999824e+00 2.030925132054803544e+04 7.478947436169397587e-04
3.165347102940803126e+00 9.385848780386488954e+00 1.139703563418400734e+00 2.392486990027261652e-03 4.066001977619346519e+01 1.549994700000000059e+01 7.954442999999999930e-01 3.681439999999999824e+00 2.030925132054803544e+04 7.478947436169397587e-04
3.165347102940803126e+00 9.385848780386488954e+00 1.139703563418400734e+00 2.392486990027261652e-03 4.066001917031196200e+01 1.549994700000000059e+01 7.954442999999999930e-01 3.681439999999999824e+00 2.030925162317946160e+04 7.478947436169397587e-04
3.165347102940803126e+00 9.385848780386488954e+00 1.139703563418400734e+00 2.392486990027261652e-03 4.066001917031196200e+01 1.549994700000000059e+01 7.954442999999999930e-01 3.681439999999999824e+00 2.030925132054803544e+04 7.479096447781336063e-04
3.165859927896606418e+00 9.375332225228753202e+00 1.140236676875795885e+00 4.510421862405892060e-03 4.066016561869702883e+01 1.549994700000000059e+01 7.954442999999999930e-01 3.681439999999999824e+00 2.034569687915289978e+04 7.581331846233443092e-04
3.165859975071595667e+00 9.375332225228753202e+00 1.140236676875795885e+00 4.510421862405892060e-03 4.066016561869702883e+01 1.549994700000000059e+01 7.954442999999999930e-01 3.681439999999999824e+00 2.034569687915289978e+04 7.581331846233443092e-04
3.165859927896606418e+00 9.375332364932090101e+00 1.140236676875795885e+00 4.510421862405892060e-03 4.066016561869702883e+01 1.549994700000000059e+01 7.954442999999999930e-01 3.681439999999999824e+00 2.034569687915289978e+04 7.581331846233443092e-04
3.165859927896606418e+00 9.375332225228753202e+00 1.140236693866646389e+00 4.510421862405892060e-03 4.066016561869702883e+01 1.549994700000000059e+01 7.954442999999999930e-01 3.681439999999999824e+00 2.034569687915289978e+04 7.581331846233443092e-04
3.165859927896606418e+00 9.375332225228753202e+00 1.140236676875795885e+00 4.510436763567085908e-03 4.066016561869702883e+01 1.549994700000000059e+01 7.954442999999999930e-01 3.681439999999999824e+00 2.034569687915289978e+04 7.581331846233443092e-04
3.165859927896606418e+00 9.375332225228753202e+00 1.140236676875795885e+00 4.510421862405892060e-03 4.066016622458071339e+01 1.549994700000000059e+01 7.954442999999999930e-01 3.681439999999999824e+00 2.034569687915289978e+04 7.581331846233443092e-04
3.165859927896606418e+00 9.375332225228753202e+00 1.140236676875795885e+00 4.510421862405892060e-03 4.066016561869702883e+01 1.549994700000000059e+01 7.954442999999999930e-01 3.681439999999999824e+00 2.034569718232740706e+04 7.581331846233443092e-04
3.165859927896606418e+00 9.375332225228753202e+00 1.140236676875795885e+00 4.510421862405892060e-03 4.066016561869702883e+01 1.549994700000000059e+01 7.954442999999999930e-01 3.681439999999999824e+00 2.034569687915289978e+04 7.581480857845381569e-04
3.166469590329022310e+00 9.356296850148453359e+00 1.141918062392443423e+00 7.916803999895431244e-04 4.066333640875536304e+01 1.549994700000000059e+01 7.954442999999999930e-01 3.681439999999999824e+00 2.040328861543161838e+04 7.757997743941493678e-04
3.166074290631193389e+00 9.372179683809159556e+00 1.140513370591825781e+00 2.482498300604924282e-04 4.066050214905219917e+01 1.549994700000000059e+01 7.954442999999999930e-01 3.681439999999999824e+00 2.035706766937008433e+04 7.614492011981799499e-04
3.166074337809376527e+00 9.372179683809159556e+00 1.140513370591825781e+00 2.482498300604924282e-04 4.066050214905219917e+01 1.549994700000000059e+01 7.954442999999999930e-01 3.681439999999999824e+00 2.035706766937008433e+04 7.614492011981799499e-04
3.166074290631193389e+00 9.372179823465518922e+00 1.140513370591825781e+00 2.482498300604924282e-04 4.066050214905219917e+01 1.549994700000000059e+01 7.954442999999999930e-01 3.681439999999999824e+00 2.035706766937008433e+04 7.614492011981799499e-04
3.166074290631193389e+00 9.372179683809159556e+00 1.140513387586799432e+00 2.482498300604924282e-04 4.066050214905219917e+01 1.549994700000000059e+01 7.954442999999999930e-01 3.681439999999999824e+00 2.035706766937008433e+04 7.614492011981799499e-04
3.166074290631193389e+00 9.372179683809159556e+00 1.140513370591825781e+00 2.482647312216862759e-04 4.066050214905219917e+01 1.549994700000000059e+01 7.954442999999999930e-01 3.681439999999999824e+00 2.035706766937008433e+04 7.614492011981799499e-04
3.166074290631193389e+00 9.372179683809159556e+00 1.140513370591825781e+00 2.482498300604924282e-04 4.066050275494089306e+01 1.549994700000000059e+01 7.954442999999999930e-01 3.681439999999999824e+00 2.035706766937008433e+04 7.614492011981799499e-04
3.166074290631193389e+00 9.372179683809159556e+00 1.140513370591825781e+00 2.482498300604924282e-04 4.066050214905219917e+01 1.549994700000000059e+01 7.954442999999999930e-01 3.681439999999999824e+00 2.035706797271403047e+04 7.614492011981799499e-04
3.166074290631193389e+00 9.372179683809159556e+00 1.140513370591825781e+00 2.482498300604924282e-04 4.066050214905219917e+01 1.549994700000000059e+01 7.954442999999999930e-01 3.681439999999999824e+00 2.035706766937008433e+04 7.614641023593737975e-04
3.166062708163249972e+00 9.372326866716344185e+00 1.140371184014664863e+00 5.034500336011696027e-05 4.066440714868583228e+01 1.549994700000000059e+01 7.954442999999999930e-01 3.681439999999999824e+00 2.035727108259976012e+04 7.615951152746245918e-04
3.166062755341260804e+00 9.372326866716344185e+00 1.140371184014664863e+00 5.034500336011696027e-05 4.066440714868583228e+01 1.549994700000000059e+01 7.954442999999999930e-01 3.681439999999999824e+00 2.035727108259976012e+04 7.615951152746245918e-04
3.166062708163249972e+00 9.372327006374897351e+00 1.140371184014664863e+00 5.034500336011696027e-05 4.066440714868583228e+01 1.549994700000000059e+01 7.954442999999999930e-01 3.681439999999999824e+00 2.035727108259976012e+04 7.615951152746245918e-04
3.166062708163249972e+00 9.372326866716344185e+00 1.140371201007519764e+00 5.034500336011696027e-05 4.066440714868583228e+01 1.549994700000000059e+01 7.954442999999999930e-01 3.681439999999999824e+00 2.035727108259976012e+04 7.615951152746245918e-04
3.166062708163249972e+00 9.372326866716344185e+00 1.140371184014664863e+00 5.035990452131080793e-05 4.066440714868583228e+01 1.549994700000000059e+01 7.954442999999999930e-01 3.681439999999999824e+00 2.035727108259976012e+04 7.615951152746245918e-04
3.166062708163249972e+00 9.372326866716344185e+00 1.140371184014664863e+00 5.034500336011696027e-05 4.066440775463271962e+01 1.549994700000000059e+01 7.954442999999999930e-01 3.681439999999999824e+00 2.035727108259976012e+04 7.615951152746245918e-04
3.166062708163249972e+00 9.372326866716344185e+00 1.140371184014664863e+00 5.034500336011696027e-05 4.066440714868583228e+01 1.549994700000000059e+01 7.954442999999999930e-01 3.681439999999999824e+00 2.035727138594673670e+04 7.615951152746245918e-04
3.166062708163249972e+00 9.372326866716344185e+00 1.140371184014664863e+00 5.034500336011696027e-05 4.066440714868583228e+01 1.549994700000000059e+01 7.954442999999999930e-01 3.681439999999999824e+00 2.035727108259976012e+04 7.616100164358184394e-04
3.166001010220445888e+00 9.371978491862996918e+00 1.140369177332218653e+00 2.316784531778140683e-06 4.067215558377198903e+01 1.549994700000000059e+01 7.954442999999999930e-01 3.681439999999999824e+00 2.035767862779718416e+04 7.616937860930696799e-04
3.166001057397537455e+00 9.371978491862996918e+00 1.140369177332218653e+00 2.316784531778140683e-06 4.067215558377198903e+01 1.549994700000000059e+01 7.954442999999999930e-01 3.681439999999999824e+00 2.035767862779718416e+04 7.616937860930696799e-04
3.166001010220445888e+00 9.371978631516359570e+00 1.140369177332218653e+00 2.316784531778140683e-06 4.067215558377198903e+01 1.549994700000000059e+01 7.954442999999999930e-01 3.681439999999999824e+00 2.035767862779718416e+04 7.616937860930696799e-04
3.166001010220445888e+00 9.371978491862996918e+00 1.140369194325043578e+00 2.316784531778140683e-06 4.067215558377198903e+01 1.549994700000000059e+01 7.954442999999999930e-01 3.681439999999999824e+00 2.035767862779718416e+04 7.616937860930696799e-04
3.166001010220445888e+00 9.371978491862996918e+00 1.140369177332218653e+00 2.331685692971988339e-06 4.067215558377198903e+01 1.549994700000000059e+01 7.954442999999999930e-01 3.681439999999999824e+00 2.035767862779718416e+04 7.616937860930696799e-04
3.166001010220445888e+00 9.371978491862996918e+00 1.140369177332218653e+00 2.316784531778140683e-06 4.067215618983433245e+01 1.549994700000000059e+01 7.954442999999999930e-01 3.681439999999999824e+00 2.035767862779718416e+04 7.616937860930696799e-04
3.166001010220445888e+00 9.371978491862996918e+00 1.140369177332218653e+00 2.316784531778140683e-06 4.067215558377198903e+01 1.549994700000000059e+01 7.954442999999999930e-01 3.681439999999999824e+00 2.035767893115023617e+04 7.616937860930696799e-04
3.166001010220445888e+00 9.371978491862996918e+00 1.140369177332218653e+00 2.316784531778140683e-06 4.067215558377198903e+01 1.549994700000000059e+01 7.954442999999999930e-01 3.681439999999999824e+00 2.035767862779718416e+04 7.617086872542635275e-04
3.166556009494816415e+00 9.373446182965878393e+00 1.140391610307788017e+00 5.110067000259607274e-08 4.060224317563694996e+01 1.549994700000000059e+01 7.954442999999999930e-01 3.681439999999999824e+00 2.035849375808014156e+04 7.619498212015322772e-04
3.166531924523422248e+00 9.373581829222633388e+00 1.140373460667359451e+00 5.296105709055781626e-08 4.060461186526350730e+01 1.549994700000000059e+01 7.954442999999999930e-01 3.681439999999999824e+00 2.035788214213443280e+04 7.617600948175973479e-04
3.166464479548277478e+00 9.373423669495876354e+00 1.140368901181865402e+00 6.115127439342351467e-08 4.061299072819645062e+01 1.549994700000000059e+01 7.954442999999999930e-01 3.681439999999999824e+00 2.035772868303811993e+04 7.617124480747317246e-04
3.166293899364079678e+00 9.372903156526485091e+00 1.140367731247158511e+00 9.843248370628229901e-08 4.063457335601177078e+01 1.549994700000000059e+01 7.954442999999999930e-01 3.681439999999999824e+00 2.035768978635160238e+04 7.617002638301450428e-04
3.166095667921013046e+00 9.372285794746577636e+00 1.140367442058553227e+00 2.841803535502859169e-07 4.065969496665815797e+01 1.549994700000000059e+01 7.954442999999999930e-01 3.681439999999999824e+00 2.035768073548237589e+04 7.616973172425778923e-04
3.166095715099515040e+00 9.372285794746577636e+00 1.140367442058553227e+00 2.841803535502859169e-07 4.065969496665815797e+01 1.549994700000000059e+01 7.954442999999999930e-01 3.681439999999999824e+00 2.035768073548237589e+04 7.616973172425778923e-04
3.166095667921013046e+00 9.372285934404519736e+00 1.140367442058553227e+00 2.841803535502859169e-07 4.065969496665815797e+01 1.549994700000000059e+01 7.954442999999999930e-01 3.681439999999999824e+00 2.035768073548237589e+04 7.616973172425778923e-04
3.166095667921013046e+00 9.372285794746577636e+00 1.140367459051352395e+00 2.841803535502859169e-07 4.065969496665815797e+01 1.549994700000000059e+01 7.954442999999999930e-01 3.681439999999999824e+00 2.035768073548237589e+04 7.616973172425778923e-04
3.166095667921013046e+00 9.372285794746577636e+00 1.140367442058553227e+00 2.990815147441335732e-07 4.065969496665815797e+01 1.549994700000000059e+01 7.954442999999999930e-01 3.681439999999999824e+00 2.035768073548237589e+04 7.616973172425778923e-04
3.166095667921013046e+00 9.372285794746577636e+00 1.140367442058553227e+00 2.841803535502859169e-07 4.065969557253482947e+01 1.549994700000000059e+01 7.954442999999999930e-01 3.681439999999999824e+00 2.035768073548237589e+04 7.616973172425778923e-04
3.166095667921013046e+00 9.372285794746577636e+00 1.140367442058553227e+00 2.841803535502859169e-07 4.065969496665815797e+01 1.549994700000000059e+01 7.954442999999999930e-01 3.681439999999999824e+00 2.035768103883545700e+04 7.616973172425778923e-04
3.166095667921013046e+00 9.372285794746577636e+00 1.140367442058553227e+00 2.841803535502859169e-07 4.065969496665815797e+01 1.549994700000000059e+01 7.954442999999999930e-01 3.681439999999999824e+00 2.035768073548237589e+04 7.617122184037717399e-04
3.166099647252144766e+00 9.372281735348177989e+00 1.140368726827148738e+00 4.007493915575097269e-08 4.065975904503655869e+01 1.549994700000000059e+01 7.954442999999999930e-01 3.681439999999999824e+00 2.035768138353224276e+04 7.616966255415241445e-04
3.166099694430705824e+00 9.372281735348177989e+00 1.140368726827148738e+00 4.007493915575097269e-08 4.065975904503655869e+01 1.549994700000000059e+01 7.954442999999999930e-01 3.681439999999999824e+00 2.035768138353224276e+04 7.616966255415241445e-04
3.166099647252144766e+00 9.372281875006059693e+00 1.140368726827148738e+00 4.007493915575097269e-08 4.065975904503655869e+01 1.549994700000000059e+01 7.954442999999999930e-01 3.681439999999999824e+00 2.035768138353224276e+04 7.616966255415241445e-04
3.166099647252144766e+00 9.372281735348177989e+00 1.140368743819967001e+00 4.007493915575097269e-08 4.065975904503655869e+01 1.549994700000000059e+01 7.954442999999999930e-01 3.681439999999999824e+00 2.035768138353224276e+04 7.616966255415241445e-04
3.166099647252144766e+00 9.372281735348177989e+00 1.140368726827148738e+00 5.497610034959862894e-08 4.065975904503655869e+01 1.549994700000000059e+01 7.954442999999999930e-01 3.681439999999999824e+00 2.035768138353224276e+04 7.616966255415241445e-04
3.166099647252144766e+00 9.372281735348177989e+00 1.140368726827148738e+00 4.007493915575097269e-08 4.065975965091418232e+01 1.549994700000000059e+01 7.954442999999999930e-01 3.681439999999999824e+00 2.035768138353224276e+04 7.616966255415241445e-04
3.166099647252144766e+00 9.372281735348177989e+00 1.140368726827148738e+00 4.007493915575097269e-08 4.065975904503655869e+01 1.549994700000000059e+01 7.954442999999999930e-01 3.681439999999999824e+00 2.035768168688533478e+04 7.616966255415241445e-04
3.166099647252144766e+00 9.372281735348177989e+00 1.140368726827148738e+00 4.007493915575097269e-08 4.065975904503655869e+01 1.549994700000000059e+01 7.954442999999999930e-01 3.681439999999999824e+00 2.035768138353224276e+04 7.617115267027179922e-04
3.166101805830446203e+00 9.372286996082230814e+00 1.140368555019212193e+00 5.417290615397627751e-09 4.065958184012431076e+01 1.549994700000000059e+01 7.954442999999999930e-01 3.681439999999999824e+00 2.035768295633898015e+04 7.616986494007116967e-04
3.166101853009039679e+00 9.372286996082230814e+00 1.140368555019212193e+00 5.417290615397627751e-09 4.065958184012431076e+01 1.549994700000000059e+01 7.954442999999999930e-01 3.681439999999999824e+00 2.035768295633898015e+04 7.616986494007116967e-04
3.166101805830446203e+00 9.372287135740190678e+00 1.140368555019212193e+00 5.417290615397627751e-09 4.065958184012431076e+01 1.549994700000000059e+01 7.954442999999999930e-01 3.681439999999999824e+00 2.035768295633898015e+04 7.616986494007116967e-04
3.166101805830446203e+00 9.372286996082230814e+00 1.140368572012027792e+00 5.417290615397627751e-09 4.065958184012431076e+01 1.549994700000000059e+01 7.954442999999999930e-01 3.681439999999999824e+00 2.035768295633898015e+04 7.616986494007116967e-04
3.166101805830446203e+00 9.372286996082230814e+00 1.140368555019212193e+00 2.031845180924528400e-08 4.065958184012431076e+01 1.549994700000000059e+01 7.954442999999999930e-01 3.681439999999999824e+00 2.035768295633898015e+04 7.616986494007116967e-04
3.166101805830446203e+00 9.372286996082230814e+00 1.140368555019212193e+00 5.417290615397627751e-09 4.065958244599929117e+01 1.549994700000000059e+01 7.954442999999999930e-01 3.681439999999999824e+00 2.035768295633898015e+04 7.616986494007116967e-04
3.166101805830446203e+00 9.372286996082230814e+00 1.140368555019212193e+00 5.417290615397627751e-09 4.065958184012431076e+01 1.549994700000000059e+01 7.954442999999999930e-01 3.681439999999999824e+00 2.035768325969209400e+04 7.616986494007116967e-04
3.166101805830446203e+00 9.372286996082230814e+00 1.140368555019212193e+00 5.417290615397627751e-09 4.065958184012431076e+01 1.549994700000000059e+01 7.954442999999999930e-01 3.681439999999999824e+00 2.035768295633898015e+04 7.617135505619055443e-04
3.166073458563225973e+00 9.372215572711164455e+00 1.140369665103006191e+00 4.033027570965562770e-10 4.066239852151708334e+01 1.549994700000000059e+01 7.954442999999999930e-01 3.681439999999999824e+00 2.035768610836847802e+04 7.616987985848427825e-04
3.166094183444319476e+00 9.372268279359635912e+00 1.140369594818312571e+00 1.307282310017560435e-09 4.066029527201551730e+01 1.549994700000000059e+01 7.954442999999999930e-01 3.681439999999999824e+00 2.035768374232225688e+04 7.616980672594124467e-04
3.166099474668011560e+00 9.372281736754040082e+00 1.140369576619659098e+00 3.043111163991918264e-09 4.065975832606237361e+01 1.549994700000000059e+01 7.954442999999999930e-01 3.681439999999999824e+00 2.035768315069466917e+04 7.616978904162843064e-04
3.166099521846570397e+00 9.372281736754040082e+00 1.140369576619659098e+00 3.043111163991918264e-09 4.065975832606237361e+01 1.549994700000000059e+01 7.954442999999999930e-01 3.681439999999999824e+00 2.035768315069466917e+04 7.616978904162843064e-04
3.166099474668011560e+00 9.372281876411921786e+00 1.140369576619659098e+00 3.043111163991918264e-09 4.065975832606237361e+01 1.549994700000000059e+01 7.954442999999999930e-01 3.681439999999999824e+00 2.035768315069466917e+04 7.616978904162843064e-04
3.166099474668011560e+00 9.372281736754040082e+00 1.140369593612490018e+00 3.043111163991918264e-09 4.065975832606237361e+01 1.549994700000000059e+01 7.954442999999999930e-01 3.681439999999999824e+00 2.035768315069466917e+04 7.616978904162843064e-04
3.166099474668011560e+00 9.372281736754040082e+00 1.140369576619659098e+00 1.794427235783957617e-08 4.065975832606237361e+01 1.549994700000000059e+01 7.954442999999999930e-01 3.681439999999999824e+00 2.035768315069466917e+04 7.616978904162843064e-04
3.166099474668011560e+00 9.372281736754040082e+00 1.140369576619659098e+00 3.043111163991918264e-09 4.065975893193998303e+01 1.549994700000000059e+01 7.954442999999999930e-01 3.681439999999999824e+00 2.035768315069466917e+04 7.616978904162843064e-04
3.166099474668011560e+00 9.372281736754040082e+00 1.140369576619659098e+00 3.043111163991918264e-09 4.065975832606237361e+01 1.549994700000000059e+01 7.954442999999999930e-01 3.681439999999999824e+00 2.035768345404778665e+04 7.616978904162843064e-04
3.166099474668011560e+00 9.372281736754040082e+00 1.140369576619659098e+00 3.043111163991918264e-09 4.065975832606237361e+01 1.549994700000000059e+01 7.954442999999999930e-01 3.681439999999999824e+00 2.035768315069466917e+04 7.617127915774781540e-04
