3.205843000000000220e+00 7.511125999999999969e+00 1.235333999999999932e+00 1.528337999999999867e-05 3.753042800000000057e+01 1.549994700000000059e+01 7.954442999999999930e-01 3.681439999999999824e+00 2.571453499999999985e+04 0.000000000000000000e+00
3.205843047770783549e+00 7.511125999999999969e+00 1.235333999999999932e+00 1.528337999999999867e-05 3.753042800000000057e+01 1.549994700000000059e+01 7.954442999999999930e-01 3.681439999999999824e+00 2.571453499999999985e+04 0.000000000000000000e+00
3.205843000000000220e+00 7.511126111924498971e+00 1.235333999999999932e+00 1.528337999999999867e-05 3.753042800000000057e+01 1.549994700000000059e+01 7.954442999999999930e-01 3.681439999999999824e+00 2.571453499999999985e+04 0.000000000000000000e+00
3.205843000000000220e+00 7.511125999999999969e+00 1.235334018407910905e+00 1.528337999999999867e-05 3.753042800000000057e+01 1.549994700000000059e+01 7.954442999999999930e-01 3.681439999999999824e+00 2.571453499999999985e+04 0.000000000000000000e+00
3.205843000000000220e+00 7.511125999999999969e+00 1.235333999999999932e+00 1.529828116119384633e-05 3.753042800000000057e+01 1.549994700000000059e+01 7.954442999999999930e-01 3.681439999999999824e+00 2.571453499999999985e+04 0.000000000000000000e+00
3.205843000000000220e+00 7.511125999999999969e+00 1.235333999999999932e+00 1.528337999999999867e-05 3.753042855924695687e+01 1.549994700000000059e+01 7.954442999999999930e-01 3.681439999999999824e+00 2.571453499999999985e+04 0.000000000000000000e+00
3.205843000000000220e+00 7.511125999999999969e+00 1.235333999999999932e+00 1.528337999999999867e-05 3.753042800000000057e+01 1.549994700000000059e+01 7.954442999999999930e-01 3.681439999999999824e+00 2.571453538317642960e+04 0.000000000000000000e+00
3.205843000000000220e+00 7.511125999999999969e+00 1.235333999999999932e+00 1.528337999999999867e-05 3.753042800000000057e+01 1.549994700000000059e+01 7.954442999999999930e-01 3.681439999999999824e+00 2.571453499999999985e+04 1.490116119384765625e-08
3.206916221895865782e+00 6.323080365920102253e+00 1.236033685972887319e+00 1.528512067492518849e-05 3.754375874291064719e+01 1.549994700000000059e+01 7.954442999999999930e-01 3.681439999999999824e+00 2.796873818995916736e+04 1.421287988073753703e-03
3.206916269682641207e+00 6.323080365920102253e+00 1.236033685972887319e+00 1.528512067492518849e-05 3.754375874291064719e+01 1.549994700000000059e+01 7.954442999999999930e-01 3.681439999999999824e+00 2.796873818995916736e+04 1.421287988073753703e-03
3.206916221895865782e+00 6.323080460141341952e+00 1.236033685972887319e+00 1.528512067492518849e-05 3.754375874291064719e+01 1.549994700000000059e+01 7.954442999999999930e-01 3.681439999999999824e+00 2.796873818995916736e+04 1.421287988073753703e-03
3.206916221895865782e+00 6.323080365920102253e+00 1.236033704391224619e+00 1.528512067492518849e-05 3.754375874291064719e+01 1.549994700000000059e+01 7.954442999999999930e-01 3.681439999999999824e+00 2.796873818995916736e+04 1.421287988073753703e-03
3.206916221895865782e+00 6.323080365920102253e+00 1.236033685972887319e+00 1.530002183611903614e-05 3.754375874291064719e+01 1.549994700000000059e+01 7.954442999999999930e-01 3.681439999999999824e+00 2.796873818995916736e+04 1.421287988073753703e-03
3.206916221895865782e+00 6.323080365920102253e+00 1.236033685972887319e+00 1.528512067492518849e-05 3.754375930235624992e+01 1.549994700000000059e+01 7.954442999999999930e-01 3.681439999999999824e+00 2.796873818995916736e+04 1.421287988073753703e-03
3.206916221895865782e+00 6.323080365920102253e+00 1.236033685972887319e+00 1.528512067492518849e-05 3.754375874291064719e+01 1.549994700000000059e+01 7.954442999999999930e-01 3.681439999999999824e+00 2.796873860672584487e+04 1.421287988073753703e-03
3.206916221895865782e+00 6.323080365920102253e+00 1.236033685972887319e+00 1.528512067492518849e-05 3.754375874291064719e+01 1.549994700000000059e+01 7.954442999999999930e-01 3.681439999999999824e+00 2.796873818995916736e+04 1.421302889234947551e-03
3.209816271529802201e+00 6.391902511676350152e+00 1.237155249976602756e+00 1.528763322817882370e-05 3.758030912959655723e+01 1.549994700000000059e+01 7.954442999999999930e-01 3.681439999999999824e+00 2.799667688058919521e+04 1.119809373394323095e-03
3.209816319359791947e+00 6.391902511676350152e+00 1.237155249976602756e+00 1.528763322817882370e-05 3.758030912959655723e+01 1.549994700000000059e+01 7.954442999999999930e-01 3.681439999999999824e+00 2.799667688058919521e+04 1.119809373394323095e-03
3.209816271529802201e+00 6.391902606923119734e+00 1.237155249976602756e+00 1.528763322817882370e-05 3.758030912959655723e+01 1.549994700000000059e+01 7.954442999999999930e-01 3.681439999999999824e+00 2.799667688058919521e+04 1.119809373394323095e-03
3.209816271529802201e+00 6.391902511676350152e+00 1.237155268411652465e+00 1.528763322817882370e-05 3.758030912959655723e+01 1.549994700000000059e+01 7.954442999999999930e-01 3.681439999999999824e+00 2.799667688058919521e+04 1.119809373394323095e-03
3.209816271529802201e+00 6.391902511676350152e+00 1.237155249976602756e+00 1.530253438937267135e-05 3.758030912959655723e+01 1.549994700000000059e+01 7.954442999999999930e-01 3.681439999999999824e+00 2.799667688058919521e+04 1.119809373394323095e-03
3.209816271529802201e+00 6.391902511676350152e+00 1.237155249976602756e+00 1.528763322817882370e-05 3.758030968958679807e+01 1.549994700000000059e+01 7.954442999999999930e-01 3.681439999999999824e+00 2.799667688058919521e+04 1.119809373394323095e-03
3.209816271529802201e+00 6.391902511676350152e+00 1.237155249976602756e+00 1.528763322817882370e-05 3.758030912959655723e+01 1.549994700000000059e+01 7.954442999999999930e-01 3.681439999999999824e+00 2.799667729777219211e+04 1.119809373394323095e-03
3.209816271529802201e+00 6.391902511676350152e+00 1.237155249976602756e+00 1.528763322817882370e-05 3.758030912959655723e+01 1.549994700000000059e+01 7.954442999999999930e-01 3.681439999999999824e+00 2.799667688058919521e+04 1.119824274555516943e-03
3.269124227814007355e+00 6.201895643998444285e+00 1.260745396728477186e+00 1.533874253595454178e-05 3.832378484007126218e+01 1.549994700000000059e+01 7.954442999999999930e-01 3.681439999999999824e+00 3.202428836193243478e+04 2.687446338740667046e-03
3.232973908544950703e+00 6.070116305938831225e+00 1.245675630093590502e+00 1.510804759483464730e-05 3.787054975572844739e+01 1.549994700000000059e+01 7.954442999999999930e-01 3.681439999999999824e+00 2.900357969990564743e+04 -2.312636026143041583e-04
3.223936322859899839e+00 6.037171619879773132e+00 1.241908185149361410e+00 1.505037382780414933e-05 3.775724085809898867e+01 1.549994700000000059e+01 7.954442999999999930e-01 3.681439999999999824e+00 2.824840234681373113e+04 -9.609402893674644230e-04
3.221676902967145928e+00 6.028936042200570000e+00 1.240966310771064229e+00 1.503595525904293115e-05 3.772891312750820703e+01 1.549994700000000059e+01 7.954442999999999930e-01 3.681439999999999824e+00 2.805960725819515937e+04 -1.143356266640501665e-03
3.221111954082286566e+00 6.026879523967523689e+00 1.240730789592177974e+00 1.503235010870957573e-05 3.772182916951341269e+01 1.549994700000000059e+01 7.954442999999999930e-01 3.681439999999999824e+00 2.801240548418346225e+04 -1.188947478343985609e-03
3.220970332513545031e+00 6.026375184626851400e+00 1.240671695741091929e+00 1.503144694107747102e-05 3.772004995038648900e+01 1.549994700000000059e+01 7.954442999999999930e-01 3.681439999999999824e+00 2.800059299997999915e+04 -1.200292365314713314e-03
3.220933301859911779e+00 6.026291105799263192e+00 1.240656005902896597e+00 1.503121218913649114e-05 3.771956973988546480e+01 1.549994700000000059e+01 7.954442999999999930e-01 3.681439999999999824e+00 2.799758937408400743e+04 -1.202900863790028023e-03
3.218112307017353402e+00 6.146370166321006856e+00 1.238837736751583485e+00 1.502632336665234145e-05 3.764688105247648764e+01 1.549994700000000059e+01 7.954442999999999930e-01 3.681439999999999824e+00 2.799667720378073500e+04 -4.520033066414393206e-04
3.213437224099033429e+00 6.330524224574124226e+00 1.235946025687492122e+00 1.511960240075593314e-05 3.756780218877543831e+01 1.549994700000000059e+01 7.954442999999999930e-01 3.681439999999999824e+00 2.799667691396921145e+04 7.049995144885174260e-04
3.211896898143497658e+00 6.376738010310904592e+00 1.235272534037775038e+00 1.522603026255702864e-05 3.757193631849023063e+01 1.549994700000000059e+01 7.954442999999999930e-01 3.681439999999999824e+00 2.799667688782271216e+04 9.994876465944590397e-04
3.211896946004491049e+00 6.376738010310904592e+00 1.235272534037775038e+00 1.522603026255702864e-05 3.757193631849023063e+01 1.549994700000000059e+01 7.954442999999999930e-01 3.681439999999999824e+00 2.799667688782271216e+04 9.994876465944590397e-04
3.211896898143497658e+00 6.376738105331705597e+00 1.235272534037775038e+00 1.522603026255702864e-05 3.757193631849023063e+01 1.549994700000000059e+01 7.954442999999999930e-01 3.681439999999999824e+00 2.799667688782271216e+04 9.994876465944590397e-04
3.211896898143497658e+00 6.376738010310904592e+00 1.235272552444770078e+00 1.522603026255702864e-05 3.757193631849023063e+01 1.549994700000000059e+01 7.954442999999999930e-01 3.681439999999999824e+00 2.799667688782271216e+04 9.994876465944590397e-04
3.211896898143497658e+00 6.376738010310904592e+00 1.235272534037775038e+00 1.524093142375087630e-05 3.757193631849023063e+01 1.549994700000000059e+01 7.954442999999999930e-01 3.681439999999999824e+00 2.799667688782271216e+04 9.994876465944590397e-04
3.211896898143497658e+00 6.376738010310904592e+00 1.235272534037775038e+00 1.522603026255702864e-05 3.757193687835570728e+01 1.549994700000000059e+01 7.954442999999999930e-01 3.681439999999999824e+00 2.799667688782271216e+04 9.994876465944590397e-04
3.211896898143497658e+00 6.376738010310904592e+00 1.235272534037775038e+00 1.522603026255702864e-05 3.757193631849023063e+01 1.549994700000000059e+01 7.954442999999999930e-01 3.681439999999999824e+00 2.799667730500570906e+04 9.994876465944590397e-04
3.211896898143497658e+00 6.376738010310904592e+00 1.235272534037775038e+00 1.522603026255702864e-05 3.757193631849023063e+01 1.549994700000000059e+01 7.954442999999999930e-01 3.681439999999999824e+00 2.799667688782271216e+04 9.995025477556528874e-04
3.215816662129050041e+00 6.348720148637037930e+00 1.231432732497173888e+00 1.965467362860270732e-03 3.757185645021905884e+01 1.549994700000000059e+01 7.954442999999999930e-01 3.681439999999999824e+00 2.799676080716097567e+04 7.950513595781207119e-04
3.215816710048452709e+00 6.348720148637037930e+00 1.231432732497173888e+00 1.965467362860270732e-03 3.757185645021905884e+01 1.549994700000000059e+01 7.954442999999999930e-01 3.681439999999999824e+00 2.799676080716097567e+04 7.950513595781207119e-04
3.215816662129050041e+00 6.348720243240340011e+00 1.231432732497173888e+00 1.965467362860270732e-03 3.757185645021905884e+01 1.549994700000000059e+01 7.954442999999999930e-01 3.681439999999999824e+00 2.799676080716097567e+04 7.950513595781207119e-04
3.215816662129050041e+00 6.348720148637037930e+00 1.231432750846951585e+00 1.965467362860270732e-03 3.757185645021905884e+01 1.549994700000000059e+01 7.954442999999999930e-01 3.681439999999999824e+00 2.799676080716097567e+04 7.950513595781207119e-04
3.215816662129050041e+00 6.348720148637037930e+00 1.231432732497173888e+00 1.965482264021464580e-03 3.757185645021905884e+01 1.549994700000000059e+01 7.954442999999999930e-01 3.681439999999999824e+00 2.799676080716097567e+04 7.950513595781207119e-04
3.215816662129050041e+00 6.348720148637037930e+00 1.231432732497173888e+00 1.965467362860270732e-03 3.757185701008334888e+01 1.549994700000000059e+01 7.954442999999999930e-01 3.681439999999999824e+00 2.799676080716097567e+04 7.950513595781207119e-04
3.215816662129050041e+00 6.348720148637037930e+00 1.231432732497173888e+00 1.965467362860270732e-03 3.757185645021905884e+01 1.549994700000000059e+01 7.954442999999999930e-01 3.681439999999999824e+00 2.799676122434522040e+04 7.950513595781207119e-04
3.215816662129050041e+00 6.348720148637037930e+00 1.231432732497173888e+00 1.965467362860270732e-03 3.757185645021905884e+01 1.549994700000000059e+01 7.954442999999999930e-01 3.681439999999999824e+00 2.799676080716097567e+04 7.950662607393145596e-04
3.221835738203349120e+00 6.319037587021731461e+00 1.224957490290718098e+00 1.943856667651046744e-03 3.754616080228515784e+01 1.549994700000000059e+01 7.954442999999999930e-01 3.681439999999999824e+00 2.799676082461764963e+04 5.852561303639659688e-04
3.218606292007477165e+00 6.342024807125444141e+00 1.227799140308311499e+00 1.960611785137841151e-03 3.756563500156880764e+01 1.549994700000000059e+01 7.954442999999999930e-01 3.681439999999999824e+00 2.799676081084374891e+04 7.435318554857048116e-04
3.216583662644743047e+00 6.347199436211269585e+00 1.230250169669901750e+00 1.964369193689034961e-03 3.757039806226980971e+01 1.549994700000000059e+01 7.954442999999999930e-01 3.681439999999999824e+00 2.799676080798190014e+04 7.906718995836408206e-04
3.215918953156777782e+00 6.348356304415379014e+00 1.231097566138496413e+00 1.965204952313129739e-03 3.757149048850335760e+01 1.549994700000000059e+01 7.954442999999999930e-01 3.681439999999999824e+00 2.799676080735634969e+04 8.030096623481103139e-04
3.215919001077704564e+00 6.348356304415379014e+00 1.231097566138496413e+00 1.965204952313129739e-03 3.757149048850335760e+01 1.549994700000000059e+01 7.954442999999999930e-01 3.681439999999999824e+00 2.799676080735634969e+04 8.030096623481103139e-04
3.215918953156777782e+00 6.348356399013259654e+00 1.231097566138496413e+00 1.965204952313129739e-03 3.757149048850335760e+01 1.549994700000000059e+01 7.954442999999999930e-01 3.681439999999999824e+00 2.799676080735634969e+04 8.030096623481103139e-04
3.215918953156777782e+00 6.348356304415379014e+00 1.231097584483279661e+00 1.965204952313129739e-03 3.757149048850335760e+01 1.549994700000000059e+01 7.954442999999999930e-01 3.681439999999999824e+00 2.799676080735634969e+04 8.030096623481103139e-04
3.215918953156777782e+00 6.348356304415379014e+00 1.231097566138496413e+00 1.965219853474323587e-03 3.757149048850335760e+01 1.549994700000000059e+01 7.954442999999999930e-01 3.681439999999999824e+00 2.799676080735634969e+04 8.030096623481103139e-04
3.215918953156777782e+00 6.348356304415379014e+00 1.231097566138496413e+00 1.965204952313129739e-03 3.757149104836219067e+01 1.549994700000000059e+01 7.954442999999999930e-01 3.681439999999999824e+00 2.799676080735634969e+04 8.030096623481103139e-04
3.215918953156777782e+00 6.348356304415379014e+00 1.231097566138496413e+00 1.965204952313129739e-03 3.757149048850335760e+01 1.549994700000000059e+01 7.954442999999999930e-01 3.681439999999999824e+00 2.799676122454059441e+04 8.030096623481103139e-04
3.215918953156777782e+00 6.348356304415379014e+00 1.231097566138496413e+00 1.965204952313129739e-03 3.757149048850335760e+01 1.549994700000000059e+01 7.954442999999999930e-01 3.681439999999999824e+00 2.799676080735634969e+04 8.030245635093041616e-04
3.215992865390324251e+00 6.347909643740914376e+00 1.230923294646572685e+00 1.964625994782788054e-03 3.757108084777640045e+01 1.549994700000000059e+01 7.954442999999999930e-01 3.681439999999999824e+00 2.799676080757192540e+04 7.994502272788053115e-04
3.215927981179947714e+00 6.348244920370929911e+00 1.231052117037319649e+00 1.965060453326860669e-03 3.757138671359627580e+01 1.549994700000000059e+01 7.954442999999999930e-01 3.681439999999999824e+00 2.799676080741004625e+04 8.020912033312970054e-04
3.215928029101009056e+00 6.348244920370929911e+00 1.231052117037319649e+00 1.965060453326860669e-03 3.757138671359627580e+01 1.549994700000000059e+01 7.954442999999999930e-01 3.681439999999999824e+00 2.799676080741004625e+04 8.020912033312970054e-04
3.215927981179947714e+00 6.348245014967150546e+00 1.231052117037319649e+00 1.965060453326860669e-03 3.757138671359627580e+01 1.549994700000000059e+01 7.954442999999999930e-01 3.681439999999999824e+00 2.799676080741004625e+04 8.020912033312970054e-04
3.215927981179947714e+00 6.348244920370929911e+00 1.231052135381425661e+00 1.965060453326860669e-03 3.757138671359627580e+01 1.549994700000000059e+01 7.954442999999999930e-01 3.681439999999999824e+00 2.799676080741004625e+04 8.020912033312970054e-04
3.215927981179947714e+00 6.348244920370929911e+00 1.231052117037319649e+00 1.965075354488054517e-03 3.757138671359627580e+01 1.549994700000000059e+01 7.954442999999999930e-01 3.681439999999999824e+00 2.799676080741004625e+04 8.020912033312970054e-04
3.215927981179947714e+00 6.348244920370929911e+00 1.231052117037319649e+00 1.965060453326860669e-03 3.757138727345356699e+01 1.549994700000000059e+01 7.954442999999999930e-01 3.681439999999999824e+00 2.799676080741004625e+04 8.020912033312970054e-04
3.215927981179947714e+00 6.348244920370929911e+00 1.231052117037319649e+00 1.965060453326860669e-03 3.757138671359627580e+01 1.549994700000000059e+01 7.954442999999999930e-01 3.681439999999999824e+00 2.799676122459429098e+04 8.020912033312970054e-04
3.215927981179947714e+00 6.348244920370929911e+00 1.231052117037319649e+00 1.965060453326860669e-03 3.757138671359627580e+01 1.549994700000000059e+01 7.954442999999999930e-01 3.681439999999999824e+00 2.799676080741004625e+04 8.021061044924908531e-04
