3.205843000000000220e+00 7.511125999999999969e+00 1.235333999999999932e+00 1.528337999999999867e-05 3.753042800000000057e+01 1.549994700000000059e+01 7.954442999999999930e-01 3.681439999999999824e+00 2.571453499999999985e+04 0.000000000000000000e+00
3.205843047770783549e+00 7.511125999999999969e+00 1.235333999999999932e+00 1.528337999999999867e-05 3.753042800000000057e+01 1.549994700000000059e+01 7.954442999999999930e-01 3.681439999999999824e+00 2.571453499999999985e+04 0.000000000000000000e+00
3.205843000000000220e+00 7.511126111924498971e+00 1.235333999999999932e+00 1.528337999999999867e-05 3.753042800000000057e+01 1.549994700000000059e+01 7.954442999999999930e-01 3.681439999999999824e+00 2.571453499999999985e+04 0.000000000000000000e+00
3.205843000000000220e+00 7.511125999999999969e+00 1.235334018407910905e+00 1.528337999999999867e-05 3.753042800000000057e+01 1.549994700000000059e+01 7.954442999999999930e-01 3.681439999999999824e+00 2.571453499999999985e+04 0.000000000000000000e+00
3.205843000000000220e+00 7.511125999999999969e+00 1.235333999999999932e+00 1.529828116119384633e-05 3.753042800000000057e+01 1.549994700000000059e+01 7.954442999999999930e-01 3.681439999999999824e+00 2.571453499999999985e+04 0.000000000000000000e+00
3.205843000000000220e+00 7.511125999999999969e+00 1.235333999999999932e+00 1.528337999999999867e-05 3.753042855924695687e+01 1.549994700000000059e+01 7.954442999999999930e-01 3.681439999999999824e+00 2.571453499999999985e+04 0.000000000000000000e+00
3.205843000000000220e+00 7.511125999999999969e+00 1.235333999999999932e+00 1.528337999999999867e-05 3.753042800000000057e+01 1.549994700000000059e+01 7.954442999999999930e-01 3.681439999999999824e+00 2.571453538317642960e+04 0.000000000000000000e+00
3.205843000000000220e+00 7.511125999999999969e+00 1.235333999999999932e+00 1.528337999999999867e-05 3.753042800000000057e+01 1.549994700000000059e+01 7.954442999999999930e-01 3.681439999999999824e+00 2.571453499999999985e+04 1.490116119384765625e-08
3.205844014880235626e+00 6.603203879553599442e+00 1.235334569416378869e+00 1.528338121567514562e-05 3.753044097601941331e+01 1.549994700000000059e+01 7.954442999999999930e-01 3.681439999999999824e+00 2.827231897855657371e+04 2.906763832406872305e-03
3.205844062651034054e+00 6.603203879553599442e+00 1.235334569416378869e+00 1.528338121567514562e-05 3.753044097601941331e+01 1.549994700000000059e+01 7.954442999999999930e-01 3.681439999999999824e+00 2.827231897855657371e+04 2.906763832406872305e-03
3.205844014880235626e+00 6.603203977949005044e+00 1.235334569416378869e+00 1.528338121567514562e-05 3.753044097601941331e+01 1.549994700000000059e+01 7.954442999999999930e-01 3.681439999999999824e+00 2.827231897855657371e+04 2.906763832406872305e-03
3.205844014880235626e+00 6.603203879553599442e+00 1.235334587824298502e+00 1.528338121567514562e-05 3.753044097601941331e+01 1.549994700000000059e+01 7.954442999999999930e-01 3.681439999999999824e+00 2.827231897855657371e+04 2.906763832406872305e-03
3.205844014880235626e+00 6.603203879553599442e+00 1.235334569416378869e+00 1.529828237686899328e-05 3.753044097601941331e+01 1.549994700000000059e+01 7.954442999999999930e-01 3.681439999999999824e+00 2.827231897855657371e+04 2.906763832406872305e-03
3.205844014880235626e+00 6.603203879553599442e+00 1.235334569416378869e+00 1.528338121567514562e-05 3.753044153526656146e+01 1.549994700000000059e+01 7.954442999999999930e-01 3.681439999999999824e+00 2.827231897855657371e+04 2.906763832406872305e-03
3.205844014880235626e+00 6.603203879553599442e+00 1.235334569416378869e+00 1.528338121567514562e-05 3.753044097601941331e+01 1.549994700000000059e+01 7.954442999999999930e-01 3.681439999999999824e+00 2.827231939984695782e+04 2.906763832406872305e-03
3.205844014880235626e+00 6.603203879553599442e+00 1.235334569416378869e+00 1.528338121567514562e-05 3.753044097601941331e+01 1.549994700000000059e+01 7.954442999999999930e-01 3.681439999999999824e+00 2.827231897855657371e+04 2.906778733568066153e-03
3.205851472944241998e+00 6.588293594930532571e+00 1.235337696395980567e+00 1.528340792122399310e-05 3.753053318224522883e+01 1.549994700000000059e+01 7.954442999999999930e-01 3.681439999999999824e+00 2.807622193086459811e+04 2.268834525743746236e-03
3.205851520715151448e+00 6.588293594930532571e+00 1.235337696395980567e+00 1.528340792122399310e-05 3.753053318224522883e+01 1.549994700000000059e+01 7.954442999999999930e-01 3.681439999999999824e+00 2.807622193086459811e+04 2.268834525743746236e-03
3.205851472944241998e+00 6.588293693103757676e+00 1.235337696395980567e+00 1.528340792122399310e-05 3.753053318224522883e+01 1.549994700000000059e+01 7.954442999999999930e-01 3.681439999999999824e+00 2.807622193086459811e+04 2.268834525743746236e-03
3.205851472944241998e+00 6.588293594930532571e+00 1.235337714803946607e+00 1.528340792122399310e-05 3.753053318224522883e+01 1.549994700000000059e+01 7.954442999999999930e-01 3.681439999999999824e+00 2.807622193086459811e+04 2.268834525743746236e-03
3.205851472944241998e+00 6.588293594930532571e+00 1.235337696395980567e+00 1.529830908241784076e-05 3.753053318224522883e+01 1.549994700000000059e+01 7.954442999999999930e-01 3.681439999999999824e+00 2.807622193086459811e+04 2.268834525743746236e-03
3.205851472944241998e+00 6.588293594930532571e+00 1.235337696395980567e+00 1.528340792122399310e-05 3.753053374149375543e+01 1.549994700000000059e+01 7.954442999999999930e-01 3.681439999999999824e+00 2.807622193086459811e+04 2.268834525743746236e-03
3.205851472944241998e+00 6.588293594930532571e+00 1.235337696395980567e+00 1.528340792122399310e-05 3.753053318224522883e+01 1.549994700000000059e+01 7.954442999999999930e-01 3.681439999999999824e+00 2.807622234923290671e+04 2.268834525743746236e-03
3.205851472944241998e+00 6.588293594930532571e+00 1.235337696395980567e+00 1.528340792122399310e-05 3.753053318224522883e+01 1.549994700000000059e+01 7.954442999999999930e-01 3.681439999999999824e+00 2.807622193086459811e+04 2.268849426904940084e-03
3.205851528745701007e+00 6.588293583655659980e+00 1.235337713074942778e+00 1.528499289763308783e-05 3.753053318289256168e+01 1.549994700000000059e+01 7.954442999999999930e-01 3.681439999999999824e+00 2.807622193082319791e+04 2.269474359587931971e-03
3.205851576516611345e+00 6.588293583655659980e+00 1.235337713074942778e+00 1.528499289763308783e-05 3.753053318289256168e+01 1.549994700000000059e+01 7.954442999999999930e-01 3.681439999999999824e+00 2.807622193082319791e+04 2.269474359587931971e-03
3.205851528745701007e+00 6.588293681828885084e+00 1.235337713074942778e+00 1.528499289763308783e-05 3.753053318289256168e+01 1.549994700000000059e+01 7.954442999999999930e-01 3.681439999999999824e+00 2.807622193082319791e+04 2.269474359587931971e-03
3.205851528745701007e+00 6.588293583655659980e+00 1.235337731482909263e+00 1.528499289763308783e-05 3.753053318289256168e+01 1.549994700000000059e+01 7.954442999999999930e-01 3.681439999999999824e+00 2.807622193082319791e+04 2.269474359587931971e-03
3.205851528745701007e+00 6.588293583655659980e+00 1.235337713074942778e+00 1.529989405882693548e-05 3.753053318289256168e+01 1.549994700000000059e+01 7.954442999999999930e-01 3.681439999999999824e+00 2.807622193082319791e+04 2.269474359587931971e-03
3.205851528745701007e+00 6.588293583655659980e+00 1.235337713074942778e+00 1.528499289763308783e-05 3.753053374214108828e+01 1.549994700000000059e+01 7.954442999999999930e-01 3.681439999999999824e+00 2.807622193082319791e+04 2.269474359587931971e-03
3.205851528745701007e+00 6.588293583655659980e+00 1.235337713074942778e+00 1.528499289763308783e-05 3.753053318289256168e+01 1.549994700000000059e+01 7.954442999999999930e-01 3.681439999999999824e+00 2.807622234919150651e+04 2.269474359587931971e-03
3.205851528745701007e+00 6.588293583655659980e+00 1.235337713074942778e+00 1.528499289763308783e-05 3.753053318289256168e+01 1.549994700000000059e+01 7.954442999999999930e-01 3.681439999999999824e+00 2.807622193082319791e+04 2.269489260749125818e-03
