3.205843000000000220e+00 7.511125999999999969e+00 1.235333999999999932e+00 1.528337999999999867e-05 3.753042800000000057e+01 1.549994700000000059e+01 7.954442999999999930e-01 3.681439999999999824e+00 2.571453499999999985e+04 0.000000000000000000e+00
3.205843047770783549e+00 7.511125999999999969e+00 1.235333999999999932e+00 1.528337999999999867e-05 3.753042800000000057e+01 1.549994700000000059e+01 7.954442999999999930e-01 3.681439999999999824e+00 2.571453499999999985e+04 0.000000000000000000e+00
3.205843000000000220e+00 7.511126111924498971e+00 1.235333999999999932e+00 1.528337999999999867e-05 3.753042800000000057e+01 1.549994700000000059e+01 7.954442999999999930e-01 3.681439999999999824e+00 2.571453499999999985e+04 0.000000000000000000e+00
3.205843000000000220e+00 7.511125999999999969e+00 1.235334018407910905e+00 1.528337999999999867e-05 3.753042800000000057e+01 1.549994700000000059e+01 7.954442999999999930e-01 3.681439999999999824e+00 2.571453499999999985e+04 0.000000000000000000e+00
3.205843000000000220e+00 7.511125999999999969e+00 1.235333999999999932e+00 1.529828116119384633e-05 3.753042800000000057e+01 1.549994700000000059e+01 7.954442999999999930e-01 3.681439999999999824e+00 2.571453499999999985e+04 0.000000000000000000e+00
3.205843000000000220e+00 7.511125999999999969e+00 1.235333999999999932e+00 1.528337999999999867e-05 3.753042855924695687e+01 1.549994700000000059e+01 7.954442999999999930e-01 3.681439999999999824e+00 2.571453499999999985e+04 0.000000000000000000e+00
3.205843000000000220e+00 7.511125999999999969e+00 1.235333999999999932e+00 1.528337999999999867e-05 3.753042800000000057e+01 1.549994700000000059e+01 7.954442999999999930e-01 3.681439999999999824e+00 2.571453538317642960e+04 0.000000000000000000e+00
3.205843000000000220e+00 7.511125999999999969e+00 1.235333999999999932e+00 1.528337999999999867e-05 3.753042800000000057e+01 1.549994700000000059e+01 7.954442999999999930e-01 3.681439999999999824e+00 2.571453499999999985e+04 1.490116119384765625e-08
3.205855640509970961e+00 7.511115898010144676e+00 1.235339083000479787e+00 1.552909055246091524e-05 3.753042810101717208e+01 1.549994700000000059e+01 7.954442999999999930e-01 3.681439999999999824e+00 2.571453498635856158e+04 4.353645726833040323e-04
3.205855688280942584e+00 7.511115898010144676e+00 1.235339083000479787e+00 1.552909055246091524e-05 3.753042810101717208e+01 1.549994700000000059e+01 7.954442999999999930e-01 3.681439999999999824e+00 2.571453498635856158e+04 4.353645726833040323e-04
3.205855640509970961e+00 7.511116009934493576e+00 1.235339083000479787e+00 1.552909055246091524e-05 3.753042810101717208e+01 1.549994700000000059e+01 7.954442999999999930e-01 3.681439999999999824e+00 2.571453498635856158e+04 4.353645726833040323e-04
3.205855640509970961e+00 7.511115898010144676e+00 1.235339101408466700e+00 1.552909055246091524e-05 3.753042810101717208e+01 1.549994700000000059e+01 7.954442999999999930e-01 3.681439999999999824e+00 2.571453498635856158e+04 4.353645726833040323e-04
3.205855640509970961e+00 7.511115898010144676e+00 1.235339083000479787e+00 1.554399171365476289e-05 3.753042810101717208e+01 1.549994700000000059e+01 7.954442999999999930e-01 3.681439999999999824e+00 2.571453498635856158e+04 4.353645726833040323e-04
3.205855640509970961e+00 7.511115898010144676e+00 1.235339083000479787e+00 1.552909055246091524e-05 3.753042866026412838e+01 1.549994700000000059e+01 7.954442999999999930e-01 3.681439999999999824e+00 2.571453498635856158e+04 4.353645726833040323e-04
3.205855640509970961e+00 7.511115898010144676e+00 1.235339083000479787e+00 1.552909055246091524e-05 3.753042810101717208e+01 1.549994700000000059e+01 7.954442999999999930e-01 3.681439999999999824e+00 2.571453536953499133e+04 4.353645726833040323e-04
3.205855640509970961e+00 7.511115898010144676e+00 1.235339083000479787e+00 1.552909055246091524e-05 3.753042810101717208e+01 1.549994700000000059e+01 7.954442999999999930e-01 3.681439999999999824e+00 2.571453498635856158e+04 4.353794738444978800e-04
3.167693158272443021e+00 7.256620955965813913e+00 1.237769740239844429e+00 1.532003694023997251e-05 3.706292856130761493e+01 1.549994700000000059e+01 7.954442999999999930e-01 3.681439999999999824e+00 2.587928439521540713e+04 3.119426688034351077e-03
3.167693205474749529e+00 7.256620955965813913e+00 1.237769740239844429e+00 1.532003694023997251e-05 3.706292856130761493e+01 1.549994700000000059e+01 7.954442999999999930e-01 3.681439999999999824e+00 2.587928439521540713e+04 3.119426688034351077e-03
3.167693158272443021e+00 7.256621064097892315e+00 1.237769740239844429e+00 1.532003694023997251e-05 3.706292856130761493e+01 1.549994700000000059e+01 7.954442999999999930e-01 3.681439999999999824e+00 2.587928439521540713e+04 3.119426688034351077e-03
3.167693158272443021e+00 7.256620955965813913e+00 1.237769758684050814e+00 1.532003694023997251e-05 3.706292856130761493e+01 1.549994700000000059e+01 7.954442999999999930e-01 3.681439999999999824e+00 2.587928439521540713e+04 3.119426688034351077e-03
3.167693158272443021e+00 7.256620955965813913e+00 1.237769740239844429e+00 1.533493810143382016e-05 3.706292856130761493e+01 1.549994700000000059e+01 7.954442999999999930e-01 3.681439999999999824e+00 2.587928439521540713e+04 3.119426688034351077e-03
3.167693158272443021e+00 7.256620955965813913e+00 1.237769740239844429e+00 1.532003694023997251e-05 3.706292911358828945e+01 1.549994700000000059e+01 7.954442999999999930e-01 3.681439999999999824e+00 2.587928439521540713e+04 3.119426688034351077e-03
3.167693158272443021e+00 7.256620955965813913e+00 1.237769740239844429e+00 1.532003694023997251e-05 3.706292856130761493e+01 1.549994700000000059e+01 7.954442999999999930e-01 3.681439999999999824e+00 2.587928478084679591e+04 3.119426688034351077e-03
3.167693158272443021e+00 7.256620955965813913e+00 1.237769740239844429e+00 1.532003694023997251e-05 3.706292856130761493e+01 1.549994700000000059e+01 7.954442999999999930e-01 3.681439999999999824e+00 2.587928439521540713e+04 3.119441589195544925e-03
3.164097494293419910e+00 7.084883635978393102e+00 1.248443169295937016e+00 1.526657185626462840e-05 3.701664004500462113e+01 1.549994700000000059e+01 7.954442999999999930e-01 3.681439999999999824e+00 2.620878325845703148e+04 2.967974146214611992e-03
3.164097541442146611e+00 7.084883635978393102e+00 1.248443169295937016e+00 1.526657185626462840e-05 3.701664004500462113e+01 1.549994700000000059e+01 7.954442999999999930e-01 3.681439999999999824e+00 2.620878325845703148e+04 2.967974146214611992e-03
3.164097494293419910e+00 7.084883741551386116e+00 1.248443169295937016e+00 1.526657185626462840e-05 3.701664004500462113e+01 1.549994700000000059e+01 7.954442999999999930e-01 3.681439999999999824e+00 2.620878325845703148e+04 2.967974146214611992e-03
3.164097494293419910e+00 7.084883635978393102e+00 1.248443187899189954e+00 1.526657185626462840e-05 3.701664004500462113e+01 1.549994700000000059e+01 7.954442999999999930e-01 3.681439999999999824e+00 2.620878325845703148e+04 2.967974146214611992e-03
3.164097494293419910e+00 7.084883635978393102e+00 1.248443169295937016e+00 1.528147301745847605e-05 3.701664004500462113e+01 1.549994700000000059e+01 7.954442999999999930e-01 3.681439999999999824e+00 2.620878325845703148e+04 2.967974146214611992e-03
3.164097494293419910e+00 7.084883635978393102e+00 1.248443169295937016e+00 1.526657185626462840e-05 3.701664059659554340e+01 1.549994700000000059e+01 7.954442999999999930e-01 3.681439999999999824e+00 2.620878325845703148e+04 2.967974146214611992e-03
3.164097494293419910e+00 7.084883635978393102e+00 1.248443169295937016e+00 1.526657185626462840e-05 3.701664004500462113e+01 1.549994700000000059e+01 7.954442999999999930e-01 3.681439999999999824e+00 2.620878364899833468e+04 2.967974146214611992e-03
3.164097494293419910e+00 7.084883635978393102e+00 1.248443169295937016e+00 1.526657185626462840e-05 3.701664004500462113e+01 1.549994700000000059e+01 7.954442999999999930e-01 3.681439999999999824e+00 2.620878325845703148e+04 2.967989047375805840e-03
3.166586395353440331e+00 7.004320886610027053e+00 1.267471293580911818e+00 1.462182153712568107e-05 3.704922688276214160e+01 1.549994700000000059e+01 7.954442999999999930e-01 3.681439999999999824e+00 2.686778106975054106e+04 3.182316335131842987e-03
3.166586442539254698e+00 7.004320886610027053e+00 1.267471293580911818e+00 1.462182153712568107e-05 3.704922688276214160e+01 1.549994700000000059e+01 7.954442999999999930e-01 3.681439999999999824e+00 2.686778106975054106e+04 3.182316335131842987e-03
3.166586395353440331e+00 7.004320990982541240e+00 1.267471293580911818e+00 1.462182153712568107e-05 3.704922688276214160e+01 1.549994700000000059e+01 7.954442999999999930e-01 3.681439999999999824e+00 2.686778106975054106e+04 3.182316335131842987e-03
3.166586395353440331e+00 7.004320886610027053e+00 1.267471312467705946e+00 1.462182153712568107e-05 3.704922688276214160e+01 1.549994700000000059e+01 7.954442999999999930e-01 3.681439999999999824e+00 2.686778106975054106e+04 3.182316335131842987e-03
3.166586395353440331e+00 7.004320886610027053e+00 1.267471293580911818e+00 1.463672269831952872e-05 3.704922688276214160e+01 1.549994700000000059e+01 7.954442999999999930e-01 3.681439999999999824e+00 2.686778106975054106e+04 3.182316335131842987e-03
3.166586395353440331e+00 7.004320886610027053e+00 1.267471293580911818e+00 1.462182153712568107e-05 3.704922743483864167e+01 1.549994700000000059e+01 7.954442999999999930e-01 3.681439999999999824e+00 2.686778106975054106e+04 3.182316335131842987e-03
3.166586395353440331e+00 7.004320886610027053e+00 1.267471293580911818e+00 1.462182153712568107e-05 3.704922688276214160e+01 1.549994700000000059e+01 7.954442999999999930e-01 3.681439999999999824e+00 2.686778147011167675e+04 3.182316335131842987e-03
3.166586395353440331e+00 7.004320886610027053e+00 1.267471293580911818e+00 1.462182153712568107e-05 3.704922688276214160e+01 1.549994700000000059e+01 7.954442999999999930e-01 3.681439999999999824e+00 2.686778106975054106e+04 3.182331236293036835e-03
3.166628686231559797e+00 7.004320839932711706e+00 1.267662298245957331e+00 9.007477499788906286e-03 3.705647055861766859e+01 1.549994700000000059e+01 7.954442999999999930e-01 3.681439999999999824e+00 2.686756497140927604e+04 3.182556090771192659e-03
3.166628733418004327e+00 7.004320839932711706e+00 1.267662298245957331e+00 9.007477499788906286e-03 3.705647055861766859e+01 1.549994700000000059e+01 7.954442999999999930e-01 3.681439999999999824e+00 2.686756497140927604e+04 3.182556090771192659e-03
3.166628686231559797e+00 7.004320944305225893e+00 1.267662298245957331e+00 9.007477499788906286e-03 3.705647055861766859e+01 1.549994700000000059e+01 7.954442999999999930e-01 3.681439999999999824e+00 2.686756497140927604e+04 3.182556090771192659e-03
3.166628686231559797e+00 7.004320839932711706e+00 1.267662317135597627e+00 9.007477499788906286e-03 3.705647055861766859e+01 1.549994700000000059e+01 7.954442999999999930e-01 3.681439999999999824e+00 2.686756497140927604e+04 3.182556090771192659e-03
3.166628686231559797e+00 7.004320839932711706e+00 1.267662298245957331e+00 9.007492400950100134e-03 3.705647055861766859e+01 1.549994700000000059e+01 7.954442999999999930e-01 3.681439999999999824e+00 2.686756497140927604e+04 3.182556090771192659e-03
3.166628686231559797e+00 7.004320839932711706e+00 1.267662298245957331e+00 9.007477499788906286e-03 3.705647111080210721e+01 1.549994700000000059e+01 7.954442999999999930e-01 3.681439999999999824e+00 2.686756497140927604e+04 3.182556090771192659e-03
3.166628686231559797e+00 7.004320839932711706e+00 1.267662298245957331e+00 9.007477499788906286e-03 3.705647055861766859e+01 1.549994700000000059e+01 7.954442999999999930e-01 3.681439999999999824e+00 2.686756537176719212e+04 3.182556090771192659e-03
3.166628686231559797e+00 7.004320839932711706e+00 1.267662298245957331e+00 9.007477499788906286e-03 3.705647055861766859e+01 1.549994700000000059e+01 7.954442999999999930e-01 3.681439999999999824e+00 2.686756497140927604e+04 3.182570991932386507e-03
3.166595077783615597e+00 7.004320673493364069e+00 1.267764314175911844e+00 2.181515809195328122e-03 3.706438456938703752e+01 1.549994700000000059e+01 7.954442999999999930e-01 3.681439999999999824e+00 2.686653978210009882e+04 3.182377619117901599e-03
3.166595124969559194e+00 7.004320673493364069e+00 1.267764314175911844e+00 2.181515809195328122e-03 3.706438456938703752e+01 1.549994700000000059e+01 7.954442999999999930e-01 3.681439999999999824e+00 2.686653978210009882e+04 3.182377619117901599e-03
3.166595077783615597e+00 7.004320777865875591e+00 1.267764314175911844e+00 2.181515809195328122e-03 3.706438456938703752e+01 1.549994700000000059e+01 7.954442999999999930e-01 3.681439999999999824e+00 2.686653978210009882e+04 3.182377619117901599e-03
3.166595077783615597e+00 7.004320673493364069e+00 1.267764333067072258e+00 2.181515809195328122e-03 3.706438456938703752e+01 1.549994700000000059e+01 7.954442999999999930e-01 3.681439999999999824e+00 2.686653978210009882e+04 3.182377619117901599e-03
3.166595077783615597e+00 7.004320673493364069e+00 1.267764314175911844e+00 2.181530710356521970e-03 3.706438456938703752e+01 1.549994700000000059e+01 7.954442999999999930e-01 3.681439999999999824e+00 2.686653978210009882e+04 3.182377619117901599e-03
3.166595077783615597e+00 7.004320673493364069e+00 1.267764314175911844e+00 2.181515809195328122e-03 3.706438512168940491e+01 1.549994700000000059e+01 7.954442999999999930e-01 3.681439999999999824e+00 2.686653978210009882e+04 3.182377619117901599e-03
3.166595077783615597e+00 7.004320673493364069e+00 1.267764314175911844e+00 2.181515809195328122e-03 3.706438456938703752e+01 1.549994700000000059e+01 7.954442999999999930e-01 3.681439999999999824e+00 2.686654018244273902e+04 3.182377619117901599e-03
3.166595077783615597e+00 7.004320673493364069e+00 1.267764314175911844e+00 2.181515809195328122e-03 3.706438456938703752e+01 1.549994700000000059e+01 7.954442999999999930e-01 3.681439999999999824e+00 2.686653978210009882e+04 3.182392520279095447e-03
3.166580295866118000e+00 7.004320628948777383e+00 1.267801617256143043e+00 1.978894571438079720e-03 3.706745808819616173e+01 1.549994700000000059e+01 7.954442999999999930e-01 3.681439999999999824e+00 2.686612413585827017e+04 3.182298399920306144e-03
3.166580343051841329e+00 7.004320628948777383e+00 1.267801617256143043e+00 1.978894571438079720e-03 3.706745808819616173e+01 1.549994700000000059e+01 7.954442999999999930e-01 3.681439999999999824e+00 2.686612413585827017e+04 3.182298399920306144e-03
3.166580295866118000e+00 7.004320733321288017e+00 1.267801617256143043e+00 1.978894571438079720e-03 3.706745808819616173e+01 1.549994700000000059e+01 7.954442999999999930e-01 3.681439999999999824e+00 2.686612413585827017e+04 3.182298399920306144e-03
3.166580295866118000e+00 7.004320628948777383e+00 1.267801636147859234e+00 1.978894571438079720e-03 3.706745808819616173e+01 1.549994700000000059e+01 7.954442999999999930e-01 3.681439999999999824e+00 2.686612413585827017e+04 3.182298399920306144e-03
3.166580295866118000e+00 7.004320628948777383e+00 1.267801617256143043e+00 1.978909472599273568e-03 3.706745808819616173e+01 1.549994700000000059e+01 7.954442999999999930e-01 3.681439999999999824e+00 2.686612413585827017e+04 3.182298399920306144e-03
3.166580295866118000e+00 7.004320628948777383e+00 1.267801617256143043e+00 1.978894571438079720e-03 3.706745864054433071e+01 1.549994700000000059e+01 7.954442999999999930e-01 3.681439999999999824e+00 2.686612413585827017e+04 3.182298399920306144e-03
3.166580295866118000e+00 7.004320628948777383e+00 1.267801617256143043e+00 1.978894571438079720e-03 3.706745808819616173e+01 1.549994700000000059e+01 7.954442999999999930e-01 3.681439999999999824e+00 2.686612453619471489e+04 3.182298399920306144e-03
3.166580295866118000e+00 7.004320628948777383e+00 1.267801617256143043e+00 1.978894571438079720e-03 3.706745808819616173e+01 1.549994700000000059e+01 7.954442999999999930e-01 3.681439999999999824e+00 2.686612413585827017e+04 3.182313301081499991e-03
1.837899971676118849e+00 4.244252117404457181e+00 1.292480956146026649e+00 6.005446966084234534e-03 1.309318289385990397e+02 1.549994700000000059e+01 7.954442999999999930e-01 3.681439999999999824e+00 2.818076955425664710e+04 3.683830706430368113e-03
2.905191153447740593e+00 6.467953279343548800e+00 1.273372100161313858e+00 5.189698576948171931e-03 5.555738360599763581e+01 1.549994700000000059e+01 7.954442999999999930e-01 3.681439999999999824e+00 2.714070707081514774e+04 3.299449988118351336e-03
3.140732527308084610e+00 6.955585690726321602e+00 1.268573432482740238e+00 1.536327736169887511e-03 3.890164651402445628e+01 1.549994700000000059e+01 7.954442999999999930e-01 3.681439999999999824e+00 2.689373368478320117e+04 3.200377641279528087e-03
3.164713532338178315e+00 7.004489218179456245e+00 1.268038875751449801e+00 6.519670001621142869e-04 3.720456995070713191e+01 1.549994700000000059e+01 7.954442999999999930e-01 3.681439999999999824e+00 2.686819288868244257e+04 3.188992361943110334e-03
3.166518507997943654e+00 7.008156131389355892e+00 1.267997477043324661e+00 5.609904770275697151e-04 3.707679486312540007e+01 1.549994700000000059e+01 7.954442999999999930e-01 3.681439999999999824e+00 2.686626342389108322e+04 3.188109978066447879e-03
3.166518555182746386e+00 7.008156131389355892e+00 1.267997477043324661e+00 5.609904770275697151e-04 3.707679486312540007e+01 1.549994700000000059e+01 7.954442999999999930e-01 3.681439999999999824e+00 2.686626342389108322e+04 3.188109978066447879e-03
3.166518507997943654e+00 7.008156235819019919e+00 1.267997477043324661e+00 5.609904770275697151e-04 3.707679486312540007e+01 1.549994700000000059e+01 7.954442999999999930e-01 3.681439999999999824e+00 2.686626342389108322e+04 3.188109978066447879e-03
3.166518507997943654e+00 7.008156131389355892e+00 1.267997495937959407e+00 5.609904770275697151e-04 3.707679486312540007e+01 1.549994700000000059e+01 7.954442999999999930e-01 3.681439999999999824e+00 2.686626342389108322e+04 3.188109978066447879e-03
3.166518507997943654e+00 7.008156131389355892e+00 1.267997477043324661e+00 5.610053781887635628e-04 3.707679486312540007e+01 1.549994700000000059e+01 7.954442999999999930e-01 3.681439999999999824e+00 2.686626342389108322e+04 3.188109978066447879e-03
3.166518507997943654e+00 7.008156131389355892e+00 1.267997477043324661e+00 5.609904770275697151e-04 3.707679541561270042e+01 1.549994700000000059e+01 7.954442999999999930e-01 3.681439999999999824e+00 2.686626342389108322e+04 3.188109978066447879e-03
3.166518507997943654e+00 7.008156131389355892e+00 1.267997477043324661e+00 5.609904770275697151e-04 3.707679486312540007e+01 1.549994700000000059e+01 7.954442999999999930e-01 3.681439999999999824e+00 2.686626382422960523e+04 3.188109978066447879e-03
3.166518507997943654e+00 7.008156131389355892e+00 1.267997477043324661e+00 5.609904770275697151e-04 3.707679486312540007e+01 1.549994700000000059e+01 7.954442999999999930e-01 3.681439999999999824e+00 2.686626342389108322e+04 3.188124879227641727e-03
3.166391834392014104e+00 7.016543411216796144e+00 1.268325569919669382e+00 7.537878245476268028e-05 3.709284545684710821e+01 1.549994700000000059e+01 7.954442999999999930e-01 3.681439999999999824e+00 2.686678132031514542e+04 3.202108481305419082e-03
3.166391881574929013e+00 7.016543411216796144e+00 1.268325569919669382e+00 7.537878245476268028e-05 3.709284545684710821e+01 1.549994700000000059e+01 7.954442999999999930e-01 3.681439999999999824e+00 2.686678132031514542e+04 3.202108481305419082e-03
3.166391834392014104e+00 7.016543515771440198e+00 1.268325569919669382e+00 7.537878245476268028e-05 3.709284545684710821e+01 1.549994700000000059e+01 7.954442999999999930e-01 3.681439999999999824e+00 2.686678132031514542e+04 3.202108481305419082e-03
3.166391834392014104e+00 7.016543411216796144e+00 1.268325588819193106e+00 7.537878245476268028e-05 3.709284545684710821e+01 1.549994700000000059e+01 7.954442999999999930e-01 3.681439999999999824e+00 2.686678132031514542e+04 3.202108481305419082e-03
3.166391834392014104e+00 7.016543411216796144e+00 1.268325569919669382e+00 7.539368361595652794e-05 3.709284545684710821e+01 1.549994700000000059e+01 7.954442999999999930e-01 3.681439999999999824e+00 2.686678132031514542e+04 3.202108481305419082e-03
3.166391834392014104e+00 7.016543411216796144e+00 1.268325569919669382e+00 7.537878245476268028e-05 3.709284600957357725e+01 1.549994700000000059e+01 7.954442999999999930e-01 3.681439999999999824e+00 2.686678132031514542e+04 3.202108481305419082e-03
3.166391834392014104e+00 7.016543411216796144e+00 1.268325569919669382e+00 7.537878245476268028e-05 3.709284545684710821e+01 1.549994700000000059e+01 7.954442999999999930e-01 3.681439999999999824e+00 2.686678172066138359e+04 3.202108481305419082e-03
3.166391834392014104e+00 7.016543411216796144e+00 1.268325569919669382e+00 7.537878245476268028e-05 3.709284545684710821e+01 1.549994700000000059e+01 7.954442999999999930e-01 3.681439999999999824e+00 2.686678132031514542e+04 3.202123382466612930e-03
3.166387470560147577e+00 7.016833491637228803e+00 1.268350057790378349e+00 3.530027580598005526e-05 3.709408525932774836e+01 1.549994700000000059e+01 7.954442999999999930e-01 3.681439999999999824e+00 2.686781806347225574e+04 3.202405135751604150e-03
3.166387517742997648e+00 7.016833491637228803e+00 1.268350057790378349e+00 3.530027580598005526e-05 3.709408525932774836e+01 1.549994700000000059e+01 7.954442999999999930e-01 3.681439999999999824e+00 2.686781806347225574e+04 3.202405135751604150e-03
3.166387470560147577e+00 7.016833596196195622e+00 1.268350057790378349e+00 3.530027580598005526e-05 3.709408525932774836e+01 1.549994700000000059e+01 7.954442999999999930e-01 3.681439999999999824e+00 2.686781806347225574e+04 3.202405135751604150e-03
3.166387470560147577e+00 7.016833491637228803e+00 1.268350076690267114e+00 3.530027580598005526e-05 3.709408525932774836e+01 1.549994700000000059e+01 7.954442999999999930e-01 3.681439999999999824e+00 2.686781806347225574e+04 3.202405135751604150e-03
3.166387470560147577e+00 7.016833491637228803e+00 1.268350057790378349e+00 3.531517696717390291e-05 3.709408525932774836e+01 1.549994700000000059e+01 7.954442999999999930e-01 3.681439999999999824e+00 2.686781806347225574e+04 3.202405135751604150e-03
3.166387470560147577e+00 7.016833491637228803e+00 1.268350057790378349e+00 3.530027580598005526e-05 3.709408581207269151e+01 1.549994700000000059e+01 7.954442999999999930e-01 3.681439999999999824e+00 2.686781806347225574e+04 3.202405135751604150e-03
3.166387470560147577e+00 7.016833491637228803e+00 1.268350057790378349e+00 3.530027580598005526e-05 3.709408525932774836e+01 1.549994700000000059e+01 7.954442999999999930e-01 3.681439999999999824e+00 2.686781846383394441e+04 3.202405135751604150e-03
3.166387470560147577e+00 7.016833491637228803e+00 1.268350057790378349e+00 3.530027580598005526e-05 3.709408525932774836e+01 1.549994700000000059e+01 7.954442999999999930e-01 3.681439999999999824e+00 2.686781806347225574e+04 3.202420036912797998e-03
3.166802557257080153e+00 7.017525338090877973e+00 1.268388817916360933e+00 1.575808768973895459e-07 3.705956312986883461e+01 1.549994700000000059e+01 7.954442999999999930e-01 3.681439999999999824e+00 2.686989155414961715e+04 3.203172737391437631e-03
3.166802604446115499e+00 7.017525338090877973e+00 1.268388817916360933e+00 1.575808768973895459e-07 3.705956312986883461e+01 1.549994700000000059e+01 7.954442999999999930e-01 3.681439999999999824e+00 2.686989155414961715e+04 3.203172737391437631e-03
3.166802557257080153e+00 7.017525442660153878e+00 1.268388817916360933e+00 1.575808768973895459e-07 3.705956312986883461e+01 1.549994700000000059e+01 7.954442999999999930e-01 3.681439999999999824e+00 2.686989155414961715e+04 3.203172737391437631e-03
3.166802557257080153e+00 7.017525338090877973e+00 1.268388836816827236e+00 1.575808768973895459e-07 3.705956312986883461e+01 1.549994700000000059e+01 7.954442999999999930e-01 3.681439999999999824e+00 2.686989155414961715e+04 3.203172737391437631e-03
3.166802557257080153e+00 7.017525338090877973e+00 1.268388817916360933e+00 1.724820380912372021e-07 3.705956312986883461e+01 1.549994700000000059e+01 7.954442999999999930e-01 3.681439999999999824e+00 2.686989155414961715e+04 3.203172737391437631e-03
3.166802557257080153e+00 7.017525338090877973e+00 1.268388817916360933e+00 1.575808768973895459e-07 3.705956368209935903e+01 1.549994700000000059e+01 7.954442999999999930e-01 3.681439999999999824e+00 2.686989155414961715e+04 3.203172737391437631e-03
3.166802557257080153e+00 7.017525338090877973e+00 1.268388817916360933e+00 1.575808768973895459e-07 3.705956312986883461e+01 1.549994700000000059e+01 7.954442999999999930e-01 3.681439999999999824e+00 2.686989195454220317e+04 3.203172737391437631e-03
3.166802557257080153e+00 7.017525338090877973e+00 1.268388817916360933e+00 1.575808768973895459e-07 3.705956312986883461e+01 1.549994700000000059e+01 7.954442999999999930e-01 3.681439999999999824e+00 2.686989155414961715e+04 3.203187638552631479e-03
3.166802658494115352e+00 7.017525303400565129e+00 1.268388876844950275e+00 1.578682602826169746e-07 3.705956313117831513e+01 1.549994700000000059e+01 7.954442999999999930e-01 3.681439999999999824e+00 2.686989155409976956e+04 3.204869382961389544e-03
3.166802705683152031e+00 7.017525303400565129e+00 1.268388876844950275e+00 1.578682602826169746e-07 3.705956313117831513e+01 1.549994700000000059e+01 7.954442999999999930e-01 3.681439999999999824e+00 2.686989155409976956e+04 3.204869382961389544e-03
3.166802658494115352e+00 7.017525407969841034e+00 1.268388876844950275e+00 1.578682602826169746e-07 3.705956313117831513e+01 1.549994700000000059e+01 7.954442999999999930e-01 3.681439999999999824e+00 2.686989155409976956e+04 3.204869382961389544e-03
3.166802658494115352e+00 7.017525303400565129e+00 1.268388895745417466e+00 1.578682602826169746e-07 3.705956313117831513e+01 1.549994700000000059e+01 7.954442999999999930e-01 3.681439999999999824e+00 2.686989155409976956e+04 3.204869382961389544e-03
3.166802658494115352e+00 7.017525303400565129e+00 1.268388876844950275e+00 1.727694214764646308e-07 3.705956313117831513e+01 1.549994700000000059e+01 7.954442999999999930e-01 3.681439999999999824e+00 2.686989155409976956e+04 3.204869382961389544e-03
3.166802658494115352e+00 7.017525303400565129e+00 1.268388876844950275e+00 1.578682602826169746e-07 3.705956368340883955e+01 1.549994700000000059e+01 7.954442999999999930e-01 3.681439999999999824e+00 2.686989155409976956e+04 3.204869382961389544e-03
3.166802658494115352e+00 7.017525303400565129e+00 1.268388876844950275e+00 1.578682602826169746e-07 3.705956313117831513e+01 1.549994700000000059e+01 7.954442999999999930e-01 3.681439999999999824e+00 2.686989195449235558e+04 3.204869382961389544e-03
3.166802658494115352e+00 7.017525303400565129e+00 1.268388876844950275e+00 1.578682602826169746e-07 3.705956313117831513e+01 1.549994700000000059e+01 7.954442999999999930e-01 3.681439999999999824e+00 2.686989155409976956e+04 3.204884284122583391e-03
