3.073957913497955108e+00 7.505637244453876811e+00 1.313776999020066505e+00 3.849098995541668233e-01 5.318243320881242653e+01 1.549994700000000059e+01 7.954442999999999930e-01 3.681439999999999824e+00 2.571453684676470584e+04 2.734616849542139154e-04
3.073957959303497578e+00 7.505637244453876811e+00 1.313776999020066505e+00 3.849098995541668233e-01 5.318243320881242653e+01 1.549994700000000059e+01 7.954442999999999930e-01 3.681439999999999824e+00 2.571453684676470584e+04 2.734616849542139154e-04
3.073957913497955108e+00 7.505637356296587015e+00 1.313776999020066505e+00 3.849098995541668233e-01 5.318243320881242653e+01 1.549994700000000059e+01 7.954442999999999930e-01 3.681439999999999824e+00 2.571453684676470584e+04 2.734616849542139154e-04
3.073957913497955108e+00 7.505637244453876811e+00 1.313777018596869350e+00 3.849098995541668233e-01 5.318243320881242653e+01 1.549994700000000059e+01 7.954442999999999930e-01 3.681439999999999824e+00 2.571453684676470584e+04 2.734616849542139154e-04
3.073957913497955108e+00 7.505637244453876811e+00 1.313776999020066505e+00 3.849099144553280172e-01 5.318243320881242653e+01 1.549994700000000059e+01 7.954442999999999930e-01 3.681439999999999824e+00 2.571453684676470584e+04 2.734616849542139154e-04
3.073957913497955108e+00 7.505637244453876811e+00 1.313776999020066505e+00 3.849098995541668233e-01 5.318243400129243525e+01 1.549994700000000059e+01 7.954442999999999930e-01 3.681439999999999824e+00 2.571453684676470584e+04 2.734616849542139154e-04
3.073957913497955108e+00 7.505637244453876811e+00 1.313776999020066505e+00 3.849098995541668233e-01 5.318243320881242653e+01 1.549994723096720861e+01 7.954442999999999930e-01 3.681439999999999824e+00 2.571453684676470584e+04 2.734616849542139154e-04
3.073957913497955108e+00 7.505637244453876811e+00 1.313776999020066505e+00 3.849098995541668233e-01 5.318243320881242653e+01 1.549994700000000059e+01 7.954443149011611869e-01 3.681439999999999824e+00 2.571453684676470584e+04 2.734616849542139154e-04
3.073957913497955108e+00 7.505637244453876811e+00 1.313776999020066505e+00 3.849098995541668233e-01 5.318243320881242653e+01 1.549994700000000059e+01 7.954442999999999930e-01 3.681439999999999824e+00 2.571453722994116470e+04 2.734616849542139154e-04
3.073957913497955108e+00 7.505637244453876811e+00 1.313776999020066505e+00 3.849098995541668233e-01 5.318243320881242653e+01 1.549994700000000059e+01 7.954442999999999930e-01 3.681439999999999824e+00 2.571453684676470584e+04 2.734765861154077630e-04
3.151818236229108283e+00 6.948839977776479770e+00 1.339281214205018999e+00 3.883633915946457793e-01 5.474857079019327699e+01 1.546225308626818062e+01 8.825046961003093493e-01 3.681439999999999824e+00 3.603825887315465661e+04 8.139822019517543514e-03
3.069251664134859947e+00 5.729513206582132590e+00 1.273640635410274280e+00 3.612837080145464008e-01 5.313091590886524074e+01 1.547866293578686658e+01 8.816835333365014016e-01 3.681439999999999824e+00 2.829546674419764167e+04 -2.677786201762131883e-03
3.048610051866122550e+00 5.424682450805906164e+00 1.257230446922839695e+00 3.545137684398648181e-01 5.272650233786401941e+01 1.548276546375848284e+01 8.814781363552058879e-01 3.681439999999999824e+00 2.635976610423061356e+04 -5.382188905772218937e-03
3.043449771839678242e+00 5.348478510493345439e+00 1.253127724631162732e+00 3.528212088213458775e-01 5.262539954264257602e+01 1.548379135814704277e+01 8.814263618989420790e-01 3.681439999999999824e+00 2.587583051277291452e+04 -6.058292175911780646e-03
3.042160195373566189e+00 5.329442555071397081e+00 1.252101342384059901e+00 3.523977695909501495e-01 5.260012624701666084e+01 1.548404888322750317e+01 8.814117141900197350e-01 3.681439999999999824e+00 2.575480485000884437e+04 -6.227328332809105652e-03
3.041839867242731810e+00 5.324746028107696816e+00 1.251841873634623070e+00 3.522906838433672028e-01 5.259381840761727744e+01 1.548411759839417279e+01 8.814010188799022982e-01 3.681439999999999824e+00 2.572437875854366939e+04 -6.269626262003790557e-03
3.041785731614232713e+00 5.324257486216307456e+00 1.251755315137761615e+00 3.522545969447257175e-01 5.259246823272768978e+01 1.548417414857983054e+01 8.813322794863227561e-01 3.681439999999999824e+00 2.571579056362754636e+04 -6.279702734776902370e-03
3.109791609281446156e+00 6.883001705277079552e+00 1.227718550988599722e+00 3.594255696830582214e-01 5.316864503248415730e+01 1.550539129548045736e+01 7.603423018663779676e-01 3.681439999999999824e+00 2.571453716827655808e+04 -2.791708488112719898e-03
3.126692225880828513e+00 7.391816632786119889e+00 1.226859427033303529e+00 3.783645607290189172e-01 5.318495686569129077e+01 1.550137106465141201e+01 7.318370870066687184e-01 3.681439999999999824e+00 2.571453689385636244e+04 -1.453485954844944451e-03
3.093259559050178353e+00 7.496870321520405334e+00 1.280659815114887135e+00 3.844033353542739007e-01 5.317921816164610505e+01 1.550009755394559186e+01 7.751661389964855653e-01 3.681439999999999824e+00 2.571453684989367684e+04 -1.915456301452711377e-04
3.078831469868119175e+00 7.503820629644892826e+00 1.305253452908912370e+00 3.848061996809990504e-01 5.318157385795716863e+01 1.549998012117753099e+01 7.905146784761265533e-01 3.681439999999999824e+00 2.571453684739402161e+04 1.603537306971692354e-04
3.075173747490282050e+00 7.505200376213687186e+00 1.311633078962266996e+00 3.848850261055596911e-01 5.318221551875515729e+01 1.549995507126922156e+01 7.942199416375086418e-01 3.681439999999999824e+00 2.571453684691508170e+04 2.453236554737599955e-04
3.074257491129090081e+00 7.505529058604548887e+00 1.313239559297333159e+00 3.849037392700241922e-01 5.318237813386124913e+01 1.549994900807442555e+01 7.951383512707443924e-01 3.681439999999999824e+00 2.571453684680191145e+04 2.663808469905349805e-04
3.074029074090292468e+00 7.505610283164640961e+00 1.313642007847753979e+00 3.849083605642020234e-01 5.318241900264068533e+01 1.549994750339707217e+01 7.953675431860032230e-01 3.681439999999999824e+00 2.571453684677399724e+04 2.715764388404153852e-04
3.074029119896895423e+00 7.505610283164640961e+00 1.313642007847753979e+00 3.849083605642020234e-01 5.318241900264068533e+01 1.549994750339707217e+01 7.953675431860032230e-01 3.681439999999999824e+00 2.571453684677399724e+04 2.715764388404153852e-04
3.074029074090292468e+00 7.505610395006949709e+00 1.313642007847753979e+00 3.849083605642020234e-01 5.318241900264068533e+01 1.549994750339707217e+01 7.953675431860032230e-01 3.681439999999999824e+00 2.571453684677399724e+04 2.715764388404153852e-04
3.074029074090292468e+00 7.505610283164640961e+00 1.313642027422545322e+00 3.849083605642020234e-01 5.318241900264068533e+01 1.549994750339707217e+01 7.953675431860032230e-01 3.681439999999999824e+00 2.571453684677399724e+04 2.715764388404153852e-04
3.074029074090292468e+00 7.505610283164640961e+00 1.313642007847753979e+00 3.849083754653632172e-01 5.318241900264068533e+01 1.549994750339707217e+01 7.953675431860032230e-01 3.681439999999999824e+00 2.571453684677399724e+04 2.715764388404153852e-04
3.074029074090292468e+00 7.505610283164640961e+00 1.313642007847753979e+00 3.849083605642020234e-01 5.318241979512048090e+01 1.549994750339707217e+01 7.953675431860032230e-01 3.681439999999999824e+00 2.571453684677399724e+04 2.715764388404153852e-04
3.074029074090292468e+00 7.505610283164640961e+00 1.313642007847753979e+00 3.849083605642020234e-01 5.318241900264068533e+01 1.549994773436428908e+01 7.953675431860032230e-01 3.681439999999999824e+00 2.571453684677399724e+04 2.715764388404153852e-04
3.074029074090292468e+00 7.505610283164640961e+00 1.313642007847753979e+00 3.849083605642020234e-01 5.318241900264068533e+01 1.549994750339707217e+01 7.953675580871644168e-01 3.681439999999999824e+00 2.571453684677399724e+04 2.715764388404153852e-04
3.074029074090292468e+00 7.505610283164640961e+00 1.313642007847753979e+00 3.849083605642020234e-01 5.318241900264068533e+01 1.549994750339707217e+01 7.953675431860032230e-01 3.681439999999999824e+00 2.571453722995045609e+04 2.715764388404153852e-04
3.074029074090292468e+00 7.505610283164640961e+00 1.313642007847753979e+00 3.849083605642020234e-01 5.318241900264068533e+01 1.549994750339707217e+01 7.953675431860032230e-01 3.681439999999999824e+00 2.571453684677399724e+04 2.715913400016092328e-04
