3.168707790444876160e+00 7.046071142904549056e+00 1.271438166676183812e+00 7.940721210104903117e-09 3.707195066139533424e+01 1.549994700000000059e+01 7.954442999999999930e-01 3.681439999999999824e+00 2.701415939566431553e+04 3.352537465220068683e-03
3.168707837662301685e+00 7.046071142904549056e+00 1.271438166676183812e+00 7.940721210104903117e-09 3.707195066139533424e+01 1.549994700000000059e+01 7.954442999999999930e-01 3.681439999999999824e+00 2.701415939566431553e+04 3.352537465220068683e-03
3.168707790444876160e+00 7.046071247899191370e+00 1.271438166676183812e+00 7.940721210104903117e-09 3.707195066139533424e+01 1.549994700000000059e+01 7.954442999999999930e-01 3.681439999999999824e+00 2.701415939566431553e+04 3.352537465220068683e-03
3.168707790444876160e+00 7.046071142904549056e+00 1.271438185622088879e+00 7.940721210104903117e-09 3.707195066139533424e+01 1.549994700000000059e+01 7.954442999999999930e-01 3.681439999999999824e+00 2.701415939566431553e+04 3.352537465220068683e-03
3.168707790444876160e+00 7.046071142904549056e+00 1.271438166676183812e+00 2.284188240395255937e-08 3.707195066139533424e+01 1.549994700000000059e+01 7.954442999999999930e-01 3.681439999999999824e+00 2.701415939566431553e+04 3.352537465220068683e-03
3.168707790444876160e+00 7.046071142904549056e+00 1.271438166676183812e+00 7.940721210104903117e-09 3.707195121381044345e+01 1.549994700000000059e+01 7.954442999999999930e-01 3.681439999999999824e+00 2.701415939566431553e+04 3.352537465220068683e-03
3.168707790444876160e+00 7.046071142904549056e+00 1.271438166676183812e+00 7.940721210104903117e-09 3.707195066139533424e+01 1.549994723096720861e+01 7.954442999999999930e-01 3.681439999999999824e+00 2.701415939566431553e+04 3.352537465220068683e-03
3.168707790444876160e+00 7.046071142904549056e+00 1.271438166676183812e+00 7.940721210104903117e-09 3.707195066139533424e+01 1.549994700000000059e+01 7.954443149011611869e-01 3.681439999999999824e+00 2.701415939566431553e+04 3.352537465220068683e-03
3.168707790444876160e+00 7.046071142904549056e+00 1.271438166676183812e+00 7.940721210104903117e-09 3.707195066139533424e+01 1.549994700000000059e+01 7.954442999999999930e-01 3.681439999999999824e+00 2.701415979820665962e+04 3.352537465220068683e-03
3.168707790444876160e+00 7.046071142904549056e+00 1.271438166676183812e+00 7.940721210104903117e-09 3.707195066139533424e+01 1.549994700000000059e+01 7.954442999999999930e-01 3.681439999999999824e+00 2.701415939566431553e+04 3.352552366381262531e-03
3.592334996193603303e+00 7.999584576383836243e+00 1.272573190886444161e+00 7.884124369447547671e-09 5.267887438620277862e-04 1.550744469347031540e+01 7.948199648105942483e-01 3.681439999999999824e+00 2.706913629568205579e+04 3.388140097430901443e-03
3.180296529597972821e+00 7.350688428217720727e+00 1.277425802918519482e+00 2.401890094232328802e-09 3.689137347991945859e+01 1.599999954435638472e+01 7.750858458319255240e-01 3.681439999999999824e+00 2.702340204446145799e+04 3.872364538214333445e-03
3.178309083289216019e+00 7.347113565275025238e+00 1.277277147981676242e+00 2.423686599391007386e-09 3.705839391849323761e+01 1.599999954118846546e+01 7.750954367348210639e-01 3.681439999999999824e+00 2.701520871162689582e+04 3.869158852194178218e-03
3.177776713234220729e+00 7.347887646361565217e+00 1.276546834394537422e+00 5.309910643475597739e-09 3.707978135613524273e+01 1.558315592218045964e+01 7.722470459077135363e-01 3.681439999999999824e+00 2.701415986705685646e+04 3.882394296534690415e-03
3.171829698590372892e+00 7.125578084051007011e+00 1.273555795688827263e+00 7.586101450329723437e-09 3.707402325904661211e+01 1.550969292909646313e+01 7.873789724635111842e-01 3.681439999999999824e+00 2.701415945276224011e+04 3.443397716977708925e-03
3.170240000758601795e+00 7.065595443643327478e+00 1.272769542997984837e+00 7.863592147444405642e-09 3.707246839092933755e+01 1.550199942237863127e+01 7.915348232540055928e-01 3.681439999999999824e+00 2.701415940796469295e+04 3.324338258390052876e-03
3.169786246474220803e+00 7.049830223071695379e+00 1.272493291653021386e+00 7.925689772654786717e-09 3.707205927663083145e+01 1.550034872541983333e+01 7.927565318581604181e-01 3.681439999999999824e+00 2.701415939803077708e+04 3.295904365302853179e-03
3.169212631124091573e+00 7.046142682247156230e+00 1.271772010814981479e+00 7.940116271481175876e-09 3.707195825120722787e+01 1.549996561522964988e+01 7.944507339682619351e-01 3.681439999999999824e+00 2.701415939574673394e+04 3.321791028301077347e-03
3.168886297414649444e+00 7.046074807253543959e+00 1.271526385960964456e+00 7.940629979522364018e-09 3.707195279096829665e+01 1.549995004326404313e+01 7.952239138591600254e-01 3.681439999999999824e+00 2.701415939567535315e+04 3.340658943665885273e-03
3.168886344634735064e+00 7.046074807253543959e+00 1.271526385960964456e+00 7.940629979522364018e-09 3.707195279096829665e+01 1.549995004326404313e+01 7.952239138591600254e-01 3.681439999999999824e+00 2.701415939567535315e+04 3.340658943665885273e-03
3.168886297414649444e+00 7.046074912248240452e+00 1.271526385960964456e+00 7.940629979522364018e-09 3.707195279096829665e+01 1.549995004326404313e+01 7.952239138591600254e-01 3.681439999999999824e+00 2.701415939567535315e+04 3.340658943665885273e-03
3.168886297414649444e+00 7.046074807253543959e+00 1.271526404908184027e+00 7.940629979522364018e-09 3.707195279096829665e+01 1.549995004326404313e+01 7.952239138591600254e-01 3.681439999999999824e+00 2.701415939567535315e+04 3.340658943665885273e-03
3.168886297414649444e+00 7.046074807253543959e+00 1.271526385960964456e+00 2.284179117337001861e-08 3.707195279096829665e+01 1.549995004326404313e+01 7.952239138591600254e-01 3.681439999999999824e+00 2.701415939567535315e+04 3.340658943665885273e-03
3.168886297414649444e+00 7.046074807253543959e+00 1.271526385960964456e+00 7.940629979522364018e-09 3.707195334338344139e+01 1.549995004326404313e+01 7.952239138591600254e-01 3.681439999999999824e+00 2.701415939567535315e+04 3.340658943665885273e-03
3.168886297414649444e+00 7.046074807253543959e+00 1.271526385960964456e+00 7.940629979522364018e-09 3.707195279096829665e+01 1.549995027423129734e+01 7.952239138591600254e-01 3.681439999999999824e+00 2.701415939567535315e+04 3.340658943665885273e-03
3.168886297414649444e+00 7.046074807253543959e+00 1.271526385960964456e+00 7.940629979522364018e-09 3.707195279096829665e+01 1.549995004326404313e+01 7.952239287603212192e-01 3.681439999999999824e+00 2.701415939567535315e+04 3.340658943665885273e-03
3.168886297414649444e+00 7.046074807253543959e+00 1.271526385960964456e+00 7.940629979522364018e-09 3.707195279096829665e+01 1.549995004326404313e+01 7.952239138591600254e-01 3.681439999999999824e+00 2.701415979821769724e+04 3.340658943665885273e-03
3.168886297414649444e+00 7.046074807253543959e+00 1.271526385960964456e+00 7.940629979522364018e-09 3.707195279096829665e+01 1.549995004326404313e+01 7.952239138591600254e-01 3.681439999999999824e+00 2.701415939567535315e+04 3.340673844827079120e-03
3.169244895979658860e+00 7.046257182841126010e+00 1.271676353648407698e+00 3.279665120415296164e-05 3.707195863238457179e+01 1.549997463504578121e+01 7.949994562489925976e-01 3.681439999999999824e+00 2.701416029800918113e+04 3.327855284486621549e-03
3.169003344518886767e+00 7.046098064993008947e+00 1.271565835863985638e+00 5.818597739936904017e-06 3.707195455263978801e+01 1.549995461784268613e+01 7.951790587232318019e-01 3.681439999999999824e+00 2.701415954130128011e+04 3.337292360902615468e-03
3.169003391740716324e+00 7.046098064993008947e+00 1.271565835863985638e+00 5.818597739936904017e-06 3.707195455263978801e+01 1.549995461784268613e+01 7.951790587232318019e-01 3.681439999999999824e+00 2.701415954130128011e+04 3.337292360902615468e-03
3.169003344518886767e+00 7.046098169988051829e+00 1.271565835863985638e+00 5.818597739936904017e-06 3.707195455263978801e+01 1.549995461784268613e+01 7.951790587232318019e-01 3.681439999999999824e+00 2.701415954130128011e+04 3.337292360902615468e-03
3.169003344518886767e+00 7.046098064993008947e+00 1.271565854811793184e+00 5.818597739936904017e-06 3.707195455263978801e+01 1.549995461784268613e+01 7.951790587232318019e-01 3.681439999999999824e+00 2.701415954130128011e+04 3.337292360902615468e-03
3.169003344518886767e+00 7.046098064993008947e+00 1.271565835863985638e+00 5.833498901130751673e-06 3.707195455263978801e+01 1.549995461784268613e+01 7.951790587232318019e-01 3.681439999999999824e+00 2.701415954130128011e+04 3.337292360902615468e-03
3.169003344518886767e+00 7.046098064993008947e+00 1.271565835863985638e+00 5.818597739936904017e-06 3.707195510505496117e+01 1.549995461784268613e+01 7.951790587232318019e-01 3.681439999999999824e+00 2.701415954130128011e+04 3.337292360902615468e-03
3.169003344518886767e+00 7.046098064993008947e+00 1.271565835863985638e+00 5.818597739936904017e-06 3.707195455263978801e+01 1.549995484881000785e+01 7.951790587232318019e-01 3.681439999999999824e+00 2.701415954130128011e+04 3.337292360902615468e-03
3.169003344518886767e+00 7.046098064993008947e+00 1.271565835863985638e+00 5.818597739936904017e-06 3.707195455263978801e+01 1.549995461784268613e+01 7.951790736243929958e-01 3.681439999999999824e+00 2.701415954130128011e+04 3.337292360902615468e-03
3.169003344518886767e+00 7.046098064993008947e+00 1.271565835863985638e+00 5.818597739936904017e-06 3.707195455263978801e+01 1.549995461784268613e+01 7.951790587232318019e-01 3.681439999999999824e+00 2.701415994384362421e+04 3.337292360902615468e-03
3.169003344518886767e+00 7.046098064993008947e+00 1.271565835863985638e+00 5.818597739936904017e-06 3.707195455263978801e+01 1.549995461784268613e+01 7.951790587232318019e-01 3.681439999999999824e+00 2.701415954130128011e+04 3.337307262063809316e-03
