3.213795014830292285e+00 6.316248668059782467e+00 1.239243105655647881e+00 5.348318569264325258e-03 3.763816329902732605e+01 1.549994700000000059e+01 7.954442999999999930e-01 3.681439999999999824e+00 2.819276693501932459e+04 8.744095794446385753e-04
3.213795062719569717e+00 6.316248668059782467e+00 1.239243105655647881e+00 5.348318569264325258e-03 3.763816329902732605e+01 1.549994700000000059e+01 7.954442999999999930e-01 3.681439999999999824e+00 2.819276693501932459e+04 8.744095794446385753e-04
3.213795014830292285e+00 6.316248762179221821e+00 1.239243105655647881e+00 5.348318569264325258e-03 3.763816329902732605e+01 1.549994700000000059e+01 7.954442999999999930e-01 3.681439999999999824e+00 2.819276693501932459e+04 8.744095794446385753e-04
3.213795014830292285e+00 6.316248668059782467e+00 1.239243124121809148e+00 5.348318569264325258e-03 3.763816329902732605e+01 1.549994700000000059e+01 7.954442999999999930e-01 3.681439999999999824e+00 2.819276693501932459e+04 8.744095794446385753e-04
3.213795014830292285e+00 6.316248668059782467e+00 1.239243105655647881e+00 5.348333470425519105e-03 3.763816329902732605e+01 1.549994700000000059e+01 7.954442999999999930e-01 3.681439999999999824e+00 2.819276693501932459e+04 8.744095794446385753e-04
3.213795014830292285e+00 6.316248668059782467e+00 1.239243105655647881e+00 5.348318569264325258e-03 3.763816385987966129e+01 1.549994700000000059e+01 7.954442999999999930e-01 3.681439999999999824e+00 2.819276693501932459e+04 8.744095794446385753e-04
3.213795014830292285e+00 6.316248668059782467e+00 1.239243105655647881e+00 5.348318569264325258e-03 3.763816329902732605e+01 1.549994723096720861e+01 7.954442999999999930e-01 3.681439999999999824e+00 2.819276693501932459e+04 8.744095794446385753e-04
3.213795014830292285e+00 6.316248668059782467e+00 1.239243105655647881e+00 5.348318569264325258e-03 3.763816329902732605e+01 1.549994700000000059e+01 7.954443149011611869e-01 3.681439999999999824e+00 2.819276693501932459e+04 8.744095794446385753e-04
3.213795014830292285e+00 6.316248668059782467e+00 1.239243105655647881e+00 5.348318569264325258e-03 3.763816329902732605e+01 1.549994700000000059e+01 7.954442999999999930e-01 3.681439999999999824e+00 2.819276735512428786e+04 8.744095794446385753e-04
3.213795014830292285e+00 6.316248668059782467e+00 1.239243105655647881e+00 5.348318569264325258e-03 3.763816329902732605e+01 1.549994700000000059e+01 7.954442999999999930e-01 3.681439999999999824e+00 2.819276693501932459e+04 8.744244806058324229e-04
3.291356980557295309e+00 4.283549856141737777e+00 1.280132570045620088e+00 5.367980475804958428e-03 3.860409952225125352e+01 1.546279636489848919e+01 8.955438165689256769e-01 3.681439999999999824e+00 3.438266496635842486e+04 -1.757813875616529801e-03
3.213907106987361928e+00 3.294596123958744460e+00 1.239724355620736684e+00 5.147150848589514271e-03 3.764002697394626296e+01 1.547415841207046761e+01 9.499266508492136829e-01 3.681439999999999824e+00 2.974023856692548725e+04 -7.659163458785378693e-03
3.194544507387725218e+00 3.047359313942632486e+00 1.229622192942381620e+00 5.091942508439446270e-03 3.739900649756484086e+01 1.547699902612126088e+01 9.635222942179816341e-01 3.681439999999999824e+00 2.857962172277127684e+04 -9.134501600555396811e-03
3.189703332522635826e+00 2.985556612132685306e+00 1.227096215785946409e+00 5.078136687880811795e-03 3.733874201734275999e+01 1.547770958894394511e+01 9.669209438586150451e-01 3.681439999999999824e+00 2.828942651892021604e+04 -9.503339101369454034e-03
3.188490929789268069e+00 2.970132496869355432e+00 1.226462962468888085e+00 5.074670150265269720e-03 3.732363819450413445e+01 1.547788888518770278e+01 9.677695357267294129e-01 3.681439999999999824e+00 2.821671271141455145e+04 -9.595559144334128016e-03
3.188179757620474231e+00 2.966562734937130408e+00 1.226297085689557420e+00 5.073742469121763146e-03 3.731970376275758383e+01 1.547794271991288184e+01 9.679683744880764884e-01 3.681439999999999824e+00 2.819779465215136224e+04 -9.618134697466546729e-03
3.206740053801199863e+00 4.809296103348814633e+00 1.216521333901499746e+00 4.908808360647061442e-03 3.726386759411929006e+01 1.550372204832861023e+01 8.781353259005013623e-01 3.681439999999999824e+00 2.819276776976063411e+04 -3.672235129351801228e-03
3.215881469272945825e+00 5.942408050443495959e+00 1.210935907545277024e+00 5.029955716044998484e-03 3.741124991666527677e+01 1.550378547538751484e+01 8.223770869590716348e-01 3.681439999999999824e+00 2.819276709490487701e+04 -5.075106933635558856e-06
3.215791449840244454e+00 6.226702731280287395e+00 1.213371371078428407e+00 5.229549237855095865e-03 3.755970981741250370e+01 1.550108529852676043e+01 8.078111228382002240e-01 3.681439999999999824e+00 2.819276697206983954e+04 9.147407889852485945e-04
3.212901760552942410e+00 6.298844235165653060e+00 1.224503639741644223e+00 5.321133492975911421e-03 3.762008790068300357e+01 1.550017923316294954e+01 8.029113551826050355e-01 3.681439999999999824e+00 2.819276694236284675e+04 1.118759254287860936e-03
3.211837962289333603e+00 6.313805493989087303e+00 1.235617574075918546e+00 5.344090326696312489e-03 3.763523614434576814e+01 1.549997773245403110e+01 7.991021417860588727e-01 3.681439999999999824e+00 2.819276693613831594e+04 1.035671984582796096e-03
3.213161205007331045e+00 6.315840091513839738e+00 1.238531209851448267e+00 5.347560622466798926e-03 3.763763662447033909e+01 1.549995160021469154e+01 7.965248420256645367e-01 3.681439999999999824e+00 2.819276693522123969e+04 9.158445436376318411e-04
3.213161252887164032e+00 6.315840091513839738e+00 1.238531209851448267e+00 5.347560622466798926e-03 3.763763662447033909e+01 1.549995160021469154e+01 7.965248420256645367e-01 3.681439999999999824e+00 2.819276693522123969e+04 9.158445436376318411e-04
3.213161205007331045e+00 6.315840185627190628e+00 1.238531209851448267e+00 5.347560622466798926e-03 3.763763662447033909e+01 1.549995160021469154e+01 7.965248420256645367e-01 3.681439999999999824e+00 2.819276693522123969e+04 9.158445436376318411e-04
3.213161205007331045e+00 6.315840091513839738e+00 1.238531228307001575e+00 5.347560622466798926e-03 3.763763662447033909e+01 1.549995160021469154e+01 7.965248420256645367e-01 3.681439999999999824e+00 2.819276693522123969e+04 9.158445436376318411e-04
3.213161205007331045e+00 6.315840091513839738e+00 1.238531209851448267e+00 5.347575523627992773e-03 3.763763662447033909e+01 1.549995160021469154e+01 7.965248420256645367e-01 3.681439999999999824e+00 2.819276693522123969e+04 9.158445436376318411e-04
3.213161205007331045e+00 6.315840091513839738e+00 1.238531209851448267e+00 5.347560622466798926e-03 3.763763718531482994e+01 1.549995160021469154e+01 7.965248420256645367e-01 3.681439999999999824e+00 2.819276693522123969e+04 9.158445436376318411e-04
3.213161205007331045e+00 6.315840091513839738e+00 1.238531209851448267e+00 5.347560622466798926e-03 3.763763662447033909e+01 1.549995183118196884e+01 7.965248420256645367e-01 3.681439999999999824e+00 2.819276693522123969e+04 9.158445436376318411e-04
3.213161205007331045e+00 6.315840091513839738e+00 1.238531209851448267e+00 5.347560622466798926e-03 3.763763662447033909e+01 1.549995160021469154e+01 7.965248569268257306e-01 3.681439999999999824e+00 2.819276693522123969e+04 9.158445436376318411e-04
3.213161205007331045e+00 6.315840091513839738e+00 1.238531209851448267e+00 5.347560622466798926e-03 3.763763662447033909e+01 1.549995160021469154e+01 7.965248420256645367e-01 3.681439999999999824e+00 2.819276735532620296e+04 9.158445436376318411e-04
3.213161205007331045e+00 6.315840091513839738e+00 1.238531209851448267e+00 5.347560622466798926e-03 3.763763662447033909e+01 1.549995160021469154e+01 7.965248420256645367e-01 3.681439999999999824e+00 2.819276693522123969e+04 9.158594447988256887e-04
3.211823821760858344e+00 6.311674950946258633e+00 1.236464288123166666e+00 5.345503737656034926e-03 3.763674764911893078e+01 1.549996100580514380e+01 7.977620770883163681e-01 3.681439999999999824e+00 2.819276693549070842e+04 1.039136157692895817e-03
3.212617785348628185e+00 6.314957839934065120e+00 1.238004761025261802e+00 5.347103372406617448e-03 3.763739851601948061e+01 1.549995382570040903e+01 7.968096119623163665e-01 3.681439999999999824e+00 2.819276693528126998e+04 9.627960763041826199e-04
3.212957789709604217e+00 6.315655972370009863e+00 1.238394163678683713e+00 5.347462992244354264e-03 3.763756962071067846e+01 1.549995218989229961e+01 7.965342153856602714e-01 3.681439999999999824e+00 2.819276693523395807e+04 9.355642345120425462e-04
3.212957837586406296e+00 6.315655972370009863e+00 1.238394163678683713e+00 5.347462992244354264e-03 3.763756962071067846e+01 1.549995218989229961e+01 7.965342153856602714e-01 3.681439999999999824e+00 2.819276693523395807e+04 9.355642345120425462e-04
3.212957789709604217e+00 6.315656066480617170e+00 1.238394163678683713e+00 5.347462992244354264e-03 3.763756962071067846e+01 1.549995218989229961e+01 7.965342153856602714e-01 3.681439999999999824e+00 2.819276693523395807e+04 9.355642345120425462e-04
3.212957789709604217e+00 6.315655972370009863e+00 1.238394182132194876e+00 5.347462992244354264e-03 3.763756962071067846e+01 1.549995218989229961e+01 7.965342153856602714e-01 3.681439999999999824e+00 2.819276693523395807e+04 9.355642345120425462e-04
3.212957789709604217e+00 6.315655972370009863e+00 1.238394163678683713e+00 5.347477893405548112e-03 3.763756962071067846e+01 1.549995218989229961e+01 7.965342153856602714e-01 3.681439999999999824e+00 2.819276693523395807e+04 9.355642345120425462e-04
3.212957789709604217e+00 6.315655972370009863e+00 1.238394163678683713e+00 5.347462992244354264e-03 3.763757018155416745e+01 1.549995218989229961e+01 7.965342153856602714e-01 3.681439999999999824e+00 2.819276693523395807e+04 9.355642345120425462e-04
3.212957789709604217e+00 6.315655972370009863e+00 1.238394163678683713e+00 5.347462992244354264e-03 3.763756962071067846e+01 1.549995242085958580e+01 7.965342153856602714e-01 3.681439999999999824e+00 2.819276693523395807e+04 9.355642345120425462e-04
3.212957789709604217e+00 6.315655972370009863e+00 1.238394163678683713e+00 5.347462992244354264e-03 3.763756962071067846e+01 1.549995218989229961e+01 7.965342302868214652e-01 3.681439999999999824e+00 2.819276693523395807e+04 9.355642345120425462e-04
3.212957789709604217e+00 6.315655972370009863e+00 1.238394163678683713e+00 5.347462992244354264e-03 3.763756962071067846e+01 1.549995218989229961e+01 7.965342153856602714e-01 3.681439999999999824e+00 2.819276735533892133e+04 9.355642345120425462e-04
3.212957789709604217e+00 6.315655972370009863e+00 1.238394163678683713e+00 5.347462992244354264e-03 3.763756962071067846e+01 1.549995218989229961e+01 7.965342153856602714e-01 3.681439999999999824e+00 2.819276693523395807e+04 9.355791356732363938e-04
3.212953605345270525e+00 6.315337906376282895e+00 1.238285276894277365e+00 5.316697947577810057e-03 3.763756831198006836e+01 1.549995370864045086e+01 7.965665265110495330e-01 3.681439999999999824e+00 2.819276755295991461e+04 9.421891477373941105e-04
3.212953653222009986e+00 6.315337906376282895e+00 1.238285276894277365e+00 5.316697947577810057e-03 3.763756831198006836e+01 1.549995370864045086e+01 7.965665265110495330e-01 3.681439999999999824e+00 2.819276755295991461e+04 9.421891477373941105e-04
3.212953605345270525e+00 6.315338000482150882e+00 1.238285276894277365e+00 5.316697947577810057e-03 3.763756831198006836e+01 1.549995370864045086e+01 7.965665265110495330e-01 3.681439999999999824e+00 2.819276755295991461e+04 9.421891477373941105e-04
3.212953605345270525e+00 6.315337906376282895e+00 1.238285295346165826e+00 5.316697947577810057e-03 3.763756831198006836e+01 1.549995370864045086e+01 7.965665265110495330e-01 3.681439999999999824e+00 2.819276755295991461e+04 9.421891477373941105e-04
3.212953605345270525e+00 6.315337906376282895e+00 1.238285276894277365e+00 5.316712848739003905e-03 3.763756831198006836e+01 1.549995370864045086e+01 7.965665265110495330e-01 3.681439999999999824e+00 2.819276755295991461e+04 9.421891477373941105e-04
3.212953605345270525e+00 6.315337906376282895e+00 1.238285276894277365e+00 5.316697947577810057e-03 3.763756887282354313e+01 1.549995370864045086e+01 7.965665265110495330e-01 3.681439999999999824e+00 2.819276755295991461e+04 9.421891477373941105e-04
3.212953605345270525e+00 6.315337906376282895e+00 1.238285276894277365e+00 5.316697947577810057e-03 3.763756831198006836e+01 1.549995393960776013e+01 7.965665265110495330e-01 3.681439999999999824e+00 2.819276755295991461e+04 9.421891477373941105e-04
3.212953605345270525e+00 6.315337906376282895e+00 1.238285276894277365e+00 5.316697947577810057e-03 3.763756831198006836e+01 1.549995370864045086e+01 7.965665414122107268e-01 3.681439999999999824e+00 2.819276755295991461e+04 9.421891477373941105e-04
3.212953605345270525e+00 6.315337906376282895e+00 1.238285276894277365e+00 5.316697947577810057e-03 3.763756831198006836e+01 1.549995370864045086e+01 7.965665265110495330e-01 3.681439999999999824e+00 2.819276797306488879e+04 9.421891477373941105e-04
3.212953605345270525e+00 6.315337906376282895e+00 1.238285276894277365e+00 5.316697947577810057e-03 3.763756831198006836e+01 1.549995370864045086e+01 7.965665265110495330e-01 3.681439999999999824e+00 2.819276755295991461e+04 9.422040488985879581e-04
3.212899555664967544e+00 6.315247725727417993e+00 1.238011354329611624e+00 5.316535825290810355e-03 3.763746407757410140e+01 1.549995478530803439e+01 7.967959265643040911e-01 3.681439999999999824e+00 2.819276755300315926e+04 9.533774839832790619e-04
3.212931800188946863e+00 6.315315724856161772e+00 1.238215054768858847e+00 5.316657838084526064e-03 3.763754106729540183e+01 1.549995398324150209e+01 7.966219547410563484e-01 3.681439999999999824e+00 2.819276755297061027e+04 9.450654246543692101e-04
3.212931848065361695e+00 6.315315724856161772e+00 1.238215054768858847e+00 5.316657838084526064e-03 3.763754106729540183e+01 1.549995398324150209e+01 7.966219547410563484e-01 3.681439999999999824e+00 2.819276755297061027e+04 9.450654246543692101e-04
3.212931800188946863e+00 6.315315818961699357e+00 1.238215054768858847e+00 5.316657838084526064e-03 3.763754106729540183e+01 1.549995398324150209e+01 7.966219547410563484e-01 3.681439999999999824e+00 2.819276755297061027e+04 9.450654246543692101e-04
3.212931800188946863e+00 6.315315724856161772e+00 1.238215073219701035e+00 5.316657838084526064e-03 3.763754106729540183e+01 1.549995398324150209e+01 7.966219547410563484e-01 3.681439999999999824e+00 2.819276755297061027e+04 9.450654246543692101e-04
3.212931800188946863e+00 6.315315724856161772e+00 1.238215054768858847e+00 5.316672739245719911e-03 3.763754106729540183e+01 1.549995398324150209e+01 7.966219547410563484e-01 3.681439999999999824e+00 2.819276755297061027e+04 9.450654246543692101e-04
3.212931800188946863e+00 6.315315724856161772e+00 1.238215054768858847e+00 5.316657838084526064e-03 3.763754162813847159e+01 1.549995398324150209e+01 7.966219547410563484e-01 3.681439999999999824e+00 2.819276755297061027e+04 9.450654246543692101e-04
3.212931800188946863e+00 6.315315724856161772e+00 1.238215054768858847e+00 5.316657838084526064e-03 3.763754106729540183e+01 1.549995421420881492e+01 7.966219547410563484e-01 3.681439999999999824e+00 2.819276755297061027e+04 9.450654246543692101e-04
3.212931800188946863e+00 6.315315724856161772e+00 1.238215054768858847e+00 5.316657838084526064e-03 3.763754106729540183e+01 1.549995398324150209e+01 7.966219696422175423e-01 3.681439999999999824e+00 2.819276755297061027e+04 9.450654246543692101e-04
3.212931800188946863e+00 6.315315724856161772e+00 1.238215054768858847e+00 5.316657838084526064e-03 3.763754106729540183e+01 1.549995398324150209e+01 7.966219547410563484e-01 3.681439999999999824e+00 2.819276797307558445e+04 9.450654246543692101e-04
3.212931800188946863e+00 6.315315724856161772e+00 1.238215054768858847e+00 5.316657838084526064e-03 3.763754106729540183e+01 1.549995398324150209e+01 7.966219547410563484e-01 3.681439999999999824e+00 2.819276755297061027e+04 9.450803258155630578e-04
