3.302176293871245338e+00 1.054415447199206390e+01 2.926739515305383676e+00 1.671984160998504976e+01 3.571703046600496201e-01 1.530525399999999969e+01 7.001581000000000055e-01 3.097326999999999941e+00 1.265808132012595161e+04 3.251870975846415490e+00 9.922323898705373679e+00 1.059348244817638118e+00 1.834461360749439507e+01 2.191352825959545925e+01 1.500000000000000000e+01 7.234983000000000386e-01 3.013116999999999823e+00 5.015622802524186409e+04 1.512260799599009047e-02
3.302176343077506626e+00 1.054415447199206390e+01 2.926739515305383676e+00 1.671984160998504976e+01 3.571703046600496201e-01 1.530525399999999969e+01 7.001581000000000055e-01 3.097326999999999941e+00 1.265808132012595161e+04 3.251870975846415490e+00 9.922323898705373679e+00 1.059348244817638118e+00 1.834461360749439507e+01 2.191352825959545925e+01 1.500000000000000000e+01 7.234983000000000386e-01 3.013116999999999823e+00 5.015622802524186409e+04 1.512260799599009047e-02
3.302176293871245338e+00 1.054415462911221013e+01 2.926739515305383676e+00 1.671984160998504976e+01 3.571703046600496201e-01 1.530525399999999969e+01 7.001581000000000055e-01 3.097326999999999941e+00 1.265808132012595161e+04 3.251870975846415490e+00 9.922323898705373679e+00 1.059348244817638118e+00 1.834461360749439507e+01 2.191352825959545925e+01 1.500000000000000000e+01 7.234983000000000386e-01 3.013116999999999823e+00 5.015622802524186409e+04 1.512260799599009047e-02
3.302176293871245338e+00 1.054415447199206390e+01 2.926739558917200945e+00 1.671984160998504976e+01 3.571703046600496201e-01 1.530525399999999969e+01 7.001581000000000055e-01 3.097326999999999941e+00 1.265808132012595161e+04 3.251870975846415490e+00 9.922323898705373679e+00 1.059348244817638118e+00 1.834461360749439507e+01 2.191352825959545925e+01 1.500000000000000000e+01 7.234983000000000386e-01 3.013116999999999823e+00 5.015622802524186409e+04 1.512260799599009047e-02
3.302176293871245338e+00 1.054415447199206390e+01 2.926739515305383676e+00 1.671984185913010634e+01 3.571703046600496201e-01 1.530525399999999969e+01 7.001581000000000055e-01 3.097326999999999941e+00 1.265808132012595161e+04 3.251870975846415490e+00 9.922323898705373679e+00 1.059348244817638118e+00 1.834461360749439507e+01 2.191352825959545925e+01 1.500000000000000000e+01 7.234983000000000386e-01 3.013116999999999823e+00 5.015622802524186409e+04 1.512260799599009047e-02
3.302176293871245338e+00 1.054415447199206390e+01 2.926739515305383676e+00 1.671984160998504976e+01 3.571703195612108139e-01 1.530525399999999969e+01 7.001581000000000055e-01 3.097326999999999941e+00 1.265808132012595161e+04 3.251870975846415490e+00 9.922323898705373679e+00 1.059348244817638118e+00 1.834461360749439507e+01 2.191352825959545925e+01 1.500000000000000000e+01 7.234983000000000386e-01 3.013116999999999823e+00 5.015622802524186409e+04 1.512260799599009047e-02
3.302176293871245338e+00 1.054415447199206390e+01 2.926739515305383676e+00 1.671984160998504976e+01 3.571703046600496201e-01 1.530525422806605640e+01 7.001581000000000055e-01 3.097326999999999941e+00 1.265808132012595161e+04 3.251870975846415490e+00 9.922323898705373679e+00 1.059348244817638118e+00 1.834461360749439507e+01 2.191352825959545925e+01 1.500000000000000000e+01 7.234983000000000386e-01 3.013116999999999823e+00 5.015622802524186409e+04 1.512260799599009047e-02
3.302176293871245338e+00 1.054415447199206390e+01 2.926739515305383676e+00 1.671984160998504976e+01 3.571703046600496201e-01 1.530525399999999969e+01 7.001581149011611993e-01 3.097326999999999941e+00 1.265808132012595161e+04 3.251870975846415490e+00 9.922323898705373679e+00 1.059348244817638118e+00 1.834461360749439507e+01 2.191352825959545925e+01 1.500000000000000000e+01 7.234983000000000386e-01 3.013116999999999823e+00 5.015622802524186409e+04 1.512260799599009047e-02
3.302176293871245338e+00 1.054415447199206390e+01 2.926739515305383676e+00 1.671984160998504976e+01 3.571703046600496201e-01 1.530525399999999969e+01 7.001581000000000055e-01 3.097326999999999941e+00 1.265808150874606144e+04 3.251870975846415490e+00 9.922323898705373679e+00 1.059348244817638118e+00 1.834461360749439507e+01 2.191352825959545925e+01 1.500000000000000000e+01 7.234983000000000386e-01 3.013116999999999823e+00 5.015622802524186409e+04 1.512260799599009047e-02
3.302176293871245338e+00 1.054415447199206390e+01 2.926739515305383676e+00 1.671984160998504976e+01 3.571703046600496201e-01 1.530525399999999969e+01 7.001581000000000055e-01 3.097326999999999941e+00 1.265808132012595161e+04 3.251871024303069291e+00 9.922323898705373679e+00 1.059348244817638118e+00 1.834461360749439507e+01 2.191352825959545925e+01 1.500000000000000000e+01 7.234983000000000386e-01 3.013116999999999823e+00 5.015622802524186409e+04 1.512260799599009047e-02
3.302176293871245338e+00 1.054415447199206390e+01 2.926739515305383676e+00 1.671984160998504976e+01 3.571703046600496201e-01 1.530525399999999969e+01 7.001581000000000055e-01 3.097326999999999941e+00 1.265808132012595161e+04 3.251870975846415490e+00 9.922324046559522159e+00 1.059348244817638118e+00 1.834461360749439507e+01 2.191352825959545925e+01 1.500000000000000000e+01 7.234983000000000386e-01 3.013116999999999823e+00 5.015622802524186409e+04 1.512260799599009047e-02
3.302176293871245338e+00 1.054415447199206390e+01 2.926739515305383676e+00 1.671984160998504976e+01 3.571703046600496201e-01 1.530525399999999969e+01 7.001581000000000055e-01 3.097326999999999941e+00 1.265808132012595161e+04 3.251870975846415490e+00 9.922323898705373679e+00 1.059348260603157010e+00 1.834461360749439507e+01 2.191352825959545925e+01 1.500000000000000000e+01 7.234983000000000386e-01 3.013116999999999823e+00 5.015622802524186409e+04 1.512260799599009047e-02
3.302176293871245338e+00 1.054415447199206390e+01 2.926739515305383676e+00 1.671984160998504976e+01 3.571703046600496201e-01 1.530525399999999969e+01 7.001581000000000055e-01 3.097326999999999941e+00 1.265808132012595161e+04 3.251870975846415490e+00 9.922323898705373679e+00 1.059348244817638118e+00 1.834461388085043865e+01 2.191352825959545925e+01 1.500000000000000000e+01 7.234983000000000386e-01 3.013116999999999823e+00 5.015622802524186409e+04 1.512260799599009047e-02
3.302176293871245338e+00 1.054415447199206390e+01 2.926739515305383676e+00 1.671984160998504976e+01 3.571703046600496201e-01 1.530525399999999969e+01 7.001581000000000055e-01 3.097326999999999941e+00 1.265808132012595161e+04 3.251870975846415490e+00 9.922323898705373679e+00 1.059348244817638118e+00 1.834461360749439507e+01 2.191352858613247534e+01 1.500000000000000000e+01 7.234983000000000386e-01 3.013116999999999823e+00 5.015622802524186409e+04 1.512260799599009047e-02
3.302176293871245338e+00 1.054415447199206390e+01 2.926739515305383676e+00 1.671984160998504976e+01 3.571703046600496201e-01 1.530525399999999969e+01 7.001581000000000055e-01 3.097326999999999941e+00 1.265808132012595161e+04 3.251870975846415490e+00 9.922323898705373679e+00 1.059348244817638118e+00 1.834461360749439507e+01 2.191352825959545925e+01 1.500000022351741791e+01 7.234983000000000386e-01 3.013116999999999823e+00 5.015622802524186409e+04 1.512260799599009047e-02
3.302176293871245338e+00 1.054415447199206390e+01 2.926739515305383676e+00 1.671984160998504976e+01 3.571703046600496201e-01 1.530525399999999969e+01 7.001581000000000055e-01 3.097326999999999941e+00 1.265808132012595161e+04 3.251870975846415490e+00 9.922323898705373679e+00 1.059348244817638118e+00 1.834461360749439507e+01 2.191352825959545925e+01 1.500000000000000000e+01 7.234983149011612324e-01 3.013116999999999823e+00 5.015622802524186409e+04 1.512260799599009047e-02
3.302176293871245338e+00 1.054415447199206390e+01 2.926739515305383676e+00 1.671984160998504976e+01 3.571703046600496201e-01 1.530525399999999969e+01 7.001581000000000055e-01 3.097326999999999941e+00 1.265808132012595161e+04 3.251870975846415490e+00 9.922323898705373679e+00 1.059348244817638118e+00 1.834461360749439507e+01 2.191352825959545925e+01 1.500000000000000000e+01 7.234983000000000386e-01 3.013116999999999823e+00 5.015622877262790280e+04 1.512260799599009047e-02
3.302176293871245338e+00 1.054415447199206390e+01 2.926739515305383676e+00 1.671984160998504976e+01 3.571703046600496201e-01 1.530525399999999969e+01 7.001581000000000055e-01 3.097326999999999941e+00 1.265808132012595161e+04 3.251870975846415490e+00 9.922323898705373679e+00 1.059348244817638118e+00 1.834461360749439507e+01 2.191352825959545925e+01 1.500000000000000000e+01 7.234983000000000386e-01 3.013116999999999823e+00 5.015622802524186409e+04 1.512262289715128431e-02
3.302176293871334156e+00 1.935998690079603080e+01 2.926739515299717542e+00 1.671984160999009816e+01 3.571703046597474174e-01 1.530525399997106462e+01 7.001580999995026255e-01 3.097326999999999941e+00 2.812306512597092660e+04 3.251870975846496759e+00 4.752942093055878559e-05 1.059348244817666984e+00 1.834461360749293490e+01 2.191352825957115158e+01 1.500000000000041034e+01 7.234982999993833097e-01 3.013116999999999823e+00 4.213946896388244204e+04 1.512199061091937594e-02
3.302173656792090739e+00 1.767054254529554669e+01 2.926736691534588708e+00 1.671982582095825265e+01 3.571699512043904901e-01 1.530523911452899988e+01 7.001619134205456785e-01 3.097326999999999941e+00 1.577922445227824574e+04 3.251868658758158226e+00 1.819847771928470692e+00 1.059347310670604614e+00 1.834459804381992143e+01 2.191350881950959106e+01 1.499999065831341483e+01 7.235010634495534498e-01 3.013116999999999823e+00 5.319316636778852262e+04 1.503143829379989527e-02
3.302172936516060808e+00 1.242207284706066339e+01 2.926735920268057178e+00 1.671982150843817649e+01 3.571698546636598026e-01 1.530523504880283880e+01 7.001629549966044141e-01 3.097326999999999941e+00 1.343836679524191641e+04 3.251868025882530322e+00 7.756993676886523303e+00 1.059347055523269354e+00 1.834459379284997382e+01 2.191350350976465933e+01 1.499998810677782046e+01 7.235018182426542488e-01 3.013116999999999823e+00 5.091546230960291723e+04 1.492561288358032826e-02
3.302172756450352686e+00 1.110995531503743017e+01 2.926735727454504055e+00 1.671982043032815568e+01 3.571698305289223163e-01 1.530523403237073410e+01 7.001632153906116596e-01 3.097326999999999941e+00 1.285315233371724935e+04 3.251867867666549561e+00 9.241280275326078097e+00 1.059346991737590615e+00 1.834459273012679148e+01 2.191350218235233882e+01 1.499998746889288093e+01 7.235020069410985633e-01 3.013116999999999823e+00 5.034603624880993448e+04 1.489915653098573475e-02
3.302172711447123543e+00 1.078192550217445422e+01 2.926735679263433809e+00 1.671982016088064427e+01 3.571698244970185621e-01 1.530523377826045461e+01 7.001632804890841610e-01 3.097326999999999941e+00 1.270684852876683181e+04 3.251867828124257453e+00 9.612352413732345724e+00 1.059346975795791623e+00 1.834459246452322034e+01 2.191350185059491196e+01 1.499998730941748093e+01 7.235020541163864616e-01 3.013116999999999823e+00 5.020367954914500297e+04 1.489254244268271334e-02
3.302172700249123238e+00 1.069991632907980161e+01 2.926735667264954710e+00 1.671982009383883039e+01 3.571698229961672300e-01 1.530523371472392391e+01 7.001632967635704752e-01 3.097326999999999941e+00 1.267027181918550741e+04 3.251867818285512080e+00 9.705122404141709680e+00 1.059346971828829975e+00 1.834459239843131684e+01 2.191350176803828376e+01 1.499998726953200112e+01 7.235020659129055565e-01 3.013116999999999823e+00 5.016808963634359679e+04 1.489088892062566741e-02
3.302172697661260869e+00 1.067940714928478307e+01 2.926735664462873920e+00 1.671982007836111350e+01 3.571698226495080841e-01 1.530523369880397588e+01 7.001633008316393569e-01 3.097326999999999941e+00 1.266112460560914951e+04 3.251867816013498391e+00 9.728322733158806912e+00 1.059346970911185570e+00 1.834459238314668639e+01 2.191350174893300107e+01 1.499998725949405021e+01 7.235020688728259763e-01 3.013116999999999823e+00 5.015918920387478283e+04 1.489047554134799965e-02
3.302172697886558872e+00 1.067425189699671328e+01 2.926735664576474161e+00 1.671982007977849349e+01 3.571698226805273824e-01 1.530523369467491435e+01 7.001633018467426917e-01 3.097326999999999941e+00 1.265882547345589046e+04 3.251867816218987794e+00 9.734154607818148008e+00 1.059346970987159242e+00 1.834459238442936169e+01 2.191350175047852034e+01 1.499998725670917921e+01 7.235020696575571453e-01 3.013116999999999823e+00 5.015695209961388900e+04 1.489037219012107061e-02
3.302172706837892768e+00 1.067276109376488691e+01 2.926735673073939559e+00 1.671982013395617273e+01 3.571698238873046161e-01 1.530523369918721421e+01 7.001633003269728261e-01 3.097326999999999941e+00 1.265818099007009732e+04 3.251867824148298780e+00 9.735856247342338676e+00 1.059346974125367380e+00 1.834459243685845209e+01 2.191350181548345688e+01 1.499998725789157916e+01 7.235020689747552192e-01 3.013116999999999823e+00 5.015632500363584404e+04 1.489042571443653998e-02
3.302408568694714219e+00 1.058895629969179630e+01 2.926954425570690965e+00 1.672125217792552476e+01 3.572017257727246875e-01 1.530520019456956859e+01 7.001641547328087967e-01 3.097326999999999941e+00 1.265808120612014318e+04 3.252076710278137828e+00 9.873253533049592079e+00 1.059429630894051622e+00 1.834597257772876588e+01 2.191520963634564367e+01 1.499992025813093299e+01 7.235155539345456965e-01 3.013116999999999823e+00 5.015622791358342511e+04 1.503336377653242267e-02
3.302408617904436738e+00 1.058895629969179630e+01 2.926954425570690965e+00 1.672125217792552476e+01 3.572017257727246875e-01 1.530520019456956859e+01 7.001641547328087967e-01 3.097326999999999941e+00 1.265808120612014318e+04 3.252076710278137828e+00 9.873253533049592079e+00 1.059429630894051622e+00 1.834597257772876588e+01 2.191520963634564367e+01 1.499992025813093299e+01 7.235155539345456965e-01 3.013116999999999823e+00 5.015622791358342511e+04 1.503336377653242267e-02
3.302408568694714219e+00 1.058895645747954184e+01 2.926954425570690965e+00 1.672125217792552476e+01 3.572017257727246875e-01 1.530520019456956859e+01 7.001641547328087967e-01 3.097326999999999941e+00 1.265808120612014318e+04 3.252076710278137828e+00 9.873253533049592079e+00 1.059429630894051622e+00 1.834597257772876588e+01 2.191520963634564367e+01 1.499992025813093299e+01 7.235155539345456965e-01 3.013116999999999823e+00 5.015622791358342511e+04 1.503336377653242267e-02
3.302408568694714219e+00 1.058895629969179630e+01 2.926954469185710561e+00 1.672125217792552476e+01 3.572017257727246875e-01 1.530520019456956859e+01 7.001641547328087967e-01 3.097326999999999941e+00 1.265808120612014318e+04 3.252076710278137828e+00 9.873253533049592079e+00 1.059429630894051622e+00 1.834597257772876588e+01 2.191520963634564367e+01 1.499992025813093299e+01 7.235155539345456965e-01 3.013116999999999823e+00 5.015622791358342511e+04 1.503336377653242267e-02
3.302408568694714219e+00 1.058895629969179630e+01 2.926954425570690965e+00 1.672125242709159920e+01 3.572017257727246875e-01 1.530520019456956859e+01 7.001641547328087967e-01 3.097326999999999941e+00 1.265808120612014318e+04 3.252076710278137828e+00 9.873253533049592079e+00 1.059429630894051622e+00 1.834597257772876588e+01 2.191520963634564367e+01 1.499992025813093299e+01 7.235155539345456965e-01 3.013116999999999823e+00 5.015622791358342511e+04 1.503336377653242267e-02
3.302408568694714219e+00 1.058895629969179630e+01 2.926954425570690965e+00 1.672125217792552476e+01 3.572017406738858813e-01 1.530520019456956859e+01 7.001641547328087967e-01 3.097326999999999941e+00 1.265808120612014318e+04 3.252076710278137828e+00 9.873253533049592079e+00 1.059429630894051622e+00 1.834597257772876588e+01 2.191520963634564367e+01 1.499992025813093299e+01 7.235155539345456965e-01 3.013116999999999823e+00 5.015622791358342511e+04 1.503336377653242267e-02
3.302408568694714219e+00 1.058895629969179630e+01 2.926954425570690965e+00 1.672125217792552476e+01 3.572017257727246875e-01 1.530520042263482416e+01 7.001641547328087967e-01 3.097326999999999941e+00 1.265808120612014318e+04 3.252076710278137828e+00 9.873253533049592079e+00 1.059429630894051622e+00 1.834597257772876588e+01 2.191520963634564367e+01 1.499992025813093299e+01 7.235155539345456965e-01 3.013116999999999823e+00 5.015622791358342511e+04 1.503336377653242267e-02
3.302408568694714219e+00 1.058895629969179630e+01 2.926954425570690965e+00 1.672125217792552476e+01 3.572017257727246875e-01 1.530520019456956859e+01 7.001641696339699905e-01 3.097326999999999941e+00 1.265808120612014318e+04 3.252076710278137828e+00 9.873253533049592079e+00 1.059429630894051622e+00 1.834597257772876588e+01 2.191520963634564367e+01 1.499992025813093299e+01 7.235155539345456965e-01 3.013116999999999823e+00 5.015622791358342511e+04 1.503336377653242267e-02
3.302408568694714219e+00 1.058895629969179630e+01 2.926954425570690965e+00 1.672125217792552476e+01 3.572017257727246875e-01 1.530520019456956859e+01 7.001641547328087967e-01 3.097326999999999941e+00 1.265808139474025120e+04 3.252076710278137828e+00 9.873253533049592079e+00 1.059429630894051622e+00 1.834597257772876588e+01 2.191520963634564367e+01 1.499992025813093299e+01 7.235155539345456965e-01 3.013116999999999823e+00 5.015622791358342511e+04 1.503336377653242267e-02
3.302408568694714219e+00 1.058895629969179630e+01 2.926954425570690965e+00 1.672125217792552476e+01 3.572017257727246875e-01 1.530520019456956859e+01 7.001641547328087967e-01 3.097326999999999941e+00 1.265808120612014318e+04 3.252076758737857176e+00 9.873253533049592079e+00 1.059429630894051622e+00 1.834597257772876588e+01 2.191520963634564367e+01 1.499992025813093299e+01 7.235155539345456965e-01 3.013116999999999823e+00 5.015622791358342511e+04 1.503336377653242267e-02
3.302408568694714219e+00 1.058895629969179630e+01 2.926954425570690965e+00 1.672125217792552476e+01 3.572017257727246875e-01 1.530520019456956859e+01 7.001641547328087967e-01 3.097326999999999941e+00 1.265808120612014318e+04 3.252076710278137828e+00 9.873253680172535240e+00 1.059429630894051622e+00 1.834597257772876588e+01 2.191520963634564367e+01 1.499992025813093299e+01 7.235155539345456965e-01 3.013116999999999823e+00 5.015622791358342511e+04 1.503336377653242267e-02
3.302408568694714219e+00 1.058895629969179630e+01 2.926954425570690965e+00 1.672125217792552476e+01 3.572017257727246875e-01 1.530520019456956859e+01 7.001641547328087967e-01 3.097326999999999941e+00 1.265808120612014318e+04 3.252076710278137828e+00 9.873253533049592079e+00 1.059429646680783321e+00 1.834597257772876588e+01 2.191520963634564367e+01 1.499992025813093299e+01 7.235155539345456965e-01 3.013116999999999823e+00 5.015622791358342511e+04 1.503336377653242267e-02
3.302408568694714219e+00 1.058895629969179630e+01 2.926954425570690965e+00 1.672125217792552476e+01 3.572017257727246875e-01 1.530520019456956859e+01 7.001641547328087967e-01 3.097326999999999941e+00 1.265808120612014318e+04 3.252076710278137828e+00 9.873253533049592079e+00 1.059429630894051622e+00 1.834597285110505993e+01 2.191520963634564367e+01 1.499992025813093299e+01 7.235155539345456965e-01 3.013116999999999823e+00 5.015622791358342511e+04 1.503336377653242267e-02
3.302408568694714219e+00 1.058895629969179630e+01 2.926954425570690965e+00 1.672125217792552476e+01 3.572017257727246875e-01 1.530520019456956859e+01 7.001641547328087967e-01 3.097326999999999941e+00 1.265808120612014318e+04 3.252076710278137828e+00 9.873253533049592079e+00 1.059429630894051622e+00 1.834597257772876588e+01 2.191520996290771350e+01 1.499992025813093299e+01 7.235155539345456965e-01 3.013116999999999823e+00 5.015622791358342511e+04 1.503336377653242267e-02
3.302408568694714219e+00 1.058895629969179630e+01 2.926954425570690965e+00 1.672125217792552476e+01 3.572017257727246875e-01 1.530520019456956859e+01 7.001641547328087967e-01 3.097326999999999941e+00 1.265808120612014318e+04 3.252076710278137828e+00 9.873253533049592079e+00 1.059429630894051622e+00 1.834597257772876588e+01 2.191520963634564367e+01 1.499992048164716252e+01 7.235155539345456965e-01 3.013116999999999823e+00 5.015622791358342511e+04 1.503336377653242267e-02
3.302408568694714219e+00 1.058895629969179630e+01 2.926954425570690965e+00 1.672125217792552476e+01 3.572017257727246875e-01 1.530520019456956859e+01 7.001641547328087967e-01 3.097326999999999941e+00 1.265808120612014318e+04 3.252076710278137828e+00 9.873253533049592079e+00 1.059429630894051622e+00 1.834597257772876588e+01 2.191520963634564367e+01 1.499992025813093299e+01 7.235155688357068904e-01 3.013116999999999823e+00 5.015622791358342511e+04 1.503336377653242267e-02
3.302408568694714219e+00 1.058895629969179630e+01 2.926954425570690965e+00 1.672125217792552476e+01 3.572017257727246875e-01 1.530520019456956859e+01 7.001641547328087967e-01 3.097326999999999941e+00 1.265808120612014318e+04 3.252076710278137828e+00 9.873253533049592079e+00 1.059429630894051622e+00 1.834597257772876588e+01 2.191520963634564367e+01 1.499992025813093299e+01 7.235155539345456965e-01 3.013116999999999823e+00 5.015622866096946382e+04 1.503336377653242267e-02
3.302408568694714219e+00 1.058895629969179630e+01 2.926954425570690965e+00 1.672125217792552476e+01 3.572017257727246875e-01 1.530520019456956859e+01 7.001641547328087967e-01 3.097326999999999941e+00 1.265808120612014318e+04 3.252076710278137828e+00 9.873253533049592079e+00 1.059429630894051622e+00 1.834597257772876588e+01 2.191520963634564367e+01 1.499992025813093299e+01 7.235155539345456965e-01 3.013116999999999823e+00 5.015622791358342511e+04 1.503337867769361652e-02
3.302410808315521251e+00 1.061345683817860142e+01 2.926956430037829904e+00 1.672126399478333525e+01 3.572019803617083045e-01 1.530519978631218869e+01 7.001644937771327459e-01 3.097326999999999941e+00 1.265808110185150144e+04 3.252078840184105868e+00 9.811485870900177986e+00 1.059430362692195038e+00 1.834598512817129290e+01 2.191522477499844967e+01 1.499991960630412180e+01 7.235159859022743944e-01 3.013116999999999823e+00 5.015622781135366677e+04 1.493976145662116381e-02
3.302410857525277077e+00 1.061345683817860142e+01 2.926956430037829904e+00 1.672126399478333525e+01 3.572019803617083045e-01 1.530519978631218869e+01 7.001644937771327459e-01 3.097326999999999941e+00 1.265808110185150144e+04 3.252078840184105868e+00 9.811485870900177986e+00 1.059430362692195038e+00 1.834598512817129290e+01 2.191522477499844967e+01 1.499991960630412180e+01 7.235159859022743944e-01 3.013116999999999823e+00 5.015622781135366677e+04 1.493976145662116381e-02
3.302410808315521251e+00 1.061345699633143269e+01 2.926956430037829904e+00 1.672126399478333525e+01 3.572019803617083045e-01 1.530519978631218869e+01 7.001644937771327459e-01 3.097326999999999941e+00 1.265808110185150144e+04 3.252078840184105868e+00 9.811485870900177986e+00 1.059430362692195038e+00 1.834598512817129290e+01 2.191522477499844967e+01 1.499991960630412180e+01 7.235159859022743944e-01 3.013116999999999823e+00 5.015622781135366677e+04 1.493976145662116381e-02
3.302410808315521251e+00 1.061345683817860142e+01 2.926956473652879254e+00 1.672126399478333525e+01 3.572019803617083045e-01 1.530519978631218869e+01 7.001644937771327459e-01 3.097326999999999941e+00 1.265808110185150144e+04 3.252078840184105868e+00 9.811485870900177986e+00 1.059430362692195038e+00 1.834598512817129290e+01 2.191522477499844967e+01 1.499991960630412180e+01 7.235159859022743944e-01 3.013116999999999823e+00 5.015622781135366677e+04 1.493976145662116381e-02
3.302410808315521251e+00 1.061345683817860142e+01 2.926956430037829904e+00 1.672126424394958377e+01 3.572019803617083045e-01 1.530519978631218869e+01 7.001644937771327459e-01 3.097326999999999941e+00 1.265808110185150144e+04 3.252078840184105868e+00 9.811485870900177986e+00 1.059430362692195038e+00 1.834598512817129290e+01 2.191522477499844967e+01 1.499991960630412180e+01 7.235159859022743944e-01 3.013116999999999823e+00 5.015622781135366677e+04 1.493976145662116381e-02
3.302410808315521251e+00 1.061345683817860142e+01 2.926956430037829904e+00 1.672126399478333525e+01 3.572019952628694983e-01 1.530519978631218869e+01 7.001644937771327459e-01 3.097326999999999941e+00 1.265808110185150144e+04 3.252078840184105868e+00 9.811485870900177986e+00 1.059430362692195038e+00 1.834598512817129290e+01 2.191522477499844967e+01 1.499991960630412180e+01 7.235159859022743944e-01 3.013116999999999823e+00 5.015622781135366677e+04 1.493976145662116381e-02
3.302410808315521251e+00 1.061345683817860142e+01 2.926956430037829904e+00 1.672126399478333525e+01 3.572019803617083045e-01 1.530520001437743716e+01 7.001644937771327459e-01 3.097326999999999941e+00 1.265808110185150144e+04 3.252078840184105868e+00 9.811485870900177986e+00 1.059430362692195038e+00 1.834598512817129290e+01 2.191522477499844967e+01 1.499991960630412180e+01 7.235159859022743944e-01 3.013116999999999823e+00 5.015622781135366677e+04 1.493976145662116381e-02
3.302410808315521251e+00 1.061345683817860142e+01 2.926956430037829904e+00 1.672126399478333525e+01 3.572019803617083045e-01 1.530519978631218869e+01 7.001645086782939398e-01 3.097326999999999941e+00 1.265808110185150144e+04 3.252078840184105868e+00 9.811485870900177986e+00 1.059430362692195038e+00 1.834598512817129290e+01 2.191522477499844967e+01 1.499991960630412180e+01 7.235159859022743944e-01 3.013116999999999823e+00 5.015622781135366677e+04 1.493976145662116381e-02
3.302410808315521251e+00 1.061345683817860142e+01 2.926956430037829904e+00 1.672126399478333525e+01 3.572019803617083045e-01 1.530519978631218869e+01 7.001644937771327459e-01 3.097326999999999941e+00 1.265808129047160764e+04 3.252078840184105868e+00 9.811485870900177986e+00 1.059430362692195038e+00 1.834598512817129290e+01 2.191522477499844967e+01 1.499991960630412180e+01 7.235159859022743944e-01 3.013116999999999823e+00 5.015622781135366677e+04 1.493976145662116381e-02
3.302410808315521251e+00 1.061345683817860142e+01 2.926956430037829904e+00 1.672126399478333525e+01 3.572019803617083045e-01 1.530519978631218869e+01 7.001644937771327459e-01 3.097326999999999941e+00 1.265808110185150144e+04 3.252078888643856747e+00 9.811485870900177986e+00 1.059430362692195038e+00 1.834598512817129290e+01 2.191522477499844967e+01 1.499991960630412180e+01 7.235159859022743944e-01 3.013116999999999823e+00 5.015622781135366677e+04 1.493976145662116381e-02
3.302410808315521251e+00 1.061345683817860142e+01 2.926956430037829904e+00 1.672126399478333525e+01 3.572019803617083045e-01 1.530519978631218869e+01 7.001644937771327459e-01 3.097326999999999941e+00 1.265808110185150144e+04 3.252078840184105868e+00 9.811486017102710733e+00 1.059430362692195038e+00 1.834598512817129290e+01 2.191522477499844967e+01 1.499991960630412180e+01 7.235159859022743944e-01 3.013116999999999823e+00 5.015622781135366677e+04 1.493976145662116381e-02
3.302410808315521251e+00 1.061345683817860142e+01 2.926956430037829904e+00 1.672126399478333525e+01 3.572019803617083045e-01 1.530519978631218869e+01 7.001644937771327459e-01 3.097326999999999941e+00 1.265808110185150144e+04 3.252078840184105868e+00 9.811485870900177986e+00 1.059430378478937618e+00 1.834598512817129290e+01 2.191522477499844967e+01 1.499991960630412180e+01 7.235159859022743944e-01 3.013116999999999823e+00 5.015622781135366677e+04 1.493976145662116381e-02
3.302410808315521251e+00 1.061345683817860142e+01 2.926956430037829904e+00 1.672126399478333525e+01 3.572019803617083045e-01 1.530519978631218869e+01 7.001644937771327459e-01 3.097326999999999941e+00 1.265808110185150144e+04 3.252078840184105868e+00 9.811485870900177986e+00 1.059430362692195038e+00 1.834598540154777524e+01 2.191522477499844967e+01 1.499991960630412180e+01 7.235159859022743944e-01 3.013116999999999823e+00 5.015622781135366677e+04 1.493976145662116381e-02
3.302410808315521251e+00 1.061345683817860142e+01 2.926956430037829904e+00 1.672126399478333525e+01 3.572019803617083045e-01 1.530519978631218869e+01 7.001644937771327459e-01 3.097326999999999941e+00 1.265808110185150144e+04 3.252078840184105868e+00 9.811485870900177986e+00 1.059430362692195038e+00 1.834598512817129290e+01 2.191522510156074688e+01 1.499991960630412180e+01 7.235159859022743944e-01 3.013116999999999823e+00 5.015622781135366677e+04 1.493976145662116381e-02
3.302410808315521251e+00 1.061345683817860142e+01 2.926956430037829904e+00 1.672126399478333525e+01 3.572019803617083045e-01 1.530519978631218869e+01 7.001644937771327459e-01 3.097326999999999941e+00 1.265808110185150144e+04 3.252078840184105868e+00 9.811485870900177986e+00 1.059430362692195038e+00 1.834598512817129290e+01 2.191522477499844967e+01 1.499991982982034244e+01 7.235159859022743944e-01 3.013116999999999823e+00 5.015622781135366677e+04 1.493976145662116381e-02
3.302410808315521251e+00 1.061345683817860142e+01 2.926956430037829904e+00 1.672126399478333525e+01 3.572019803617083045e-01 1.530519978631218869e+01 7.001644937771327459e-01 3.097326999999999941e+00 1.265808110185150144e+04 3.252078840184105868e+00 9.811485870900177986e+00 1.059430362692195038e+00 1.834598512817129290e+01 2.191522477499844967e+01 1.499991960630412180e+01 7.235160008034355883e-01 3.013116999999999823e+00 5.015622781135366677e+04 1.493976145662116381e-02
3.302410808315521251e+00 1.061345683817860142e+01 2.926956430037829904e+00 1.672126399478333525e+01 3.572019803617083045e-01 1.530519978631218869e+01 7.001644937771327459e-01 3.097326999999999941e+00 1.265808110185150144e+04 3.252078840184105868e+00 9.811485870900177986e+00 1.059430362692195038e+00 1.834598512817129290e+01 2.191522477499844967e+01 1.499991960630412180e+01 7.235159859022743944e-01 3.013116999999999823e+00 5.015622855873970548e+04 1.493976145662116381e-02
3.302410808315521251e+00 1.061345683817860142e+01 2.926956430037829904e+00 1.672126399478333525e+01 3.572019803617083045e-01 1.530519978631218869e+01 7.001644937771327459e-01 3.097326999999999941e+00 1.265808110185150144e+04 3.252078840184105868e+00 9.811485870900177986e+00 1.059430362692195038e+00 1.834598512817129290e+01 2.191522477499844967e+01 1.499991960630412180e+01 7.235159859022743944e-01 3.013116999999999823e+00 5.015622781135366677e+04 1.493977635778235766e-02
3.299246919418470814e+00 1.061345790299397684e+01 2.926793866966334701e+00 1.673923498216601757e+01 4.178835388112831506e-01 1.530519871253112996e+01 7.001648841250917021e-01 3.097326999999999941e+00 1.265808093165649007e+04 3.259365324778824569e+00 9.811485853336073149e+00 1.040803723902767652e+00 1.834633571890253023e+01 2.191485429900396653e+01 1.499991903576606411e+01 7.235162128048884256e-01 3.013116999999999823e+00 5.015622712516207685e+04 1.490318500838140776e-02
3.298408822257234085e+00 1.061345785548538245e+01 2.926913983736723068e+00 1.672508372192558923e+01 3.702955166453813507e-01 1.530519871982118296e+01 7.001648821042781856e-01 3.097326999999999941e+00 1.265808092951720209e+04 3.257635123739329508e+00 9.811485837565133039e+00 1.052870054654912124e+00 1.834600389911390650e+01 2.191511586928981004e+01 1.499991904008315124e+01 7.235162113985890153e-01 3.013116999999999823e+00 5.015622711627629906e+04 1.490728446580483202e-02
3.300001320125490967e+00 1.061344821416825290e+01 2.926952094114380287e+00 1.672110445776833743e+01 3.568065527277805571e-01 1.530520021690758981e+01 7.001644242946156727e-01 3.097326999999999941e+00 1.265808059748955384e+04 3.254948292977091207e+00 9.811482687766170940e+00 1.057691304447357483e+00 1.834594120244797111e+01 2.191520598217909921e+01 1.499991994972725351e+01 7.235158990631603837e-01 3.013116999999999823e+00 5.015622573615234433e+04 1.492251512275217205e-02
3.301808443585905639e+00 1.061343878352882975e+01 2.926955361956686374e+00 1.672122225358691949e+01 3.570968768025982731e-01 1.530520087293614040e+01 7.001639783236239811e-01 3.097326999999999941e+00 1.265808068218172775e+04 3.252796133471409057e+00 9.811479596986897533e+00 1.058997227538961861e+00 1.834597410478085777e+01 2.191522011162517813e+01 1.499992052287416122e+01 7.235155955554805063e-01 3.013116999999999823e+00 5.015622608662908897e+04 1.493634456315029099e-02
3.302260400764850168e+00 1.061343663917187996e+01 2.926956163706100789e+00 1.672125351338658561e+01 3.571755434411780783e-01 1.530520028566699686e+01 7.001638847314036740e-01 3.097326999999999941e+00 1.265808094962146606e+04 3.252258241097594649e+00 9.811478851610184293e+00 1.059322216809916783e+00 1.834598237396949472e+01 2.191522361112373929e+01 1.499992015336530038e+01 7.235155349306430228e-01 3.013116999999999823e+00 5.015622718734360387e+04 1.493980322329571155e-02
3.302260449972364675e+00 1.061343663917187996e+01 2.926956163706100789e+00 1.672125351338658561e+01 3.571755434411780783e-01 1.530520028566699686e+01 7.001638847314036740e-01 3.097326999999999941e+00 1.265808094962146606e+04 3.252258241097594649e+00 9.811478851610184293e+00 1.059322216809916783e+00 1.834598237396949472e+01 2.191522361112373929e+01 1.499992015336530038e+01 7.235155349306430228e-01 3.013116999999999823e+00 5.015622718734360387e+04 1.493980322329571155e-02
3.302260400764850168e+00 1.061343679732440926e+01 2.926956163706100789e+00 1.672125351338658561e+01 3.571755434411780783e-01 1.530520028566699686e+01 7.001638847314036740e-01 3.097326999999999941e+00 1.265808094962146606e+04 3.252258241097594649e+00 9.811478851610184293e+00 1.059322216809916783e+00 1.834598237396949472e+01 2.191522361112373929e+01 1.499992015336530038e+01 7.235155349306430228e-01 3.013116999999999823e+00 5.015622718734360387e+04 1.493980322329571155e-02
3.302260400764850168e+00 1.061343663917187996e+01 2.926956207321146586e+00 1.672125351338658561e+01 3.571755434411780783e-01 1.530520028566699686e+01 7.001638847314036740e-01 3.097326999999999941e+00 1.265808094962146606e+04 3.252258241097594649e+00 9.811478851610184293e+00 1.059322216809916783e+00 1.834598237396949472e+01 2.191522361112373929e+01 1.499992015336530038e+01 7.235155349306430228e-01 3.013116999999999823e+00 5.015622718734360387e+04 1.493980322329571155e-02
3.302260400764850168e+00 1.061343663917187996e+01 2.926956163706100789e+00 1.672125376255267781e+01 3.571755434411780783e-01 1.530520028566699686e+01 7.001638847314036740e-01 3.097326999999999941e+00 1.265808094962146606e+04 3.252258241097594649e+00 9.811478851610184293e+00 1.059322216809916783e+00 1.834598237396949472e+01 2.191522361112373929e+01 1.499992015336530038e+01 7.235155349306430228e-01 3.013116999999999823e+00 5.015622718734360387e+04 1.493980322329571155e-02
3.302260400764850168e+00 1.061343663917187996e+01 2.926956163706100789e+00 1.672125351338658561e+01 3.571755583423392721e-01 1.530520028566699686e+01 7.001638847314036740e-01 3.097326999999999941e+00 1.265808094962146606e+04 3.252258241097594649e+00 9.811478851610184293e+00 1.059322216809916783e+00 1.834598237396949472e+01 2.191522361112373929e+01 1.499992015336530038e+01 7.235155349306430228e-01 3.013116999999999823e+00 5.015622718734360387e+04 1.493980322329571155e-02
3.302260400764850168e+00 1.061343663917187996e+01 2.926956163706100789e+00 1.672125351338658561e+01 3.571755434411780783e-01 1.530520051373225421e+01 7.001638847314036740e-01 3.097326999999999941e+00 1.265808094962146606e+04 3.252258241097594649e+00 9.811478851610184293e+00 1.059322216809916783e+00 1.834598237396949472e+01 2.191522361112373929e+01 1.499992015336530038e+01 7.235155349306430228e-01 3.013116999999999823e+00 5.015622718734360387e+04 1.493980322329571155e-02
3.302260400764850168e+00 1.061343663917187996e+01 2.926956163706100789e+00 1.672125351338658561e+01 3.571755434411780783e-01 1.530520028566699686e+01 7.001638996325648678e-01 3.097326999999999941e+00 1.265808094962146606e+04 3.252258241097594649e+00 9.811478851610184293e+00 1.059322216809916783e+00 1.834598237396949472e+01 2.191522361112373929e+01 1.499992015336530038e+01 7.235155349306430228e-01 3.013116999999999823e+00 5.015622718734360387e+04 1.493980322329571155e-02
3.302260400764850168e+00 1.061343663917187996e+01 2.926956163706100789e+00 1.672125351338658561e+01 3.571755434411780783e-01 1.530520028566699686e+01 7.001638847314036740e-01 3.097326999999999941e+00 1.265808113824157044e+04 3.252258241097594649e+00 9.811478851610184293e+00 1.059322216809916783e+00 1.834598237396949472e+01 2.191522361112373929e+01 1.499992015336530038e+01 7.235155349306430228e-01 3.013116999999999823e+00 5.015622718734360387e+04 1.493980322329571155e-02
3.302260400764850168e+00 1.061343663917187996e+01 2.926956163706100789e+00 1.672125351338658561e+01 3.571755434411780783e-01 1.530520028566699686e+01 7.001638847314036740e-01 3.097326999999999941e+00 1.265808094962146606e+04 3.252258289560018945e+00 9.811478851610184293e+00 1.059322216809916783e+00 1.834598237396949472e+01 2.191522361112373929e+01 1.499992015336530038e+01 7.235155349306430228e-01 3.013116999999999823e+00 5.015622718734360387e+04 1.493980322329571155e-02
3.302260400764850168e+00 1.061343663917187996e+01 2.926956163706100789e+00 1.672125351338658561e+01 3.571755434411780783e-01 1.530520028566699686e+01 7.001638847314036740e-01 3.097326999999999941e+00 1.265808094962146606e+04 3.252258241097594649e+00 9.811478997812612235e+00 1.059322216809916783e+00 1.834598237396949472e+01 2.191522361112373929e+01 1.499992015336530038e+01 7.235155349306430228e-01 3.013116999999999823e+00 5.015622718734360387e+04 1.493980322329571155e-02
3.302260400764850168e+00 1.061343663917187996e+01 2.926956163706100789e+00 1.672125351338658561e+01 3.571755434411780783e-01 1.530520028566699686e+01 7.001638847314036740e-01 3.097326999999999941e+00 1.265808094962146606e+04 3.252258241097594649e+00 9.811478851610184293e+00 1.059322232595047986e+00 1.834598237396949472e+01 2.191522361112373929e+01 1.499992015336530038e+01 7.235155349306430228e-01 3.013116999999999823e+00 5.015622718734360387e+04 1.493980322329571155e-02
3.302260400764850168e+00 1.061343663917187996e+01 2.926956163706100789e+00 1.672125351338658561e+01 3.571755434411780783e-01 1.530520028566699686e+01 7.001638847314036740e-01 3.097326999999999941e+00 1.265808094962146606e+04 3.252258241097594649e+00 9.811478851610184293e+00 1.059322216809916783e+00 1.834598264734593442e+01 2.191522361112373929e+01 1.499992015336530038e+01 7.235155349306430228e-01 3.013116999999999823e+00 5.015622718734360387e+04 1.493980322329571155e-02
3.302260400764850168e+00 1.061343663917187996e+01 2.926956163706100789e+00 1.672125351338658561e+01 3.571755434411780783e-01 1.530520028566699686e+01 7.001638847314036740e-01 3.097326999999999941e+00 1.265808094962146606e+04 3.252258241097594649e+00 9.811478851610184293e+00 1.059322216809916783e+00 1.834598237396949472e+01 2.191522393768601873e+01 1.499992015336530038e+01 7.235155349306430228e-01 3.013116999999999823e+00 5.015622718734360387e+04 1.493980322329571155e-02
3.302260400764850168e+00 1.061343663917187996e+01 2.926956163706100789e+00 1.672125351338658561e+01 3.571755434411780783e-01 1.530520028566699686e+01 7.001638847314036740e-01 3.097326999999999941e+00 1.265808094962146606e+04 3.252258241097594649e+00 9.811478851610184293e+00 1.059322216809916783e+00 1.834598237396949472e+01 2.191522361112373929e+01 1.499992037688152813e+01 7.235155349306430228e-01 3.013116999999999823e+00 5.015622718734360387e+04 1.493980322329571155e-02
3.302260400764850168e+00 1.061343663917187996e+01 2.926956163706100789e+00 1.672125351338658561e+01 3.571755434411780783e-01 1.530520028566699686e+01 7.001638847314036740e-01 3.097326999999999941e+00 1.265808094962146606e+04 3.252258241097594649e+00 9.811478851610184293e+00 1.059322216809916783e+00 1.834598237396949472e+01 2.191522361112373929e+01 1.499992015336530038e+01 7.235155498318042167e-01 3.013116999999999823e+00 5.015622718734360387e+04 1.493980322329571155e-02
3.302260400764850168e+00 1.061343663917187996e+01 2.926956163706100789e+00 1.672125351338658561e+01 3.571755434411780783e-01 1.530520028566699686e+01 7.001638847314036740e-01 3.097326999999999941e+00 1.265808094962146606e+04 3.252258241097594649e+00 9.811478851610184293e+00 1.059322216809916783e+00 1.834598237396949472e+01 2.191522361112373929e+01 1.499992015336530038e+01 7.235155349306430228e-01 3.013116999999999823e+00 5.015622793472962803e+04 1.493980322329571155e-02
3.302260400764850168e+00 1.061343663917187996e+01 2.926956163706100789e+00 1.672125351338658561e+01 3.571755434411780783e-01 1.530520028566699686e+01 7.001638847314036740e-01 3.097326999999999941e+00 1.265808094962146606e+04 3.252258241097594649e+00 9.811478851610184293e+00 1.059322216809916783e+00 1.834598237396949472e+01 2.191522361112373929e+01 1.499992015336530038e+01 7.235155349306430228e-01 3.013116999999999823e+00 5.015622718734360387e+04 1.493981812445690539e-02
3.302261776510081681e+00 1.061308900437876801e+01 2.926957193321130024e+00 1.672125787765125438e+01 3.571756255165359772e-01 1.530520090167667036e+01 7.001602734142736706e-01 3.097326999999999941e+00 1.265808094954116859e+04 3.252259908171259539e+00 9.811093352740936524e+00 1.059322617494425689e+00 1.834598966776690432e+01 2.191523163298191079e+01 1.499992144737368527e+01 7.235125431290447828e-01 3.013116999999999823e+00 5.015622718726299354e+04 1.493827812515628045e-02
3.302261825717616617e+00 1.061308900437876801e+01 2.926957193321130024e+00 1.672125787765125438e+01 3.571756255165359772e-01 1.530520090167667036e+01 7.001602734142736706e-01 3.097326999999999941e+00 1.265808094954116859e+04 3.252259908171259539e+00 9.811093352740936524e+00 1.059322617494425689e+00 1.834598966776690432e+01 2.191523163298191079e+01 1.499992144737368527e+01 7.235125431290447828e-01 3.013116999999999823e+00 5.015622718726299354e+04 1.493827812515628045e-02
3.302261776510081681e+00 1.061308916252611745e+01 2.926957193321130024e+00 1.672125787765125438e+01 3.571756255165359772e-01 1.530520090167667036e+01 7.001602734142736706e-01 3.097326999999999941e+00 1.265808094954116859e+04 3.252259908171259539e+00 9.811093352740936524e+00 1.059322617494425689e+00 1.834598966776690432e+01 2.191523163298191079e+01 1.499992144737368527e+01 7.235125431290447828e-01 3.013116999999999823e+00 5.015622718726299354e+04 1.493827812515628045e-02
3.302261776510081681e+00 1.061308900437876801e+01 2.926957236936190920e+00 1.672125787765125438e+01 3.571756255165359772e-01 1.530520090167667036e+01 7.001602734142736706e-01 3.097326999999999941e+00 1.265808094954116859e+04 3.252259908171259539e+00 9.811093352740936524e+00 1.059322617494425689e+00 1.834598966776690432e+01 2.191523163298191079e+01 1.499992144737368527e+01 7.235125431290447828e-01 3.013116999999999823e+00 5.015622718726299354e+04 1.493827812515628045e-02
3.302261776510081681e+00 1.061308900437876801e+01 2.926957193321130024e+00 1.672125812681741408e+01 3.571756255165359772e-01 1.530520090167667036e+01 7.001602734142736706e-01 3.097326999999999941e+00 1.265808094954116859e+04 3.252259908171259539e+00 9.811093352740936524e+00 1.059322617494425689e+00 1.834598966776690432e+01 2.191523163298191079e+01 1.499992144737368527e+01 7.235125431290447828e-01 3.013116999999999823e+00 5.015622718726299354e+04 1.493827812515628045e-02
3.302261776510081681e+00 1.061308900437876801e+01 2.926957193321130024e+00 1.672125787765125438e+01 3.571756404176971711e-01 1.530520090167667036e+01 7.001602734142736706e-01 3.097326999999999941e+00 1.265808094954116859e+04 3.252259908171259539e+00 9.811093352740936524e+00 1.059322617494425689e+00 1.834598966776690432e+01 2.191523163298191079e+01 1.499992144737368527e+01 7.235125431290447828e-01 3.013116999999999823e+00 5.015622718726299354e+04 1.493827812515628045e-02
3.302261776510081681e+00 1.061308900437876801e+01 2.926957193321130024e+00 1.672125787765125438e+01 3.571756255165359772e-01 1.530520112974193658e+01 7.001602734142736706e-01 3.097326999999999941e+00 1.265808094954116859e+04 3.252259908171259539e+00 9.811093352740936524e+00 1.059322617494425689e+00 1.834598966776690432e+01 2.191523163298191079e+01 1.499992144737368527e+01 7.235125431290447828e-01 3.013116999999999823e+00 5.015622718726299354e+04 1.493827812515628045e-02
3.302261776510081681e+00 1.061308900437876801e+01 2.926957193321130024e+00 1.672125787765125438e+01 3.571756255165359772e-01 1.530520090167667036e+01 7.001602883154348644e-01 3.097326999999999941e+00 1.265808094954116859e+04 3.252259908171259539e+00 9.811093352740936524e+00 1.059322617494425689e+00 1.834598966776690432e+01 2.191523163298191079e+01 1.499992144737368527e+01 7.235125431290447828e-01 3.013116999999999823e+00 5.015622718726299354e+04 1.493827812515628045e-02
3.302261776510081681e+00 1.061308900437876801e+01 2.926957193321130024e+00 1.672125787765125438e+01 3.571756255165359772e-01 1.530520090167667036e+01 7.001602734142736706e-01 3.097326999999999941e+00 1.265808113816127297e+04 3.252259908171259539e+00 9.811093352740936524e+00 1.059322617494425689e+00 1.834598966776690432e+01 2.191523163298191079e+01 1.499992144737368527e+01 7.235125431290447828e-01 3.013116999999999823e+00 5.015622718726299354e+04 1.493827812515628045e-02
3.302261776510081681e+00 1.061308900437876801e+01 2.926957193321130024e+00 1.672125787765125438e+01 3.571756255165359772e-01 1.530520090167667036e+01 7.001602734142736706e-01 3.097326999999999941e+00 1.265808094954116859e+04 3.252259956633708704e+00 9.811093352740936524e+00 1.059322617494425689e+00 1.834598966776690432e+01 2.191523163298191079e+01 1.499992144737368527e+01 7.235125431290447828e-01 3.013116999999999823e+00 5.015622718726299354e+04 1.493827812515628045e-02
3.302261776510081681e+00 1.061308900437876801e+01 2.926957193321130024e+00 1.672125787765125438e+01 3.571756255165359772e-01 1.530520090167667036e+01 7.001602734142736706e-01 3.097326999999999941e+00 1.265808094954116859e+04 3.252259908171259539e+00 9.811093498937619728e+00 1.059322617494425689e+00 1.834598966776690432e+01 2.191523163298191079e+01 1.499992144737368527e+01 7.235125431290447828e-01 3.013116999999999823e+00 5.015622718726299354e+04 1.493827812515628045e-02
3.302261776510081681e+00 1.061308900437876801e+01 2.926957193321130024e+00 1.672125787765125438e+01 3.571756255165359772e-01 1.530520090167667036e+01 7.001602734142736706e-01 3.097326999999999941e+00 1.265808094954116859e+04 3.252259908171259539e+00 9.811093352740936524e+00 1.059322633279562664e+00 1.834598966776690432e+01 2.191523163298191079e+01 1.499992144737368527e+01 7.235125431290447828e-01 3.013116999999999823e+00 5.015622718726299354e+04 1.493827812515628045e-02
3.302261776510081681e+00 1.061308900437876801e+01 2.926957193321130024e+00 1.672125787765125438e+01 3.571756255165359772e-01 1.530520090167667036e+01 7.001602734142736706e-01 3.097326999999999941e+00 1.265808094954116859e+04 3.252259908171259539e+00 9.811093352740936524e+00 1.059322617494425689e+00 1.834598994114345416e+01 2.191523163298191079e+01 1.499992144737368527e+01 7.235125431290447828e-01 3.013116999999999823e+00 5.015622718726299354e+04 1.493827812515628045e-02
3.302261776510081681e+00 1.061308900437876801e+01 2.926957193321130024e+00 1.672125787765125438e+01 3.571756255165359772e-01 1.530520090167667036e+01 7.001602734142736706e-01 3.097326999999999941e+00 1.265808094954116859e+04 3.252259908171259539e+00 9.811093352740936524e+00 1.059322617494425689e+00 1.834598966776690432e+01 2.191523195954431102e+01 1.499992144737368527e+01 7.235125431290447828e-01 3.013116999999999823e+00 5.015622718726299354e+04 1.493827812515628045e-02
3.302261776510081681e+00 1.061308900437876801e+01 2.926957193321130024e+00 1.672125787765125438e+01 3.571756255165359772e-01 1.530520090167667036e+01 7.001602734142736706e-01 3.097326999999999941e+00 1.265808094954116859e+04 3.252259908171259539e+00 9.811093352740936524e+00 1.059322617494425689e+00 1.834598966776690432e+01 2.191523163298191079e+01 1.499992167088993256e+01 7.235125431290447828e-01 3.013116999999999823e+00 5.015622718726299354e+04 1.493827812515628045e-02
3.302261776510081681e+00 1.061308900437876801e+01 2.926957193321130024e+00 1.672125787765125438e+01 3.571756255165359772e-01 1.530520090167667036e+01 7.001602734142736706e-01 3.097326999999999941e+00 1.265808094954116859e+04 3.252259908171259539e+00 9.811093352740936524e+00 1.059322617494425689e+00 1.834598966776690432e+01 2.191523163298191079e+01 1.499992144737368527e+01 7.235125580302059767e-01 3.013116999999999823e+00 5.015622718726299354e+04 1.493827812515628045e-02
3.302261776510081681e+00 1.061308900437876801e+01 2.926957193321130024e+00 1.672125787765125438e+01 3.571756255165359772e-01 1.530520090167667036e+01 7.001602734142736706e-01 3.097326999999999941e+00 1.265808094954116859e+04 3.252259908171259539e+00 9.811093352740936524e+00 1.059322617494425689e+00 1.834598966776690432e+01 2.191523163298191079e+01 1.499992144737368527e+01 7.235125431290447828e-01 3.013116999999999823e+00 5.015622793464901770e+04 1.493827812515628045e-02
3.302261776510081681e+00 1.061308900437876801e+01 2.926957193321130024e+00 1.672125787765125438e+01 3.571756255165359772e-01 1.530520090167667036e+01 7.001602734142736706e-01 3.097326999999999941e+00 1.265808094954116859e+04 3.252259908171259539e+00 9.811093352740936524e+00 1.059322617494425689e+00 1.834598966776690432e+01 2.191523163298191079e+01 1.499992144737368527e+01 7.235125431290447828e-01 3.013116999999999823e+00 5.015622718726299354e+04 1.493829302631747430e-02
3.301571939854749171e+00 1.061234126377923914e+01 2.926956315299274802e+00 1.672121344758937767e+01 3.571196317951793042e-01 1.530520305043999585e+01 7.001452185165010222e-01 3.097326999999999941e+00 1.265808018818720120e+04 3.252950308464864548e+00 9.810807653789650473e+00 1.059082844890925301e+00 1.834597723892843035e+01 2.191522650624625612e+01 1.499992436579044508e+01 7.234990485417418515e-01 3.013116999999999823e+00 5.015622407597182610e+04 1.493197985895763566e-02
3.302140443734861819e+00 1.061256114349028756e+01 2.926957017997837251e+00 1.672124981610297922e+01 3.571654342478509103e-01 1.530520134939198940e+01 7.001521898308945557e-01 3.097326999999999941e+00 1.265808081301606035e+04 3.252389698879004865e+00 9.810830434730331007e+00 1.059279944400457696e+00 1.834598746869458452e+01 2.191523071910370746e+01 1.499992205483903263e+01 7.235037214780877246e-01 3.013116999999999823e+00 5.015622662896056863e+04 1.493588089170143005e-02
3.302243666929665533e+00 1.061294050129573741e+01 2.926957165834803920e+00 1.672125663455617328e+01 3.571740505693614676e-01 1.530520097440022909e+01 7.001585273067184589e-01 3.097326999999999941e+00 1.265808092841513280e+04 3.252280915152353291e+00 9.810980865823616170e+00 1.059316142573480279e+00 1.834598933673183296e+01 2.191523149422771155e+01 1.499992154560515978e+01 7.235103580907004117e-01 3.013116999999999823e+00 5.015622710086087318e+04 1.493763194595787783e-02
