3.205843000000000220e+00 7.511125999999999969e+00 1.235333999999999932e+00 1.528337999999999867e-05 3.753042800000000057e+01 1.549994700000000059e+01 7.954442999999999930e-01 3.681439999999999824e+00 2.571453499999999985e+04 0.000000000000000000e+00
3.205843047770783549e+00 7.511125999999999969e+00 1.235333999999999932e+00 1.528337999999999867e-05 3.753042800000000057e+01 1.549994700000000059e+01 7.954442999999999930e-01 3.681439999999999824e+00 2.571453499999999985e+04 0.000000000000000000e+00
3.205843000000000220e+00 7.511126111924498971e+00 1.235333999999999932e+00 1.528337999999999867e-05 3.753042800000000057e+01 1.549994700000000059e+01 7.954442999999999930e-01 3.681439999999999824e+00 2.571453499999999985e+04 0.000000000000000000e+00
3.205843000000000220e+00 7.511125999999999969e+00 1.235334018407910905e+00 1.528337999999999867e-05 3.753042800000000057e+01 1.549994700000000059e+01 7.954442999999999930e-01 3.681439999999999824e+00 2.571453499999999985e+04 0.000000000000000000e+00
3.205843000000000220e+00 7.511125999999999969e+00 1.235333999999999932e+00 1.529828116119384633e-05 3.753042800000000057e+01 1.549994700000000059e+01 7.954442999999999930e-01 3.681439999999999824e+00 2.571453499999999985e+04 0.000000000000000000e+00
3.205843000000000220e+00 7.511125999999999969e+00 1.235333999999999932e+00 1.528337999999999867e-05 3.753042855924695687e+01 1.549994700000000059e+01 7.954442999999999930e-01 3.681439999999999824e+00 2.571453499999999985e+04 0.000000000000000000e+00
3.205843000000000220e+00 7.511125999999999969e+00 1.235333999999999932e+00 1.528337999999999867e-05 3.753042800000000057e+01 1.549994700000000059e+01 7.954442999999999930e-01 3.681439999999999824e+00 2.571453538317642960e+04 0.000000000000000000e+00
3.205843000000000220e+00 7.511125999999999969e+00 1.235333999999999932e+00 1.528337999999999867e-05 3.753042800000000057e+01 1.549994700000000059e+01 7.954442999999999930e-01 3.681439999999999824e+00 2.571453499999999985e+04 1.490116119384765625e-08
3.205863800319721069e+00 7.511111960638537255e+00 1.235342823251662336e+00 1.570333378689600968e-05 3.753042817556521271e+01 1.549994700000000059e+01 7.954442999999999930e-01 3.681439999999999824e+00 2.571453497924869589e+04 6.350290288064635701e-04
3.205863848090814372e+00 7.511111960638537255e+00 1.235342823251662336e+00 1.570333378689600968e-05 3.753042817556521271e+01 1.549994700000000059e+01 7.954442999999999930e-01 3.681439999999999824e+00 2.571453497924869589e+04 6.350290288064635701e-04
3.205863800319721069e+00 7.511112072562827535e+00 1.235342823251662336e+00 1.570333378689600968e-05 3.753042817556521271e+01 1.549994700000000059e+01 7.954442999999999930e-01 3.681439999999999824e+00 2.571453497924869589e+04 6.350290288064635701e-04
3.205863800319721069e+00 7.511111960638537255e+00 1.235342841659704982e+00 1.570333378689600968e-05 3.753042817556521271e+01 1.549994700000000059e+01 7.954442999999999930e-01 3.681439999999999824e+00 2.571453497924869589e+04 6.350290288064635701e-04
3.205863800319721069e+00 7.511111960638537255e+00 1.235342823251662336e+00 1.571823494808985734e-05 3.753042817556521271e+01 1.549994700000000059e+01 7.954442999999999930e-01 3.681439999999999824e+00 2.571453497924869589e+04 6.350290288064635701e-04
3.205863800319721069e+00 7.511111960638537255e+00 1.235342823251662336e+00 1.570333378689600968e-05 3.753042873481217612e+01 1.549994700000000059e+01 7.954442999999999930e-01 3.681439999999999824e+00 2.571453497924869589e+04 6.350290288064635701e-04
3.205863800319721069e+00 7.511111960638537255e+00 1.235342823251662336e+00 1.570333378689600968e-05 3.753042817556521271e+01 1.549994700000000059e+01 7.954442999999999930e-01 3.681439999999999824e+00 2.571453536242512564e+04 6.350290288064635701e-04
3.205863800319721069e+00 7.511111960638537255e+00 1.235342823251662336e+00 1.570333378689600968e-05 3.753042817556521271e+01 1.549994700000000059e+01 7.954442999999999930e-01 3.681439999999999824e+00 2.571453497924869589e+04 6.350439299676574178e-04
3.169000493436308297e+00 7.276461320149050671e+00 1.241087461993541918e+00 1.554655335125270404e-05 3.708354606065589110e+01 1.549994700000000059e+01 7.954442999999999930e-01 3.681439999999999824e+00 2.587928439358326432e+04 2.960748309841602054e-03
3.169000540658095666e+00 7.276461320149050671e+00 1.241087461993541918e+00 1.554655335125270404e-05 3.708354606065589110e+01 1.549994700000000059e+01 7.954442999999999930e-01 3.681439999999999824e+00 2.587928439358326432e+04 2.960748309841602054e-03
3.169000493436308297e+00 7.276461428576773471e+00 1.241087461993541918e+00 1.554655335125270404e-05 3.708354606065589110e+01 1.549994700000000059e+01 7.954442999999999930e-01 3.681439999999999824e+00 2.587928439358326432e+04 2.960748309841602054e-03
3.169000493436308297e+00 7.276461320149050671e+00 1.241087480487186312e+00 1.554655335125270404e-05 3.708354606065589110e+01 1.549994700000000059e+01 7.954442999999999930e-01 3.681439999999999824e+00 2.587928439358326432e+04 2.960748309841602054e-03
3.169000493436308297e+00 7.276461320149050671e+00 1.241087461993541918e+00 1.556145451244655170e-05 3.708354606065589110e+01 1.549994700000000059e+01 7.954442999999999930e-01 3.681439999999999824e+00 2.587928439358326432e+04 2.960748309841602054e-03
3.169000493436308297e+00 7.276461320149050671e+00 1.241087461993541918e+00 1.554655335125270404e-05 3.708354661324379009e+01 1.549994700000000059e+01 7.954442999999999930e-01 3.681439999999999824e+00 2.587928439358326432e+04 2.960748309841602054e-03
3.169000493436308297e+00 7.276461320149050671e+00 1.241087461993541918e+00 1.554655335125270404e-05 3.708354606065589110e+01 1.549994700000000059e+01 7.954442999999999930e-01 3.681439999999999824e+00 2.587928477921465310e+04 2.960748309841602054e-03
3.169000493436308297e+00 7.276461320149050671e+00 1.241087461993541918e+00 1.554655335125270404e-05 3.708354606065589110e+01 1.549994700000000059e+01 7.954442999999999930e-01 3.681439999999999824e+00 2.587928439358326432e+04 2.960763211002795901e-03
3.160329057831860133e+00 7.229895730344486182e+00 1.244128486727544614e+00 1.542741119781293452e-05 3.697172573846156496e+01 1.549994700000000059e+01 7.954442999999999930e-01 3.681439999999999824e+00 2.564556666103975658e+04 2.715585451044014165e-03
3.160329104924432642e+00 7.229895730344486182e+00 1.244128486727544614e+00 1.542741119781293452e-05 3.697172573846156496e+01 1.549994700000000059e+01 7.954442999999999930e-01 3.681439999999999824e+00 2.564556666103975658e+04 2.715585451044014165e-03
3.160329057831860133e+00 7.229895838078327586e+00 1.244128486727544614e+00 1.542741119781293452e-05 3.697172573846156496e+01 1.549994700000000059e+01 7.954442999999999930e-01 3.681439999999999824e+00 2.564556666103975658e+04 2.715585451044014165e-03
3.160329057831860133e+00 7.229895730344486182e+00 1.244128505266503648e+00 1.542741119781293452e-05 3.697172573846156496e+01 1.549994700000000059e+01 7.954442999999999930e-01 3.681439999999999824e+00 2.564556666103975658e+04 2.715585451044014165e-03
3.160329057831860133e+00 7.229895730344486182e+00 1.244128486727544614e+00 1.544231235900678218e-05 3.697172573846156496e+01 1.549994700000000059e+01 7.954442999999999930e-01 3.681439999999999824e+00 2.564556666103975658e+04 2.715585451044014165e-03
3.160329057831860133e+00 7.229895730344486182e+00 1.244128486727544614e+00 1.542741119781293452e-05 3.697172628938321282e+01 1.549994700000000059e+01 7.954442999999999930e-01 3.681439999999999824e+00 2.564556666103975658e+04 2.715585451044014165e-03
3.160329057831860133e+00 7.229895730344486182e+00 1.244128486727544614e+00 1.542741119781293452e-05 3.697172573846156496e+01 1.549994700000000059e+01 7.954442999999999930e-01 3.681439999999999824e+00 2.564556704318847915e+04 2.715585451044014165e-03
3.160329057831860133e+00 7.229895730344486182e+00 1.244128486727544614e+00 1.542741119781293452e-05 3.697172573846156496e+01 1.549994700000000059e+01 7.954442999999999930e-01 3.681439999999999824e+00 2.564556666103975658e+04 2.715600352205208012e-03
3.156449416214510695e+00 7.253093085139576957e+00 1.242083661893661928e+00 1.455467582142135910e-05 3.692152092194363178e+01 1.549994700000000059e+01 7.954442999999999930e-01 3.681439999999999824e+00 2.542279641724907924e+04 2.630967513760144785e-03
3.156449463249272114e+00 7.253093085139576957e+00 1.242083661893661928e+00 1.455467582142135910e-05 3.692152092194363178e+01 1.549994700000000059e+01 7.954442999999999930e-01 3.681439999999999824e+00 2.542279641724907924e+04 2.630967513760144785e-03
3.156449416214510695e+00 7.253093193219085855e+00 1.242083661893661928e+00 1.455467582142135910e-05 3.692152092194363178e+01 1.549994700000000059e+01 7.954442999999999930e-01 3.681439999999999824e+00 2.542279641724907924e+04 2.630967513760144785e-03
3.156449416214510695e+00 7.253093085139576957e+00 1.242083680402150891e+00 1.455467582142135910e-05 3.692152092194363178e+01 1.549994700000000059e+01 7.954442999999999930e-01 3.681439999999999824e+00 2.542279641724907924e+04 2.630967513760144785e-03
3.156449416214510695e+00 7.253093085139576957e+00 1.242083661893661928e+00 1.456957698261520676e-05 3.692152092194363178e+01 1.549994700000000059e+01 7.954442999999999930e-01 3.681439999999999824e+00 2.542279641724907924e+04 2.630967513760144785e-03
3.156449416214510695e+00 7.253093085139576957e+00 1.242083661893661928e+00 1.455467582142135910e-05 3.692152147211716340e+01 1.549994700000000059e+01 7.954442999999999930e-01 3.681439999999999824e+00 2.542279641724907924e+04 2.630967513760144785e-03
3.156449416214510695e+00 7.253093085139576957e+00 1.242083661893661928e+00 1.455467582142135910e-05 3.692152092194363178e+01 1.549994700000000059e+01 7.954442999999999930e-01 3.681439999999999824e+00 2.542279679607826620e+04 2.630967513760144785e-03
3.156449416214510695e+00 7.253093085139576957e+00 1.242083661893661928e+00 1.455467582142135910e-05 3.692152092194363178e+01 1.549994700000000059e+01 7.954442999999999930e-01 3.681439999999999824e+00 2.542279641724907924e+04 2.630982414921338632e-03
3.156460017685563280e+00 7.253093024549565726e+00 1.242269799982458789e+00 9.730765625130489635e-03 3.693118197991571350e+01 1.549994700000000059e+01 7.954442999999999930e-01 3.681439999999999824e+00 2.542190684508428239e+04 2.630833109862464134e-03
3.156460064720482794e+00 7.253093024549565726e+00 1.242269799982458789e+00 9.730765625130489635e-03 3.693118197991571350e+01 1.549994700000000059e+01 7.954442999999999930e-01 3.681439999999999824e+00 2.542190684508428239e+04 2.630833109862464134e-03
3.156460017685563280e+00 7.253093132629073736e+00 1.242269799982458789e+00 9.730765625130489635e-03 3.693118197991571350e+01 1.549994700000000059e+01 7.954442999999999930e-01 3.681439999999999824e+00 2.542190684508428239e+04 2.630833109862464134e-03
3.156460017685563280e+00 7.253093024549565726e+00 1.242269818493721312e+00 9.730765625130489635e-03 3.693118197991571350e+01 1.549994700000000059e+01 7.954442999999999930e-01 3.681439999999999824e+00 2.542190684508428239e+04 2.630833109862464134e-03
3.156460017685563280e+00 7.253093024549565726e+00 1.242269799982458789e+00 9.730780526291683483e-03 3.693118197991571350e+01 1.549994700000000059e+01 7.954442999999999930e-01 3.681439999999999824e+00 2.542190684508428239e+04 2.630833109862464134e-03
3.156460017685563280e+00 7.253093024549565726e+00 1.242269799982458789e+00 9.730765625130489635e-03 3.693118253023320818e+01 1.549994700000000059e+01 7.954442999999999930e-01 3.681439999999999824e+00 2.542190684508428239e+04 2.630833109862464134e-03
3.156460017685563280e+00 7.253093024549565726e+00 1.242269799982458789e+00 9.730765625130489635e-03 3.693118197991571350e+01 1.549994700000000059e+01 7.954442999999999930e-01 3.681439999999999824e+00 2.542190722390021256e+04 2.630833109862464134e-03
3.156460017685563280e+00 7.253093024549565726e+00 1.242269799982458789e+00 9.730765625130489635e-03 3.693118197991571350e+01 1.549994700000000059e+01 7.954442999999999930e-01 3.681439999999999824e+00 2.542190684508428239e+04 2.630848011023657982e-03
3.156405326026582081e+00 7.253163179950482764e+00 1.242365675404215386e+00 2.692042622736249245e-03 3.694070894231030877e+01 1.549994700000000059e+01 7.954442999999999930e-01 3.681439999999999824e+00 2.542011091122103608e+04 2.630306451641660492e-03
3.156405373060686692e+00 7.253163179950482764e+00 1.242365675404215386e+00 2.692042622736249245e-03 3.694070894231030877e+01 1.549994700000000059e+01 7.954442999999999930e-01 3.681439999999999824e+00 2.542011091122103608e+04 2.630306451641660492e-03
3.156405326026582081e+00 7.253163288031036160e+00 1.242365675404215386e+00 2.692042622736249245e-03 3.694070894231030877e+01 1.549994700000000059e+01 7.954442999999999930e-01 3.681439999999999824e+00 2.542011091122103608e+04 2.630306451641660492e-03
3.156405326026582081e+00 7.253163179950482764e+00 1.242365693916906544e+00 2.692042622736249245e-03 3.694070894231030877e+01 1.549994700000000059e+01 7.954442999999999930e-01 3.681439999999999824e+00 2.542011091122103608e+04 2.630306451641660492e-03
3.156405326026582081e+00 7.253163179950482764e+00 1.242365675404215386e+00 2.692057523897443093e-03 3.694070894231030877e+01 1.549994700000000059e+01 7.954442999999999930e-01 3.681439999999999824e+00 2.542011091122103608e+04 2.630306451641660492e-03
3.156405326026582081e+00 7.253163179950482764e+00 1.242365675404215386e+00 2.692042622736249245e-03 3.694070949276976989e+01 1.549994700000000059e+01 7.954442999999999930e-01 3.681439999999999824e+00 2.542011091122103608e+04 2.630306451641660492e-03
3.156405326026582081e+00 7.253163179950482764e+00 1.242365675404215386e+00 2.692042622736249245e-03 3.694070894231030877e+01 1.549994700000000059e+01 7.954442999999999930e-01 3.681439999999999824e+00 2.542011129001020527e+04 2.630306451641660492e-03
3.156405326026582081e+00 7.253163179950482764e+00 1.242365675404215386e+00 2.692042622736249245e-03 3.694070894231030877e+01 1.549994700000000059e+01 7.954442999999999930e-01 3.681439999999999824e+00 2.542011091122103608e+04 2.630321352802854340e-03
3.156350037571309386e+00 7.253180215718852075e+00 1.242479375923019047e+00 1.110909923820659279e-03 3.694803287546327653e+01 1.549994700000000059e+01 7.954442999999999930e-01 3.681439999999999824e+00 2.541891217706415409e+04 2.629950595682980195e-03
3.156350084604590212e+00 7.253180215718852075e+00 1.242479375923019047e+00 1.110909923820659279e-03 3.694803287546327653e+01 1.549994700000000059e+01 7.954442999999999930e-01 3.681439999999999824e+00 2.541891217706415409e+04 2.629950595682980195e-03
3.156350037571309386e+00 7.253180323799659490e+00 1.242479375923019047e+00 1.110909923820659279e-03 3.694803287546327653e+01 1.549994700000000059e+01 7.954442999999999930e-01 3.681439999999999824e+00 2.541891217706415409e+04 2.629950595682980195e-03
3.156350037571309386e+00 7.253180215718852075e+00 1.242479394437404405e+00 1.110909923820659279e-03 3.694803287546327653e+01 1.549994700000000059e+01 7.954442999999999930e-01 3.681439999999999824e+00 2.541891217706415409e+04 2.629950595682980195e-03
3.156350037571309386e+00 7.253180215718852075e+00 1.242479375923019047e+00 1.110924824981853127e-03 3.694803287546327653e+01 1.549994700000000059e+01 7.954442999999999930e-01 3.681439999999999824e+00 2.541891217706415409e+04 2.629950595682980195e-03
3.156350037571309386e+00 7.253180215718852075e+00 1.242479375923019047e+00 1.110909923820659279e-03 3.694803342603186991e+01 1.549994700000000059e+01 7.954442999999999930e-01 3.681439999999999824e+00 2.541891217706415409e+04 2.629950595682980195e-03
3.156350037571309386e+00 7.253180215718852075e+00 1.242479375923019047e+00 1.110909923820659279e-03 3.694803287546327653e+01 1.549994700000000059e+01 7.954442999999999930e-01 3.681439999999999824e+00 2.541891255583546081e+04 2.629950595682980195e-03
3.156350037571309386e+00 7.253180215718852075e+00 1.242479375923019047e+00 1.110909923820659279e-03 3.694803287546327653e+01 1.549994700000000059e+01 7.954442999999999930e-01 3.681439999999999824e+00 2.541891217706415409e+04 2.629965496844174043e-03
3.155973473528337792e+00 7.262122303287312342e+00 1.239260833630825287e+00 2.994180119833132932e-04 3.695309093268343048e+01 1.549994700000000059e+01 7.954442999999999930e-01 3.681439999999999824e+00 2.536321962189289479e+04 2.611153077470655063e-03
3.156395715020154036e+00 7.255932564038173105e+00 1.240798378736395868e+00 3.027969631504187197e-04 3.695859094912692200e+01 1.549994700000000059e+01 7.954442999999999930e-01 3.681439999999999824e+00 2.540498905831362208e+04 2.625998633437739375e-03
3.156501279052140063e+00 7.254385126783882143e+00 1.241182767149215938e+00 3.036450133838061727e-04 3.695996573831397569e+01 1.549994700000000059e+01 7.954442999999999930e-01 3.681439999999999824e+00 2.541543147720674824e+04 2.629710043477507565e-03
3.156527684701652348e+00 7.253998257705112529e+00 1.241278872799842947e+00 3.038702821731552057e-04 3.696030857556522875e+01 1.549994700000000059e+01 7.954442999999999930e-01 3.681439999999999824e+00 2.541804232113172839e+04 2.630637980196740954e-03
3.156534345099464289e+00 7.253901501619032466e+00 1.241302933532008712e+00 3.039800566802465694e-04 3.696039081736001464e+01 1.549994700000000059e+01 7.954442999999999930e-01 3.681439999999999824e+00 2.541869599267488957e+04 2.630870302521187785e-03
3.156536278634284987e+00 7.253877177979724422e+00 1.241309097937885353e+00 3.042559535027772972e-04 3.696039532581905007e+01 1.549994700000000059e+01 7.954442999999999930e-01 3.681439999999999824e+00 2.541886353025743665e+04 2.630929830240066533e-03
3.156656999478927084e+00 7.254110848602821626e+00 1.241304253006844549e+00 6.605908152573279710e-04 3.695149178330230200e+01 1.549994700000000059e+01 7.954442999999999930e-01 3.681439999999999824e+00 2.541891215163981906e+04 2.630899681916839747e-03
3.156682200208342337e+00 7.254052514351175596e+00 1.241302244545885669e+00 1.007667160815665756e-03 3.694937292119988825e+01 1.549994700000000059e+01 7.954442999999999930e-01 3.681439999999999824e+00 2.541891217425375726e+04 2.630584275325528049e-03
3.156626118921626922e+00 7.253208063381786808e+00 1.241549195697596364e+00 1.110030892574930764e-03 3.694811029194868013e+01 1.549994700000000059e+01 7.954442999999999930e-01 3.681439999999999824e+00 2.541891217707302712e+04 2.628477841723370415e-03
3.156419482613486149e+00 7.253177894453613384e+00 1.242246637230122408e+00 1.110852805163648708e-03 3.694804175083374531e+01 1.549994700000000059e+01 7.954442999999999930e-01 3.681439999999999824e+00 2.541891217706912357e+04 2.629167953821956710e-03
