3.235938892877710416e+00 1.183565118298847629e+01 2.926546371579248351e+00 1.672511707341313780e+01 3.559972791601895281e-01 1.530525399999999969e+01 7.001581000000000055e-01 3.097326999999999941e+00 1.216506643749426985e+04 3.269071474301934455e+00 7.927877017360324352e+00 1.215166792114469319e+00 1.833890446643028227e+01 2.188648727720728715e+01 1.500000000000000000e+01 7.234983000000000386e-01 3.013116999999999823e+00 4.987343770306208899e+04 9.726950481613629018e-03
3.235938941096957677e+00 1.183565118298847629e+01 2.926546371579248351e+00 1.672511707341313780e+01 3.559972791601895281e-01 1.530525399999999969e+01 7.001581000000000055e-01 3.097326999999999941e+00 1.216506643749426985e+04 3.269071474301934455e+00 7.927877017360324352e+00 1.215166792114469319e+00 1.833890446643028227e+01 2.188648727720728715e+01 1.500000000000000000e+01 7.234983000000000386e-01 3.013116999999999823e+00 4.987343770306208899e+04 9.726950481613629018e-03
3.235938892877710416e+00 1.183565135935342205e+01 2.926546371579248351e+00 1.672511707341313780e+01 3.559972791601895281e-01 1.530525399999999969e+01 7.001581000000000055e-01 3.097326999999999941e+00 1.216506643749426985e+04 3.269071474301934455e+00 7.927877017360324352e+00 1.215166792114469319e+00 1.833890446643028227e+01 2.188648727720728715e+01 1.500000000000000000e+01 7.234983000000000386e-01 3.013116999999999823e+00 4.987343770306208899e+04 9.726950481613629018e-03
3.235938892877710416e+00 1.183565118298847629e+01 2.926546415188187478e+00 1.672511707341313780e+01 3.559972791601895281e-01 1.530525399999999969e+01 7.001581000000000055e-01 3.097326999999999941e+00 1.216506643749426985e+04 3.269071474301934455e+00 7.927877017360324352e+00 1.215166792114469319e+00 1.833890446643028227e+01 2.188648727720728715e+01 1.500000000000000000e+01 7.234983000000000386e-01 3.013116999999999823e+00 4.987343770306208899e+04 9.726950481613629018e-03
3.235938892877710416e+00 1.183565118298847629e+01 2.926546371579248351e+00 1.672511732263680173e+01 3.559972791601895281e-01 1.530525399999999969e+01 7.001581000000000055e-01 3.097326999999999941e+00 1.216506643749426985e+04 3.269071474301934455e+00 7.927877017360324352e+00 1.215166792114469319e+00 1.833890446643028227e+01 2.188648727720728715e+01 1.500000000000000000e+01 7.234983000000000386e-01 3.013116999999999823e+00 4.987343770306208899e+04 9.726950481613629018e-03
3.235938892877710416e+00 1.183565118298847629e+01 2.926546371579248351e+00 1.672511707341313780e+01 3.559972940613507220e-01 1.530525399999999969e+01 7.001581000000000055e-01 3.097326999999999941e+00 1.216506643749426985e+04 3.269071474301934455e+00 7.927877017360324352e+00 1.215166792114469319e+00 1.833890446643028227e+01 2.188648727720728715e+01 1.500000000000000000e+01 7.234983000000000386e-01 3.013116999999999823e+00 4.987343770306208899e+04 9.726950481613629018e-03
3.235938892877710416e+00 1.183565118298847629e+01 2.926546371579248351e+00 1.672511707341313780e+01 3.559972791601895281e-01 1.530525422806605640e+01 7.001581000000000055e-01 3.097326999999999941e+00 1.216506643749426985e+04 3.269071474301934455e+00 7.927877017360324352e+00 1.215166792114469319e+00 1.833890446643028227e+01 2.188648727720728715e+01 1.500000000000000000e+01 7.234983000000000386e-01 3.013116999999999823e+00 4.987343770306208899e+04 9.726950481613629018e-03
3.235938892877710416e+00 1.183565118298847629e+01 2.926546371579248351e+00 1.672511707341313780e+01 3.559972791601895281e-01 1.530525399999999969e+01 7.001581149011611993e-01 3.097326999999999941e+00 1.216506643749426985e+04 3.269071474301934455e+00 7.927877017360324352e+00 1.215166792114469319e+00 1.833890446643028227e+01 2.188648727720728715e+01 1.500000000000000000e+01 7.234983000000000386e-01 3.013116999999999823e+00 4.987343770306208899e+04 9.726950481613629018e-03
3.235938892877710416e+00 1.183565118298847629e+01 2.926546371579248351e+00 1.672511707341313780e+01 3.559972791601895281e-01 1.530525399999999969e+01 7.001581000000000055e-01 3.097326999999999941e+00 1.216506661876788530e+04 3.269071474301934455e+00 7.927877017360324352e+00 1.215166792114469319e+00 1.833890446643028227e+01 2.188648727720728715e+01 1.500000000000000000e+01 7.234983000000000386e-01 3.013116999999999823e+00 4.987343770306208899e+04 9.726950481613629018e-03
3.235938892877710416e+00 1.183565118298847629e+01 2.926546371579248351e+00 1.672511707341313780e+01 3.559972791601895281e-01 1.530525399999999969e+01 7.001581000000000055e-01 3.097326999999999941e+00 1.216506643749426985e+04 3.269071523014895231e+00 7.927877017360324352e+00 1.215166792114469319e+00 1.833890446643028227e+01 2.188648727720728715e+01 1.500000000000000000e+01 7.234983000000000386e-01 3.013116999999999823e+00 4.987343770306208899e+04 9.726950481613629018e-03
3.235938892877710416e+00 1.183565118298847629e+01 2.926546371579248351e+00 1.672511707341313780e+01 3.559972791601895281e-01 1.530525399999999969e+01 7.001581000000000055e-01 3.097326999999999941e+00 1.216506643749426985e+04 3.269071474301934455e+00 7.927877135494897587e+00 1.215166792114469319e+00 1.833890446643028227e+01 2.188648727720728715e+01 1.500000000000000000e+01 7.234983000000000386e-01 3.013116999999999823e+00 4.987343770306208899e+04 9.726950481613629018e-03
3.235938892877710416e+00 1.183565118298847629e+01 2.926546371579248351e+00 1.672511707341313780e+01 3.559972791601895281e-01 1.530525399999999969e+01 7.001581000000000055e-01 3.097326999999999941e+00 1.216506643749426985e+04 3.269071474301934455e+00 7.927877017360324352e+00 1.215166810221865568e+00 1.833890446643028227e+01 2.188648727720728715e+01 1.500000000000000000e+01 7.234983000000000386e-01 3.013116999999999823e+00 4.987343770306208899e+04 9.726950481613629018e-03
3.235938892877710416e+00 1.183565118298847629e+01 2.926546371579248351e+00 1.672511707341313780e+01 3.559972791601895281e-01 1.530525399999999969e+01 7.001581000000000055e-01 3.097326999999999941e+00 1.216506643749426985e+04 3.269071474301934455e+00 7.927877017360324352e+00 1.215166792114469319e+00 1.833890473970125257e+01 2.188648727720728715e+01 1.500000000000000000e+01 7.234983000000000386e-01 3.013116999999999823e+00 4.987343770306208899e+04 9.726950481613629018e-03
3.235938892877710416e+00 1.183565118298847629e+01 2.926546371579248351e+00 1.672511707341313780e+01 3.559972791601895281e-01 1.530525399999999969e+01 7.001581000000000055e-01 3.097326999999999941e+00 1.216506643749426985e+04 3.269071474301934455e+00 7.927877017360324352e+00 1.215166792114469319e+00 1.833890446643028227e+01 2.188648760334136156e+01 1.500000000000000000e+01 7.234983000000000386e-01 3.013116999999999823e+00 4.987343770306208899e+04 9.726950481613629018e-03
3.235938892877710416e+00 1.183565118298847629e+01 2.926546371579248351e+00 1.672511707341313780e+01 3.559972791601895281e-01 1.530525399999999969e+01 7.001581000000000055e-01 3.097326999999999941e+00 1.216506643749426985e+04 3.269071474301934455e+00 7.927877017360324352e+00 1.215166792114469319e+00 1.833890446643028227e+01 2.188648727720728715e+01 1.500000022351741791e+01 7.234983000000000386e-01 3.013116999999999823e+00 4.987343770306208899e+04 9.726950481613629018e-03
3.235938892877710416e+00 1.183565118298847629e+01 2.926546371579248351e+00 1.672511707341313780e+01 3.559972791601895281e-01 1.530525399999999969e+01 7.001581000000000055e-01 3.097326999999999941e+00 1.216506643749426985e+04 3.269071474301934455e+00 7.927877017360324352e+00 1.215166792114469319e+00 1.833890446643028227e+01 2.188648727720728715e+01 1.500000000000000000e+01 7.234983149011612324e-01 3.013116999999999823e+00 4.987343770306208899e+04 9.726950481613629018e-03
3.235938892877710416e+00 1.183565118298847629e+01 2.926546371579248351e+00 1.672511707341313780e+01 3.559972791601895281e-01 1.530525399999999969e+01 7.001581000000000055e-01 3.097326999999999941e+00 1.216506643749426985e+04 3.269071474301934455e+00 7.927877017360324352e+00 1.215166792114469319e+00 1.833890446643028227e+01 2.188648727720728715e+01 1.500000000000000000e+01 7.234983000000000386e-01 3.013116999999999823e+00 4.987343844623422046e+04 9.726950481613629018e-03
3.235938892877710416e+00 1.183565118298847629e+01 2.926546371579248351e+00 1.672511707341313780e+01 3.559972791601895281e-01 1.530525399999999969e+01 7.001581000000000055e-01 3.097326999999999941e+00 1.216506643749426985e+04 3.269071474301934455e+00 7.927877017360324352e+00 1.215166792114469319e+00 1.833890446643028227e+01 2.188648727720728715e+01 1.500000000000000000e+01 7.234983000000000386e-01 3.013116999999999823e+00 4.987343770306208899e+04 9.726965382774822866e-03
3.175387589184642589e+00 1.180182970628911931e+01 3.280113056817901551e-02 1.980232324981160730e+01 2.760483543983670573e-01 1.530637963408938873e+01 6.998067746412902634e-01 3.097326999999999941e+00 1.216414565659692744e+04 3.248895090135871744e+00 7.917596252493807718e+00 1.222875494194122670e+00 2.013647737274287763e+01 2.313888663195275441e+01 1.499983962694414963e+01 7.235391919363945989e-01 3.013116999999999823e+00 4.986967922963156161e+04 9.677181575964605847e-03
3.076231321573313693e+00 1.266001258654510586e+01 2.913499057443457829e+00 1.676828054920882138e+01 4.467697956800200654e-01 1.529457031037276060e+01 7.932216099634038509e-01 3.097326999999999941e+00 1.216434455458405137e+04 3.330711119116887442e+00 8.693063050782344092e+00 1.429663788705500593e+00 1.831109384745721869e+01 2.194450903679133091e+01 1.497989369402158211e+01 8.168550614169043378e-01 3.013116999999999823e+00 4.987044422270028008e+04 1.015065719663543753e-02
3.197060862418713789e+00 1.195428300600253024e+01 2.927473850871852079e+00 1.673129352297632622e+01 3.621985823902396096e-01 1.530387154430824559e+01 7.206624642913967982e-01 3.097326999999999941e+00 1.216508080336210151e+04 3.282729531405879531e+00 8.176921763118944142e+00 1.271541524119064626e+00 1.833370980169413045e+01 2.190204698605101186e+01 1.499654704723519494e+01 7.634076712370319040e-01 3.013116999999999823e+00 4.987340291663983226e+04 9.967978364972684621e-03
3.225530327041485457e+00 1.186152027473509385e+01 2.926885287664299895e+00 1.672644477478085534e+01 3.569912294686110599e-01 1.530495910079366340e+01 7.048338097939522706e-01 3.097326999999999941e+00 1.216507475921851437e+04 3.272760589085935923e+00 7.991059832856630685e+00 1.230647890607613704e+00 1.833773874051063046e+01 2.189031222040188496e+01 1.499920180921735025e+01 7.342181194502257480e-01 3.013116999999999823e+00 4.987344638255320024e+04 9.768500978932240231e-03
3.225530375105632785e+00 1.186152027473509385e+01 2.926885287664299895e+00 1.672644477478085534e+01 3.569912294686110599e-01 1.530495910079366340e+01 7.048338097939522706e-01 3.097326999999999941e+00 1.216507475921851437e+04 3.272760589085935923e+00 7.991059832856630685e+00 1.230647890607613704e+00 1.833773874051063046e+01 2.189031222040188496e+01 1.499920180921735025e+01 7.342181194502257480e-01 3.013116999999999823e+00 4.987344638255320024e+04 9.768500978932240231e-03
3.225530327041485457e+00 1.186152045148551970e+01 2.926885287664299895e+00 1.672644477478085534e+01 3.569912294686110599e-01 1.530495910079366340e+01 7.048338097939522706e-01 3.097326999999999941e+00 1.216507475921851437e+04 3.272760589085935923e+00 7.991059832856630685e+00 1.230647890607613704e+00 1.833773874051063046e+01 2.189031222040188496e+01 1.499920180921735025e+01 7.342181194502257480e-01 3.013116999999999823e+00 4.987344638255320024e+04 9.768500978932240231e-03
3.225530327041485457e+00 1.186152027473509385e+01 2.926885331278289204e+00 1.672644477478085534e+01 3.569912294686110599e-01 1.530495910079366340e+01 7.048338097939522706e-01 3.097326999999999941e+00 1.216507475921851437e+04 3.272760589085935923e+00 7.991059832856630685e+00 1.230647890607613704e+00 1.833773874051063046e+01 2.189031222040188496e+01 1.499920180921735025e+01 7.342181194502257480e-01 3.013116999999999823e+00 4.987344638255320024e+04 9.768500978932240231e-03
3.225530327041485457e+00 1.186152027473509385e+01 2.926885287664299895e+00 1.672644502402430433e+01 3.569912294686110599e-01 1.530495910079366340e+01 7.048338097939522706e-01 3.097326999999999941e+00 1.216507475921851437e+04 3.272760589085935923e+00 7.991059832856630685e+00 1.230647890607613704e+00 1.833773874051063046e+01 2.189031222040188496e+01 1.499920180921735025e+01 7.342181194502257480e-01 3.013116999999999823e+00 4.987344638255320024e+04 9.768500978932240231e-03
3.225530327041485457e+00 1.186152027473509385e+01 2.926885287664299895e+00 1.672644477478085534e+01 3.569912443697722537e-01 1.530495910079366340e+01 7.048338097939522706e-01 3.097326999999999941e+00 1.216507475921851437e+04 3.272760589085935923e+00 7.991059832856630685e+00 1.230647890607613704e+00 1.833773874051063046e+01 2.189031222040188496e+01 1.499920180921735025e+01 7.342181194502257480e-01 3.013116999999999823e+00 4.987344638255320024e+04 9.768500978932240231e-03
3.225530327041485457e+00 1.186152027473509385e+01 2.926885287664299895e+00 1.672644477478085534e+01 3.569912294686110599e-01 1.530495932885532540e+01 7.048338097939522706e-01 3.097326999999999941e+00 1.216507475921851437e+04 3.272760589085935923e+00 7.991059832856630685e+00 1.230647890607613704e+00 1.833773874051063046e+01 2.189031222040188496e+01 1.499920180921735025e+01 7.342181194502257480e-01 3.013116999999999823e+00 4.987344638255320024e+04 9.768500978932240231e-03
3.225530327041485457e+00 1.186152027473509385e+01 2.926885287664299895e+00 1.672644477478085534e+01 3.569912294686110599e-01 1.530495910079366340e+01 7.048338246951134645e-01 3.097326999999999941e+00 1.216507475921851437e+04 3.272760589085935923e+00 7.991059832856630685e+00 1.230647890607613704e+00 1.833773874051063046e+01 2.189031222040188496e+01 1.499920180921735025e+01 7.342181194502257480e-01 3.013116999999999823e+00 4.987344638255320024e+04 9.768500978932240231e-03
3.225530327041485457e+00 1.186152027473509385e+01 2.926885287664299895e+00 1.672644477478085534e+01 3.569912294686110599e-01 1.530495910079366340e+01 7.048338097939522706e-01 3.097326999999999941e+00 1.216507494049225352e+04 3.272760589085935923e+00 7.991059832856630685e+00 1.230647890607613704e+00 1.833773874051063046e+01 2.189031222040188496e+01 1.499920180921735025e+01 7.342181194502257480e-01 3.013116999999999823e+00 4.987344638255320024e+04 9.768500978932240231e-03
3.225530327041485457e+00 1.186152027473509385e+01 2.926885287664299895e+00 1.672644477478085534e+01 3.569912294686110599e-01 1.530495910079366340e+01 7.048338097939522706e-01 3.097326999999999941e+00 1.216507475921851437e+04 3.272760637853869170e+00 7.991059832856630685e+00 1.230647890607613704e+00 1.833773874051063046e+01 2.189031222040188496e+01 1.499920180921735025e+01 7.342181194502257480e-01 3.013116999999999823e+00 4.987344638255320024e+04 9.768500978932240231e-03
3.225530327041485457e+00 1.186152027473509385e+01 2.926885287664299895e+00 1.672644477478085534e+01 3.569912294686110599e-01 1.530495910079366340e+01 7.048338097939522706e-01 3.097326999999999941e+00 1.216507475921851437e+04 3.272760589085935923e+00 7.991059951932701466e+00 1.230647890607613704e+00 1.833773874051063046e+01 2.189031222040188496e+01 1.499920180921735025e+01 7.342181194502257480e-01 3.013116999999999823e+00 4.987344638255320024e+04 9.768500978932240231e-03
3.225530327041485457e+00 1.186152027473509385e+01 2.926885287664299895e+00 1.672644477478085534e+01 3.569912294686110599e-01 1.530495910079366340e+01 7.048338097939522706e-01 3.097326999999999941e+00 1.216507475921851437e+04 3.272760589085935923e+00 7.991059832856630685e+00 1.230647908945696312e+00 1.833773874051063046e+01 2.189031222040188496e+01 1.499920180921735025e+01 7.342181194502257480e-01 3.013116999999999823e+00 4.987344638255320024e+04 9.768500978932240231e-03
3.225530327041485457e+00 1.186152027473509385e+01 2.926885287664299895e+00 1.672644477478085534e+01 3.569912294686110599e-01 1.530495910079366340e+01 7.048338097939522706e-01 3.097326999999999941e+00 1.216507475921851437e+04 3.272760589085935923e+00 7.991059832856630685e+00 1.230647890607613704e+00 1.833773901376423154e+01 2.189031222040188496e+01 1.499920180921735025e+01 7.342181194502257480e-01 3.013116999999999823e+00 4.987344638255320024e+04 9.768500978932240231e-03
3.225530327041485457e+00 1.186152027473509385e+01 2.926885287664299895e+00 1.672644477478085534e+01 3.569912294686110599e-01 1.530495910079366340e+01 7.048338097939522706e-01 3.097326999999999941e+00 1.216507475921851437e+04 3.272760589085935923e+00 7.991059832856630685e+00 1.230647890607613704e+00 1.833773874051063046e+01 2.189031254659295556e+01 1.499920180921735025e+01 7.342181194502257480e-01 3.013116999999999823e+00 4.987344638255320024e+04 9.768500978932240231e-03
3.225530327041485457e+00 1.186152027473509385e+01 2.926885287664299895e+00 1.672644477478085534e+01 3.569912294686110599e-01 1.530495910079366340e+01 7.048338097939522706e-01 3.097326999999999941e+00 1.216507475921851437e+04 3.272760589085935923e+00 7.991059832856630685e+00 1.230647890607613704e+00 1.833773874051063046e+01 2.189031222040188496e+01 1.499920203272287367e+01 7.342181194502257480e-01 3.013116999999999823e+00 4.987344638255320024e+04 9.768500978932240231e-03
3.225530327041485457e+00 1.186152027473509385e+01 2.926885287664299895e+00 1.672644477478085534e+01 3.569912294686110599e-01 1.530495910079366340e+01 7.048338097939522706e-01 3.097326999999999941e+00 1.216507475921851437e+04 3.272760589085935923e+00 7.991059832856630685e+00 1.230647890607613704e+00 1.833773874051063046e+01 2.189031222040188496e+01 1.499920180921735025e+01 7.342181343513869418e-01 3.013116999999999823e+00 4.987344638255320024e+04 9.768500978932240231e-03
3.225530327041485457e+00 1.186152027473509385e+01 2.926885287664299895e+00 1.672644477478085534e+01 3.569912294686110599e-01 1.530495910079366340e+01 7.048338097939522706e-01 3.097326999999999941e+00 1.216507475921851437e+04 3.272760589085935923e+00 7.991059832856630685e+00 1.230647890607613704e+00 1.833773874051063046e+01 2.189031222040188496e+01 1.499920180921735025e+01 7.342181194502257480e-01 3.013116999999999823e+00 4.987344712572546268e+04 9.768500978932240231e-03
3.225530327041485457e+00 1.186152027473509385e+01 2.926885287664299895e+00 1.672644477478085534e+01 3.569912294686110599e-01 1.530495910079366340e+01 7.048338097939522706e-01 3.097326999999999941e+00 1.216507475921851437e+04 3.272760589085935923e+00 7.991059832856630685e+00 1.230647890607613704e+00 1.833773874051063046e+01 2.189031222040188496e+01 1.499920180921735025e+01 7.342181194502257480e-01 3.013116999999999823e+00 4.987344638255320024e+04 9.768515880093434078e-03
3.178186990793766320e+00 1.207920484250987769e+01 2.926929638002232270e+00 1.672680268456412733e+01 3.574122385008901559e-01 1.530463522741595739e+01 7.099847835134186491e-01 3.097326999999999941e+00 1.216505593967509958e+04 3.289012440283887173e+00 8.283215872688662884e+00 1.295917802366471250e+00 1.833732889278452660e+01 2.189291803951813975e+01 1.499824431817014592e+01 7.466704091867342186e-01 3.013116999999999823e+00 4.987335112079691316e+04 1.012158311467128979e-02
3.215702240530679656e+00 1.190623912801139994e+01 2.926922487824373142e+00 1.672651459250011641e+01 3.569863818019196611e-01 1.530489617188328566e+01 7.058621815108609976e-01 3.097326999999999941e+00 1.216507241940851964e+04 3.275578895935396417e+00 8.074969906362253980e+00 1.244575665505484485e+00 1.833764745269324337e+01 2.189093910535774867e+01 1.499899621950173767e+01 7.370635831389338311e-01 3.013116999999999823e+00 4.987343188674470002e+04 9.944849908780870398e-03
3.215702288448377022e+00 1.190623912801139994e+01 2.926922487824373142e+00 1.672651459250011641e+01 3.569863818019196611e-01 1.530489617188328566e+01 7.058621815108609976e-01 3.097326999999999941e+00 1.216507241940851964e+04 3.275578895935396417e+00 8.074969906362253980e+00 1.244575665505484485e+00 1.833764745269324337e+01 2.189093910535774867e+01 1.499899621950173767e+01 7.370635831389338311e-01 3.013116999999999823e+00 4.987343188674470002e+04 9.944849908780870398e-03
3.215702240530679656e+00 1.190623930542818876e+01 2.926922487824373142e+00 1.672651459250011641e+01 3.569863818019196611e-01 1.530489617188328566e+01 7.058621815108609976e-01 3.097326999999999941e+00 1.216507241940851964e+04 3.275578895935396417e+00 8.074969906362253980e+00 1.244575665505484485e+00 1.833764745269324337e+01 2.189093910535774867e+01 1.499899621950173767e+01 7.370635831389338311e-01 3.013116999999999823e+00 4.987343188674470002e+04 9.944849908780870398e-03
3.215702240530679656e+00 1.190623912801139994e+01 2.926922531438917119e+00 1.672651459250011641e+01 3.569863818019196611e-01 1.530489617188328566e+01 7.058621815108609976e-01 3.097326999999999941e+00 1.216507241940851964e+04 3.275578895935396417e+00 8.074969906362253980e+00 1.244575665505484485e+00 1.833764745269324337e+01 2.189093910535774867e+01 1.499899621950173767e+01 7.370635831389338311e-01 3.013116999999999823e+00 4.987343188674470002e+04 9.944849908780870398e-03
3.215702240530679656e+00 1.190623912801139994e+01 2.926922487824373142e+00 1.672651484174460634e+01 3.569863818019196611e-01 1.530489617188328566e+01 7.058621815108609976e-01 3.097326999999999941e+00 1.216507241940851964e+04 3.275578895935396417e+00 8.074969906362253980e+00 1.244575665505484485e+00 1.833764745269324337e+01 2.189093910535774867e+01 1.499899621950173767e+01 7.370635831389338311e-01 3.013116999999999823e+00 4.987343188674470002e+04 9.944849908780870398e-03
3.215702240530679656e+00 1.190623912801139994e+01 2.926922487824373142e+00 1.672651459250011641e+01 3.569863967030808549e-01 1.530489617188328566e+01 7.058621815108609976e-01 3.097326999999999941e+00 1.216507241940851964e+04 3.275578895935396417e+00 8.074969906362253980e+00 1.244575665505484485e+00 1.833764745269324337e+01 2.189093910535774867e+01 1.499899621950173767e+01 7.370635831389338311e-01 3.013116999999999823e+00 4.987343188674470002e+04 9.944849908780870398e-03
3.215702240530679656e+00 1.190623912801139994e+01 2.926922487824373142e+00 1.672651459250011641e+01 3.569863818019196611e-01 1.530489639994400974e+01 7.058621815108609976e-01 3.097326999999999941e+00 1.216507241940851964e+04 3.275578895935396417e+00 8.074969906362253980e+00 1.244575665505484485e+00 1.833764745269324337e+01 2.189093910535774867e+01 1.499899621950173767e+01 7.370635831389338311e-01 3.013116999999999823e+00 4.987343188674470002e+04 9.944849908780870398e-03
3.215702240530679656e+00 1.190623912801139994e+01 2.926922487824373142e+00 1.672651459250011641e+01 3.569863818019196611e-01 1.530489617188328566e+01 7.058621964120221914e-01 3.097326999999999941e+00 1.216507241940851964e+04 3.275578895935396417e+00 8.074969906362253980e+00 1.244575665505484485e+00 1.833764745269324337e+01 2.189093910535774867e+01 1.499899621950173767e+01 7.370635831389338311e-01 3.013116999999999823e+00 4.987343188674470002e+04 9.944849908780870398e-03
3.215702240530679656e+00 1.190623912801139994e+01 2.926922487824373142e+00 1.672651459250011641e+01 3.569863818019196611e-01 1.530489617188328566e+01 7.058621815108609976e-01 3.097326999999999941e+00 1.216507260068222422e+04 3.275578895935396417e+00 8.074969906362253980e+00 1.244575665505484485e+00 1.833764745269324337e+01 2.189093910535774867e+01 1.499899621950173767e+01 7.370635831389338311e-01 3.013116999999999823e+00 4.987343188674470002e+04 9.944849908780870398e-03
3.215702240530679656e+00 1.190623912801139994e+01 2.926922487824373142e+00 1.672651459250011641e+01 3.569863818019196611e-01 1.530489617188328566e+01 7.058621815108609976e-01 3.097326999999999941e+00 1.216507241940851964e+04 3.275578944745325405e+00 8.074969906362253980e+00 1.244575665505484485e+00 1.833764745269324337e+01 2.189093910535774867e+01 1.499899621950173767e+01 7.370635831389338311e-01 3.013116999999999823e+00 4.987343188674470002e+04 9.944849908780870398e-03
3.215702240530679656e+00 1.190623912801139994e+01 2.926922487824373142e+00 1.672651459250011641e+01 3.569863818019196611e-01 1.530489617188328566e+01 7.058621815108609976e-01 3.097326999999999941e+00 1.216507241940851964e+04 3.275578895935396417e+00 8.074970026688681912e+00 1.244575665505484485e+00 1.833764745269324337e+01 2.189093910535774867e+01 1.499899621950173767e+01 7.370635831389338311e-01 3.013116999999999823e+00 4.987343188674470002e+04 9.944849908780870398e-03
3.215702240530679656e+00 1.190623912801139994e+01 2.926922487824373142e+00 1.672651459250011641e+01 3.569863818019196611e-01 1.530489617188328566e+01 7.058621815108609976e-01 3.097326999999999941e+00 1.216507241940851964e+04 3.275578895935396417e+00 8.074969906362253980e+00 1.244575684051107078e+00 1.833764745269324337e+01 2.189093910535774867e+01 1.499899621950173767e+01 7.370635831389338311e-01 3.013116999999999823e+00 4.987343188674470002e+04 9.944849908780870398e-03
3.215702240530679656e+00 1.190623912801139994e+01 2.926922487824373142e+00 1.672651459250011641e+01 3.569863818019196611e-01 1.530489617188328566e+01 7.058621815108609976e-01 3.097326999999999941e+00 1.216507241940851964e+04 3.275578895935396417e+00 8.074969906362253980e+00 1.244575665505484485e+00 1.833764772594548376e+01 2.189093910535774867e+01 1.499899621950173767e+01 7.370635831389338311e-01 3.013116999999999823e+00 4.987343188674470002e+04 9.944849908780870398e-03
3.215702240530679656e+00 1.190623912801139994e+01 2.926922487824373142e+00 1.672651459250011641e+01 3.569863818019196611e-01 1.530489617188328566e+01 7.058621815108609976e-01 3.097326999999999941e+00 1.216507241940851964e+04 3.275578895935396417e+00 8.074969906362253980e+00 1.244575665505484485e+00 1.833764745269324337e+01 2.189093943155815936e+01 1.499899621950173767e+01 7.370635831389338311e-01 3.013116999999999823e+00 4.987343188674470002e+04 9.944849908780870398e-03
3.215702240530679656e+00 1.190623912801139994e+01 2.926922487824373142e+00 1.672651459250011641e+01 3.569863818019196611e-01 1.530489617188328566e+01 7.058621815108609976e-01 3.097326999999999941e+00 1.216507241940851964e+04 3.275578895935396417e+00 8.074969906362253980e+00 1.244575665505484485e+00 1.833764745269324337e+01 2.189093910535774867e+01 1.499899644300419865e+01 7.370635831389338311e-01 3.013116999999999823e+00 4.987343188674470002e+04 9.944849908780870398e-03
3.215702240530679656e+00 1.190623912801139994e+01 2.926922487824373142e+00 1.672651459250011641e+01 3.569863818019196611e-01 1.530489617188328566e+01 7.058621815108609976e-01 3.097326999999999941e+00 1.216507241940851964e+04 3.275578895935396417e+00 8.074969906362253980e+00 1.244575665505484485e+00 1.833764745269324337e+01 2.189093910535774867e+01 1.499899621950173767e+01 7.370635980400950249e-01 3.013116999999999823e+00 4.987343188674470002e+04 9.944849908780870398e-03
3.215702240530679656e+00 1.190623912801139994e+01 2.926922487824373142e+00 1.672651459250011641e+01 3.569863818019196611e-01 1.530489617188328566e+01 7.058621815108609976e-01 3.097326999999999941e+00 1.216507241940851964e+04 3.275578895935396417e+00 8.074969906362253980e+00 1.244575665505484485e+00 1.833764745269324337e+01 2.189093910535774867e+01 1.499899621950173767e+01 7.370635831389338311e-01 3.013116999999999823e+00 4.987343262991675147e+04 9.944849908780870398e-03
3.215702240530679656e+00 1.190623912801139994e+01 2.926922487824373142e+00 1.672651459250011641e+01 3.569863818019196611e-01 1.530489617188328566e+01 7.058621815108609976e-01 3.097326999999999941e+00 1.216507241940851964e+04 3.275578895935396417e+00 8.074969906362253980e+00 1.244575665505484485e+00 1.833764745269324337e+01 2.189093910535774867e+01 1.499899621950173767e+01 7.370635831389338311e-01 3.013116999999999823e+00 4.987343188674470002e+04 9.944864809942064246e-03
3.205541612252969852e+00 1.192363140069437577e+01 2.927069561299084022e+00 1.672735985913253032e+01 3.585342271053406638e-01 1.530461653294132596e+01 7.147484514924495880e-01 3.097326999999999941e+00 1.216506135037502645e+04 3.279322383199264834e+00 8.119504167143897888e+00 1.273136079298148760e+00 1.833735202247656204e+01 2.189326031576290177e+01 1.499808996088154522e+01 7.601906650596728099e-01 3.013116999999999823e+00 4.987336912793813826e+04 9.954041105641436848e-03
3.212935686048588924e+00 1.191012763598264179e+01 2.926961144755939159e+00 1.672669671334789143e+01 3.572806494173024205e-01 1.530483180309337321e+01 7.079650215962870474e-01 3.097326999999999941e+00 1.216506948086603006e+04 3.276579656838233934e+00 8.085557786210490150e+00 1.252472899168355358e+00 1.833760910791479048e+01 2.189146784507081023e+01 1.499878156005582852e+01 7.429537657433545883e-01 3.013116999999999823e+00 4.987341556759846571e+04 9.944141760975211755e-03
3.214944311252331488e+00 1.190715042043426131e+01 2.926931942918214791e+00 1.672655567207878846e+01 3.570490478783782673e-01 1.530488068609168906e+01 7.063724690949856333e-01 3.097326999999999941e+00 1.216507160779569494e+04 3.275815712535045332e+00 8.077519935321978650e+00 1.246723577376184666e+00 1.833764361499103401e+01 2.189106202729373152e+01 1.499894393253119240e+01 7.385246470844396560e-01 3.013116999999999823e+00 4.987342751422723813e+04 9.947455581193758931e-03
3.215486230268211898e+00 1.190646085733613724e+01 2.926924794284264664e+00 1.672652411674775763e+01 3.570004009335862594e-01 1.530489236182218882e+01 7.059880866564928192e-01 3.097326999999999941e+00 1.216507221133054190e+04 3.275609405842861754e+00 8.075596103767427536e+00 1.245128510298163960e+00 1.833764670814886699e+01 2.189096851879271100e+01 1.499898329849239076e+01 7.374263640517503271e-01 3.013116999999999823e+00 4.987343077545917185e+04 9.949503451260215126e-03
3.215623418381083898e+00 1.190629324999663829e+01 2.926923032739572328e+00 1.672651652656561794e+01 3.569889036916417679e-01 1.530489523874448032e+01 7.058930725077305901e-01 3.097326999999999941e+00 1.216507237117667137e+04 3.275562497234896231e+00 8.075123229041489381e+00 1.244709307877696292e+00 1.833764690321190116e+01 2.189094607216156163e+01 1.499899304688092450e+01 7.371528052062985559e-01 3.013116999999999823e+00 4.987343162519782345e+04 9.949880920427743927e-03
3.215623466297606647e+00 1.190629324999663829e+01 2.926923032739572328e+00 1.672651652656561794e+01 3.569889036916417679e-01 1.530489523874448032e+01 7.058930725077305901e-01 3.097326999999999941e+00 1.216507237117667137e+04 3.275562497234896231e+00 8.075123229041489381e+00 1.244709307877696292e+00 1.833764690321190116e+01 2.189094607216156163e+01 1.499899304688092450e+01 7.371528052062985559e-01 3.013116999999999823e+00 4.987343162519782345e+04 9.949880920427743927e-03
3.215623418381083898e+00 1.190629342741423358e+01 2.926923032739572328e+00 1.672651652656561794e+01 3.569889036916417679e-01 1.530489523874448032e+01 7.058930725077305901e-01 3.097326999999999941e+00 1.216507237117667137e+04 3.275562497234896231e+00 8.075123229041489381e+00 1.244709307877696292e+00 1.833764690321190116e+01 2.189094607216156163e+01 1.499899304688092450e+01 7.371528052062985559e-01 3.013116999999999823e+00 4.987343162519782345e+04 9.949880920427743927e-03
3.215623418381083898e+00 1.190629324999663829e+01 2.926923076354124298e+00 1.672651652656561794e+01 3.569889036916417679e-01 1.530489523874448032e+01 7.058930725077305901e-01 3.097326999999999941e+00 1.216507237117667137e+04 3.275562497234896231e+00 8.075123229041489381e+00 1.244709307877696292e+00 1.833764690321190116e+01 2.189094607216156163e+01 1.499899304688092450e+01 7.371528052062985559e-01 3.013116999999999823e+00 4.987343162519782345e+04 9.949880920427743927e-03
3.215623418381083898e+00 1.190629324999663829e+01 2.926923032739572328e+00 1.672651677581013629e+01 3.569889036916417679e-01 1.530489523874448032e+01 7.058930725077305901e-01 3.097326999999999941e+00 1.216507237117667137e+04 3.275562497234896231e+00 8.075123229041489381e+00 1.244709307877696292e+00 1.833764690321190116e+01 2.189094607216156163e+01 1.499899304688092450e+01 7.371528052062985559e-01 3.013116999999999823e+00 4.987343162519782345e+04 9.949880920427743927e-03
3.215623418381083898e+00 1.190629324999663829e+01 2.926923032739572328e+00 1.672651652656561794e+01 3.569889185928029618e-01 1.530489523874448032e+01 7.058930725077305901e-01 3.097326999999999941e+00 1.216507237117667137e+04 3.275562497234896231e+00 8.075123229041489381e+00 1.244709307877696292e+00 1.833764690321190116e+01 2.189094607216156163e+01 1.499899304688092450e+01 7.371528052062985559e-01 3.013116999999999823e+00 4.987343162519782345e+04 9.949880920427743927e-03
3.215623418381083898e+00 1.190629324999663829e+01 2.926923032739572328e+00 1.672651652656561794e+01 3.569889036916417679e-01 1.530489546680519197e+01 7.058930725077305901e-01 3.097326999999999941e+00 1.216507237117667137e+04 3.275562497234896231e+00 8.075123229041489381e+00 1.244709307877696292e+00 1.833764690321190116e+01 2.189094607216156163e+01 1.499899304688092450e+01 7.371528052062985559e-01 3.013116999999999823e+00 4.987343162519782345e+04 9.949880920427743927e-03
3.215623418381083898e+00 1.190629324999663829e+01 2.926923032739572328e+00 1.672651652656561794e+01 3.569889036916417679e-01 1.530489523874448032e+01 7.058930874088917840e-01 3.097326999999999941e+00 1.216507237117667137e+04 3.275562497234896231e+00 8.075123229041489381e+00 1.244709307877696292e+00 1.833764690321190116e+01 2.189094607216156163e+01 1.499899304688092450e+01 7.371528052062985559e-01 3.013116999999999823e+00 4.987343162519782345e+04 9.949880920427743927e-03
3.215623418381083898e+00 1.190629324999663829e+01 2.926923032739572328e+00 1.672651652656561794e+01 3.569889036916417679e-01 1.530489523874448032e+01 7.058930725077305901e-01 3.097326999999999941e+00 1.216507255245037595e+04 3.275562497234896231e+00 8.075123229041489381e+00 1.244709307877696292e+00 1.833764690321190116e+01 2.189094607216156163e+01 1.499899304688092450e+01 7.371528052062985559e-01 3.013116999999999823e+00 4.987343162519782345e+04 9.949880920427743927e-03
3.215623418381083898e+00 1.190629324999663829e+01 2.926923032739572328e+00 1.672651652656561794e+01 3.569889036916417679e-01 1.530489523874448032e+01 7.058930725077305901e-01 3.097326999999999941e+00 1.216507237117667137e+04 3.275562546044580969e+00 8.075123229041489381e+00 1.244709307877696292e+00 1.833764690321190116e+01 2.189094607216156163e+01 1.499899304688092450e+01 7.371528052062985559e-01 3.013116999999999823e+00 4.987343162519782345e+04 9.949880920427743927e-03
3.215623418381083898e+00 1.190629324999663829e+01 2.926923032739572328e+00 1.672651652656561794e+01 3.569889036916417679e-01 1.530489523874448032e+01 7.058930725077305901e-01 3.097326999999999941e+00 1.216507237117667137e+04 3.275562497234896231e+00 8.075123349370201709e+00 1.244709307877696292e+00 1.833764690321190116e+01 2.189094607216156163e+01 1.499899304688092450e+01 7.371528052062985559e-01 3.013116999999999823e+00 4.987343162519782345e+04 9.949880920427743927e-03
3.215623418381083898e+00 1.190629324999663829e+01 2.926923032739572328e+00 1.672651652656561794e+01 3.569889036916417679e-01 1.530489523874448032e+01 7.058930725077305901e-01 3.097326999999999941e+00 1.216507237117667137e+04 3.275562497234896231e+00 8.075123229041489381e+00 1.244709326425310403e+00 1.833764690321190116e+01 2.189094607216156163e+01 1.499899304688092450e+01 7.371528052062985559e-01 3.013116999999999823e+00 4.987343162519782345e+04 9.949880920427743927e-03
3.215623418381083898e+00 1.190629324999663829e+01 2.926923032739572328e+00 1.672651652656561794e+01 3.569889036916417679e-01 1.530489523874448032e+01 7.058930725077305901e-01 3.097326999999999941e+00 1.216507237117667137e+04 3.275562497234896231e+00 8.075123229041489381e+00 1.244709307877696292e+00 1.833764717646413445e+01 2.189094607216156163e+01 1.499899304688092450e+01 7.371528052062985559e-01 3.013116999999999823e+00 4.987343162519782345e+04 9.949880920427743927e-03
3.215623418381083898e+00 1.190629324999663829e+01 2.926923032739572328e+00 1.672651652656561794e+01 3.569889036916417679e-01 1.530489523874448032e+01 7.058930725077305901e-01 3.097326999999999941e+00 1.216507237117667137e+04 3.275562497234896231e+00 8.075123229041489381e+00 1.244709307877696292e+00 1.833764690321190116e+01 2.189094639836207890e+01 1.499899304688092450e+01 7.371528052062985559e-01 3.013116999999999823e+00 4.987343162519782345e+04 9.949880920427743927e-03
3.215623418381083898e+00 1.190629324999663829e+01 2.926923032739572328e+00 1.672651652656561794e+01 3.569889036916417679e-01 1.530489523874448032e+01 7.058930725077305901e-01 3.097326999999999941e+00 1.216507237117667137e+04 3.275562497234896231e+00 8.075123229041489381e+00 1.244709307877696292e+00 1.833764690321190116e+01 2.189094607216156163e+01 1.499899327038333752e+01 7.371528052062985559e-01 3.013116999999999823e+00 4.987343162519782345e+04 9.949880920427743927e-03
3.215623418381083898e+00 1.190629324999663829e+01 2.926923032739572328e+00 1.672651652656561794e+01 3.569889036916417679e-01 1.530489523874448032e+01 7.058930725077305901e-01 3.097326999999999941e+00 1.216507237117667137e+04 3.275562497234896231e+00 8.075123229041489381e+00 1.244709307877696292e+00 1.833764690321190116e+01 2.189094607216156163e+01 1.499899304688092450e+01 7.371528201074597497e-01 3.013116999999999823e+00 4.987343162519782345e+04 9.949880920427743927e-03
3.215623418381083898e+00 1.190629324999663829e+01 2.926923032739572328e+00 1.672651652656561794e+01 3.569889036916417679e-01 1.530489523874448032e+01 7.058930725077305901e-01 3.097326999999999941e+00 1.216507237117667137e+04 3.275562497234896231e+00 8.075123229041489381e+00 1.244709307877696292e+00 1.833764690321190116e+01 2.189094607216156163e+01 1.499899304688092450e+01 7.371528052062985559e-01 3.013116999999999823e+00 4.987343236836986762e+04 9.949880920427743927e-03
3.215623418381083898e+00 1.190629324999663829e+01 2.926923032739572328e+00 1.672651652656561794e+01 3.569889036916417679e-01 1.530489523874448032e+01 7.058930725077305901e-01 3.097326999999999941e+00 1.216507237117667137e+04 3.275562497234896231e+00 8.075123229041489381e+00 1.244709307877696292e+00 1.833764690321190116e+01 2.189094607216156163e+01 1.499899304688092450e+01 7.371528052062985559e-01 3.013116999999999823e+00 4.987343162519782345e+04 9.949895821588937775e-03
