3.205843000000000220e+00 7.511125999999999969e+00 1.235333999999999932e+00 1.528337999999999867e-05 3.753042800000000057e+01 1.549994700000000059e+01 7.954442999999999930e-01 3.681439999999999824e+00 2.571453499999999985e+04 0.000000000000000000e+00
3.205843047770783549e+00 7.511125999999999969e+00 1.235333999999999932e+00 1.528337999999999867e-05 3.753042800000000057e+01 1.549994700000000059e+01 7.954442999999999930e-01 3.681439999999999824e+00 2.571453499999999985e+04 0.000000000000000000e+00
3.205843000000000220e+00 7.511126111924498971e+00 1.235333999999999932e+00 1.528337999999999867e-05 3.753042800000000057e+01 1.549994700000000059e+01 7.954442999999999930e-01 3.681439999999999824e+00 2.571453499999999985e+04 0.000000000000000000e+00
3.205843000000000220e+00 7.511125999999999969e+00 1.235334018407910905e+00 1.528337999999999867e-05 3.753042800000000057e+01 1.549994700000000059e+01 7.954442999999999930e-01 3.681439999999999824e+00 2.571453499999999985e+04 0.000000000000000000e+00
3.205843000000000220e+00 7.511125999999999969e+00 1.235333999999999932e+00 1.529828116119384633e-05 3.753042800000000057e+01 1.549994700000000059e+01 7.954442999999999930e-01 3.681439999999999824e+00 2.571453499999999985e+04 0.000000000000000000e+00
3.205843000000000220e+00 7.511125999999999969e+00 1.235333999999999932e+00 1.528337999999999867e-05 3.753042855924695687e+01 1.549994700000000059e+01 7.954442999999999930e-01 3.681439999999999824e+00 2.571453499999999985e+04 0.000000000000000000e+00
3.205843000000000220e+00 7.511125999999999969e+00 1.235333999999999932e+00 1.528337999999999867e-05 3.753042800000000057e+01 1.549994700000000059e+01 7.954442999999999930e-01 3.681439999999999824e+00 2.571453538317642960e+04 0.000000000000000000e+00
3.205843000000000220e+00 7.511125999999999969e+00 1.235333999999999932e+00 1.528337999999999867e-05 3.753042800000000057e+01 1.549994700000000059e+01 7.954442999999999930e-01 3.681439999999999824e+00 2.571453499999999985e+04 1.490116119384765625e-08
3.191484422474712979e+00 7.511125793237720671e+00 1.401344376151091531e+00 2.242749410019988232e-01 3.769388907175659398e+01 1.549994700000000059e+01 7.954442999999999930e-01 3.681439999999999824e+00 2.571443584990063755e+04 -1.976039096944165008e-04
3.191484470031536791e+00 7.511125793237720671e+00 1.401344376151091531e+00 2.242749410019988232e-01 3.769388907175659398e+01 1.549994700000000059e+01 7.954442999999999930e-01 3.681439999999999824e+00 2.571443584990063755e+04 -1.976039096944165008e-04
3.191484422474712979e+00 7.511125905162217009e+00 1.401344376151091531e+00 2.242749410019988232e-01 3.769388907175659398e+01 1.549994700000000059e+01 7.954442999999999930e-01 3.681439999999999824e+00 2.571443584990063755e+04 -1.976039096944165008e-04
3.191484422474712979e+00 7.511125793237720671e+00 1.401344397032749933e+00 2.242749410019988232e-01 3.769388907175659398e+01 1.549994700000000059e+01 7.954442999999999930e-01 3.681439999999999824e+00 2.571443584990063755e+04 -1.976039096944165008e-04
3.191484422474712979e+00 7.511125793237720671e+00 1.401344376151091531e+00 2.242749559031600171e-01 3.769388907175659398e+01 1.549994700000000059e+01 7.954442999999999930e-01 3.681439999999999824e+00 2.571443584990063755e+04 -1.976039096944165008e-04
3.191484422474712979e+00 7.511125793237720671e+00 1.401344376151091531e+00 2.242749410019988232e-01 3.769388963343931209e+01 1.549994700000000059e+01 7.954442999999999930e-01 3.681439999999999824e+00 2.571443584990063755e+04 -1.976039096944165008e-04
3.191484422474712979e+00 7.511125793237720671e+00 1.401344376151091531e+00 2.242749410019988232e-01 3.769388907175659398e+01 1.549994700000000059e+01 7.954442999999999930e-01 3.681439999999999824e+00 2.571443623307559028e+04 -1.976039096944165008e-04
3.191484422474712979e+00 7.511125793237720671e+00 1.401344376151091531e+00 2.242749410019988232e-01 3.769388907175659398e+01 1.549994700000000059e+01 7.954442999999999930e-01 3.681439999999999824e+00 2.571443584990063755e+04 -1.976188108556103484e-04
3.194396742346417017e+00 7.511125798778369500e+00 1.413306679805621968e+00 2.478536011827559282e-01 3.788812378369483014e+01 1.549994700000000059e+01 7.954442999999999930e-01 3.681439999999999824e+00 2.571441800225337283e+04 -1.985685635359429402e-04
3.194396789946637671e+00 7.511125798778369500e+00 1.413306679805621968e+00 2.478536011827559282e-01 3.788812378369483014e+01 1.549994700000000059e+01 7.954442999999999930e-01 3.681439999999999824e+00 2.571441800225337283e+04 -1.985685635359429402e-04
3.194396742346417017e+00 7.511125910702865838e+00 1.413306679805621968e+00 2.478536011827559282e-01 3.788812378369483014e+01 1.549994700000000059e+01 7.954442999999999930e-01 3.681439999999999824e+00 2.571441800225337283e+04 -1.985685635359429402e-04
3.194396742346417017e+00 7.511125798778369500e+00 1.413306700865532672e+00 2.478536011827559282e-01 3.788812378369483014e+01 1.549994700000000059e+01 7.954442999999999930e-01 3.681439999999999824e+00 2.571441800225337283e+04 -1.985685635359429402e-04
3.194396742346417017e+00 7.511125798778369500e+00 1.413306679805621968e+00 2.478536160839171221e-01 3.788812378369483014e+01 1.549994700000000059e+01 7.954442999999999930e-01 3.681439999999999824e+00 2.571441800225337283e+04 -1.985685635359429402e-04
3.194396742346417017e+00 7.511125798778369500e+00 1.413306679805621968e+00 2.478536011827559282e-01 3.788812434827187303e+01 1.549994700000000059e+01 7.954442999999999930e-01 3.681439999999999824e+00 2.571441800225337283e+04 -1.985685635359429402e-04
3.194396742346417017e+00 7.511125798778369500e+00 1.413306679805621968e+00 2.478536011827559282e-01 3.788812378369483014e+01 1.549994700000000059e+01 7.954442999999999930e-01 3.681439999999999824e+00 2.571441838542805999e+04 -1.985685635359429402e-04
3.194396742346417017e+00 7.511125798778369500e+00 1.413306679805621968e+00 2.478536011827559282e-01 3.788812378369483014e+01 1.549994700000000059e+01 7.954442999999999930e-01 3.681439999999999824e+00 2.571441800225337283e+04 -1.985834646971367879e-04
3.187363236369081143e+00 7.434365347528853363e+00 1.433844210842715849e+00 1.218987102470647788e-04 3.848608776330429748e+01 1.549994700000000059e+01 7.954442999999999930e-01 3.681439999999999824e+00 2.584297958863659733e+04 -3.119616558272982065e-04
3.187389783486322514e+00 7.447203794126383336e+00 1.431519704093336731e+00 2.682116080798824242e-05 3.842464238273504407e+01 1.549994700000000059e+01 7.954442999999999930e-01 3.681439999999999824e+00 2.573924520910165302e+04 -3.522396601347156219e-04
3.187506790910712429e+00 7.449956909829372087e+00 1.431073613657088961e+00 2.682116080798824242e-05 3.840220250756804887e+01 1.549994700000000059e+01 7.954442999999999930e-01 3.681439999999999824e+00 2.571915496594153956e+04 -3.600997318814716693e-04
3.188279153004469624e+00 7.452311649091796220e+00 1.431005533874593505e+00 6.916010586918708292e-05 3.832708441676729194e+01 1.549994700000000059e+01 7.954442999999999930e-01 3.681439999999999824e+00 2.571506037642405499e+04 -3.620675829893863005e-04
3.190376459102592488e+00 7.448633216730412343e+00 1.431244113441517252e+00 1.372915448072339617e-01 3.788826736785465954e+01 1.549994700000000059e+01 7.954442999999999930e-01 3.681439999999999824e+00 2.571441862884201691e+04 -4.093623723919249426e-04
3.189671657234908864e+00 7.460938996177201687e+00 1.428586961623767193e+00 2.357999564603588671e-01 3.788686851697019620e+01 1.549994700000000059e+01 7.954442999999999930e-01 3.681439999999999824e+00 2.571441804376686923e+04 -3.738430457924063846e-04
3.191082929620331576e+00 7.503776875219512199e+00 1.425590597331450660e+00 2.474077686332135650e-01 3.788791867932047808e+01 1.549994700000000059e+01 7.954442999999999930e-01 3.681439999999999824e+00 2.571441800308769962e+04 -2.625302452024492420e-04
3.194216031977409997e+00 7.510752813016475571e+00 1.416901189461205801e+00 2.478471142367283664e-01 3.788811317346581831e+01 1.549994700000000059e+01 7.954442999999999930e-01 3.681439999999999824e+00 2.571441800223611790e+04 -2.623737256029365578e-04
3.194216079574938139e+00 7.510752813016475571e+00 1.416901189461205801e+00 2.478471142367283664e-01 3.788811317346581831e+01 1.549994700000000059e+01 7.954442999999999930e-01 3.681439999999999824e+00 2.571441800223611790e+04 -2.623737256029365578e-04
3.194216031977409997e+00 7.510752924935413688e+00 1.416901189461205801e+00 2.478471142367283664e-01 3.788811317346581831e+01 1.549994700000000059e+01 7.954442999999999930e-01 3.681439999999999824e+00 2.571441800223611790e+04 -2.623737256029365578e-04
3.194216031977409997e+00 7.510752813016475571e+00 1.416901210574678771e+00 2.478471142367283664e-01 3.788811317346581831e+01 1.549994700000000059e+01 7.954442999999999930e-01 3.681439999999999824e+00 2.571441800223611790e+04 -2.623737256029365578e-04
3.194216031977409997e+00 7.510752813016475571e+00 1.416901189461205801e+00 2.478471291378895602e-01 3.788811317346581831e+01 1.549994700000000059e+01 7.954442999999999930e-01 3.681439999999999824e+00 2.571441800223611790e+04 -2.623737256029365578e-04
3.194216031977409997e+00 7.510752813016475571e+00 1.416901189461205801e+00 2.478471142367283664e-01 3.788811373804269778e+01 1.549994700000000059e+01 7.954442999999999930e-01 3.681439999999999824e+00 2.571441800223611790e+04 -2.623737256029365578e-04
3.194216031977409997e+00 7.510752813016475571e+00 1.416901189461205801e+00 2.478471142367283664e-01 3.788811317346581831e+01 1.549994700000000059e+01 7.954442999999999930e-01 3.681439999999999824e+00 2.571441838541080506e+04 -2.623737256029365578e-04
3.194216031977409997e+00 7.510752813016475571e+00 1.416901189461205801e+00 2.478471142367283664e-01 3.788811317346581831e+01 1.549994700000000059e+01 7.954442999999999930e-01 3.681439999999999824e+00 2.571441800223611790e+04 -2.623886267641304055e-04
3.191663636230241519e+00 7.507055313400258889e+00 1.424028962608885118e+00 2.476503575469236051e-01 3.788345383407784084e+01 1.549994700000000059e+01 7.954442999999999930e-01 3.681439999999999824e+00 2.571441800257668001e+04 -2.571245380690701616e-04
3.193426048193066080e+00 7.510525693294939131e+00 1.418969163595073635e+00 2.478394324931711690e-01 3.788776955487382025e+01 1.549994700000000059e+01 7.954442999999999930e-01 3.681439999999999824e+00 2.571441800223865721e+04 -2.583542051980740003e-04
3.193426095778822305e+00 7.510525693294939131e+00 1.418969163595073635e+00 2.478394324931711690e-01 3.788776955487382025e+01 1.549994700000000059e+01 7.954442999999999930e-01 3.681439999999999824e+00 2.571441800223865721e+04 -2.583542051980740003e-04
3.193426048193066080e+00 7.510525805210493289e+00 1.418969163595073635e+00 2.478394324931711690e-01 3.788776955487382025e+01 1.549994700000000059e+01 7.954442999999999930e-01 3.681439999999999824e+00 2.571441800223865721e+04 -2.583542051980740003e-04
3.193426048193066080e+00 7.510525693294939131e+00 1.418969184739361955e+00 2.478394324931711690e-01 3.788776955487382025e+01 1.549994700000000059e+01 7.954442999999999930e-01 3.681439999999999824e+00 2.571441800223865721e+04 -2.583542051980740003e-04
3.193426048193066080e+00 7.510525693294939131e+00 1.418969163595073635e+00 2.478394473943323628e-01 3.788776955487382025e+01 1.549994700000000059e+01 7.954442999999999930e-01 3.681439999999999824e+00 2.571441800223865721e+04 -2.583542051980740003e-04
3.193426048193066080e+00 7.510525693294939131e+00 1.418969163595073635e+00 2.478394324931711690e-01 3.788777011944558382e+01 1.549994700000000059e+01 7.954442999999999930e-01 3.681439999999999824e+00 2.571441800223865721e+04 -2.583542051980740003e-04
3.193426048193066080e+00 7.510525693294939131e+00 1.418969163595073635e+00 2.478394324931711690e-01 3.788776955487382025e+01 1.549994700000000059e+01 7.954442999999999930e-01 3.681439999999999824e+00 2.571441838541334437e+04 -2.583542051980740003e-04
3.193426048193066080e+00 7.510525693294939131e+00 1.418969163595073635e+00 2.478394324931711690e-01 3.788776955487382025e+01 1.549994700000000059e+01 7.954442999999999930e-01 3.681439999999999824e+00 2.571441800223865721e+04 -2.583691063592678480e-04
3.192640952836182322e+00 7.510160642303740808e+00 1.421010245274773709e+00 2.478252457805098230e-01 3.788731291070207163e+01 1.549994700000000059e+01 7.954442999999999930e-01 3.681439999999999824e+00 2.571441800225279076e+04 -2.547932382167317255e-04
3.192641000410239904e+00 7.510160642303740808e+00 1.421010245274773709e+00 2.478252457805098230e-01 3.788731291070207163e+01 1.549994700000000059e+01 7.954442999999999930e-01 3.681439999999999824e+00 2.571441800225279076e+04 -2.547932382167317255e-04
3.192640952836182322e+00 7.510160754213854872e+00 1.421010245274773709e+00 2.478252457805098230e-01 3.788731291070207163e+01 1.549994700000000059e+01 7.954442999999999930e-01 3.681439999999999824e+00 2.571441800225279076e+04 -2.547932382167317255e-04
3.192640952836182322e+00 7.510160642303740808e+00 1.421010266449476367e+00 2.478252457805098230e-01 3.788731291070207163e+01 1.549994700000000059e+01 7.954442999999999930e-01 3.681439999999999824e+00 2.571441800225279076e+04 -2.547932382167317255e-04
3.192640952836182322e+00 7.510160642303740808e+00 1.421010245274773709e+00 2.478252606816710168e-01 3.788731291070207163e+01 1.549994700000000059e+01 7.954442999999999930e-01 3.681439999999999824e+00 2.571441800225279076e+04 -2.547932382167317255e-04
3.192640952836182322e+00 7.510160642303740808e+00 1.421010245274773709e+00 2.478252457805098230e-01 3.788731347526702820e+01 1.549994700000000059e+01 7.954442999999999930e-01 3.681439999999999824e+00 2.571441800225279076e+04 -2.547932382167317255e-04
3.192640952836182322e+00 7.510160642303740808e+00 1.421010245274773709e+00 2.478252457805098230e-01 3.788731291070207163e+01 1.549994700000000059e+01 7.954442999999999930e-01 3.681439999999999824e+00 2.571441838542747792e+04 -2.547932382167317255e-04
3.192640952836182322e+00 7.510160642303740808e+00 1.421010245274773709e+00 2.478252457805098230e-01 3.788731291070207163e+01 1.549994700000000059e+01 7.954442999999999930e-01 3.681439999999999824e+00 2.571441800225279076e+04 -2.548081393779255731e-04
3.191881559443047411e+00 7.509589943122157329e+00 1.422986544229540185e+00 2.478110259861384390e-01 3.788661595819262118e+01 1.549994700000000059e+01 7.954442999999999930e-01 3.681439999999999824e+00 2.571441800229297587e+04 -2.517899246635291058e-04
3.191881607005789157e+00 7.509589943122157329e+00 1.422986544229540185e+00 2.478110259861384390e-01 3.788661595819262118e+01 1.549994700000000059e+01 7.954442999999999930e-01 3.681439999999999824e+00 2.571441800229297587e+04 -2.517899246635291058e-04
3.191881559443047411e+00 7.509590055023767974e+00 1.422986544229540185e+00 2.478110259861384390e-01 3.788661595819262118e+01 1.549994700000000059e+01 7.954442999999999930e-01 3.681439999999999824e+00 2.571441800229297587e+04 -2.517899246635291058e-04
3.191881559443047411e+00 7.509589943122157329e+00 1.422986565433691952e+00 2.478110259861384390e-01 3.788661595819262118e+01 1.549994700000000059e+01 7.954442999999999930e-01 3.681439999999999824e+00 2.571441800229297587e+04 -2.517899246635291058e-04
3.191881559443047411e+00 7.509589943122157329e+00 1.422986544229540185e+00 2.478110408872996329e-01 3.788661595819262118e+01 1.549994700000000059e+01 7.954442999999999930e-01 3.681439999999999824e+00 2.571441800229297587e+04 -2.517899246635291058e-04
3.191881559443047411e+00 7.509589943122157329e+00 1.422986544229540185e+00 2.478110259861384390e-01 3.788661652274718961e+01 1.549994700000000059e+01 7.954442999999999930e-01 3.681439999999999824e+00 2.571441800229297587e+04 -2.517899246635291058e-04
3.191881559443047411e+00 7.509589943122157329e+00 1.422986544229540185e+00 2.478110259861384390e-01 3.788661595819262118e+01 1.549994700000000059e+01 7.954442999999999930e-01 3.681439999999999824e+00 2.571441838546766303e+04 -2.517899246635291058e-04
3.191881559443047411e+00 7.509589943122157329e+00 1.422986544229540185e+00 2.478110259861384390e-01 3.788661595819262118e+01 1.549994700000000059e+01 7.954442999999999930e-01 3.681439999999999824e+00 2.571441800229297587e+04 -2.518048258247229535e-04
3.191565592448517119e+00 7.509453562516180902e+00 1.423454130790945849e+00 2.478075852815490587e-01 3.788645185987312658e+01 1.549994700000000059e+01 7.954442999999999930e-01 3.681439999999999824e+00 2.571441800230390800e+04 -2.505451109551460795e-04
3.191565640006550630e+00 7.509453562516180902e+00 1.423454130790945849e+00 2.478075852815490587e-01 3.788645185987312658e+01 1.549994700000000059e+01 7.954442999999999930e-01 3.681439999999999824e+00 2.571441800230390800e+04 -2.505451109551460795e-04
3.191565592448517119e+00 7.509453674415758506e+00 1.423454130790945849e+00 2.478075852815490587e-01 3.788645185987312658e+01 1.549994700000000059e+01 7.954442999999999930e-01 3.681439999999999824e+00 2.571441800230390800e+04 -2.505451109551460795e-04
3.191565592448517119e+00 7.509453562516180902e+00 1.423454152002065376e+00 2.478075852815490587e-01 3.788645185987312658e+01 1.549994700000000059e+01 7.954442999999999930e-01 3.681439999999999824e+00 2.571441800230390800e+04 -2.505451109551460795e-04
3.191565592448517119e+00 7.509453562516180902e+00 1.423454130790945849e+00 2.478076001827102526e-01 3.788645185987312658e+01 1.549994700000000059e+01 7.954442999999999930e-01 3.681439999999999824e+00 2.571441800230390800e+04 -2.505451109551460795e-04
3.191565592448517119e+00 7.509453562516180902e+00 1.423454130790945849e+00 2.478075852815490587e-01 3.788645242442525074e+01 1.549994700000000059e+01 7.954442999999999930e-01 3.681439999999999824e+00 2.571441800230390800e+04 -2.505451109551460795e-04
3.191565592448517119e+00 7.509453562516180902e+00 1.423454130790945849e+00 2.478075852815490587e-01 3.788645185987312658e+01 1.549994700000000059e+01 7.954442999999999930e-01 3.681439999999999824e+00 2.571441838547859516e+04 -2.505451109551460795e-04
3.191565592448517119e+00 7.509453562516180902e+00 1.423454130790945849e+00 2.478075852815490587e-01 3.788645185987312658e+01 1.549994700000000059e+01 7.954442999999999930e-01 3.681439999999999824e+00 2.571441800230390800e+04 -2.505600121163399272e-04
3.191516027628259700e+00 7.508453018500409470e+00 1.423715449708415015e+00 2.477932803689266716e-01 3.788644791428243508e+01 1.549994700000000059e+01 7.954442999999999930e-01 3.681439999999999824e+00 2.571441828853102197e+04 -2.530445456362530429e-04
3.191516075185554691e+00 7.508453018500409470e+00 1.423715449708415015e+00 2.477932803689266716e-01 3.788644791428243508e+01 1.549994700000000059e+01 7.954442999999999930e-01 3.681439999999999824e+00 2.571441828853102197e+04 -2.530445456362530429e-04
3.191516027628259700e+00 7.508453130385078111e+00 1.423715449708415015e+00 2.477932803689266716e-01 3.788644791428243508e+01 1.549994700000000059e+01 7.954442999999999930e-01 3.681439999999999824e+00 2.571441828853102197e+04 -2.530445456362530429e-04
3.191516027628259700e+00 7.508453018500409470e+00 1.423715470923428317e+00 2.477932803689266716e-01 3.788644791428243508e+01 1.549994700000000059e+01 7.954442999999999930e-01 3.681439999999999824e+00 2.571441828853102197e+04 -2.530445456362530429e-04
3.191516027628259700e+00 7.508453018500409470e+00 1.423715449708415015e+00 2.477932952700878655e-01 3.788644791428243508e+01 1.549994700000000059e+01 7.954442999999999930e-01 3.681439999999999824e+00 2.571441828853102197e+04 -2.530445456362530429e-04
3.191516027628259700e+00 7.508453018500409470e+00 1.423715449708415015e+00 2.477932803689266716e-01 3.788644847883450240e+01 1.549994700000000059e+01 7.954442999999999930e-01 3.681439999999999824e+00 2.571441828853102197e+04 -2.530445456362530429e-04
3.191516027628259700e+00 7.508453018500409470e+00 1.423715449708415015e+00 2.477932803689266716e-01 3.788644791428243508e+01 1.549994700000000059e+01 7.954442999999999930e-01 3.681439999999999824e+00 2.571441867170571277e+04 -2.530445456362530429e-04
3.191516027628259700e+00 7.508453018500409470e+00 1.423715449708415015e+00 2.477932803689266716e-01 3.788644791428243508e+01 1.549994700000000059e+01 7.954442999999999930e-01 3.681439999999999824e+00 2.571441828853102197e+04 -2.530594467974468906e-04
3.191207730063104986e+00 7.507960956203098668e+00 1.424588035885295811e+00 2.477654216572394985e-01 3.788592216808910962e+01 1.549994700000000059e+01 7.954442999999999930e-01 3.681439999999999824e+00 2.571441828857763176e+04 -2.525526166255692533e-04
3.191426820223431715e+00 7.508357925422465051e+00 1.423951491030204908e+00 2.477881098713653751e-01 3.788634253909487626e+01 1.549994700000000059e+01 7.954442999999999930e-01 3.681439999999999824e+00 2.571441828853920015e+04 -2.528104801493929695e-04
3.191426867779397103e+00 7.508357925422465051e+00 1.423951491030204908e+00 2.477881098713653751e-01 3.788634253909487626e+01 1.549994700000000059e+01 7.954442999999999930e-01 3.681439999999999824e+00 2.571441828853920015e+04 -2.528104801493929695e-04
3.191426820223431715e+00 7.508358037305717048e+00 1.423951491030204908e+00 2.477881098713653751e-01 3.788634253909487626e+01 1.549994700000000059e+01 7.954442999999999930e-01 3.681439999999999824e+00 2.571441828853920015e+04 -2.528104801493929695e-04
3.191426820223431715e+00 7.508357925422465051e+00 1.423951512248735618e+00 2.477881098713653751e-01 3.788634253909487626e+01 1.549994700000000059e+01 7.954442999999999930e-01 3.681439999999999824e+00 2.571441828853920015e+04 -2.528104801493929695e-04
3.191426820223431715e+00 7.508357925422465051e+00 1.423951491030204908e+00 2.477881247725265690e-01 3.788634253909487626e+01 1.549994700000000059e+01 7.954442999999999930e-01 3.681439999999999824e+00 2.571441828853920015e+04 -2.528104801493929695e-04
3.191426820223431715e+00 7.508357925422465051e+00 1.423951491030204908e+00 2.477881098713653751e-01 3.788634310364537328e+01 1.549994700000000059e+01 7.954442999999999930e-01 3.681439999999999824e+00 2.571441828853920015e+04 -2.528104801493929695e-04
3.191426820223431715e+00 7.508357925422465051e+00 1.423951491030204908e+00 2.477881098713653751e-01 3.788634253909487626e+01 1.549994700000000059e+01 7.954442999999999930e-01 3.681439999999999824e+00 2.571441867171389094e+04 -2.528104801493929695e-04
3.191426820223431715e+00 7.508357925422465051e+00 1.423951491030204908e+00 2.477881098713653751e-01 3.788634253909487626e+01 1.549994700000000059e+01 7.954442999999999930e-01 3.681439999999999824e+00 2.571441828853920015e+04 -2.528253813105868172e-04
3.191338358738499803e+00 7.508252762932153601e+00 1.424181614121543094e+00 2.477852329209726256e-01 3.788622962297100116e+01 1.549994700000000059e+01 7.954442999999999930e-01 3.681439999999999824e+00 2.571441828854860432e+04 -2.525835088457935350e-04
3.191338406293147134e+00 7.508252762932153601e+00 1.424181614121543094e+00 2.477852329209726256e-01 3.788622962297100116e+01 1.549994700000000059e+01 7.954442999999999930e-01 3.681439999999999824e+00 2.571441828854860432e+04 -2.525835088457935350e-04
3.191338358738499803e+00 7.508252874813837963e+00 1.424181614121543094e+00 2.477852329209726256e-01 3.788622962297100116e+01 1.549994700000000059e+01 7.954442999999999930e-01 3.681439999999999824e+00 2.571441828854860432e+04 -2.525835088457935350e-04
3.191338358738499803e+00 7.508252762932153601e+00 1.424181635343502839e+00 2.477852329209726256e-01 3.788622962297100116e+01 1.549994700000000059e+01 7.954442999999999930e-01 3.681439999999999824e+00 2.571441828854860432e+04 -2.525835088457935350e-04
3.191338358738499803e+00 7.508252762932153601e+00 1.424181614121543094e+00 2.477852478221338195e-01 3.788622962297100116e+01 1.549994700000000059e+01 7.954442999999999930e-01 3.681439999999999824e+00 2.571441828854860432e+04 -2.525835088457935350e-04
3.191338358738499803e+00 7.508252762932153601e+00 1.424181614121543094e+00 2.477852329209726256e-01 3.788623018751981419e+01 1.549994700000000059e+01 7.954442999999999930e-01 3.681439999999999824e+00 2.571441828854860432e+04 -2.525835088457935350e-04
3.191338358738499803e+00 7.508252762932153601e+00 1.424181614121543094e+00 2.477852329209726256e-01 3.788622962297100116e+01 1.549994700000000059e+01 7.954442999999999930e-01 3.681439999999999824e+00 2.571441867172329512e+04 -2.525835088457935350e-04
3.191338358738499803e+00 7.508252762932153601e+00 1.424181614121543094e+00 2.477852329209726256e-01 3.788622962297100116e+01 1.549994700000000059e+01 7.954442999999999930e-01 3.681439999999999824e+00 2.571441828854860432e+04 -2.525984100069873827e-04
3.191211603557337906e+00 7.508160760204774853e+00 1.424411654259086779e+00 2.477799267341216916e-01 3.788612281883697364e+01 1.549994700000000059e+01 7.954442999999999930e-01 3.681439999999999824e+00 2.571441828855757922e+04 -2.521125104562843664e-04
3.191300650599358857e+00 7.508232649269052317e+00 1.424239100933328839e+00 2.477840775108463567e-01 3.788620500910414535e+01 1.549994700000000059e+01 7.954442999999999930e-01 3.681439999999999824e+00 2.571441828855053973e+04 -2.524885012662406863e-04
3.191300698153444415e+00 7.508232649269052317e+00 1.424239100933328839e+00 2.477840775108463567e-01 3.788620500910414535e+01 1.549994700000000059e+01 7.954442999999999930e-01 3.681439999999999824e+00 2.571441828855053973e+04 -2.524885012662406863e-04
3.191300650599358857e+00 7.508232761150437362e+00 1.424239100933328839e+00 2.477840775108463567e-01 3.788620500910414535e+01 1.549994700000000059e+01 7.954442999999999930e-01 3.681439999999999824e+00 2.571441828855053973e+04 -2.524885012662406863e-04
3.191300650599358857e+00 7.508232649269052317e+00 1.424239122156145232e+00 2.477840775108463567e-01 3.788620500910414535e+01 1.549994700000000059e+01 7.954442999999999930e-01 3.681439999999999824e+00 2.571441828855053973e+04 -2.524885012662406863e-04
3.191300650599358857e+00 7.508232649269052317e+00 1.424239100933328839e+00 2.477840924120075505e-01 3.788620500910414535e+01 1.549994700000000059e+01 7.954442999999999930e-01 3.681439999999999824e+00 2.571441828855053973e+04 -2.524885012662406863e-04
3.191300650599358857e+00 7.508232649269052317e+00 1.424239100933328839e+00 2.477840775108463567e-01 3.788620557365259600e+01 1.549994700000000059e+01 7.954442999999999930e-01 3.681439999999999824e+00 2.571441828855053973e+04 -2.524885012662406863e-04
3.191300650599358857e+00 7.508232649269052317e+00 1.424239100933328839e+00 2.477840775108463567e-01 3.788620500910414535e+01 1.549994700000000059e+01 7.954442999999999930e-01 3.681439999999999824e+00 2.571441867172523052e+04 -2.524885012662406863e-04
3.191300650599358857e+00 7.508232649269052317e+00 1.424239100933328839e+00 2.477840775108463567e-01 3.788620500910414535e+01 1.549994700000000059e+01 7.954442999999999930e-01 3.681439999999999824e+00 2.571441828855053973e+04 -2.525034024274345340e-04
