3.305204326034862916e+00 1.200396621038860800e+01 2.926534196428843160e+00 1.671970790076236568e+01 3.571703386983894335e-01 1.530525399999999969e+01 7.001581000000000055e-01 3.097326999999999941e+00 1.286174855436717917e+04 3.247091613063806115e+00 7.522718822096949864e+00 1.067334120094995287e+00 1.834476587026526317e+01 2.190221902599010662e+01 1.500000000000000000e+01 7.234983000000000386e-01 3.013116999999999823e+00 5.027000991124828579e+04 1.117173255178538667e-02
3.305204375286245444e+00 1.200396621038860800e+01 2.926534196428843160e+00 1.671970790076236568e+01 3.571703386983894335e-01 1.530525399999999969e+01 7.001581000000000055e-01 3.097326999999999941e+00 1.286174855436717917e+04 3.247091613063806115e+00 7.522718822096949864e+00 1.067334120094995287e+00 1.834476587026526317e+01 2.190221902599010662e+01 1.500000000000000000e+01 7.234983000000000386e-01 3.013116999999999823e+00 5.027000991124828579e+04 1.117173255178538667e-02
3.305204326034862916e+00 1.200396638926164350e+01 2.926534196428843160e+00 1.671970790076236568e+01 3.571703386983894335e-01 1.530525399999999969e+01 7.001581000000000055e-01 3.097326999999999941e+00 1.286174855436717917e+04 3.247091613063806115e+00 7.522718822096949864e+00 1.067334120094995287e+00 1.834476587026526317e+01 2.190221902599010662e+01 1.500000000000000000e+01 7.234983000000000386e-01 3.013116999999999823e+00 5.027000991124828579e+04 1.117173255178538667e-02
3.305204326034862916e+00 1.200396621038860800e+01 2.926534240037601098e+00 1.671970790076236568e+01 3.571703386983894335e-01 1.530525399999999969e+01 7.001581000000000055e-01 3.097326999999999941e+00 1.286174855436717917e+04 3.247091613063806115e+00 7.522718822096949864e+00 1.067334120094995287e+00 1.834476587026526317e+01 2.190221902599010662e+01 1.500000000000000000e+01 7.234983000000000386e-01 3.013116999999999823e+00 5.027000991124828579e+04 1.117173255178538667e-02
3.305204326034862916e+00 1.200396621038860800e+01 2.926534196428843160e+00 1.671970814990542920e+01 3.571703386983894335e-01 1.530525399999999969e+01 7.001581000000000055e-01 3.097326999999999941e+00 1.286174855436717917e+04 3.247091613063806115e+00 7.522718822096949864e+00 1.067334120094995287e+00 1.834476587026526317e+01 2.190221902599010662e+01 1.500000000000000000e+01 7.234983000000000386e-01 3.013116999999999823e+00 5.027000991124828579e+04 1.117173255178538667e-02
3.305204326034862916e+00 1.200396621038860800e+01 2.926534196428843160e+00 1.671970790076236568e+01 3.571703535995506273e-01 1.530525399999999969e+01 7.001581000000000055e-01 3.097326999999999941e+00 1.286174855436717917e+04 3.247091613063806115e+00 7.522718822096949864e+00 1.067334120094995287e+00 1.834476587026526317e+01 2.190221902599010662e+01 1.500000000000000000e+01 7.234983000000000386e-01 3.013116999999999823e+00 5.027000991124828579e+04 1.117173255178538667e-02
3.305204326034862916e+00 1.200396621038860800e+01 2.926534196428843160e+00 1.671970790076236568e+01 3.571703386983894335e-01 1.530525422806605640e+01 7.001581000000000055e-01 3.097326999999999941e+00 1.286174855436717917e+04 3.247091613063806115e+00 7.522718822096949864e+00 1.067334120094995287e+00 1.834476587026526317e+01 2.190221902599010662e+01 1.500000000000000000e+01 7.234983000000000386e-01 3.013116999999999823e+00 5.027000991124828579e+04 1.117173255178538667e-02
3.305204326034862916e+00 1.200396621038860800e+01 2.926534196428843160e+00 1.671970790076236568e+01 3.571703386983894335e-01 1.530525399999999969e+01 7.001581149011611993e-01 3.097326999999999941e+00 1.286174855436717917e+04 3.247091613063806115e+00 7.522718822096949864e+00 1.067334120094995287e+00 1.834476587026526317e+01 2.190221902599010662e+01 1.500000000000000000e+01 7.234983000000000386e-01 3.013116999999999823e+00 5.027000991124828579e+04 1.117173255178538667e-02
3.305204326034862916e+00 1.200396621038860800e+01 2.926534196428843160e+00 1.671970790076236568e+01 3.571703386983894335e-01 1.530525399999999969e+01 7.001581000000000055e-01 3.097326999999999941e+00 1.286174874602216732e+04 3.247091613063806115e+00 7.522718822096949864e+00 1.067334120094995287e+00 1.834476587026526317e+01 2.190221902599010662e+01 1.500000000000000000e+01 7.234983000000000386e-01 3.013116999999999823e+00 5.027000991124828579e+04 1.117173255178538667e-02
3.305204326034862916e+00 1.200396621038860800e+01 2.926534196428843160e+00 1.671970790076236568e+01 3.571703386983894335e-01 1.530525399999999969e+01 7.001581000000000055e-01 3.097326999999999941e+00 1.286174855436717917e+04 3.247091661449241773e+00 7.522718822096949864e+00 1.067334120094995287e+00 1.834476587026526317e+01 2.190221902599010662e+01 1.500000000000000000e+01 7.234983000000000386e-01 3.013116999999999823e+00 5.027000991124828579e+04 1.117173255178538667e-02
3.305204326034862916e+00 1.200396621038860800e+01 2.926534196428843160e+00 1.671970790076236568e+01 3.571703386983894335e-01 1.530525399999999969e+01 7.001581000000000055e-01 3.097326999999999941e+00 1.286174855436717917e+04 3.247091613063806115e+00 7.522718934194196017e+00 1.067334120094995287e+00 1.834476587026526317e+01 2.190221902599010662e+01 1.500000000000000000e+01 7.234983000000000386e-01 3.013116999999999823e+00 5.027000991124828579e+04 1.117173255178538667e-02
3.305204326034862916e+00 1.200396621038860800e+01 2.926534196428843160e+00 1.671970790076236568e+01 3.571703386983894335e-01 1.530525399999999969e+01 7.001581000000000055e-01 3.097326999999999941e+00 1.286174855436717917e+04 3.247091613063806115e+00 7.522718822096949864e+00 1.067334135999512990e+00 1.834476587026526317e+01 2.190221902599010662e+01 1.500000000000000000e+01 7.234983000000000386e-01 3.013116999999999823e+00 5.027000991124828579e+04 1.117173255178538667e-02
3.305204326034862916e+00 1.200396621038860800e+01 2.926534196428843160e+00 1.671970790076236568e+01 3.571703386983894335e-01 1.530525399999999969e+01 7.001581000000000055e-01 3.097326999999999941e+00 1.286174855436717917e+04 3.247091613063806115e+00 7.522718822096949864e+00 1.067334120094995287e+00 1.834476614362357694e+01 2.190221902599010662e+01 1.500000000000000000e+01 7.234983000000000386e-01 3.013116999999999823e+00 5.027000991124828579e+04 1.117173255178538667e-02
3.305204326034862916e+00 1.200396621038860800e+01 2.926534196428843160e+00 1.671970790076236568e+01 3.571703386983894335e-01 1.530525399999999969e+01 7.001581000000000055e-01 3.097326999999999941e+00 1.286174855436717917e+04 3.247091613063806115e+00 7.522718822096949864e+00 1.067334120094995287e+00 1.834476587026526317e+01 2.190221935235860329e+01 1.500000000000000000e+01 7.234983000000000386e-01 3.013116999999999823e+00 5.027000991124828579e+04 1.117173255178538667e-02
3.305204326034862916e+00 1.200396621038860800e+01 2.926534196428843160e+00 1.671970790076236568e+01 3.571703386983894335e-01 1.530525399999999969e+01 7.001581000000000055e-01 3.097326999999999941e+00 1.286174855436717917e+04 3.247091613063806115e+00 7.522718822096949864e+00 1.067334120094995287e+00 1.834476587026526317e+01 2.190221902599010662e+01 1.500000022351741791e+01 7.234983000000000386e-01 3.013116999999999823e+00 5.027000991124828579e+04 1.117173255178538667e-02
3.305204326034862916e+00 1.200396621038860800e+01 2.926534196428843160e+00 1.671970790076236568e+01 3.571703386983894335e-01 1.530525399999999969e+01 7.001581000000000055e-01 3.097326999999999941e+00 1.286174855436717917e+04 3.247091613063806115e+00 7.522718822096949864e+00 1.067334120094995287e+00 1.834476587026526317e+01 2.190221902599010662e+01 1.500000000000000000e+01 7.234983149011612324e-01 3.013116999999999823e+00 5.027000991124828579e+04 1.117173255178538667e-02
3.305204326034862916e+00 1.200396621038860800e+01 2.926534196428843160e+00 1.671970790076236568e+01 3.571703386983894335e-01 1.530525399999999969e+01 7.001581000000000055e-01 3.097326999999999941e+00 1.286174855436717917e+04 3.247091613063806115e+00 7.522718822096949864e+00 1.067334120094995287e+00 1.834476587026526317e+01 2.190221902599010662e+01 1.500000000000000000e+01 7.234983000000000386e-01 3.013116999999999823e+00 5.027001066032980452e+04 1.117173255178538667e-02
3.305204326034862916e+00 1.200396621038860800e+01 2.926534196428843160e+00 1.671970790076236568e+01 3.571703386983894335e-01 1.530525399999999969e+01 7.001581000000000055e-01 3.097326999999999941e+00 1.286174855436717917e+04 3.247091613063806115e+00 7.522718822096949864e+00 1.067334120094995287e+00 1.834476587026526317e+01 2.190221902599010662e+01 1.500000000000000000e+01 7.234983000000000386e-01 3.013116999999999823e+00 5.027000991124828579e+04 1.117174745294658052e-02
3.275368351058981276e+00 1.200401169240409693e+01 8.688674985175559584e-02 1.848151679542087322e+01 2.789776061495885529e-06 1.530586099185761917e+01 6.998633730177022949e-01 3.097326999999999941e+00 1.286169609715178012e+04 3.230459192162992377e+00 7.522727778508517815e+00 1.071155402934501399e+00 1.982445393646418808e+01 2.282478340515905657e+01 1.499996456766369413e+01 7.234927475969560318e-01 3.013116999999999823e+00 5.026980475264581037e+04 1.112486936093429711e-02
3.139228438772673879e+00 1.302042701475381214e+01 3.016454558559538146e+00 1.705649032474433113e+01 5.064957842534040244e-01 1.522714369412235769e+01 8.719142063226184014e-01 3.097326999999999941e+00 1.285557991110844159e+04 3.319945510019449930e+00 7.953543701668372989e+00 1.352342585432668276e+00 1.855093563758135389e+01 2.239562875791330754e+01 1.484166510286852514e+01 8.835101916728651528e-01 3.013116999999999823e+00 5.024011941946318984e+04 9.725729080719339864e-03
3.228958163001783621e+00 1.239206430161385875e+01 2.927253876159799262e+00 1.672081168649435057e+01 3.564799901291023643e-01 1.530479612672658796e+01 7.071735176789206712e-01 3.097326999999999941e+00 1.286176069235130126e+04 3.282593149986446690e+00 7.833041840735163852e+00 1.217717921932330416e+00 1.834333084120555668e+01 2.190742838096196721e+01 1.499889284633418285e+01 7.380737824916281387e-01 3.013116999999999823e+00 5.027001334947971191e+04 1.054336715355882505e-02
3.285453515384170853e+00 1.202670444005051742e+01 2.926626460889770520e+00 1.671951790982542718e+01 3.566442957685380111e-01 1.530521190485677607e+01 7.008491206180452737e-01 3.097326999999999941e+00 1.286174666979236827e+04 3.253310875482029019e+00 7.576452770411694182e+00 1.118628107786028947e+00 1.834480127838639518e+01 2.190266002265346756e+01 1.499987404731635188e+01 7.252582392542159528e-01 3.013116999999999823e+00 5.026999637089746102e+04 1.077385010262329502e-02
3.301825135025690194e+00 1.199230157193453294e+01 2.926534945236201057e+00 1.671959942099143959e+01 3.570230367377750236e-01 1.530525532927985566e+01 7.001524392240308092e-01 3.097326999999999941e+00 1.286174632897705305e+04 3.246376922565469503e+00 7.521219889164660444e+00 1.081301903440033518e+00 1.834488493578381707e+01 2.190209749455981481e+01 1.499999510364055766e+01 7.235780106215085050e-01 3.013116999999999823e+00 5.027000086836022820e+04 1.105227103559011659e-02
3.304756407275319940e+00 1.200087015194523410e+01 2.926533266764773877e+00 1.671968605759448678e+01 3.571437094736564233e-01 1.530525465332392621e+01 7.001513317831615790e-01 3.097326999999999941e+00 1.286174796933187099e+04 3.246339569078958043e+00 7.521750017817463885e+00 1.070795094993044705e+00 1.834479767463453470e+01 2.190217263672378678e+01 1.499999987766980247e+01 7.235029074918454262e-01 3.013116999999999823e+00 5.027000762160665909e+04 1.115782187671362363e-02
3.305154357898824280e+00 1.200324374241323255e+01 2.926533920009538381e+00 1.671970365225759636e+01 3.571654013479533818e-01 1.530525415784090448e+01 7.001564143610794488e-01 3.097326999999999941e+00 1.286174841014840058e+04 3.246845847087937997e+00 7.522463707807039768e+00 1.068193904554201490e+00 1.834477378641017253e+01 2.190220630138067293e+01 1.500000000928147337e+01 7.234988602073749719e-01 3.013116999999999823e+00 5.027000935326343460e+04 1.117089863853723899e-02
3.305154407149462070e+00 1.200324374241323255e+01 2.926533920009538381e+00 1.671970365225759636e+01 3.571654013479533818e-01 1.530525415784090448e+01 7.001564143610794488e-01 3.097326999999999941e+00 1.286174841014840058e+04 3.246845847087937997e+00 7.522463707807039768e+00 1.068193904554201490e+00 1.834477378641017253e+01 2.190220630138067293e+01 1.500000000928147337e+01 7.234988602073749719e-01 3.013116999999999823e+00 5.027000935326343460e+04 1.117089863853723899e-02
3.305154357898824280e+00 1.200324392127550155e+01 2.926533920009538381e+00 1.671970365225759636e+01 3.571654013479533818e-01 1.530525415784090448e+01 7.001564143610794488e-01 3.097326999999999941e+00 1.286174841014840058e+04 3.246845847087937997e+00 7.522463707807039768e+00 1.068193904554201490e+00 1.834477378641017253e+01 2.190220630138067293e+01 1.500000000928147337e+01 7.234988602073749719e-01 3.013116999999999823e+00 5.027000935326343460e+04 1.117089863853723899e-02
3.305154357898824280e+00 1.200324374241323255e+01 2.926533963618291878e+00 1.671970365225759636e+01 3.571654013479533818e-01 1.530525415784090448e+01 7.001564143610794488e-01 3.097326999999999941e+00 1.286174841014840058e+04 3.246845847087937997e+00 7.522463707807039768e+00 1.068193904554201490e+00 1.834477378641017253e+01 2.190220630138067293e+01 1.500000000928147337e+01 7.234988602073749719e-01 3.013116999999999823e+00 5.027000935326343460e+04 1.117089863853723899e-02
3.305154357898824280e+00 1.200324374241323255e+01 2.926533920009538381e+00 1.671970390140059592e+01 3.571654013479533818e-01 1.530525415784090448e+01 7.001564143610794488e-01 3.097326999999999941e+00 1.286174841014840058e+04 3.246845847087937997e+00 7.522463707807039768e+00 1.068193904554201490e+00 1.834477378641017253e+01 2.190220630138067293e+01 1.500000000928147337e+01 7.234988602073749719e-01 3.013116999999999823e+00 5.027000935326343460e+04 1.117089863853723899e-02
3.305154357898824280e+00 1.200324374241323255e+01 2.926533920009538381e+00 1.671970365225759636e+01 3.571654162491145756e-01 1.530525415784090448e+01 7.001564143610794488e-01 3.097326999999999941e+00 1.286174841014840058e+04 3.246845847087937997e+00 7.522463707807039768e+00 1.068193904554201490e+00 1.834477378641017253e+01 2.190220630138067293e+01 1.500000000928147337e+01 7.234988602073749719e-01 3.013116999999999823e+00 5.027000935326343460e+04 1.117089863853723899e-02
3.305154357898824280e+00 1.200324374241323255e+01 2.926533920009538381e+00 1.671970365225759636e+01 3.571654013479533818e-01 1.530525438590696297e+01 7.001564143610794488e-01 3.097326999999999941e+00 1.286174841014840058e+04 3.246845847087937997e+00 7.522463707807039768e+00 1.068193904554201490e+00 1.834477378641017253e+01 2.190220630138067293e+01 1.500000000928147337e+01 7.234988602073749719e-01 3.013116999999999823e+00 5.027000935326343460e+04 1.117089863853723899e-02
3.305154357898824280e+00 1.200324374241323255e+01 2.926533920009538381e+00 1.671970365225759636e+01 3.571654013479533818e-01 1.530525415784090448e+01 7.001564292622406427e-01 3.097326999999999941e+00 1.286174841014840058e+04 3.246845847087937997e+00 7.522463707807039768e+00 1.068193904554201490e+00 1.834477378641017253e+01 2.190220630138067293e+01 1.500000000928147337e+01 7.234988602073749719e-01 3.013116999999999823e+00 5.027000935326343460e+04 1.117089863853723899e-02
3.305154357898824280e+00 1.200324374241323255e+01 2.926533920009538381e+00 1.671970365225759636e+01 3.571654013479533818e-01 1.530525415784090448e+01 7.001564143610794488e-01 3.097326999999999941e+00 1.286174860180338692e+04 3.246845847087937997e+00 7.522463707807039768e+00 1.068193904554201490e+00 1.834477378641017253e+01 2.190220630138067293e+01 1.500000000928147337e+01 7.234988602073749719e-01 3.013116999999999823e+00 5.027000935326343460e+04 1.117089863853723899e-02
3.305154357898824280e+00 1.200324374241323255e+01 2.926533920009538381e+00 1.671970365225759636e+01 3.571654013479533818e-01 1.530525415784090448e+01 7.001564143610794488e-01 3.097326999999999941e+00 1.286174841014840058e+04 3.246845895469711252e+00 7.522463707807039768e+00 1.068193904554201490e+00 1.834477378641017253e+01 2.190220630138067293e+01 1.500000000928147337e+01 7.234988602073749719e-01 3.013116999999999823e+00 5.027000935326343460e+04 1.117089863853723899e-02
3.305154357898824280e+00 1.200324374241323255e+01 2.926533920009538381e+00 1.671970365225759636e+01 3.571654013479533818e-01 1.530525415784090448e+01 7.001564143610794488e-01 3.097326999999999941e+00 1.286174841014840058e+04 3.246845847087937997e+00 7.522463819900483628e+00 1.068193904554201490e+00 1.834477378641017253e+01 2.190220630138067293e+01 1.500000000928147337e+01 7.234988602073749719e-01 3.013116999999999823e+00 5.027000935326343460e+04 1.117089863853723899e-02
3.305154357898824280e+00 1.200324374241323255e+01 2.926533920009538381e+00 1.671970365225759636e+01 3.571654013479533818e-01 1.530525415784090448e+01 7.001564143610794488e-01 3.097326999999999941e+00 1.286174841014840058e+04 3.246845847087937997e+00 7.522463707807039768e+00 1.068193920471530944e+00 1.834477378641017253e+01 2.190220630138067293e+01 1.500000000928147337e+01 7.234988602073749719e-01 3.013116999999999823e+00 5.027000935326343460e+04 1.117089863853723899e-02
3.305154357898824280e+00 1.200324374241323255e+01 2.926533920009538381e+00 1.671970365225759636e+01 3.571654013479533818e-01 1.530525415784090448e+01 7.001564143610794488e-01 3.097326999999999941e+00 1.286174841014840058e+04 3.246845847087937997e+00 7.522463707807039768e+00 1.068193904554201490e+00 1.834477405976860354e+01 2.190220630138067293e+01 1.500000000928147337e+01 7.234988602073749719e-01 3.013116999999999823e+00 5.027000935326343460e+04 1.117089863853723899e-02
3.305154357898824280e+00 1.200324374241323255e+01 2.926533920009538381e+00 1.671970365225759636e+01 3.571654013479533818e-01 1.530525415784090448e+01 7.001564143610794488e-01 3.097326999999999941e+00 1.286174841014840058e+04 3.246845847087937997e+00 7.522463707807039768e+00 1.068193904554201490e+00 1.834477378641017253e+01 2.190220662774897775e+01 1.500000000928147337e+01 7.234988602073749719e-01 3.013116999999999823e+00 5.027000935326343460e+04 1.117089863853723899e-02
3.305154357898824280e+00 1.200324374241323255e+01 2.926533920009538381e+00 1.671970365225759636e+01 3.571654013479533818e-01 1.530525415784090448e+01 7.001564143610794488e-01 3.097326999999999941e+00 1.286174841014840058e+04 3.246845847087937997e+00 7.522463707807039768e+00 1.068193904554201490e+00 1.834477378641017253e+01 2.190220630138067293e+01 1.500000023279889128e+01 7.234988602073749719e-01 3.013116999999999823e+00 5.027000935326343460e+04 1.117089863853723899e-02
3.305154357898824280e+00 1.200324374241323255e+01 2.926533920009538381e+00 1.671970365225759636e+01 3.571654013479533818e-01 1.530525415784090448e+01 7.001564143610794488e-01 3.097326999999999941e+00 1.286174841014840058e+04 3.246845847087937997e+00 7.522463707807039768e+00 1.068193904554201490e+00 1.834477378641017253e+01 2.190220630138067293e+01 1.500000000928147337e+01 7.234988751085361658e-01 3.013116999999999823e+00 5.027000935326343460e+04 1.117089863853723899e-02
3.305154357898824280e+00 1.200324374241323255e+01 2.926533920009538381e+00 1.671970365225759636e+01 3.571654013479533818e-01 1.530525415784090448e+01 7.001564143610794488e-01 3.097326999999999941e+00 1.286174841014840058e+04 3.246845847087937997e+00 7.522463707807039768e+00 1.068193904554201490e+00 1.834477378641017253e+01 2.190220630138067293e+01 1.500000000928147337e+01 7.234988602073749719e-01 3.013116999999999823e+00 5.027001010234494606e+04 1.117089863853723899e-02
3.305154357898824280e+00 1.200324374241323255e+01 2.926533920009538381e+00 1.671970365225759636e+01 3.571654013479533818e-01 1.530525415784090448e+01 7.001564143610794488e-01 3.097326999999999941e+00 1.286174841014840058e+04 3.246845847087937997e+00 7.522463707807039768e+00 1.068193904554201490e+00 1.834477378641017253e+01 2.190220630138067293e+01 1.500000000928147337e+01 7.234988602073749719e-01 3.013116999999999823e+00 5.027000935326343460e+04 1.117091353969843284e-02
3.305096594472302307e+00 1.200250202238676067e+01 2.926533685899939563e+00 1.671969919324465437e+01 3.571548871608092868e-01 1.530525432354898285e+01 7.001530268877826924e-01 3.097326999999999941e+00 1.286174826300251516e+04 3.246628744277966216e+00 7.522209993746421297e+00 1.069059509702440680e+00 1.834478188794419040e+01 2.190219358029662544e+01 1.500000000600082295e+01 7.235002794615663646e-01 3.013116999999999823e+00 5.027000878208624636e+04 1.116933638249549381e-02
3.305096643722079452e+00 1.200250202238676067e+01 2.926533685899939563e+00 1.671969919324465437e+01 3.571548871608092868e-01 1.530525432354898285e+01 7.001530268877826924e-01 3.097326999999999941e+00 1.286174826300251516e+04 3.246628744277966216e+00 7.522209993746421297e+00 1.069059509702440680e+00 1.834478188794419040e+01 2.190219358029662544e+01 1.500000000600082295e+01 7.235002794615663646e-01 3.013116999999999823e+00 5.027000878208624636e+04 1.116933638249549381e-02
3.305096594472302307e+00 1.200250220123797718e+01 2.926533685899939563e+00 1.671969919324465437e+01 3.571548871608092868e-01 1.530525432354898285e+01 7.001530268877826924e-01 3.097326999999999941e+00 1.286174826300251516e+04 3.246628744277966216e+00 7.522209993746421297e+00 1.069059509702440680e+00 1.834478188794419040e+01 2.190219358029662544e+01 1.500000000600082295e+01 7.235002794615663646e-01 3.013116999999999823e+00 5.027000878208624636e+04 1.116933638249549381e-02
3.305096594472302307e+00 1.200250202238676067e+01 2.926533729508689952e+00 1.671969919324465437e+01 3.571548871608092868e-01 1.530525432354898285e+01 7.001530268877826924e-01 3.097326999999999941e+00 1.286174826300251516e+04 3.246628744277966216e+00 7.522209993746421297e+00 1.069059509702440680e+00 1.834478188794419040e+01 2.190219358029662544e+01 1.500000000600082295e+01 7.235002794615663646e-01 3.013116999999999823e+00 5.027000878208624636e+04 1.116933638249549381e-02
3.305096594472302307e+00 1.200250202238676067e+01 2.926533685899939563e+00 1.671969944238758643e+01 3.571548871608092868e-01 1.530525432354898285e+01 7.001530268877826924e-01 3.097326999999999941e+00 1.286174826300251516e+04 3.246628744277966216e+00 7.522209993746421297e+00 1.069059509702440680e+00 1.834478188794419040e+01 2.190219358029662544e+01 1.500000000600082295e+01 7.235002794615663646e-01 3.013116999999999823e+00 5.027000878208624636e+04 1.116933638249549381e-02
3.305096594472302307e+00 1.200250202238676067e+01 2.926533685899939563e+00 1.671969919324465437e+01 3.571549020619704806e-01 1.530525432354898285e+01 7.001530268877826924e-01 3.097326999999999941e+00 1.286174826300251516e+04 3.246628744277966216e+00 7.522209993746421297e+00 1.069059509702440680e+00 1.834478188794419040e+01 2.190219358029662544e+01 1.500000000600082295e+01 7.235002794615663646e-01 3.013116999999999823e+00 5.027000878208624636e+04 1.116933638249549381e-02
3.305096594472302307e+00 1.200250202238676067e+01 2.926533685899939563e+00 1.671969919324465437e+01 3.571548871608092868e-01 1.530525455161504489e+01 7.001530268877826924e-01 3.097326999999999941e+00 1.286174826300251516e+04 3.246628744277966216e+00 7.522209993746421297e+00 1.069059509702440680e+00 1.834478188794419040e+01 2.190219358029662544e+01 1.500000000600082295e+01 7.235002794615663646e-01 3.013116999999999823e+00 5.027000878208624636e+04 1.116933638249549381e-02
3.305096594472302307e+00 1.200250202238676067e+01 2.926533685899939563e+00 1.671969919324465437e+01 3.571548871608092868e-01 1.530525432354898285e+01 7.001530417889438862e-01 3.097326999999999941e+00 1.286174826300251516e+04 3.246628744277966216e+00 7.522209993746421297e+00 1.069059509702440680e+00 1.834478188794419040e+01 2.190219358029662544e+01 1.500000000600082295e+01 7.235002794615663646e-01 3.013116999999999823e+00 5.027000878208624636e+04 1.116933638249549381e-02
3.305096594472302307e+00 1.200250202238676067e+01 2.926533685899939563e+00 1.671969919324465437e+01 3.571548871608092868e-01 1.530525432354898285e+01 7.001530268877826924e-01 3.097326999999999941e+00 1.286174845465749968e+04 3.246628744277966216e+00 7.522209993746421297e+00 1.069059509702440680e+00 1.834478188794419040e+01 2.190219358029662544e+01 1.500000000600082295e+01 7.235002794615663646e-01 3.013116999999999823e+00 5.027000878208624636e+04 1.116933638249549381e-02
3.305096594472302307e+00 1.200250202238676067e+01 2.926533685899939563e+00 1.671969919324465437e+01 3.571548871608092868e-01 1.530525432354898285e+01 7.001530268877826924e-01 3.097326999999999941e+00 1.286174826300251516e+04 3.246628792656504281e+00 7.522209993746421297e+00 1.069059509702440680e+00 1.834478188794419040e+01 2.190219358029662544e+01 1.500000000600082295e+01 7.235002794615663646e-01 3.013116999999999823e+00 5.027000878208624636e+04 1.116933638249549381e-02
3.305096594472302307e+00 1.200250202238676067e+01 2.926533685899939563e+00 1.671969919324465437e+01 3.571548871608092868e-01 1.530525432354898285e+01 7.001530268877826924e-01 3.097326999999999941e+00 1.286174826300251516e+04 3.246628744277966216e+00 7.522210105836085070e+00 1.069059509702440680e+00 1.834478188794419040e+01 2.190219358029662544e+01 1.500000000600082295e+01 7.235002794615663646e-01 3.013116999999999823e+00 5.027000878208624636e+04 1.116933638249549381e-02
3.305096594472302307e+00 1.200250202238676067e+01 2.926533685899939563e+00 1.671969919324465437e+01 3.571548871608092868e-01 1.530525432354898285e+01 7.001530268877826924e-01 3.097326999999999941e+00 1.286174826300251516e+04 3.246628744277966216e+00 7.522209993746421297e+00 1.069059525632668706e+00 1.834478188794419040e+01 2.190219358029662544e+01 1.500000000600082295e+01 7.235002794615663646e-01 3.013116999999999823e+00 5.027000878208624636e+04 1.116933638249549381e-02
3.305096594472302307e+00 1.200250202238676067e+01 2.926533685899939563e+00 1.671969919324465437e+01 3.571548871608092868e-01 1.530525432354898285e+01 7.001530268877826924e-01 3.097326999999999941e+00 1.286174826300251516e+04 3.246628744277966216e+00 7.522209993746421297e+00 1.069059509702440680e+00 1.834478216130274220e+01 2.190219358029662544e+01 1.500000000600082295e+01 7.235002794615663646e-01 3.013116999999999823e+00 5.027000878208624636e+04 1.116933638249549381e-02
3.305096594472302307e+00 1.200250202238676067e+01 2.926533685899939563e+00 1.671969919324465437e+01 3.571548871608092868e-01 1.530525432354898285e+01 7.001530268877826924e-01 3.097326999999999941e+00 1.286174826300251516e+04 3.246628744277966216e+00 7.522209993746421297e+00 1.069059509702440680e+00 1.834478188794419040e+01 2.190219390666474197e+01 1.500000000600082295e+01 7.235002794615663646e-01 3.013116999999999823e+00 5.027000878208624636e+04 1.116933638249549381e-02
3.305096594472302307e+00 1.200250202238676067e+01 2.926533685899939563e+00 1.671969919324465437e+01 3.571548871608092868e-01 1.530525432354898285e+01 7.001530268877826924e-01 3.097326999999999941e+00 1.286174826300251516e+04 3.246628744277966216e+00 7.522209993746421297e+00 1.069059509702440680e+00 1.834478188794419040e+01 2.190219358029662544e+01 1.500000022951824086e+01 7.235002794615663646e-01 3.013116999999999823e+00 5.027000878208624636e+04 1.116933638249549381e-02
3.305096594472302307e+00 1.200250202238676067e+01 2.926533685899939563e+00 1.671969919324465437e+01 3.571548871608092868e-01 1.530525432354898285e+01 7.001530268877826924e-01 3.097326999999999941e+00 1.286174826300251516e+04 3.246628744277966216e+00 7.522209993746421297e+00 1.069059509702440680e+00 1.834478188794419040e+01 2.190219358029662544e+01 1.500000000600082295e+01 7.235002943627275585e-01 3.013116999999999823e+00 5.027000878208624636e+04 1.116933638249549381e-02
3.305096594472302307e+00 1.200250202238676067e+01 2.926533685899939563e+00 1.671969919324465437e+01 3.571548871608092868e-01 1.530525432354898285e+01 7.001530268877826924e-01 3.097326999999999941e+00 1.286174826300251516e+04 3.246628744277966216e+00 7.522209993746421297e+00 1.069059509702440680e+00 1.834478188794419040e+01 2.190219358029662544e+01 1.500000000600082295e+01 7.235002794615663646e-01 3.013116999999999823e+00 5.027000953116775054e+04 1.116933638249549381e-02
3.305096594472302307e+00 1.200250202238676067e+01 2.926533685899939563e+00 1.671969919324465437e+01 3.571548871608092868e-01 1.530525432354898285e+01 7.001530268877826924e-01 3.097326999999999941e+00 1.286174826300251516e+04 3.246628744277966216e+00 7.522209993746421297e+00 1.069059509702440680e+00 1.834478188794419040e+01 2.190219358029662544e+01 1.500000000600082295e+01 7.235002794615663646e-01 3.013116999999999823e+00 5.027000878208624636e+04 1.116935128365668765e-02
3.305024857702050234e+00 1.200174194535830097e+01 2.926533452992452933e+00 1.671969442999209221e+01 3.571490763237500921e-01 1.530525448767456531e+01 7.001513050746487332e-01 3.097326999999999941e+00 1.286174811399952159e+04 3.246435827793014539e+00 7.521935528358715928e+00 1.069927688113230690e+00 1.834479008217021345e+01 2.190218125332531329e+01 1.499999998772007359e+01 7.235011532083570618e-01 3.013116999999999823e+00 5.027000820199219015e+04 1.116685121194528965e-02
3.305024906950758457e+00 1.200174194535830097e+01 2.926533452992452933e+00 1.671969442999209221e+01 3.571490763237500921e-01 1.530525448767456531e+01 7.001513050746487332e-01 3.097326999999999941e+00 1.286174811399952159e+04 3.246435827793014539e+00 7.521935528358715928e+00 1.069927688113230690e+00 1.834479008217021345e+01 2.190218125332531329e+01 1.499999998772007359e+01 7.235011532083570618e-01 3.013116999999999823e+00 5.027000820199219015e+04 1.116685121194528965e-02
3.305024857702050234e+00 1.200174212419819142e+01 2.926533452992452933e+00 1.671969442999209221e+01 3.571490763237500921e-01 1.530525448767456531e+01 7.001513050746487332e-01 3.097326999999999941e+00 1.286174811399952159e+04 3.246435827793014539e+00 7.521935528358715928e+00 1.069927688113230690e+00 1.834479008217021345e+01 2.190218125332531329e+01 1.499999998772007359e+01 7.235011532083570618e-01 3.013116999999999823e+00 5.027000820199219015e+04 1.116685121194528965e-02
3.305024857702050234e+00 1.200174194535830097e+01 2.926533496601199769e+00 1.671969442999209221e+01 3.571490763237500921e-01 1.530525448767456531e+01 7.001513050746487332e-01 3.097326999999999941e+00 1.286174811399952159e+04 3.246435827793014539e+00 7.521935528358715928e+00 1.069927688113230690e+00 1.834479008217021345e+01 2.190218125332531329e+01 1.499999998772007359e+01 7.235011532083570618e-01 3.013116999999999823e+00 5.027000820199219015e+04 1.116685121194528965e-02
3.305024857702050234e+00 1.200174194535830097e+01 2.926533452992452933e+00 1.671969467913495322e+01 3.571490763237500921e-01 1.530525448767456531e+01 7.001513050746487332e-01 3.097326999999999941e+00 1.286174811399952159e+04 3.246435827793014539e+00 7.521935528358715928e+00 1.069927688113230690e+00 1.834479008217021345e+01 2.190218125332531329e+01 1.499999998772007359e+01 7.235011532083570618e-01 3.013116999999999823e+00 5.027000820199219015e+04 1.116685121194528965e-02
3.305024857702050234e+00 1.200174194535830097e+01 2.926533452992452933e+00 1.671969442999209221e+01 3.571490912249112859e-01 1.530525448767456531e+01 7.001513050746487332e-01 3.097326999999999941e+00 1.286174811399952159e+04 3.246435827793014539e+00 7.521935528358715928e+00 1.069927688113230690e+00 1.834479008217021345e+01 2.190218125332531329e+01 1.499999998772007359e+01 7.235011532083570618e-01 3.013116999999999823e+00 5.027000820199219015e+04 1.116685121194528965e-02
3.305024857702050234e+00 1.200174194535830097e+01 2.926533452992452933e+00 1.671969442999209221e+01 3.571490763237500921e-01 1.530525471574062912e+01 7.001513050746487332e-01 3.097326999999999941e+00 1.286174811399952159e+04 3.246435827793014539e+00 7.521935528358715928e+00 1.069927688113230690e+00 1.834479008217021345e+01 2.190218125332531329e+01 1.499999998772007359e+01 7.235011532083570618e-01 3.013116999999999823e+00 5.027000820199219015e+04 1.116685121194528965e-02
3.305024857702050234e+00 1.200174194535830097e+01 2.926533452992452933e+00 1.671969442999209221e+01 3.571490763237500921e-01 1.530525448767456531e+01 7.001513199758099271e-01 3.097326999999999941e+00 1.286174811399952159e+04 3.246435827793014539e+00 7.521935528358715928e+00 1.069927688113230690e+00 1.834479008217021345e+01 2.190218125332531329e+01 1.499999998772007359e+01 7.235011532083570618e-01 3.013116999999999823e+00 5.027000820199219015e+04 1.116685121194528965e-02
3.305024857702050234e+00 1.200174194535830097e+01 2.926533452992452933e+00 1.671969442999209221e+01 3.571490763237500921e-01 1.530525448767456531e+01 7.001513050746487332e-01 3.097326999999999941e+00 1.286174830565450429e+04 3.246435827793014539e+00 7.521935528358715928e+00 1.069927688113230690e+00 1.834479008217021345e+01 2.190218125332531329e+01 1.499999998772007359e+01 7.235011532083570618e-01 3.013116999999999823e+00 5.027000820199219015e+04 1.116685121194528965e-02
3.305024857702050234e+00 1.200174194535830097e+01 2.926533452992452933e+00 1.671969442999209221e+01 3.571490763237500921e-01 1.530525448767456531e+01 7.001513050746487332e-01 3.097326999999999941e+00 1.286174811399952159e+04 3.246435876168678014e+00 7.521935528358715928e+00 1.069927688113230690e+00 1.834479008217021345e+01 2.190218125332531329e+01 1.499999998772007359e+01 7.235011532083570618e-01 3.013116999999999823e+00 5.027000820199219015e+04 1.116685121194528965e-02
3.305024857702050234e+00 1.200174194535830097e+01 2.926533452992452933e+00 1.671969442999209221e+01 3.571490763237500921e-01 1.530525448767456531e+01 7.001513050746487332e-01 3.097326999999999941e+00 1.286174811399952159e+04 3.246435827793014539e+00 7.521935640444289639e+00 1.069927688113230690e+00 1.834479008217021345e+01 2.190218125332531329e+01 1.499999998772007359e+01 7.235011532083570618e-01 3.013116999999999823e+00 5.027000820199219015e+04 1.116685121194528965e-02
3.305024857702050234e+00 1.200174194535830097e+01 2.926533452992452933e+00 1.671969442999209221e+01 3.571490763237500921e-01 1.530525448767456531e+01 7.001513050746487332e-01 3.097326999999999941e+00 1.286174811399952159e+04 3.246435827793014539e+00 7.521935528358715928e+00 1.069927704056395701e+00 1.834479008217021345e+01 2.190218125332531329e+01 1.499999998772007359e+01 7.235011532083570618e-01 3.013116999999999823e+00 5.027000820199219015e+04 1.116685121194528965e-02
3.305024857702050234e+00 1.200174194535830097e+01 2.926533452992452933e+00 1.671969442999209221e+01 3.571490763237500921e-01 1.530525448767456531e+01 7.001513050746487332e-01 3.097326999999999941e+00 1.286174811399952159e+04 3.246435827793014539e+00 7.521935528358715928e+00 1.069927688113230690e+00 1.834479035552888604e+01 2.190218125332531329e+01 1.499999998772007359e+01 7.235011532083570618e-01 3.013116999999999823e+00 5.027000820199219015e+04 1.116685121194528965e-02
3.305024857702050234e+00 1.200174194535830097e+01 2.926533452992452933e+00 1.671969442999209221e+01 3.571490763237500921e-01 1.530525448767456531e+01 7.001513050746487332e-01 3.097326999999999941e+00 1.286174811399952159e+04 3.246435827793014539e+00 7.521935528358715928e+00 1.069927688113230690e+00 1.834479008217021345e+01 2.190218157969324508e+01 1.499999998772007359e+01 7.235011532083570618e-01 3.013116999999999823e+00 5.027000820199219015e+04 1.116685121194528965e-02
3.305024857702050234e+00 1.200174194535830097e+01 2.926533452992452933e+00 1.671969442999209221e+01 3.571490763237500921e-01 1.530525448767456531e+01 7.001513050746487332e-01 3.097326999999999941e+00 1.286174811399952159e+04 3.246435827793014539e+00 7.521935528358715928e+00 1.069927688113230690e+00 1.834479008217021345e+01 2.190218125332531329e+01 1.500000021123749150e+01 7.235011532083570618e-01 3.013116999999999823e+00 5.027000820199219015e+04 1.116685121194528965e-02
3.305024857702050234e+00 1.200174194535830097e+01 2.926533452992452933e+00 1.671969442999209221e+01 3.571490763237500921e-01 1.530525448767456531e+01 7.001513050746487332e-01 3.097326999999999941e+00 1.286174811399952159e+04 3.246435827793014539e+00 7.521935528358715928e+00 1.069927688113230690e+00 1.834479008217021345e+01 2.190218125332531329e+01 1.499999998772007359e+01 7.235011681095182556e-01 3.013116999999999823e+00 5.027000820199219015e+04 1.116685121194528965e-02
3.305024857702050234e+00 1.200174194535830097e+01 2.926533452992452933e+00 1.671969442999209221e+01 3.571490763237500921e-01 1.530525448767456531e+01 7.001513050746487332e-01 3.097326999999999941e+00 1.286174811399952159e+04 3.246435827793014539e+00 7.521935528358715928e+00 1.069927688113230690e+00 1.834479008217021345e+01 2.190218125332531329e+01 1.499999998772007359e+01 7.235011532083570618e-01 3.013116999999999823e+00 5.027000895107368706e+04 1.116685121194528965e-02
3.305024857702050234e+00 1.200174194535830097e+01 2.926533452992452933e+00 1.671969442999209221e+01 3.571490763237500921e-01 1.530525448767456531e+01 7.001513050746487332e-01 3.097326999999999941e+00 1.286174811399952159e+04 3.246435827793014539e+00 7.521935528358715928e+00 1.069927688113230690e+00 1.834479008217021345e+01 2.190218125332531329e+01 1.499999998772007359e+01 7.235011532083570618e-01 3.013116999999999823e+00 5.027000820199219015e+04 1.116686611310648350e-02
3.305087005597827865e+00 1.200047733441997977e+01 2.926533207730720232e+00 1.671968900861085316e+01 3.571423879332313867e-01 1.530525477106981391e+01 7.001484943499053371e-01 3.097326999999999941e+00 1.286174782000837877e+04 3.246248421610030466e+00 7.521499930217205865e+00 1.070737708243636233e+00 1.834480778731901651e+01 2.190216028248884683e+01 1.499999993105975804e+01 7.235054763677000178e-01 3.013116999999999823e+00 5.027000705708301393e+04 1.116752995180532622e-02
3.305087054847462014e+00 1.200047733441997977e+01 2.926533207730720232e+00 1.671968900861085316e+01 3.571423879332313867e-01 1.530525477106981391e+01 7.001484943499053371e-01 3.097326999999999941e+00 1.286174782000837877e+04 3.246248421610030466e+00 7.521499930217205865e+00 1.070737708243636233e+00 1.834480778731901651e+01 2.190216028248884683e+01 1.499999993105975804e+01 7.235054763677000178e-01 3.013116999999999823e+00 5.027000705708301393e+04 1.116752995180532622e-02
3.305087005597827865e+00 1.200047751324102663e+01 2.926533207730720232e+00 1.671968900861085316e+01 3.571423879332313867e-01 1.530525477106981391e+01 7.001484943499053371e-01 3.097326999999999941e+00 1.286174782000837877e+04 3.246248421610030466e+00 7.521499930217205865e+00 1.070737708243636233e+00 1.834480778731901651e+01 2.190216028248884683e+01 1.499999993105975804e+01 7.235054763677000178e-01 3.013116999999999823e+00 5.027000705708301393e+04 1.116752995180532622e-02
3.305087005597827865e+00 1.200047733441997977e+01 2.926533251339463515e+00 1.671968900861085316e+01 3.571423879332313867e-01 1.530525477106981391e+01 7.001484943499053371e-01 3.097326999999999941e+00 1.286174782000837877e+04 3.246248421610030466e+00 7.521499930217205865e+00 1.070737708243636233e+00 1.834480778731901651e+01 2.190216028248884683e+01 1.499999993105975804e+01 7.235054763677000178e-01 3.013116999999999823e+00 5.027000705708301393e+04 1.116752995180532622e-02
3.305087005597827865e+00 1.200047733441997977e+01 2.926533207730720232e+00 1.671968925775363246e+01 3.571423879332313867e-01 1.530525477106981391e+01 7.001484943499053371e-01 3.097326999999999941e+00 1.286174782000837877e+04 3.246248421610030466e+00 7.521499930217205865e+00 1.070737708243636233e+00 1.834480778731901651e+01 2.190216028248884683e+01 1.499999993105975804e+01 7.235054763677000178e-01 3.013116999999999823e+00 5.027000705708301393e+04 1.116752995180532622e-02
3.305087005597827865e+00 1.200047733441997977e+01 2.926533207730720232e+00 1.671968900861085316e+01 3.571424028343925805e-01 1.530525477106981391e+01 7.001484943499053371e-01 3.097326999999999941e+00 1.286174782000837877e+04 3.246248421610030466e+00 7.521499930217205865e+00 1.070737708243636233e+00 1.834480778731901651e+01 2.190216028248884683e+01 1.499999993105975804e+01 7.235054763677000178e-01 3.013116999999999823e+00 5.027000705708301393e+04 1.116752995180532622e-02
3.305087005597827865e+00 1.200047733441997977e+01 2.926533207730720232e+00 1.671968900861085316e+01 3.571423879332313867e-01 1.530525499913588305e+01 7.001484943499053371e-01 3.097326999999999941e+00 1.286174782000837877e+04 3.246248421610030466e+00 7.521499930217205865e+00 1.070737708243636233e+00 1.834480778731901651e+01 2.190216028248884683e+01 1.499999993105975804e+01 7.235054763677000178e-01 3.013116999999999823e+00 5.027000705708301393e+04 1.116752995180532622e-02
3.305087005597827865e+00 1.200047733441997977e+01 2.926533207730720232e+00 1.671968900861085316e+01 3.571423879332313867e-01 1.530525477106981391e+01 7.001485092510665309e-01 3.097326999999999941e+00 1.286174782000837877e+04 3.246248421610030466e+00 7.521499930217205865e+00 1.070737708243636233e+00 1.834480778731901651e+01 2.190216028248884683e+01 1.499999993105975804e+01 7.235054763677000178e-01 3.013116999999999823e+00 5.027000705708301393e+04 1.116752995180532622e-02
3.305087005597827865e+00 1.200047733441997977e+01 2.926533207730720232e+00 1.671968900861085316e+01 3.571423879332313867e-01 1.530525477106981391e+01 7.001484943499053371e-01 3.097326999999999941e+00 1.286174801166335601e+04 3.246248421610030466e+00 7.521499930217205865e+00 1.070737708243636233e+00 1.834480778731901651e+01 2.190216028248884683e+01 1.499999993105975804e+01 7.235054763677000178e-01 3.013116999999999823e+00 5.027000705708301393e+04 1.116752995180532622e-02
3.305087005597827865e+00 1.200047733441997977e+01 2.926533207730720232e+00 1.671968900861085316e+01 3.571423879332313867e-01 1.530525477106981391e+01 7.001484943499053371e-01 3.097326999999999941e+00 1.286174782000837877e+04 3.246248469982901508e+00 7.521499930217205865e+00 1.070737708243636233e+00 1.834480778731901651e+01 2.190216028248884683e+01 1.499999993105975804e+01 7.235054763677000178e-01 3.013116999999999823e+00 5.027000705708301393e+04 1.116752995180532622e-02
3.305087005597827865e+00 1.200047733441997977e+01 2.926533207730720232e+00 1.671968900861085316e+01 3.571423879332313867e-01 1.530525477106981391e+01 7.001484943499053371e-01 3.097326999999999941e+00 1.286174782000837877e+04 3.246248421610030466e+00 7.521500042296288768e+00 1.070737708243636233e+00 1.834480778731901651e+01 2.190216028248884683e+01 1.499999993105975804e+01 7.235054763677000178e-01 3.013116999999999823e+00 5.027000705708301393e+04 1.116752995180532622e-02
3.305087005597827865e+00 1.200047733441997977e+01 2.926533207730720232e+00 1.671968900861085316e+01 3.571423879332313867e-01 1.530525477106981391e+01 7.001484943499053371e-01 3.097326999999999941e+00 1.286174782000837877e+04 3.246248421610030466e+00 7.521499930217205865e+00 1.070737724198871366e+00 1.834480778731901651e+01 2.190216028248884683e+01 1.499999993105975804e+01 7.235054763677000178e-01 3.013116999999999823e+00 5.027000705708301393e+04 1.116752995180532622e-02
3.305087005597827865e+00 1.200047733441997977e+01 2.926533207730720232e+00 1.671968900861085316e+01 3.571423879332313867e-01 1.530525477106981391e+01 7.001484943499053371e-01 3.097326999999999941e+00 1.286174782000837877e+04 3.246248421610030466e+00 7.521499930217205865e+00 1.070737708243636233e+00 1.834480806067795555e+01 2.190216028248884683e+01 1.499999993105975804e+01 7.235054763677000178e-01 3.013116999999999823e+00 5.027000705708301393e+04 1.116752995180532622e-02
3.305087005597827865e+00 1.200047733441997977e+01 2.926533207730720232e+00 1.671968900861085316e+01 3.571423879332313867e-01 1.530525477106981391e+01 7.001484943499053371e-01 3.097326999999999941e+00 1.286174782000837877e+04 3.246248421610030466e+00 7.521499930217205865e+00 1.070737708243636233e+00 1.834480778731901651e+01 2.190216060885646598e+01 1.499999993105975804e+01 7.235054763677000178e-01 3.013116999999999823e+00 5.027000705708301393e+04 1.116752995180532622e-02
3.305087005597827865e+00 1.200047733441997977e+01 2.926533207730720232e+00 1.671968900861085316e+01 3.571423879332313867e-01 1.530525477106981391e+01 7.001484943499053371e-01 3.097326999999999941e+00 1.286174782000837877e+04 3.246248421610030466e+00 7.521499930217205865e+00 1.070737708243636233e+00 1.834480778731901651e+01 2.190216028248884683e+01 1.500000015457717417e+01 7.235054763677000178e-01 3.013116999999999823e+00 5.027000705708301393e+04 1.116752995180532622e-02
3.305087005597827865e+00 1.200047733441997977e+01 2.926533207730720232e+00 1.671968900861085316e+01 3.571423879332313867e-01 1.530525477106981391e+01 7.001484943499053371e-01 3.097326999999999941e+00 1.286174782000837877e+04 3.246248421610030466e+00 7.521499930217205865e+00 1.070737708243636233e+00 1.834480778731901651e+01 2.190216028248884683e+01 1.499999993105975804e+01 7.235054912688612117e-01 3.013116999999999823e+00 5.027000705708301393e+04 1.116752995180532622e-02
3.305087005597827865e+00 1.200047733441997977e+01 2.926533207730720232e+00 1.671968900861085316e+01 3.571423879332313867e-01 1.530525477106981391e+01 7.001484943499053371e-01 3.097326999999999941e+00 1.286174782000837877e+04 3.246248421610030466e+00 7.521499930217205865e+00 1.070737708243636233e+00 1.834480778731901651e+01 2.190216028248884683e+01 1.499999993105975804e+01 7.235054763677000178e-01 3.013116999999999823e+00 5.027000780616448901e+04 1.116752995180532622e-02
3.305087005597827865e+00 1.200047733441997977e+01 2.926533207730720232e+00 1.671968900861085316e+01 3.571423879332313867e-01 1.530525477106981391e+01 7.001484943499053371e-01 3.097326999999999941e+00 1.286174782000837877e+04 3.246248421610030466e+00 7.521499930217205865e+00 1.070737708243636233e+00 1.834480778731901651e+01 2.190216028248884683e+01 1.499999993105975804e+01 7.235054763677000178e-01 3.013116999999999823e+00 5.027000705708301393e+04 1.116754485296652007e-02
3.305077264282413552e+00 1.200044803037569885e+01 2.926533008856248230e+00 1.671965993965411812e+01 3.571416021537509033e-01 1.530525481027721746e+01 7.001449344306527323e-01 3.097326999999999941e+00 1.286174782000264713e+04 3.246097444126947007e+00 7.521484990701037709e+00 1.070955445393677818e+00 1.834488521631136138e+01 2.190204579450272604e+01 1.499999991486169826e+01 7.235068886438277280e-01 3.013116999999999823e+00 5.027000705707728775e+04 1.116856397493624573e-02
3.305077313531902483e+00 1.200044803037569885e+01 2.926533008856248230e+00 1.671965993965411812e+01 3.571416021537509033e-01 1.530525481027721746e+01 7.001449344306527323e-01 3.097326999999999941e+00 1.286174782000264713e+04 3.246097444126947007e+00 7.521484990701037709e+00 1.070955445393677818e+00 1.834488521631136138e+01 2.190204579450272604e+01 1.499999991486169826e+01 7.235068886438277280e-01 3.013116999999999823e+00 5.027000705707728775e+04 1.116856397493624573e-02
3.305077264282413552e+00 1.200044820919630872e+01 2.926533008856248230e+00 1.671965993965411812e+01 3.571416021537509033e-01 1.530525481027721746e+01 7.001449344306527323e-01 3.097326999999999941e+00 1.286174782000264713e+04 3.246097444126947007e+00 7.521484990701037709e+00 1.070955445393677818e+00 1.834488521631136138e+01 2.190204579450272604e+01 1.499999991486169826e+01 7.235068886438277280e-01 3.013116999999999823e+00 5.027000705707728775e+04 1.116856397493624573e-02
3.305077264282413552e+00 1.200044803037569885e+01 2.926533052464988405e+00 1.671965993965411812e+01 3.571416021537509033e-01 1.530525481027721746e+01 7.001449344306527323e-01 3.097326999999999941e+00 1.286174782000264713e+04 3.246097444126947007e+00 7.521484990701037709e+00 1.070955445393677818e+00 1.834488521631136138e+01 2.190204579450272604e+01 1.499999991486169826e+01 7.235068886438277280e-01 3.013116999999999823e+00 5.027000705707728775e+04 1.116856397493624573e-02
3.305077264282413552e+00 1.200044803037569885e+01 2.926533008856248230e+00 1.671966018879646754e+01 3.571416021537509033e-01 1.530525481027721746e+01 7.001449344306527323e-01 3.097326999999999941e+00 1.286174782000264713e+04 3.246097444126947007e+00 7.521484990701037709e+00 1.070955445393677818e+00 1.834488521631136138e+01 2.190204579450272604e+01 1.499999991486169826e+01 7.235068886438277280e-01 3.013116999999999823e+00 5.027000705707728775e+04 1.116856397493624573e-02
3.305077264282413552e+00 1.200044803037569885e+01 2.926533008856248230e+00 1.671965993965411812e+01 3.571416170549120972e-01 1.530525481027721746e+01 7.001449344306527323e-01 3.097326999999999941e+00 1.286174782000264713e+04 3.246097444126947007e+00 7.521484990701037709e+00 1.070955445393677818e+00 1.834488521631136138e+01 2.190204579450272604e+01 1.499999991486169826e+01 7.235068886438277280e-01 3.013116999999999823e+00 5.027000705707728775e+04 1.116856397493624573e-02
3.305077264282413552e+00 1.200044803037569885e+01 2.926533008856248230e+00 1.671965993965411812e+01 3.571416021537509033e-01 1.530525503834328660e+01 7.001449344306527323e-01 3.097326999999999941e+00 1.286174782000264713e+04 3.246097444126947007e+00 7.521484990701037709e+00 1.070955445393677818e+00 1.834488521631136138e+01 2.190204579450272604e+01 1.499999991486169826e+01 7.235068886438277280e-01 3.013116999999999823e+00 5.027000705707728775e+04 1.116856397493624573e-02
3.305077264282413552e+00 1.200044803037569885e+01 2.926533008856248230e+00 1.671965993965411812e+01 3.571416021537509033e-01 1.530525481027721746e+01 7.001449493318139261e-01 3.097326999999999941e+00 1.286174782000264713e+04 3.246097444126947007e+00 7.521484990701037709e+00 1.070955445393677818e+00 1.834488521631136138e+01 2.190204579450272604e+01 1.499999991486169826e+01 7.235068886438277280e-01 3.013116999999999823e+00 5.027000705707728775e+04 1.116856397493624573e-02
3.305077264282413552e+00 1.200044803037569885e+01 2.926533008856248230e+00 1.671965993965411812e+01 3.571416021537509033e-01 1.530525481027721746e+01 7.001449344306527323e-01 3.097326999999999941e+00 1.286174801165762437e+04 3.246097444126947007e+00 7.521484990701037709e+00 1.070955445393677818e+00 1.834488521631136138e+01 2.190204579450272604e+01 1.499999991486169826e+01 7.235068886438277280e-01 3.013116999999999823e+00 5.027000705707728775e+04 1.116856397493624573e-02
3.305077264282413552e+00 1.200044803037569885e+01 2.926533008856248230e+00 1.671965993965411812e+01 3.571416021537509033e-01 1.530525481027721746e+01 7.001449344306527323e-01 3.097326999999999941e+00 1.286174782000264713e+04 3.246097492497568293e+00 7.521484990701037709e+00 1.070955445393677818e+00 1.834488521631136138e+01 2.190204579450272604e+01 1.499999991486169826e+01 7.235068886438277280e-01 3.013116999999999823e+00 5.027000705707728775e+04 1.116856397493624573e-02
3.305077264282413552e+00 1.200044803037569885e+01 2.926533008856248230e+00 1.671965993965411812e+01 3.571416021537509033e-01 1.530525481027721746e+01 7.001449344306527323e-01 3.097326999999999941e+00 1.286174782000264713e+04 3.246097444126947007e+00 7.521485102779897680e+00 1.070955445393677818e+00 1.834488521631136138e+01 2.190204579450272604e+01 1.499999991486169826e+01 7.235068886438277280e-01 3.013116999999999823e+00 5.027000705707728775e+04 1.116856397493624573e-02
3.305077264282413552e+00 1.200044803037569885e+01 2.926533008856248230e+00 1.671965993965411812e+01 3.571416021537509033e-01 1.530525481027721746e+01 7.001449344306527323e-01 3.097326999999999941e+00 1.286174782000264713e+04 3.246097444126947007e+00 7.521484990701037709e+00 1.070955461352157467e+00 1.834488521631136138e+01 2.190204579450272604e+01 1.499999991486169826e+01 7.235068886438277280e-01 3.013116999999999823e+00 5.027000705707728775e+04 1.116856397493624573e-02
3.305077264282413552e+00 1.200044803037569885e+01 2.926533008856248230e+00 1.671965993965411812e+01 3.571416021537509033e-01 1.530525481027721746e+01 7.001449344306527323e-01 3.097326999999999941e+00 1.286174782000264713e+04 3.246097444126947007e+00 7.521484990701037709e+00 1.070955445393677818e+00 1.834488548967145150e+01 2.190204579450272604e+01 1.499999991486169826e+01 7.235068886438277280e-01 3.013116999999999823e+00 5.027000705707728775e+04 1.116856397493624573e-02
3.305077264282413552e+00 1.200044803037569885e+01 2.926533008856248230e+00 1.671965993965411812e+01 3.571416021537509033e-01 1.530525481027721746e+01 7.001449344306527323e-01 3.097326999999999941e+00 1.286174782000264713e+04 3.246097444126947007e+00 7.521484990701037709e+00 1.070955445393677818e+00 1.834488521631136138e+01 2.190204612086863989e+01 1.499999991486169826e+01 7.235068886438277280e-01 3.013116999999999823e+00 5.027000705707728775e+04 1.116856397493624573e-02
3.305077264282413552e+00 1.200044803037569885e+01 2.926533008856248230e+00 1.671965993965411812e+01 3.571416021537509033e-01 1.530525481027721746e+01 7.001449344306527323e-01 3.097326999999999941e+00 1.286174782000264713e+04 3.246097444126947007e+00 7.521484990701037709e+00 1.070955445393677818e+00 1.834488521631136138e+01 2.190204579450272604e+01 1.500000013837911439e+01 7.235068886438277280e-01 3.013116999999999823e+00 5.027000705707728775e+04 1.116856397493624573e-02
3.305077264282413552e+00 1.200044803037569885e+01 2.926533008856248230e+00 1.671965993965411812e+01 3.571416021537509033e-01 1.530525481027721746e+01 7.001449344306527323e-01 3.097326999999999941e+00 1.286174782000264713e+04 3.246097444126947007e+00 7.521484990701037709e+00 1.070955445393677818e+00 1.834488521631136138e+01 2.190204579450272604e+01 1.499999991486169826e+01 7.235069035449889219e-01 3.013116999999999823e+00 5.027000705707728775e+04 1.116856397493624573e-02
3.305077264282413552e+00 1.200044803037569885e+01 2.926533008856248230e+00 1.671965993965411812e+01 3.571416021537509033e-01 1.530525481027721746e+01 7.001449344306527323e-01 3.097326999999999941e+00 1.286174782000264713e+04 3.246097444126947007e+00 7.521484990701037709e+00 1.070955445393677818e+00 1.834488521631136138e+01 2.190204579450272604e+01 1.499999991486169826e+01 7.235068886438277280e-01 3.013116999999999823e+00 5.027000780615876283e+04 1.116856397493624573e-02
3.305077264282413552e+00 1.200044803037569885e+01 2.926533008856248230e+00 1.671965993965411812e+01 3.571416021537509033e-01 1.530525481027721746e+01 7.001449344306527323e-01 3.097326999999999941e+00 1.286174782000264713e+04 3.246097444126947007e+00 7.521484990701037709e+00 1.070955445393677818e+00 1.834488521631136138e+01 2.190204579450272604e+01 1.499999991486169826e+01 7.235068886438277280e-01 3.013116999999999823e+00 5.027000705707728775e+04 1.116857887609743957e-02
