3.175339304541803909e+00 8.882297505332877208e+00 1.233477902531187276e+00 1.000000000000000036e-10 4.507707809196930526e+01 1.549994700000000059e+01 7.954442999999999930e-01 3.681439999999999824e+00 2.574189819418581465e+04 4.483919477583607482e-03
3.175339351858046832e+00 8.882297505332877208e+00 1.233477902531187276e+00 1.000000000000000036e-10 4.507707809196930526e+01 1.549994700000000059e+01 7.954442999999999930e-01 3.681439999999999824e+00 2.574189819418581465e+04 4.483919477583607482e-03
3.175339304541803909e+00 8.882297637689424263e+00 1.233477902531187276e+00 1.000000000000000036e-10 4.507707809196930526e+01 1.549994700000000059e+01 7.954442999999999930e-01 3.681439999999999824e+00 2.574189819418581465e+04 4.483919477583607482e-03
3.175339304541803909e+00 8.882297505332877208e+00 1.233477920911440373e+00 1.000000000000000036e-10 4.507707809196930526e+01 1.549994700000000059e+01 7.954442999999999930e-01 3.681439999999999824e+00 2.574189819418581465e+04 4.483919477583607482e-03
3.175339304541803909e+00 8.882297505332877208e+00 1.233477902531187276e+00 1.500116119384765715e-08 4.507707809196930526e+01 1.549994700000000059e+01 7.954442999999999930e-01 3.681439999999999824e+00 2.574189819418581465e+04 4.483919477583607482e-03
3.175339304541803909e+00 8.882297505332877208e+00 1.233477902531187276e+00 1.000000000000000036e-10 4.507707876367010869e+01 1.549994700000000059e+01 7.954442999999999930e-01 3.681439999999999824e+00 2.574189819418581465e+04 4.483919477583607482e-03
3.175339304541803909e+00 8.882297505332877208e+00 1.233477902531187276e+00 1.000000000000000036e-10 4.507707809196930526e+01 1.549994723096720861e+01 7.954442999999999930e-01 3.681439999999999824e+00 2.574189819418581465e+04 4.483919477583607482e-03
3.175339304541803909e+00 8.882297505332877208e+00 1.233477902531187276e+00 1.000000000000000036e-10 4.507707809196930526e+01 1.549994700000000059e+01 7.954443149011611869e-01 3.681439999999999824e+00 2.574189819418581465e+04 4.483919477583607482e-03
3.175339304541803909e+00 8.882297505332877208e+00 1.233477902531187276e+00 1.000000000000000036e-10 4.507707809196930526e+01 1.549994700000000059e+01 7.954442999999999930e-01 3.681439999999999824e+00 2.574189857776998906e+04 4.483919477583607482e-03
3.175339304541803909e+00 8.882297505332877208e+00 1.233477902531187276e+00 1.000000000000000036e-10 4.507707809196930526e+01 1.549994700000000059e+01 7.954442999999999930e-01 3.681439999999999824e+00 2.574189819418581465e+04 4.483934378744801330e-03
3.222010337539677582e+00 8.720350451731723851e+00 1.349222902425889270e+00 6.032973667618136646e-11 4.576973724310456504e+01 1.500034564963774741e+01 6.973076945319387487e-01 3.681439999999999824e+00 3.124782975812697259e+04 8.097880984644279315e-03
3.192839428025071591e+00 9.034355602589998924e+00 1.263911010330187601e+00 1.337178727387480168e-11 4.524275589261533526e+01 1.429497585767983203e+01 7.426157493103009433e-01 3.681439999999999824e+00 2.711838072849821765e+04 5.579850582158629377e-03
3.185546270376707234e+00 9.112857160015552793e+00 1.242583110208579589e+00 1.632542917222794870e-12 4.511107850210779446e+01 1.411867603933703030e+01 7.539428396308164304e-01 3.681439999999999824e+00 2.608601698948248668e+04 4.950342240543100132e-03
3.183721262420093012e+00 9.132483635177495174e+00 1.237251426796687426e+00 1.301296058553488448e-12 4.507843060259851597e+01 1.407477159651899079e+01 7.567749187224181995e-01 3.681439999999999824e+00 2.582792012979805804e+04 4.792962191769409817e-03
3.183258166253990051e+00 9.137394713523336875e+00 1.235919674736151608e+00 2.030858952223666557e-12 4.507135066082478403e+01 1.406447847553403463e+01 7.574841663520355262e-01 3.681439999999999824e+00 2.576337222104334796e+04 4.753605328702168939e-03
3.183114825649027591e+00 9.138642603532604269e+00 1.235591594165353024e+00 2.197112804570421802e-12 4.507395661050515656e+01 1.406472229559492071e+01 7.576665310975774226e-01 3.681439999999999824e+00 2.574713938501837765e+04 4.743718294138798454e-03
3.182860989855825995e+00 9.139238859608825649e+00 1.235563612814131629e+00 2.076801500049371791e-12 4.511071866926902629e+01 1.409172943787624099e+01 7.577569873465904715e-01 3.681439999999999824e+00 2.574254393627207901e+04 4.741013905064192513e-03
3.181979648772554903e+00 9.128687168611074654e+00 1.237513163875328059e+00 2.642181258525062365e-11 4.532158583451594325e+01 1.522696189608179296e+01 7.648212369275639855e-01 3.681439999999999824e+00 2.574190146581095541e+04 4.699430771031220741e-03
3.177685779640031072e+00 8.960680372672367611e+00 1.235310794566230497e+00 8.264641170951464500e-11 4.515661138823778487e+01 1.546933928171380757e+01 7.847040955999138312e-01 3.681439999999999824e+00 2.574189846308024426e+04 4.537526997185274517e-03
3.176144878556968365e+00 8.901839606518754167e+00 1.234419641219988817e+00 9.596891693257245725e-11 4.509696014878302606e+01 1.549341517760634090e+01 7.913463337597386182e-01 3.681439999999999824e+00 2.574189824865360424e+04 4.482889394739452381e-03
3.175738340761848466e+00 8.886616177660927818e+00 1.234147708889375750e+00 9.908827221636276491e-11 4.508149626254417086e+01 1.549850626603658199e+01 7.931375360909402872e-01 3.681439999999999824e+00 2.574189820611757750e+04 4.469555033987553279e-03
3.175551853774489341e+00 8.882508339526809849e+00 1.233760113930461033e+00 9.992813288533513695e-11 4.507731400877602823e+01 1.549984310348349226e+01 7.943191832447771272e-01 3.681439999999999824e+00 2.574189819509358131e+04 4.472811730716114501e-03
3.175408912762162750e+00 8.882304726152220553e+00 1.233510676571903053e+00 9.999072613358704612e-11 4.507709271921287097e+01 1.549993515760609952e+01 7.951550989821039028e-01 3.681439999999999824e+00 2.574189819429897398e+04 4.480905324837884326e-03
3.175408960079442622e+00 8.882304726152220553e+00 1.233510676571903053e+00 9.999072613358704612e-11 4.507709271921287097e+01 1.549993515760609952e+01 7.951550989821039028e-01 3.681439999999999824e+00 2.574189819429897398e+04 4.480905324837884326e-03
3.175408912762162750e+00 8.882304858508874190e+00 1.233510676571903053e+00 9.999072613358704612e-11 4.507709271921287097e+01 1.549993515760609952e+01 7.951550989821039028e-01 3.681439999999999824e+00 2.574189819429897398e+04 4.480905324837884326e-03
3.175408912762162750e+00 8.882304726152220553e+00 1.233510694952644426e+00 9.999072613358704612e-11 4.507709271921287097e+01 1.549993515760609952e+01 7.951550989821039028e-01 3.681439999999999824e+00 2.574189819429897398e+04 4.480905324837884326e-03
3.175408912762162750e+00 8.882304726152220553e+00 1.233510676571903053e+00 1.500115191998124277e-08 4.507709271921287097e+01 1.549993515760609952e+01 7.951550989821039028e-01 3.681439999999999824e+00 2.574189819429897398e+04 4.480905324837884326e-03
3.175408912762162750e+00 8.882304726152220553e+00 1.233510676571903053e+00 9.999072613358704612e-11 4.507709339091389467e+01 1.549993515760609952e+01 7.951550989821039028e-01 3.681439999999999824e+00 2.574189819429897398e+04 4.480905324837884326e-03
3.175408912762162750e+00 8.882304726152220553e+00 1.233510676571903053e+00 9.999072613358704612e-11 4.507709271921287097e+01 1.549993538857313169e+01 7.951550989821039028e-01 3.681439999999999824e+00 2.574189819429897398e+04 4.480905324837884326e-03
3.175408912762162750e+00 8.882304726152220553e+00 1.233510676571903053e+00 9.999072613358704612e-11 4.507709271921287097e+01 1.549993515760609952e+01 7.951551138832650967e-01 3.681439999999999824e+00 2.574189819429897398e+04 4.480905324837884326e-03
3.175408912762162750e+00 8.882304726152220553e+00 1.233510676571903053e+00 9.999072613358704612e-11 4.507709271921287097e+01 1.549993515760609952e+01 7.951550989821039028e-01 3.681439999999999824e+00 2.574189857788314839e+04 4.480905324837884326e-03
3.175408912762162750e+00 8.882304726152220553e+00 1.233510676571903053e+00 9.999072613358704612e-11 4.507709271921287097e+01 1.549993515760609952e+01 7.951550989821039028e-01 3.681439999999999824e+00 2.574189819429897398e+04 4.480920225999078174e-03
3.175516609420076186e+00 8.882943613305881669e+00 1.233615125764393250e+00 9.994840524215851188e-11 4.507709515229846176e+01 1.549987774268110741e+01 7.948861617276787861e-01 3.681439999999999824e+00 2.574191166409278958e+04 4.477895951438324793e-03
3.175516656738960997e+00 8.882943613305881669e+00 1.233615125764393250e+00 9.994840524215851188e-11 4.507709515229846176e+01 1.549987774268110741e+01 7.948861617276787861e-01 3.681439999999999824e+00 2.574191166409278958e+04 4.477895951438324793e-03
3.175516609420076186e+00 8.882943745672056579e+00 1.233615125764393250e+00 9.994840524215851188e-11 4.507709515229846176e+01 1.549987774268110741e+01 7.948861617276787861e-01 3.681439999999999824e+00 2.574191166409278958e+04 4.477895951438324793e-03
3.175516609420076186e+00 8.882943613305881669e+00 1.233615144146691156e+00 9.994840524215851188e-11 4.507709515229846176e+01 1.549987774268110741e+01 7.948861617276787861e-01 3.681439999999999824e+00 2.574191166409278958e+04 4.477895951438324793e-03
3.175516609420076186e+00 8.882943613305881669e+00 1.233615125764393250e+00 1.500110959908981511e-08 4.507709515229846176e+01 1.549987774268110741e+01 7.948861617276787861e-01 3.681439999999999824e+00 2.574191166409278958e+04 4.477895951438324793e-03
3.175516609420076186e+00 8.882943613305881669e+00 1.233615125764393250e+00 9.994840524215851188e-11 4.507709582399952097e+01 1.549987774268110741e+01 7.948861617276787861e-01 3.681439999999999824e+00 2.574191166409278958e+04 4.477895951438324793e-03
3.175516609420076186e+00 8.882943613305881669e+00 1.233615125764393250e+00 9.994840524215851188e-11 4.507709515229846176e+01 1.549987797364728337e+01 7.948861617276787861e-01 3.681439999999999824e+00 2.574191166409278958e+04 4.477895951438324793e-03
3.175516609420076186e+00 8.882943613305881669e+00 1.233615125764393250e+00 9.994840524215851188e-11 4.507709515229846176e+01 1.549987774268110741e+01 7.948861766288399799e-01 3.681439999999999824e+00 2.574191166409278958e+04 4.477895951438324793e-03
3.175516609420076186e+00 8.882943613305881669e+00 1.233615125764393250e+00 9.994840524215851188e-11 4.507709515229846176e+01 1.549987774268110741e+01 7.948861617276787861e-01 3.681439999999999824e+00 2.574191204767716408e+04 4.477895951438324793e-03
3.175516609420076186e+00 8.882943613305881669e+00 1.233615125764393250e+00 9.994840524215851188e-11 4.507709515229846176e+01 1.549987774268110741e+01 7.948861617276787861e-01 3.681439999999999824e+00 2.574191166409278958e+04 4.477910852599518640e-03
3.175753576525560451e+00 8.885428448879245877e+00 1.233892983178334735e+00 9.987504518607171744e-11 4.507710281592119372e+01 1.549976700507560956e+01 7.944597369196175762e-01 3.681439999999999824e+00 2.574191166502544002e+04 4.473207430034788039e-03
3.175607832708375877e+00 8.883303495804744543e+00 1.233670196309567091e+00 9.993408507513813707e-11 4.507709668984887941e+01 1.549985696329953022e+01 7.947568947519122462e-01 3.681439999999999824e+00 2.574191166427239295e+04 4.474759372288680814e-03
3.175607880028620045e+00 8.883303495804744543e+00 1.233670196309567091e+00 9.993408507513813707e-11 4.507709668984887941e+01 1.549985696329953022e+01 7.947568947519122462e-01 3.681439999999999824e+00 2.574191166427239295e+04 4.474759372288680814e-03
3.175607832708375877e+00 8.883303628176282274e+00 1.233670196309567091e+00 9.993408507513813707e-11 4.507709668984887941e+01 1.549985696329953022e+01 7.947568947519122462e-01 3.681439999999999824e+00 2.574191166427239295e+04 4.474759372288680814e-03
3.175607832708375877e+00 8.883303495804744543e+00 1.233670214692685452e+00 9.993408507513813707e-11 4.507709668984887941e+01 1.549985696329953022e+01 7.947568947519122462e-01 3.681439999999999824e+00 2.574191166427239295e+04 4.474759372288680814e-03
3.175607832708375877e+00 8.883303495804744543e+00 1.233670196309567091e+00 1.500109527892279484e-08 4.507709668984887941e+01 1.549985696329953022e+01 7.947568947519122462e-01 3.681439999999999824e+00 2.574191166427239295e+04 4.474759372288680814e-03
3.175607832708375877e+00 8.883303495804744543e+00 1.233670196309567091e+00 9.993408507513813707e-11 4.507709736154995994e+01 1.549985696329953022e+01 7.947568947519122462e-01 3.681439999999999824e+00 2.574191166427239295e+04 4.474759372288680814e-03
3.175607832708375877e+00 8.883303495804744543e+00 1.233670196309567091e+00 9.993408507513813707e-11 4.507709668984887941e+01 1.549985719426539710e+01 7.947568947519122462e-01 3.681439999999999824e+00 2.574191166427239295e+04 4.474759372288680814e-03
3.175607832708375877e+00 8.883303495804744543e+00 1.233670196309567091e+00 9.993408507513813707e-11 4.507709668984887941e+01 1.549985696329953022e+01 7.947569096530734400e-01 3.681439999999999824e+00 2.574191166427239295e+04 4.474759372288680814e-03
3.175607832708375877e+00 8.883303495804744543e+00 1.233670196309567091e+00 9.993408507513813707e-11 4.507709668984887941e+01 1.549985696329953022e+01 7.947568947519122462e-01 3.681439999999999824e+00 2.574191204785676746e+04 4.474759372288680814e-03
3.175607832708375877e+00 8.883303495804744543e+00 1.233670196309567091e+00 9.993408507513813707e-11 4.507709668984887941e+01 1.549985696329953022e+01 7.947568947519122462e-01 3.681439999999999824e+00 2.574191166427239295e+04 4.474774273449874662e-03
3.175725623157275024e+00 8.883364578198325034e+00 1.233752717681036559e+00 9.991876980172637425e-11 4.507717142306863423e+01 1.549983319425287931e+01 7.944842154237550247e-01 3.681439999999999824e+00 2.574191166446916395e+04 4.469747205460382691e-03
3.175725670479274232e+00 8.883364578198325034e+00 1.233752717681036559e+00 9.991876980172637425e-11 4.507717142306863423e+01 1.549983319425287931e+01 7.944842154237550247e-01 3.681439999999999824e+00 2.574191166446916395e+04 4.469747205460382691e-03
3.175725623157275024e+00 8.883364710570772260e+00 1.233752717681036559e+00 9.991876980172637425e-11 4.507717142306863423e+01 1.549983319425287931e+01 7.944842154237550247e-01 3.681439999999999824e+00 2.574191166446916395e+04 4.469747205460382691e-03
3.175725623157275024e+00 8.883364578198325034e+00 1.233752736065384603e+00 9.991876980172637425e-11 4.507717142306863423e+01 1.549983319425287931e+01 7.944842154237550247e-01 3.681439999999999824e+00 2.574191166446916395e+04 4.469747205460382691e-03
3.175725623157275024e+00 8.883364578198325034e+00 1.233752717681036559e+00 1.500107996364938137e-08 4.507717142306863423e+01 1.549983319425287931e+01 7.944842154237550247e-01 3.681439999999999824e+00 2.574191166446916395e+04 4.469747205460382691e-03
3.175725623157275024e+00 8.883364578198325034e+00 1.233752717681036559e+00 9.991876980172637425e-11 4.507717209477083031e+01 1.549983319425287931e+01 7.944842154237550247e-01 3.681439999999999824e+00 2.574191166446916395e+04 4.469747205460382691e-03
3.175725623157275024e+00 8.883364578198325034e+00 1.233752717681036559e+00 9.991876980172637425e-11 4.507717142306863423e+01 1.549983342521839269e+01 7.944842154237550247e-01 3.681439999999999824e+00 2.574191166446916395e+04 4.469747205460382691e-03
3.175725623157275024e+00 8.883364578198325034e+00 1.233752717681036559e+00 9.991876980172637425e-11 4.507717142306863423e+01 1.549983319425287931e+01 7.944842303249162185e-01 3.681439999999999824e+00 2.574191166446916395e+04 4.469747205460382691e-03
3.175725623157275024e+00 8.883364578198325034e+00 1.233752717681036559e+00 9.991876980172637425e-11 4.507717142306863423e+01 1.549983319425287931e+01 7.944842154237550247e-01 3.681439999999999824e+00 2.574191204805353846e+04 4.469747205460382691e-03
3.175725623157275024e+00 8.883364578198325034e+00 1.233752717681036559e+00 9.991876980172637425e-11 4.507717142306863423e+01 1.549983319425287931e+01 7.944842154237550247e-01 3.681439999999999824e+00 2.574191166446916395e+04 4.469762106621576539e-03
3.175687773076348641e+00 8.883383950730895151e+00 1.233778294737261749e+00 9.991360819107508569e-11 4.507718712238658298e+01 1.549983054129300264e+01 7.944189931198282206e-01 3.681439999999999824e+00 2.574191166453529149e+04 4.470638295520370196e-03
3.175687820397783856e+00 8.883383950730895151e+00 1.233778294737261749e+00 9.991360819107508569e-11 4.507718712238658298e+01 1.549983054129300264e+01 7.944189931198282206e-01 3.681439999999999824e+00 2.574191166453529149e+04 4.470638295520370196e-03
3.175687773076348641e+00 8.883384083103631923e+00 1.233778294737261749e+00 9.991360819107508569e-11 4.507718712238658298e+01 1.549983054129300264e+01 7.944189931198282206e-01 3.681439999999999824e+00 2.574191166453529149e+04 4.470638295520370196e-03
3.175687773076348641e+00 8.883383950730895151e+00 1.233778313121991044e+00 9.991360819107508569e-11 4.507718712238658298e+01 1.549983054129300264e+01 7.944189931198282206e-01 3.681439999999999824e+00 2.574191166453529149e+04 4.470638295520370196e-03
3.175687773076348641e+00 8.883383950730895151e+00 1.233778294737261749e+00 1.500107480203873268e-08 4.507718712238658298e+01 1.549983054129300264e+01 7.944189931198282206e-01 3.681439999999999824e+00 2.574191166453529149e+04 4.470638295520370196e-03
3.175687773076348641e+00 8.883383950730895151e+00 1.233778294737261749e+00 9.991360819107508569e-11 4.507718779408901355e+01 1.549983054129300264e+01 7.944189931198282206e-01 3.681439999999999824e+00 2.574191166453529149e+04 4.470638295520370196e-03
3.175687773076348641e+00 8.883383950730895151e+00 1.233778294737261749e+00 9.991360819107508569e-11 4.507718712238658298e+01 1.549983077225847516e+01 7.944189931198282206e-01 3.681439999999999824e+00 2.574191166453529149e+04 4.470638295520370196e-03
3.175687773076348641e+00 8.883383950730895151e+00 1.233778294737261749e+00 9.991360819107508569e-11 4.507718712238658298e+01 1.549983054129300264e+01 7.944190080209894145e-01 3.681439999999999824e+00 2.574191166453529149e+04 4.470638295520370196e-03
3.175687773076348641e+00 8.883383950730895151e+00 1.233778294737261749e+00 9.991360819107508569e-11 4.507718712238658298e+01 1.549983054129300264e+01 7.944189931198282206e-01 3.681439999999999824e+00 2.574191204811966600e+04 4.470638295520370196e-03
3.175687773076348641e+00 8.883383950730895151e+00 1.233778294737261749e+00 9.991360819107508569e-11 4.507718712238658298e+01 1.549983054129300264e+01 7.944189931198282206e-01 3.681439999999999824e+00 2.574191166453529149e+04 4.470653196681564044e-03
