3.253391466509916619e+00 6.285260761547466046e+00 1.342894370858052300e+00 1.022771318633638148e-03 3.819484403166022446e+01 1.549994700000000059e+01 7.954442999999999930e-01 3.681439999999999824e+00 3.408561725131960702e+04 4.633597424985212536e-03
3.253391514989227407e+00 6.285260761547466046e+00 1.342894370858052300e+00 1.022771318633638148e-03 3.819484403166022446e+01 1.549994700000000059e+01 7.954442999999999930e-01 3.681439999999999824e+00 3.408561725131960702e+04 4.633597424985212536e-03
3.253391466509916619e+00 6.285260855205149433e+00 1.342894370858052300e+00 1.022771318633638148e-03 3.819484403166022446e+01 1.549994700000000059e+01 7.954442999999999930e-01 3.681439999999999824e+00 3.408561725131960702e+04 4.633597424985212536e-03
3.253391466509916619e+00 6.285260761547466046e+00 1.342894390868737853e+00 1.022771318633638148e-03 3.819484403166022446e+01 1.549994700000000059e+01 7.954442999999999930e-01 3.681439999999999824e+00 3.408561725131960702e+04 4.633597424985212536e-03
3.253391466509916619e+00 6.285260761547466046e+00 1.342894370858052300e+00 1.022786219794831995e-03 3.819484403166022446e+01 1.549994700000000059e+01 7.954442999999999930e-01 3.681439999999999824e+00 3.408561725131960702e+04 4.633597424985212536e-03
3.253391466509916619e+00 6.285260761547466046e+00 1.342894370858052300e+00 1.022771318633638148e-03 3.819484460080775534e+01 1.549994700000000059e+01 7.954442999999999930e-01 3.681439999999999824e+00 3.408561725131960702e+04 4.633597424985212536e-03
3.253391466509916619e+00 6.285260761547466046e+00 1.342894370858052300e+00 1.022771318633638148e-03 3.819484403166022446e+01 1.549994723096720861e+01 7.954442999999999930e-01 3.681439999999999824e+00 3.408561725131960702e+04 4.633597424985212536e-03
3.253391466509916619e+00 6.285260761547466046e+00 1.342894370858052300e+00 1.022771318633638148e-03 3.819484403166022446e+01 1.549994700000000059e+01 7.954443149011611869e-01 3.681439999999999824e+00 3.408561725131960702e+04 4.633597424985212536e-03
3.253391466509916619e+00 6.285260761547466046e+00 1.342894370858052300e+00 1.022771318633638148e-03 3.819484403166022446e+01 1.549994700000000059e+01 7.954442999999999930e-01 3.681439999999999824e+00 3.408561775923488312e+04 4.633597424985212536e-03
3.253391466509916619e+00 6.285260761547466046e+00 1.342894370858052300e+00 1.022771318633638148e-03 3.819484403166022446e+01 1.549994700000000059e+01 7.954442999999999930e-01 3.681439999999999824e+00 3.408561725131960702e+04 4.633612326146406384e-03
2.253942498864347499e-06 1.338339934498399053e+00 1.372765475949704994e+00 9.276885405504357645e-04 2.374952856984323830e+02 1.550442953141837066e+01 7.929099835600823543e-01 3.681439999999999824e+00 3.602170196597147151e+04 5.271153144447288108e-03
2.965820200263061146e+00 5.321153966140828473e+00 1.342565868815533969e+00 4.169205414204412569e-03 5.543898854191559877e+01 1.518127485871830906e+01 8.285385564567041561e-01 3.681439999999999824e+00 3.435800424995984940e+04 2.641998084781722010e-03
3.211397278512859721e+00 5.741942128997885142e+00 1.339272777275012372e+00 3.729656375115764436e-03 4.036048308810602236e+01 1.520709055107062291e+01 8.260873238593862133e-01 3.681439999999999824e+00 3.412003081763210503e+04 2.735486989986839548e-03
3.242493033736042474e+00 5.795733983497531661e+00 1.338859629641746984e+00 3.666273454532152209e-03 3.845160880794538372e+01 1.521069956766013220e+01 8.257446110497761449e-01 3.681439999999999824e+00 3.408986447374006821e+04 2.749340463331696651e-03
3.244778154342502052e+00 5.648255901910513188e+00 1.337440939728690603e+00 3.439054937947379469e-03 3.817966776080199054e+01 1.514311588822934951e+01 8.356206651656056250e-01 3.681439999999999824e+00 3.408562684073459241e+04 2.144789353433878762e-03
3.249919657372976278e+00 6.111516689895699628e+00 1.337978661622963861e+00 9.116829444304618175e-04 3.819052472407558696e+01 1.548685455194871885e+01 8.109475088057156444e-01 3.681439999999999824e+00 3.408561731642963423e+04 4.116567924960839488e-03
3.251354973183961938e+00 6.244338354185442697e+00 1.338470625266626080e+00 9.990849362471433074e-04 3.819380653541813331e+01 1.549767227168559458e+01 8.028488403389284489e-01 3.681439999999999824e+00 3.408561726494372851e+04 4.670795903418917955e-03
3.252050602337251295e+00 6.280922037044692985e+00 1.339393021552648388e+00 1.019697111648142519e-03 3.819471555043092792e+01 1.549957954833003093e+01 7.997396703832529985e-01 3.681439999999999824e+00 3.408561725314206706e+04 4.783755927392238302e-03
3.253104495898623938e+00 6.285172386218714102e+00 1.341971254032710448e+00 1.022515037363643962e-03 3.819483715120035328e+01 1.549989212679735928e+01 7.966198081497029015e-01 3.681439999999999824e+00 3.408561725148709229e+04 4.670942667782624312e-03
3.253406732575622851e+00 6.285262422400574422e+00 1.342732617478935797e+00 1.022722019441235078e-03 3.819484432563292842e+01 1.549993313001241546e+01 7.957493059711751027e-01 3.681439999999999824e+00 3.408561725135301094e+04 4.632796775258356432e-03
3.253406781055161012e+00 6.285262422400574422e+00 1.342732617478935797e+00 1.022722019441235078e-03 3.819484432563292842e+01 1.549993313001241546e+01 7.957493059711751027e-01 3.681439999999999824e+00 3.408561725135301094e+04 4.632796775258356432e-03
3.253406732575622851e+00 6.285262516058282678e+00 1.342732617478935797e+00 1.022722019441235078e-03 3.819484432563292842e+01 1.549993313001241546e+01 7.957493059711751027e-01 3.681439999999999824e+00 3.408561725135301094e+04 4.632796775258356432e-03
3.253406732575622851e+00 6.285262422400574422e+00 1.342732637487211056e+00 1.022722019441235078e-03 3.819484432563292842e+01 1.549993313001241546e+01 7.957493059711751027e-01 3.681439999999999824e+00 3.408561725135301094e+04 4.632796775258356432e-03
3.253406732575622851e+00 6.285262422400574422e+00 1.342732617478935797e+00 1.022736920602428925e-03 3.819484432563292842e+01 1.549993313001241546e+01 7.957493059711751027e-01 3.681439999999999824e+00 3.408561725135301094e+04 4.632796775258356432e-03
3.253406732575622851e+00 6.285262422400574422e+00 1.342732617478935797e+00 1.022722019441235078e-03 3.819484489478045930e+01 1.549993313001241546e+01 7.957493059711751027e-01 3.681439999999999824e+00 3.408561725135301094e+04 4.632796775258356432e-03
3.253406732575622851e+00 6.285262422400574422e+00 1.342732617478935797e+00 1.022722019441235078e-03 3.819484432563292842e+01 1.549993336097941743e+01 7.957493059711751027e-01 3.681439999999999824e+00 3.408561725135301094e+04 4.632796775258356432e-03
3.253406732575622851e+00 6.285262422400574422e+00 1.342732617478935797e+00 1.022722019441235078e-03 3.819484432563292842e+01 1.549993313001241546e+01 7.957493208723362965e-01 3.681439999999999824e+00 3.408561725135301094e+04 4.632796775258356432e-03
3.253406732575622851e+00 6.285262422400574422e+00 1.342732617478935797e+00 1.022722019441235078e-03 3.819484432563292842e+01 1.549993313001241546e+01 7.957493059711751027e-01 3.681439999999999824e+00 3.408561775926828705e+04 4.632796775258356432e-03
3.253406732575622851e+00 6.285262422400574422e+00 1.342732617478935797e+00 1.022722019441235078e-03 3.819484432563292842e+01 1.549993313001241546e+01 7.957493059711751027e-01 3.681439999999999824e+00 3.408561725135301094e+04 4.632811676419550280e-03
3.253005919832599790e+00 6.285249158420937121e+00 1.342482673969066953e+00 1.022686579891931430e-03 3.819477049465334773e+01 1.549993112372340853e+01 7.963021151306577394e-01 3.681439999999999824e+00 3.408561725137605390e+04 4.665111098116582131e-03
3.253259415804484078e+00 6.285259937609483316e+00 1.342663547720595485e+00 1.022713670290660397e-03 3.819481961130947667e+01 1.549993271027896924e+01 7.958746129405348535e-01 3.681439999999999824e+00 3.408561725135846063e+04 4.642991478258624502e-03
3.253259464281827107e+00 6.285259937609483316e+00 1.342663547720595485e+00 1.022713670290660397e-03 3.819481961130947667e+01 1.549993271027896924e+01 7.958746129405348535e-01 3.681439999999999824e+00 3.408561725135846063e+04 4.642991478258624502e-03
3.253259415804484078e+00 6.285260031267155156e+00 1.342663547720595485e+00 1.022713670290660397e-03 3.819481961130947667e+01 1.549993271027896924e+01 7.958746129405348535e-01 3.681439999999999824e+00 3.408561725135846063e+04 4.642991478258624502e-03
3.253259415804484078e+00 6.285259937609483316e+00 1.342663567727841345e+00 1.022713670290660397e-03 3.819481961130947667e+01 1.549993271027896924e+01 7.958746129405348535e-01 3.681439999999999824e+00 3.408561725135846063e+04 4.642991478258624502e-03
3.253259415804484078e+00 6.285259937609483316e+00 1.342663547720595485e+00 1.022728571451854244e-03 3.819481961130947667e+01 1.549993271027896924e+01 7.958746129405348535e-01 3.681439999999999824e+00 3.408561725135846063e+04 4.642991478258624502e-03
3.253259415804484078e+00 6.285259937609483316e+00 1.342663547720595485e+00 1.022713670290660397e-03 3.819482018045663807e+01 1.549993271027896924e+01 7.958746129405348535e-01 3.681439999999999824e+00 3.408561725135846063e+04 4.642991478258624502e-03
3.253259415804484078e+00 6.285259937609483316e+00 1.342663547720595485e+00 1.022713670290660397e-03 3.819481961130947667e+01 1.549993294124596588e+01 7.958746129405348535e-01 3.681439999999999824e+00 3.408561725135846063e+04 4.642991478258624502e-03
3.253259415804484078e+00 6.285259937609483316e+00 1.342663547720595485e+00 1.022713670290660397e-03 3.819481961130947667e+01 1.549993271027896924e+01 7.958746278416960473e-01 3.681439999999999824e+00 3.408561725135846063e+04 4.642991478258624502e-03
3.253259415804484078e+00 6.285259937609483316e+00 1.342663547720595485e+00 1.022713670290660397e-03 3.819481961130947667e+01 1.549993271027896924e+01 7.958746129405348535e-01 3.681439999999999824e+00 3.408561775927373674e+04 4.642991478258624502e-03
3.253259415804484078e+00 6.285259937609483316e+00 1.342663547720595485e+00 1.022713670290660397e-03 3.819481961130947667e+01 1.549993271027896924e+01 7.958746129405348535e-01 3.681439999999999824e+00 3.408561725135846063e+04 4.643006379419818350e-03
