3.205843000000000220e+00 7.511125999999999969e+00 1.235333999999999932e+00 1.528337999999999867e-05 3.753042800000000057e+01 1.549994700000000059e+01 7.954442999999999930e-01 3.681439999999999824e+00 2.571453499999999985e+04 0.000000000000000000e+00
3.205843047770783549e+00 7.511125999999999969e+00 1.235333999999999932e+00 1.528337999999999867e-05 3.753042800000000057e+01 1.549994700000000059e+01 7.954442999999999930e-01 3.681439999999999824e+00 2.571453499999999985e+04 0.000000000000000000e+00
3.205843000000000220e+00 7.511126111924498971e+00 1.235333999999999932e+00 1.528337999999999867e-05 3.753042800000000057e+01 1.549994700000000059e+01 7.954442999999999930e-01 3.681439999999999824e+00 2.571453499999999985e+04 0.000000000000000000e+00
3.205843000000000220e+00 7.511125999999999969e+00 1.235334018407910905e+00 1.528337999999999867e-05 3.753042800000000057e+01 1.549994700000000059e+01 7.954442999999999930e-01 3.681439999999999824e+00 2.571453499999999985e+04 0.000000000000000000e+00
3.205843000000000220e+00 7.511125999999999969e+00 1.235333999999999932e+00 1.529828116119384633e-05 3.753042800000000057e+01 1.549994700000000059e+01 7.954442999999999930e-01 3.681439999999999824e+00 2.571453499999999985e+04 0.000000000000000000e+00
3.205843000000000220e+00 7.511125999999999969e+00 1.235333999999999932e+00 1.528337999999999867e-05 3.753042855924695687e+01 1.549994700000000059e+01 7.954442999999999930e-01 3.681439999999999824e+00 2.571453499999999985e+04 0.000000000000000000e+00
3.205843000000000220e+00 7.511125999999999969e+00 1.235333999999999932e+00 1.528337999999999867e-05 3.753042800000000057e+01 1.549994700000000059e+01 7.954442999999999930e-01 3.681439999999999824e+00 2.571453538317642960e+04 0.000000000000000000e+00
3.205843000000000220e+00 7.511125999999999969e+00 1.235333999999999932e+00 1.528337999999999867e-05 3.753042800000000057e+01 1.549994700000000059e+01 7.954442999999999930e-01 3.681439999999999824e+00 2.571453499999999985e+04 1.490116119384765625e-08
3.179467309661915486e+00 7.511126000060478702e+00 1.301369572128600494e+00 1.089335125736275112e+00 4.135155474443038059e+01 1.549994700000000059e+01 7.954442999999999930e-01 3.681439999999999824e+00 2.571320436810574392e+04 7.772626398139423321e-05
3.179467357039670539e+00 7.511126000060478702e+00 1.301369572128600494e+00 1.089335125736275112e+00 4.135155474443038059e+01 1.549994700000000059e+01 7.954442999999999930e-01 3.681439999999999824e+00 2.571320436810574392e+04 7.772626398139423321e-05
3.179467309661915486e+00 7.511126111984977705e+00 1.301369572128600494e+00 1.089335125736275112e+00 4.135155474443038059e+01 1.549994700000000059e+01 7.954442999999999930e-01 3.681439999999999824e+00 2.571320436810574392e+04 7.772626398139423321e-05
3.179467309661915486e+00 7.511126000060478702e+00 1.301369591520518343e+00 1.089335125736275112e+00 4.135155474443038059e+01 1.549994700000000059e+01 7.954442999999999930e-01 3.681439999999999824e+00 2.571320436810574392e+04 7.772626398139423321e-05
3.179467309661915486e+00 7.511126000060478702e+00 1.301369572128600494e+00 1.089335141968633458e+00 4.135155474443038059e+01 1.549994700000000059e+01 7.954442999999999930e-01 3.681439999999999824e+00 2.571320436810574392e+04 7.772626398139423321e-05
3.179467309661915486e+00 7.511126000060478702e+00 1.301369572128600494e+00 1.089335125736275112e+00 4.135155536061656534e+01 1.549994700000000059e+01 7.954442999999999930e-01 3.681439999999999824e+00 2.571320436810574392e+04 7.772626398139423321e-05
3.179467309661915486e+00 7.511126000060478702e+00 1.301369572128600494e+00 1.089335125736275112e+00 4.135155474443038059e+01 1.549994700000000059e+01 7.954442999999999930e-01 3.681439999999999824e+00 2.571320475126234669e+04 7.772626398139423321e-05
3.179467309661915486e+00 7.511126000060478702e+00 1.301369572128600494e+00 1.089335125736275112e+00 4.135155474443038059e+01 1.549994700000000059e+01 7.954442999999999930e-01 3.681439999999999824e+00 2.571320436810574392e+04 7.774116514258808087e-05
3.178804790314987638e+00 7.511125866838554543e+00 1.320916729759825881e+00 4.964422573119826598e-01 4.208527383556056378e+01 1.549994700000000059e+01 7.954442999999999930e-01 3.681439999999999824e+00 2.571127633110904208e+04 8.560974288119625546e-05
3.178804837682870144e+00 7.511125866838554543e+00 1.320916729759825881e+00 4.964422573119826598e-01 4.208527383556056378e+01 1.549994700000000059e+01 7.954442999999999930e-01 3.681439999999999824e+00 2.571127633110904208e+04 8.560974288119625546e-05
3.178804790314987638e+00 7.511125978763051769e+00 1.320916729759825881e+00 4.964422573119826598e-01 4.208527383556056378e+01 1.549994700000000059e+01 7.954442999999999930e-01 3.681439999999999824e+00 2.571127633110904208e+04 8.560974288119625546e-05
3.178804790314987638e+00 7.511125866838554543e+00 1.320916749443018956e+00 4.964422573119826598e-01 4.208527383556056378e+01 1.549994700000000059e+01 7.954442999999999930e-01 3.681439999999999824e+00 2.571127633110904208e+04 8.560974288119625546e-05
3.178804790314987638e+00 7.511125866838554543e+00 1.320916729759825881e+00 4.964422722131438537e-01 4.208527383556056378e+01 1.549994700000000059e+01 7.954442999999999930e-01 3.681439999999999824e+00 2.571127633110904208e+04 8.560974288119625546e-05
3.178804790314987638e+00 7.511125866838554543e+00 1.320916729759825881e+00 4.964422573119826598e-01 4.208527446268001171e+01 1.549994700000000059e+01 7.954442999999999930e-01 3.681439999999999824e+00 2.571127633110904208e+04 8.560974288119625546e-05
3.178804790314987638e+00 7.511125866838554543e+00 1.320916729759825881e+00 4.964422573119826598e-01 4.208527383556056378e+01 1.549994700000000059e+01 7.954442999999999930e-01 3.681439999999999824e+00 2.571127671423691572e+04 8.560974288119625546e-05
3.178804790314987638e+00 7.511125866838554543e+00 1.320916729759825881e+00 4.964422573119826598e-01 4.208527383556056378e+01 1.549994700000000059e+01 7.954442999999999930e-01 3.681439999999999824e+00 2.571127633110904208e+04 8.562464404239010312e-05
3.178838067711595716e+00 7.511125666171648341e+00 1.329163429985610101e+00 1.718885205429811491e-01 4.239020262094348368e+01 1.549994700000000059e+01 7.954442999999999930e-01 3.681439999999999824e+00 2.570896726753100666e+04 8.779327457506523082e-05
3.178838115079974269e+00 7.511125666171648341e+00 1.329163429985610101e+00 1.718885205429811491e-01 4.239020262094348368e+01 1.549994700000000059e+01 7.954442999999999930e-01 3.681439999999999824e+00 2.570896726753100666e+04 8.779327457506523082e-05
3.178838067711595716e+00 7.511125778096142902e+00 1.329163429985610101e+00 1.718885205429811491e-01 4.239020262094348368e+01 1.549994700000000059e+01 7.954442999999999930e-01 3.681439999999999824e+00 2.570896726753100666e+04 8.779327457506523082e-05
3.178838067711595716e+00 7.511125666171648341e+00 1.329163449791688656e+00 1.718885205429811491e-01 4.239020262094348368e+01 1.549994700000000059e+01 7.954442999999999930e-01 3.681439999999999824e+00 2.570896726753100666e+04 8.779327457506523082e-05
3.178838067711595716e+00 7.511125666171648341e+00 1.329163429985610101e+00 1.718885354441423430e-01 4.239020262094348368e+01 1.549994700000000059e+01 7.954442999999999930e-01 3.681439999999999824e+00 2.570896726753100666e+04 8.779327457506523082e-05
3.178838067711595716e+00 7.511125666171648341e+00 1.329163429985610101e+00 1.718885205429811491e-01 4.239020325260672450e+01 1.549994700000000059e+01 7.954442999999999930e-01 3.681439999999999824e+00 2.570896726753100666e+04 8.779327457506523082e-05
3.178838067711595716e+00 7.511125666171648341e+00 1.329163429985610101e+00 1.718885205429811491e-01 4.239020262094348368e+01 1.549994700000000059e+01 7.954442999999999930e-01 3.681439999999999824e+00 2.570896765062447230e+04 8.779327457506523082e-05
3.178838067711595716e+00 7.511125666171648341e+00 1.329163429985610101e+00 1.718885205429811491e-01 4.239020262094348368e+01 1.549994700000000059e+01 7.954442999999999930e-01 3.681439999999999824e+00 2.570896726753100666e+04 8.780817573625907847e-05
3.178830570003104317e+00 7.511125862289345534e+00 1.334181254699644548e+00 3.906070867644345634e-02 4.258283682070601373e+01 1.549994700000000059e+01 7.954442999999999930e-01 3.681439999999999824e+00 2.570516427908427431e+04 8.815597243921527828e-05
3.178830617371370959e+00 7.511125862289345534e+00 1.334181254699644548e+00 3.906070867644345634e-02 4.258283682070601373e+01 1.549994700000000059e+01 7.954442999999999930e-01 3.681439999999999824e+00 2.570516427908427431e+04 8.815597243921527828e-05
3.178830570003104317e+00 7.511125974213842760e+00 1.334181254699644548e+00 3.906070867644345634e-02 4.258283682070601373e+01 1.549994700000000059e+01 7.954442999999999930e-01 3.681439999999999824e+00 2.570516427908427431e+04 8.815597243921527828e-05
3.178830570003104317e+00 7.511125862289345534e+00 1.334181274580494403e+00 3.906070867644345634e-02 4.258283682070601373e+01 1.549994700000000059e+01 7.954442999999999930e-01 3.681439999999999824e+00 2.570516427908427431e+04 8.815597243921527828e-05
3.178830570003104317e+00 7.511125862289345534e+00 1.334181254699644548e+00 3.906072357760465019e-02 4.258283682070601373e+01 1.549994700000000059e+01 7.954442999999999930e-01 3.681439999999999824e+00 2.570516427908427431e+04 8.815597243921527828e-05
3.178830570003104317e+00 7.511125862289345534e+00 1.334181254699644548e+00 3.906070867644345634e-02 4.258283745523972641e+01 1.549994700000000059e+01 7.954442999999999930e-01 3.681439999999999824e+00 2.570516427908427431e+04 8.815597243921527828e-05
3.178830570003104317e+00 7.511125862289345534e+00 1.334181254699644548e+00 3.906070867644345634e-02 4.258283682070601373e+01 1.549994700000000059e+01 7.954442999999999930e-01 3.681439999999999824e+00 2.570516466212107116e+04 8.815597243921527828e-05
3.178830570003104317e+00 7.511125862289345534e+00 1.334181254699644548e+00 3.906070867644345634e-02 4.258283682070601373e+01 1.549994700000000059e+01 7.954442999999999930e-01 3.681439999999999824e+00 2.570516427908427431e+04 8.817087360040912593e-05
3.160715721093989128e+00 7.653907155652409422e+00 1.399901097069155664e+00 3.879178435632436167e-02 4.227247481216540592e+01 1.549994700000000059e+01 7.954442999999999930e-01 3.681439999999999824e+00 2.554041490384903591e+04 7.362362123346206195e-05
3.160715768192323694e+00 7.653907155652409422e+00 1.399901097069155664e+00 3.879178435632436167e-02 4.227247481216540592e+01 1.549994700000000059e+01 7.954442999999999930e-01 3.681439999999999824e+00 2.554041490384903591e+04 7.362362123346206195e-05
3.160715721093989128e+00 7.653907269704514071e+00 1.399901097069155664e+00 3.879178435632436167e-02 4.227247481216540592e+01 1.549994700000000059e+01 7.954442999999999930e-01 3.681439999999999824e+00 2.554041490384903591e+04 7.362362123346206195e-05
3.160715721093989128e+00 7.653907155652409422e+00 1.399901117929307492e+00 3.879178435632436167e-02 4.227247481216540592e+01 1.549994700000000059e+01 7.954442999999999930e-01 3.681439999999999824e+00 2.554041490384903591e+04 7.362362123346206195e-05
3.160715721093989128e+00 7.653907155652409422e+00 1.399901097069155664e+00 3.879179925748555552e-02 4.227247481216540592e+01 1.549994700000000059e+01 7.954442999999999930e-01 3.681439999999999824e+00 2.554041490384903591e+04 7.362362123346206195e-05
3.160715721093989128e+00 7.653907155652409422e+00 1.399901097069155664e+00 3.879178435632436167e-02 4.227247544207436647e+01 1.549994700000000059e+01 7.954442999999999930e-01 3.681439999999999824e+00 2.554041490384903591e+04 7.362362123346206195e-05
3.160715721093989128e+00 7.653907155652409422e+00 1.399901097069155664e+00 3.879178435632436167e-02 4.227247481216540592e+01 1.549994700000000059e+01 7.954442999999999930e-01 3.681439999999999824e+00 2.554041528443087373e+04 7.362362123346206195e-05
3.160715721093989128e+00 7.653907155652409422e+00 1.399901097069155664e+00 3.879178435632436167e-02 4.227247481216540592e+01 1.549994700000000059e+01 7.954442999999999930e-01 3.681439999999999824e+00 2.554041490384903591e+04 7.363852239465590961e-05
3.161045191273864408e+00 7.653907148492056223e+00 1.401146009740404708e+00 2.690428157174514986e-02 4.230350715435312026e+01 1.549994700000000059e+01 7.954442999999999930e-01 3.681439999999999824e+00 2.553980233600314750e+04 7.341075006560786710e-05
3.161045238377108380e+00 7.653907148492056223e+00 1.401146009740404708e+00 2.690428157174514986e-02 4.230350715435312026e+01 1.549994700000000059e+01 7.954442999999999930e-01 3.681439999999999824e+00 2.553980233600314750e+04 7.341075006560786710e-05
3.161045191273864408e+00 7.653907262544159984e+00 1.401146009740404708e+00 2.690428157174514986e-02 4.230350715435312026e+01 1.549994700000000059e+01 7.954442999999999930e-01 3.681439999999999824e+00 2.553980233600314750e+04 7.341075006560786710e-05
3.161045191273864408e+00 7.653907148492056223e+00 1.401146030619107252e+00 2.690428157174514986e-02 4.230350715435312026e+01 1.549994700000000059e+01 7.954442999999999930e-01 3.681439999999999824e+00 2.553980233600314750e+04 7.341075006560786710e-05
3.161045191273864408e+00 7.653907148492056223e+00 1.401146009740404708e+00 2.690429647290634371e-02 4.230350715435312026e+01 1.549994700000000059e+01 7.954442999999999930e-01 3.681439999999999824e+00 2.553980233600314750e+04 7.341075006560786710e-05
3.161045191273864408e+00 7.653907148492056223e+00 1.401146009740404708e+00 2.690428157174514986e-02 4.230350778472450202e+01 1.549994700000000059e+01 7.954442999999999930e-01 3.681439999999999824e+00 2.553980233600314750e+04 7.341075006560786710e-05
3.161045191273864408e+00 7.653907148492056223e+00 1.401146009740404708e+00 2.690428157174514986e-02 4.230350715435312026e+01 1.549994700000000059e+01 7.954442999999999930e-01 3.681439999999999824e+00 2.553980271657585763e+04 7.341075006560786710e-05
3.161045191273864408e+00 7.653907148492056223e+00 1.401146009740404708e+00 2.690428157174514986e-02 4.230350715435312026e+01 1.549994700000000059e+01 7.954442999999999930e-01 3.681439999999999824e+00 2.553980233600314750e+04 7.342565122680171476e-05
3.156192912533350992e+00 7.671519395363612936e+00 1.405157677993398524e+00 2.392650290421808462e-02 4.223167742533706104e+01 1.549994700000000059e+01 7.954442999999999930e-01 3.681439999999999824e+00 2.521030342895719514e+04 -1.080601258278015935e-04
3.156192959564290135e+00 7.671519395363612936e+00 1.405157677993398524e+00 2.392650290421808462e-02 4.223167742533706104e+01 1.549994700000000059e+01 7.954442999999999930e-01 3.681439999999999824e+00 2.521030342895719514e+04 -1.080601258278015935e-04
3.156192912533350992e+00 7.671519509678160098e+00 1.405157677993398524e+00 2.392650290421808462e-02 4.223167742533706104e+01 1.549994700000000059e+01 7.954442999999999930e-01 3.681439999999999824e+00 2.521030342895719514e+04 -1.080601258278015935e-04
3.156192912533350992e+00 7.671519395363612936e+00 1.405157698931879695e+00 2.392650290421808462e-02 4.223167742533706104e+01 1.549994700000000059e+01 7.954442999999999930e-01 3.681439999999999824e+00 2.521030342895719514e+04 -1.080601258278015935e-04
3.156192912533350992e+00 7.671519395363612936e+00 1.405157677993398524e+00 2.392651780537927847e-02 4.223167742533706104e+01 1.549994700000000059e+01 7.954442999999999930e-01 3.681439999999999824e+00 2.521030342895719514e+04 -1.080601258278015935e-04
3.156192912533350992e+00 7.671519395363612936e+00 1.405157677993398524e+00 2.392650290421808462e-02 4.223167805463809543e+01 1.549994700000000059e+01 7.954442999999999930e-01 3.681439999999999824e+00 2.521030342895719514e+04 -1.080601258278015935e-04
3.156192912533350992e+00 7.671519395363612936e+00 1.405157677993398524e+00 2.392650290421808462e-02 4.223167742533706104e+01 1.549994700000000059e+01 7.954442999999999930e-01 3.681439999999999824e+00 2.521030380461999084e+04 -1.080601258278015935e-04
3.156192912533350992e+00 7.671519395363612936e+00 1.405157677993398524e+00 2.392650290421808462e-02 4.223167742533706104e+01 1.549994700000000059e+01 7.954442999999999930e-01 3.681439999999999824e+00 2.521030342895719514e+04 -1.080750269889954411e-04
3.153926322550326677e+00 7.713631142528058149e+00 1.399543271770136821e+00 2.352742999026167722e-02 4.219745538791176642e+01 1.549994700000000059e+01 7.954442999999999930e-01 3.681439999999999824e+00 2.488080452350632913e+04 -2.332935336074277251e-04
3.153926369547491060e+00 7.713631142528058149e+00 1.399543271770136821e+00 2.352742999026167722e-02 4.219745538791176642e+01 1.549994700000000059e+01 7.954442999999999930e-01 3.681439999999999824e+00 2.488080452350632913e+04 -2.332935336074277251e-04
3.153926322550326677e+00 7.713631257470119351e+00 1.399543271770136821e+00 2.352742999026167722e-02 4.219745538791176642e+01 1.549994700000000059e+01 7.954442999999999930e-01 3.681439999999999824e+00 2.488080452350632913e+04 -2.332935336074277251e-04
3.153926322550326677e+00 7.713631142528058149e+00 1.399543292624956692e+00 2.352742999026167722e-02 4.219745538791176642e+01 1.549994700000000059e+01 7.954442999999999930e-01 3.681439999999999824e+00 2.488080452350632913e+04 -2.332935336074277251e-04
3.153926322550326677e+00 7.713631142528058149e+00 1.399543271770136821e+00 2.352744489142287107e-02 4.219745538791176642e+01 1.549994700000000059e+01 7.954442999999999930e-01 3.681439999999999824e+00 2.488080452350632913e+04 -2.332935336074277251e-04
3.153926322550326677e+00 7.713631142528058149e+00 1.399543271770136821e+00 2.352742999026167722e-02 4.219745601670285140e+01 1.549994700000000059e+01 7.954442999999999930e-01 3.681439999999999824e+00 2.488080452350632913e+04 -2.332935336074277251e-04
3.153926322550326677e+00 7.713631142528058149e+00 1.399543271770136821e+00 2.352742999026167722e-02 4.219745538791176642e+01 1.549994700000000059e+01 7.954442999999999930e-01 3.681439999999999824e+00 2.488080489425920678e+04 -2.332935336074277251e-04
3.153926322550326677e+00 7.713631142528058149e+00 1.399543271770136821e+00 2.352742999026167722e-02 4.219745538791176642e+01 1.549994700000000059e+01 7.954442999999999930e-01 3.681439999999999824e+00 2.488080452350632913e+04 -2.333084347686215727e-04
3.150004491173972632e+00 7.794973591019087600e+00 1.388123579353637282e+00 1.858647931339725556e-02 4.214566812624511272e+01 1.549994700000000059e+01 7.954442999999999930e-01 3.681439999999999824e+00 2.422180671297520166e+04 -4.822700673288259207e-04
3.152883799315298052e+00 7.733327598578339845e+00 1.396719899178782143e+00 1.875987506591052581e-02 4.218895628027033240e+01 1.549994700000000059e+01 7.954442999999999930e-01 3.681439999999999824e+00 2.471605507352393761e+04 -2.959729493352150176e-04
3.152883846296927750e+00 7.733327598578339845e+00 1.396719899178782143e+00 1.875987506591052581e-02 4.218895628027033240e+01 1.549994700000000059e+01 7.954442999999999930e-01 3.681439999999999824e+00 2.471605507352393761e+04 -2.959729493352150176e-04
3.152883799315298052e+00 7.733327713813901383e+00 1.396719899178782143e+00 1.875987506591052581e-02 4.218895628027033240e+01 1.549994700000000059e+01 7.954442999999999930e-01 3.681439999999999824e+00 2.471605507352393761e+04 -2.959729493352150176e-04
3.152883799315298052e+00 7.733327598578339845e+00 1.396719919991530556e+00 1.875987506591052581e-02 4.218895628027033240e+01 1.549994700000000059e+01 7.954442999999999930e-01 3.681439999999999824e+00 2.471605507352393761e+04 -2.959729493352150176e-04
3.152883799315298052e+00 7.733327598578339845e+00 1.396719899178782143e+00 1.875988996707171966e-02 4.218895628027033240e+01 1.549994700000000059e+01 7.954442999999999930e-01 3.681439999999999824e+00 2.471605507352393761e+04 -2.959729493352150176e-04
3.152883799315298052e+00 7.733327598578339845e+00 1.396719899178782143e+00 1.875987506591052581e-02 4.218895690893477024e+01 1.549994700000000059e+01 7.954442999999999930e-01 3.681439999999999824e+00 2.471605507352393761e+04 -2.959729493352150176e-04
3.152883799315298052e+00 7.733327598578339845e+00 1.396719899178782143e+00 1.875987506591052581e-02 4.218895628027033240e+01 1.549994700000000059e+01 7.954442999999999930e-01 3.681439999999999824e+00 2.471605544182185986e+04 -2.959729493352150176e-04
3.152883799315298052e+00 7.733327598578339845e+00 1.396719899178782143e+00 1.875987506591052581e-02 4.218895628027033240e+01 1.549994700000000059e+01 7.954442999999999930e-01 3.681439999999999824e+00 2.471605507352393761e+04 -2.959878504964088652e-04
3.150918101663156889e+00 7.780031266589932493e+00 1.391136308145169087e+00 1.723379099213898438e-02 4.216084738781701446e+01 1.549994700000000059e+01 7.954442999999999930e-01 3.681439999999999824e+00 2.438655616885577911e+04 -4.208886204747376829e-04
3.150918148615495351e+00 7.780031266589932493e+00 1.391136308145169087e+00 1.723379099213898438e-02 4.216084738781701446e+01 1.549994700000000059e+01 7.954442999999999930e-01 3.681439999999999824e+00 2.438655616885577911e+04 -4.208886204747376829e-04
3.150918101663156889e+00 7.780031382521432448e+00 1.391136308145169087e+00 1.723379099213898438e-02 4.216084738781701446e+01 1.549994700000000059e+01 7.954442999999999930e-01 3.681439999999999824e+00 2.438655616885577911e+04 -4.208886204747376829e-04
3.150918101663156889e+00 7.780031266589932493e+00 1.391136328874715389e+00 1.723379099213898438e-02 4.216084738781701446e+01 1.549994700000000059e+01 7.954442999999999930e-01 3.681439999999999824e+00 2.438655616885577911e+04 -4.208886204747376829e-04
3.150918101663156889e+00 7.780031266589932493e+00 1.391136308145169087e+00 1.723380589330017823e-02 4.216084738781701446e+01 1.549994700000000059e+01 7.954442999999999930e-01 3.681439999999999824e+00 2.438655616885577911e+04 -4.208886204747376829e-04
3.150918101663156889e+00 7.780031266589932493e+00 1.391136308145169087e+00 1.723379099213898438e-02 4.216084801606259447e+01 1.549994700000000059e+01 7.954442999999999930e-01 3.681439999999999824e+00 2.438655616885577911e+04 -4.208886204747376829e-04
3.150918101663156889e+00 7.780031266589932493e+00 1.391136308145169087e+00 1.723379099213898438e-02 4.216084738781701446e+01 1.549994700000000059e+01 7.954442999999999930e-01 3.681439999999999824e+00 2.438655653224378329e+04 -4.208886204747376829e-04
3.150918101663156889e+00 7.780031266589932493e+00 1.391136308145169087e+00 1.723379099213898438e-02 4.216084738781701446e+01 1.549994700000000059e+01 7.954442999999999930e-01 3.681439999999999824e+00 2.438655616885577911e+04 -4.209035216359315306e-04
3.150870231223071194e+00 7.780031253780346212e+00 1.391422862986185116e+00 3.871949385831421897e-04 4.218243029711032221e+01 1.549994700000000059e+01 7.954442999999999930e-01 3.681439999999999824e+00 2.438417929749582618e+04 -4.217517355419843567e-04
3.150895221428515747e+00 7.778713442972316372e+00 1.391448903866269182e+00 9.449222385909429589e-03 4.216084523301825016e+01 1.549994700000000059e+01 7.954442999999999930e-01 3.681439999999999824e+00 2.438645553936978104e+04 -4.214599728526837786e-04
3.150895268380513148e+00 7.778713442972316372e+00 1.391448903866269182e+00 9.449222385909429589e-03 4.216084523301825016e+01 1.549994700000000059e+01 7.954442999999999930e-01 3.681439999999999824e+00 2.438645553936978104e+04 -4.214599728526837786e-04
3.150895221428515747e+00 7.778713558884179591e+00 1.391448903866269182e+00 9.449222385909429589e-03 4.216084523301825016e+01 1.549994700000000059e+01 7.954442999999999930e-01 3.681439999999999824e+00 2.438645553936978104e+04 -4.214599728526837786e-04
3.150895221428515747e+00 7.778713442972316372e+00 1.391448924600473536e+00 9.449222385909429589e-03 4.216084523301825016e+01 1.549994700000000059e+01 7.954442999999999930e-01 3.681439999999999824e+00 2.438645553936978104e+04 -4.214599728526837786e-04
3.150895221428515747e+00 7.778713442972316372e+00 1.391448903866269182e+00 9.449237287070623437e-03 4.216084523301825016e+01 1.549994700000000059e+01 7.954442999999999930e-01 3.681439999999999824e+00 2.438645553936978104e+04 -4.214599728526837786e-04
3.150895221428515747e+00 7.778713442972316372e+00 1.391448903866269182e+00 9.449222385909429589e-03 4.216084586126380174e+01 1.549994700000000059e+01 7.954442999999999930e-01 3.681439999999999824e+00 2.438645553936978104e+04 -4.214599728526837786e-04
3.150895221428515747e+00 7.778713442972316372e+00 1.391448903866269182e+00 9.449222385909429589e-03 4.216084523301825016e+01 1.549994700000000059e+01 7.954442999999999930e-01 3.681439999999999824e+00 2.438645590275628638e+04 -4.214599728526837786e-04
3.150895221428515747e+00 7.778713442972316372e+00 1.391448903866269182e+00 9.449222385909429589e-03 4.216084523301825016e+01 1.549994700000000059e+01 7.954442999999999930e-01 3.681439999999999824e+00 2.438645553936978104e+04 -4.214748740138776263e-04
3.150875445843647427e+00 7.778626060524597818e+00 1.391403563950146083e+00 9.259130725127179620e-03 4.216086999119860224e+01 1.549994700000000059e+01 7.954442999999999930e-01 3.681439999999999824e+00 2.438645552694909929e+04 -4.218385873523981182e-04
3.150875492795350397e+00 7.778626060524597818e+00 1.391403563950146083e+00 9.259130725127179620e-03 4.216086999119860224e+01 1.549994700000000059e+01 7.954442999999999930e-01 3.681439999999999824e+00 2.438645552694909929e+04 -4.218385873523981182e-04
3.150875445843647427e+00 7.778626176435158968e+00 1.391403563950146083e+00 9.259130725127179620e-03 4.216086999119860224e+01 1.549994700000000059e+01 7.954442999999999930e-01 3.681439999999999824e+00 2.438645552694909929e+04 -4.218385873523981182e-04
3.150875445843647427e+00 7.778626060524597818e+00 1.391403584683674977e+00 9.259130725127179620e-03 4.216086999119860224e+01 1.549994700000000059e+01 7.954442999999999930e-01 3.681439999999999824e+00 2.438645552694909929e+04 -4.218385873523981182e-04
3.150875445843647427e+00 7.778626060524597818e+00 1.391403563950146083e+00 9.259145626288373468e-03 4.216086999119860224e+01 1.549994700000000059e+01 7.954442999999999930e-01 3.681439999999999824e+00 2.438645552694909929e+04 -4.218385873523981182e-04
3.150875445843647427e+00 7.778626060524597818e+00 1.391403563950146083e+00 9.259130725127179620e-03 4.216087061944452330e+01 1.549994700000000059e+01 7.954442999999999930e-01 3.681439999999999824e+00 2.438645552694909929e+04 -4.218385873523981182e-04
3.150875445843647427e+00 7.778626060524597818e+00 1.391403563950146083e+00 9.259130725127179620e-03 4.216086999119860224e+01 1.549994700000000059e+01 7.954442999999999930e-01 3.681439999999999824e+00 2.438645589033560464e+04 -4.218385873523981182e-04
3.150875445843647427e+00 7.778626060524597818e+00 1.391403563950146083e+00 9.259130725127179620e-03 4.216086999119860224e+01 1.549994700000000059e+01 7.954442999999999930e-01 3.681439999999999824e+00 2.438645552694909929e+04 -4.218534885135919658e-04
