3.109830381264294452e+00 1.111291489333002502e+01 2.813852917821169530e+00 5.739737085531369409e+00 2.246963993535326054e+00 1.530525399999999969e+01 7.001581000000000055e-01 3.097326999999999941e+00 3.016564224271264902e+04 3.376943471356912418e+00 9.080198788040265256e+00 1.461425074402043833e+00 2.081597067294832826e+01 1.585438203198092211e+01 1.500000000000000000e+01 7.234983000000000386e-01 3.013116999999999823e+00 1.906566313618086497e+04 2.174298673618474224e-03
3.109830427604378222e+00 1.111291489333002502e+01 2.813852917821169530e+00 5.739737085531369409e+00 2.246963993535326054e+00 1.530525399999999969e+01 7.001581000000000055e-01 3.097326999999999941e+00 3.016564224271264902e+04 3.376943471356912418e+00 9.080198788040265256e+00 1.461425074402043833e+00 2.081597067294832826e+01 1.585438203198092211e+01 1.500000000000000000e+01 7.234983000000000386e-01 3.013116999999999823e+00 1.906566313618086497e+04 2.174298673618474224e-03
3.109830381264294452e+00 1.111291505892536158e+01 2.813852917821169530e+00 5.739737085531369409e+00 2.246963993535326054e+00 1.530525399999999969e+01 7.001581000000000055e-01 3.097326999999999941e+00 3.016564224271264902e+04 3.376943471356912418e+00 9.080198788040265256e+00 1.461425074402043833e+00 2.081597067294832826e+01 1.585438203198092211e+01 1.500000000000000000e+01 7.234983000000000386e-01 3.013116999999999823e+00 1.906566313618086497e+04 2.174298673618474224e-03
3.109830381264294452e+00 1.111291489333002502e+01 2.813852959750845262e+00 5.739737085531369409e+00 2.246963993535326054e+00 1.530525399999999969e+01 7.001581000000000055e-01 3.097326999999999941e+00 3.016564224271264902e+04 3.376943471356912418e+00 9.080198788040265256e+00 1.461425074402043833e+00 2.081597067294832826e+01 1.585438203198092211e+01 1.500000000000000000e+01 7.234983000000000386e-01 3.013116999999999823e+00 1.906566313618086497e+04 2.174298673618474224e-03
3.109830381264294452e+00 1.111291489333002502e+01 2.813852917821169530e+00 5.739737171060117049e+00 2.246963993535326054e+00 1.530525399999999969e+01 7.001581000000000055e-01 3.097326999999999941e+00 3.016564224271264902e+04 3.376943471356912418e+00 9.080198788040265256e+00 1.461425074402043833e+00 2.081597067294832826e+01 1.585438203198092211e+01 1.500000000000000000e+01 7.234983000000000386e-01 3.013116999999999823e+00 1.906566313618086497e+04 2.174298673618474224e-03
3.109830381264294452e+00 1.111291489333002502e+01 2.813852917821169530e+00 5.739737085531369409e+00 2.246964027017698928e+00 1.530525399999999969e+01 7.001581000000000055e-01 3.097326999999999941e+00 3.016564224271264902e+04 3.376943471356912418e+00 9.080198788040265256e+00 1.461425074402043833e+00 2.081597067294832826e+01 1.585438203198092211e+01 1.500000000000000000e+01 7.234983000000000386e-01 3.013116999999999823e+00 1.906566313618086497e+04 2.174298673618474224e-03
3.109830381264294452e+00 1.111291489333002502e+01 2.813852917821169530e+00 5.739737085531369409e+00 2.246963993535326054e+00 1.530525422806605640e+01 7.001581000000000055e-01 3.097326999999999941e+00 3.016564224271264902e+04 3.376943471356912418e+00 9.080198788040265256e+00 1.461425074402043833e+00 2.081597067294832826e+01 1.585438203198092211e+01 1.500000000000000000e+01 7.234983000000000386e-01 3.013116999999999823e+00 1.906566313618086497e+04 2.174298673618474224e-03
3.109830381264294452e+00 1.111291489333002502e+01 2.813852917821169530e+00 5.739737085531369409e+00 2.246963993535326054e+00 1.530525399999999969e+01 7.001581149011611993e-01 3.097326999999999941e+00 3.016564224271264902e+04 3.376943471356912418e+00 9.080198788040265256e+00 1.461425074402043833e+00 2.081597067294832826e+01 1.585438203198092211e+01 1.500000000000000000e+01 7.234983000000000386e-01 3.013116999999999823e+00 1.906566313618086497e+04 2.174298673618474224e-03
3.109830381264294452e+00 1.111291489333002502e+01 2.813852917821169530e+00 5.739737085531369409e+00 2.246963993535326054e+00 1.530525399999999969e+01 7.001581000000000055e-01 3.097326999999999941e+00 3.016564269221574796e+04 3.376943471356912418e+00 9.080198788040265256e+00 1.461425074402043833e+00 2.081597067294832826e+01 1.585438203198092211e+01 1.500000000000000000e+01 7.234983000000000386e-01 3.013116999999999823e+00 1.906566313618086497e+04 2.174298673618474224e-03
3.109830381264294452e+00 1.111291489333002502e+01 2.813852917821169530e+00 5.739737085531369409e+00 2.246963993535326054e+00 1.530525399999999969e+01 7.001581000000000055e-01 3.097326999999999941e+00 3.016564224271264902e+04 3.376943521677291393e+00 9.080198788040265256e+00 1.461425074402043833e+00 2.081597067294832826e+01 1.585438203198092211e+01 1.500000000000000000e+01 7.234983000000000386e-01 3.013116999999999823e+00 1.906566313618086497e+04 2.174298673618474224e-03
3.109830381264294452e+00 1.111291489333002502e+01 2.813852917821169530e+00 5.739737085531369409e+00 2.246963993535326054e+00 1.530525399999999969e+01 7.001581000000000055e-01 3.097326999999999941e+00 3.016564224271264902e+04 3.376943471356912418e+00 9.080198923345770723e+00 1.461425074402043833e+00 2.081597067294832826e+01 1.585438203198092211e+01 1.500000000000000000e+01 7.234983000000000386e-01 3.013116999999999823e+00 1.906566313618086497e+04 2.174298673618474224e-03
3.109830381264294452e+00 1.111291489333002502e+01 2.813852917821169530e+00 5.739737085531369409e+00 2.246963993535326054e+00 1.530525399999999969e+01 7.001581000000000055e-01 3.097326999999999941e+00 3.016564224271264902e+04 3.376943471356912418e+00 9.080198788040265256e+00 1.461425096178974536e+00 2.081597067294832826e+01 1.585438203198092211e+01 1.500000000000000000e+01 7.234983000000000386e-01 3.013116999999999823e+00 1.906566313618086497e+04 2.174298673618474224e-03
3.109830381264294452e+00 1.111291489333002502e+01 2.813852917821169530e+00 5.739737085531369409e+00 2.246963993535326054e+00 1.530525399999999969e+01 7.001581000000000055e-01 3.097326999999999941e+00 3.016564224271264902e+04 3.376943471356912418e+00 9.080198788040265256e+00 1.461425074402043833e+00 2.081597098313046246e+01 1.585438203198092211e+01 1.500000000000000000e+01 7.234983000000000386e-01 3.013116999999999823e+00 1.906566313618086497e+04 2.174298673618474224e-03
3.109830381264294452e+00 1.111291489333002502e+01 2.813852917821169530e+00 5.739737085531369409e+00 2.246963993535326054e+00 1.530525399999999969e+01 7.001581000000000055e-01 3.097326999999999941e+00 3.016564224271264902e+04 3.376943471356912418e+00 9.080198788040265256e+00 1.461425074402043833e+00 2.081597067294832826e+01 1.585438226822962449e+01 1.500000000000000000e+01 7.234983000000000386e-01 3.013116999999999823e+00 1.906566313618086497e+04 2.174298673618474224e-03
3.109830381264294452e+00 1.111291489333002502e+01 2.813852917821169530e+00 5.739737085531369409e+00 2.246963993535326054e+00 1.530525399999999969e+01 7.001581000000000055e-01 3.097326999999999941e+00 3.016564224271264902e+04 3.376943471356912418e+00 9.080198788040265256e+00 1.461425074402043833e+00 2.081597067294832826e+01 1.585438203198092211e+01 1.500000022351741791e+01 7.234983000000000386e-01 3.013116999999999823e+00 1.906566313618086497e+04 2.174298673618474224e-03
3.109830381264294452e+00 1.111291489333002502e+01 2.813852917821169530e+00 5.739737085531369409e+00 2.246963993535326054e+00 1.530525399999999969e+01 7.001581000000000055e-01 3.097326999999999941e+00 3.016564224271264902e+04 3.376943471356912418e+00 9.080198788040265256e+00 1.461425074402043833e+00 2.081597067294832826e+01 1.585438203198092211e+01 1.500000000000000000e+01 7.234983149011612324e-01 3.013116999999999823e+00 1.906566313618086497e+04 2.174298673618474224e-03
3.109830381264294452e+00 1.111291489333002502e+01 2.813852917821169530e+00 5.739737085531369409e+00 2.246963993535326054e+00 1.530525399999999969e+01 7.001581000000000055e-01 3.097326999999999941e+00 3.016564224271264902e+04 3.376943471356912418e+00 9.080198788040265256e+00 1.461425074402043833e+00 2.081597067294832826e+01 1.585438203198092211e+01 1.500000000000000000e+01 7.234983000000000386e-01 3.013116999999999823e+00 1.906566342028138388e+04 2.174298673618474224e-03
3.109830381264294452e+00 1.111291489333002502e+01 2.813852917821169530e+00 5.739737085531369409e+00 2.246963993535326054e+00 1.530525399999999969e+01 7.001581000000000055e-01 3.097326999999999941e+00 3.016564224271264902e+04 3.376943471356912418e+00 9.080198788040265256e+00 1.461425074402043833e+00 2.081597067294832826e+01 1.585438203198092211e+01 1.500000000000000000e+01 7.234983000000000386e-01 3.013116999999999823e+00 1.906566313618086497e+04 2.174313574779668072e-03
3.082869188790524628e+00 1.101362765828477386e+01 2.660736026622115169e+00 5.664825448778795902e+00 2.235099320410728563e+00 1.531643309957338417e+01 6.987430057912766834e-01 3.097326999999999941e+00 4.281415563786733401e+03 3.375098341869136487e+00 9.173666767085672191e+00 1.432073221644049266e+00 2.064528349734007051e+01 1.608707046921991335e+01 1.491525019423376541e+01 7.950461668353322464e-01 3.013116999999999823e+00 4.363135296748786641e+04 1.777989812540437713e-03
3.105137809578092156e+00 1.192335579865906503e+01 2.627430211450668907e+00 5.704562969042023646e+00 2.258761589433812667e+00 1.532156427697711187e+01 6.844577741988833175e-01 3.097326999999999941e+00 2.314699315572001797e+04 3.371985890256980145e+00 9.084703263099974890e+00 1.444421816967920380e+00 2.068083865132841836e+01 1.598357184598131475e+01 1.495323510941062928e+01 7.633397991142371053e-01 3.013116999999999823e+00 2.457294999527164327e+04 1.623820659436988299e-03
3.111350384759294485e+00 1.213867084650227568e+01 2.619330225515832389e+00 5.715809628478289994e+00 2.265262141467421664e+00 1.532134118265984313e+01 6.829533619939121003e-01 3.097326999999999941e+00 2.803081402635340419e+04 3.371486268157901200e+00 9.057952485506618245e+00 1.447973560409737903e+00 2.069278538898393194e+01 1.595739339930911171e+01 1.496034615287072533e+01 7.574692477282707337e-01 3.013116999999999823e+00 1.971140703219259740e+04 1.605206376933402106e-03
3.117884192596080073e+00 1.201280514736986582e+01 2.621723278335964302e+00 5.729107822099797076e+00 2.271175643748410078e+00 1.530595916208485185e+01 7.040832524829243599e-01 3.097326999999999941e+00 2.969428074662599829e+04 3.374336157490982480e+00 9.012137139639149197e+00 1.452685776504696324e+00 2.072391127439463787e+01 1.595454080338650549e+01 1.493591178245657147e+01 7.785297833149916746e-01 3.013116999999999823e+00 1.876780014247281360e+04 1.808973116915900750e-03
3.121891932643024781e+00 1.186865185157495617e+01 2.625264474431219242e+00 5.737544072810916163e+00 2.274627505892641288e+00 1.529364601182050976e+01 7.213598703939951839e-01 3.097326999999999941e+00 3.005471520858154327e+04 3.376725578947678663e+00 8.980675519793173578e+00 1.455761758715406362e+00 2.074653013824558556e+01 1.595748050556431608e+01 1.491486604402248872e+01 7.966228989280502715e-01 3.013116999999999823e+00 1.898124668993488740e+04 1.976399063622413538e-03
3.122904127165214483e+00 1.183146060753479745e+01 2.626182494736678752e+00 5.739678032278877851e+00 2.275497382786086931e+00 1.529050412449594099e+01 7.257734803777765586e-01 3.097326999999999941e+00 3.013817317711191572e+04 3.377336273675267009e+00 8.972693671008995508e+00 1.456540635909800319e+00 2.075228221011645147e+01 1.595827614621384072e+01 1.490950720111317196e+01 8.012510773758501070e-01 3.013116999999999823e+00 1.904423037949983336e+04 2.019168810677129597e-03
3.123157947479936247e+00 1.182204262734880729e+01 2.626413013289579546e+00 5.740213648509920219e+00 2.275715795137674302e+00 1.528971883341067262e+01 7.268849449975214316e-01 3.097326999999999941e+00 3.015881251833429997e+04 3.377489137415567555e+00 8.970701320080783248e+00 1.456735534079820260e+00 2.075372201820929163e+01 1.595847520077359860e+01 1.490826536693353965e+01 8.024106673190027905e-01 3.013116999999999823e+00 1.906030474702675565e+04 2.029902715937729769e-03
3.123224069736363351e+00 1.181930324085704420e+01 2.626471014943913662e+00 5.740354877189871807e+00 2.275774189182530272e+00 1.528953010861070361e+01 7.271876464178834709e-01 3.097326999999999941e+00 3.016403055054325159e+04 3.377526714515975303e+00 8.970227511791126318e+00 1.456784211320021782e+00 2.075408009912106522e+01 1.595851732981473425e+01 1.490838916335422049e+01 8.026999733995913155e-01 3.013116999999999823e+00 1.906439698000735007e+04 2.032667336510742169e-03
3.124219864486207587e+00 1.162640678066087396e+01 2.626704407470990432e+00 5.743365540661879542e+00 2.277433506872231117e+00 1.529438043942301384e+01 7.381109851759044549e-01 3.097326999999999941e+00 3.016563938625806986e+04 3.376885002814015824e+00 8.987252957777430495e+00 1.456395925263224145e+00 2.075036882074156708e+01 1.595382614681469313e+01 1.497945400476510081e+01 7.983764656728901121e-01 3.013116999999999823e+00 1.906566093819127855e+04 2.056828529035694287e-03
3.126480117241345891e+00 1.117510888712473083e+01 2.661724905795699758e+00 5.749017085141511885e+00 2.279468501297571947e+00 1.530395777136275370e+01 7.366420863750933190e-01 3.097326999999999941e+00 3.016564214503796393e+04 3.375373601799092516e+00 9.030300874252420229e+00 1.455531142011591506e+00 2.074377046307717620e+01 1.593681927189694925e+01 1.499897428769409480e+01 7.470444792259116618e-01 3.013116999999999823e+00 1.906566306451473429e+04 2.116056316755134115e-03
3.120720513927246920e+00 1.111321009238770330e+01 2.790290025855708844e+00 5.738767955935710319e+00 2.257078708104028220e+00 1.530522314987013743e+01 7.020738621674345037e-01 3.097326999999999941e+00 3.016564223742504691e+04 3.376118953722446303e+00 9.052641057791319668e+00 1.456837445100345851e+00 2.077878051841191009e+01 1.587634976892648275e+01 1.499997535432627949e+01 7.242690260199609043e-01 3.013116999999999823e+00 1.906566313186246771e+04 2.139559289585455520e-03
3.110913894480508368e+00 1.111251932953621768e+01 2.810571339051435746e+00 5.738755381367554698e+00 2.247990528811826039e+00 1.530525465477202296e+01 7.001916699802300803e-01 3.097326999999999941e+00 3.016564224176203788e+04 3.377162756682407174e+00 9.072284177109867898e+00 1.459786010862188510e+00 2.080823440295967330e+01 1.585493056184740723e+01 1.499999957552100405e+01 7.235184484739217714e-01 3.013116999999999823e+00 1.906566313534672008e+04 2.156451347640585357e-03
3.108492094826158070e+00 1.111280293658360918e+01 2.813272335312104744e+00 5.739448357716267601e+00 2.247042733395498537e+00 1.530525460791789349e+01 7.001406971382228006e-01 3.097326999999999941e+00 3.016564224252385247e+04 3.377359328810684236e+00 9.078403968495710075e+00 1.460658445748843848e+00 2.081437375609867857e+01 1.585426071492339872e+01 1.500000017082922810e+01 7.234947051706076548e-01 3.013116999999999823e+00 1.906566313601106594e+04 2.164243907681836099e-03
3.109318698609082166e+00 1.111290526587372973e+01 2.813815236026335764e+00 5.739698717197860844e+00 2.246950239817263384e+00 1.530525408808573218e+01 7.001547388686653051e-01 3.097326999999999941e+00 3.016564224270175328e+04 3.377134211025841992e+00 9.080062924443087269e+00 1.460932022129791452e+00 2.081578206096362393e+01 1.585445396401010676e+01 1.500000002474613758e+01 7.234976692440369117e-01 3.013116999999999823e+00 1.906566313617072956e+04 2.171439086639938548e-03
3.109711870621816310e+00 1.111291353242726743e+01 2.813847595191358852e+00 5.739729639545940287e+00 2.246960103505649009e+00 1.530525401576010225e+01 7.001574778217914963e-01 3.097326999999999941e+00 3.016564224271150670e+04 3.376978034946123586e+00 9.080179819274608377e+00 1.461290949344400181e+00 2.081593222696171352e+01 1.585440500988095280e+01 1.500000000376579301e+01 7.234982030102101724e-01 3.013116999999999823e+00 1.906566313617977357e+04 2.173755687835580899e-03
3.109711916960134381e+00 1.111291353242726743e+01 2.813847595191358852e+00 5.739729639545940287e+00 2.246960103505649009e+00 1.530525401576010225e+01 7.001574778217914963e-01 3.097326999999999941e+00 3.016564224271150670e+04 3.376978034946123586e+00 9.080179819274608377e+00 1.461290949344400181e+00 2.081593222696171352e+01 1.585440500988095280e+01 1.500000000376579301e+01 7.234982030102101724e-01 3.013116999999999823e+00 1.906566313617977357e+04 2.173755687835580899e-03
3.109711870621816310e+00 1.111291369802258266e+01 2.813847595191358852e+00 5.739729639545940287e+00 2.246960103505649009e+00 1.530525401576010225e+01 7.001574778217914963e-01 3.097326999999999941e+00 3.016564224271150670e+04 3.376978034946123586e+00 9.080179819274608377e+00 1.461290949344400181e+00 2.081593222696171352e+01 1.585440500988095280e+01 1.500000000376579301e+01 7.234982030102101724e-01 3.013116999999999823e+00 1.906566313617977357e+04 2.173755687835580899e-03
3.109711870621816310e+00 1.111291353242726743e+01 2.813847637120955536e+00 5.739729639545940287e+00 2.246960103505649009e+00 1.530525401576010225e+01 7.001574778217914963e-01 3.097326999999999941e+00 3.016564224271150670e+04 3.376978034946123586e+00 9.080179819274608377e+00 1.461290949344400181e+00 2.081593222696171352e+01 1.585440500988095280e+01 1.500000000376579301e+01 7.234982030102101724e-01 3.013116999999999823e+00 1.906566313617977357e+04 2.173755687835580899e-03
3.109711870621816310e+00 1.111291353242726743e+01 2.813847595191358852e+00 5.739729725074576905e+00 2.246960103505649009e+00 1.530525401576010225e+01 7.001574778217914963e-01 3.097326999999999941e+00 3.016564224271150670e+04 3.376978034946123586e+00 9.080179819274608377e+00 1.461290949344400181e+00 2.081593222696171352e+01 1.585440500988095280e+01 1.500000000376579301e+01 7.234982030102101724e-01 3.013116999999999823e+00 1.906566313617977357e+04 2.173755687835580899e-03
3.109711870621816310e+00 1.111291353242726743e+01 2.813847595191358852e+00 5.739729639545940287e+00 2.246960136987963708e+00 1.530525401576010225e+01 7.001574778217914963e-01 3.097326999999999941e+00 3.016564224271150670e+04 3.376978034946123586e+00 9.080179819274608377e+00 1.461290949344400181e+00 2.081593222696171352e+01 1.585440500988095280e+01 1.500000000376579301e+01 7.234982030102101724e-01 3.013116999999999823e+00 1.906566313617977357e+04 2.173755687835580899e-03
3.109711870621816310e+00 1.111291353242726743e+01 2.813847595191358852e+00 5.739729639545940287e+00 2.246960103505649009e+00 1.530525424382615896e+01 7.001574778217914963e-01 3.097326999999999941e+00 3.016564224271150670e+04 3.376978034946123586e+00 9.080179819274608377e+00 1.461290949344400181e+00 2.081593222696171352e+01 1.585440500988095280e+01 1.500000000376579301e+01 7.234982030102101724e-01 3.013116999999999823e+00 1.906566313617977357e+04 2.173755687835580899e-03
3.109711870621816310e+00 1.111291353242726743e+01 2.813847595191358852e+00 5.739729639545940287e+00 2.246960103505649009e+00 1.530525401576010225e+01 7.001574927229526901e-01 3.097326999999999941e+00 3.016564224271150670e+04 3.376978034946123586e+00 9.080179819274608377e+00 1.461290949344400181e+00 2.081593222696171352e+01 1.585440500988095280e+01 1.500000000376579301e+01 7.234982030102101724e-01 3.013116999999999823e+00 1.906566313617977357e+04 2.173755687835580899e-03
3.109711870621816310e+00 1.111291353242726743e+01 2.813847595191358852e+00 5.739729639545940287e+00 2.246960103505649009e+00 1.530525401576010225e+01 7.001574778217914963e-01 3.097326999999999941e+00 3.016564269221460563e+04 3.376978034946123586e+00 9.080179819274608377e+00 1.461290949344400181e+00 2.081593222696171352e+01 1.585440500988095280e+01 1.500000000376579301e+01 7.234982030102101724e-01 3.013116999999999823e+00 1.906566313617977357e+04 2.173755687835580899e-03
3.109711870621816310e+00 1.111291353242726743e+01 2.813847595191358852e+00 5.739729639545940287e+00 2.246960103505649009e+00 1.530525401576010225e+01 7.001574778217914963e-01 3.097326999999999941e+00 3.016564224271150670e+04 3.376978085267017704e+00 9.080179819274608377e+00 1.461290949344400181e+00 2.081593222696171352e+01 1.585440500988095280e+01 1.500000000376579301e+01 7.234982030102101724e-01 3.013116999999999823e+00 1.906566313617977357e+04 2.173755687835580899e-03
3.109711870621816310e+00 1.111291353242726743e+01 2.813847595191358852e+00 5.739729639545940287e+00 2.246960103505649009e+00 1.530525401576010225e+01 7.001574778217914963e-01 3.097326999999999941e+00 3.016564224271150670e+04 3.376978034946123586e+00 9.080179954579831403e+00 1.461290949344400181e+00 2.081593222696171352e+01 1.585440500988095280e+01 1.500000000376579301e+01 7.234982030102101724e-01 3.013116999999999823e+00 1.906566313617977357e+04 2.173755687835580899e-03
3.109711870621816310e+00 1.111291353242726743e+01 2.813847595191358852e+00 5.739729639545940287e+00 2.246960103505649009e+00 1.530525401576010225e+01 7.001574778217914963e-01 3.097326999999999941e+00 3.016564224271150670e+04 3.376978034946123586e+00 9.080179819274608377e+00 1.461290971119332260e+00 2.081593222696171352e+01 1.585440500988095280e+01 1.500000000376579301e+01 7.234982030102101724e-01 3.013116999999999823e+00 1.906566313617977357e+04 2.173755687835580899e-03
3.109711870621816310e+00 1.111291353242726743e+01 2.813847595191358852e+00 5.739729639545940287e+00 2.246960103505649009e+00 1.530525401576010225e+01 7.001574778217914963e-01 3.097326999999999941e+00 3.016564224271150670e+04 3.376978034946123586e+00 9.080179819274608377e+00 1.461290949344400181e+00 2.081593253714327574e+01 1.585440500988095280e+01 1.500000000376579301e+01 7.234982030102101724e-01 3.013116999999999823e+00 1.906566313617977357e+04 2.173755687835580899e-03
3.109711870621816310e+00 1.111291353242726743e+01 2.813847595191358852e+00 5.739729639545940287e+00 2.246960103505649009e+00 1.530525401576010225e+01 7.001574778217914963e-01 3.097326999999999941e+00 3.016564224271150670e+04 3.376978034946123586e+00 9.080179819274608377e+00 1.461290949344400181e+00 2.081593222696171352e+01 1.585440524612999802e+01 1.500000000376579301e+01 7.234982030102101724e-01 3.013116999999999823e+00 1.906566313617977357e+04 2.173755687835580899e-03
3.109711870621816310e+00 1.111291353242726743e+01 2.813847595191358852e+00 5.739729639545940287e+00 2.246960103505649009e+00 1.530525401576010225e+01 7.001574778217914963e-01 3.097326999999999941e+00 3.016564224271150670e+04 3.376978034946123586e+00 9.080179819274608377e+00 1.461290949344400181e+00 2.081593222696171352e+01 1.585440500988095280e+01 1.500000022728321092e+01 7.234982030102101724e-01 3.013116999999999823e+00 1.906566313617977357e+04 2.173755687835580899e-03
3.109711870621816310e+00 1.111291353242726743e+01 2.813847595191358852e+00 5.739729639545940287e+00 2.246960103505649009e+00 1.530525401576010225e+01 7.001574778217914963e-01 3.097326999999999941e+00 3.016564224271150670e+04 3.376978034946123586e+00 9.080179819274608377e+00 1.461290949344400181e+00 2.081593222696171352e+01 1.585440500988095280e+01 1.500000000376579301e+01 7.234982179113713663e-01 3.013116999999999823e+00 1.906566313617977357e+04 2.173755687835580899e-03
3.109711870621816310e+00 1.111291353242726743e+01 2.813847595191358852e+00 5.739729639545940287e+00 2.246960103505649009e+00 1.530525401576010225e+01 7.001574778217914963e-01 3.097326999999999941e+00 3.016564224271150670e+04 3.376978034946123586e+00 9.080179819274608377e+00 1.461290949344400181e+00 2.081593222696171352e+01 1.585440500988095280e+01 1.500000000376579301e+01 7.234982030102101724e-01 3.013116999999999823e+00 1.906566342028029248e+04 2.173755687835580899e-03
3.109711870621816310e+00 1.111291353242726743e+01 2.813847595191358852e+00 5.739729639545940287e+00 2.246960103505649009e+00 1.530525401576010225e+01 7.001574778217914963e-01 3.097326999999999941e+00 3.016564224271150670e+04 3.376978034946123586e+00 9.080179819274608377e+00 1.461290949344400181e+00 2.081593222696171352e+01 1.585440500988095280e+01 1.500000000376579301e+01 7.234982030102101724e-01 3.013116999999999823e+00 1.906566313617977357e+04 2.173770588996774746e-03
