3.087650934657077961e+00 8.727828235349395669e+00 1.328995416079758352e+00 2.991315413357986674e-01 5.461103424809400764e+01 1.549994700000000059e+01 7.954442999999999930e-01 3.681439999999999824e+00 2.653831939276640696e+04 4.823950033135485267e-03
3.087650980666662104e+00 8.727828235349395669e+00 1.328995416079758352e+00 2.991315413357986674e-01 5.461103424809400764e+01 1.549994700000000059e+01 7.954442999999999930e-01 3.681439999999999824e+00 2.653831939276640696e+04 4.823950033135485267e-03
3.087650934657077961e+00 8.727828365404171507e+00 1.328995416079758352e+00 2.991315413357986674e-01 5.461103424809400764e+01 1.549994700000000059e+01 7.954442999999999930e-01 3.681439999999999824e+00 2.653831939276640696e+04 4.823950033135485267e-03
3.087650934657077961e+00 8.727828235349395669e+00 1.328995435883333354e+00 2.991315413357986674e-01 5.461103424809400764e+01 1.549994700000000059e+01 7.954442999999999930e-01 3.681439999999999824e+00 2.653831939276640696e+04 4.823950033135485267e-03
3.087650934657077961e+00 8.727828235349395669e+00 1.328995416079758352e+00 2.991315562369598613e-01 5.461103424809400764e+01 1.549994700000000059e+01 7.954442999999999930e-01 3.681439999999999824e+00 2.653831939276640696e+04 4.823950033135485267e-03
3.087650934657077961e+00 8.727828235349395669e+00 1.328995416079758352e+00 2.991315413357986674e-01 5.461103506186183409e+01 1.549994700000000059e+01 7.954442999999999930e-01 3.681439999999999824e+00 2.653831939276640696e+04 4.823950033135485267e-03
3.087650934657077961e+00 8.727828235349395669e+00 1.328995416079758352e+00 2.991315413357986674e-01 5.461103424809400764e+01 1.549994723096720861e+01 7.954442999999999930e-01 3.681439999999999824e+00 2.653831939276640696e+04 4.823950033135485267e-03
3.087650934657077961e+00 8.727828235349395669e+00 1.328995416079758352e+00 2.991315413357986674e-01 5.461103424809400764e+01 1.549994700000000059e+01 7.954443149011611869e-01 3.681439999999999824e+00 2.653831939276640696e+04 4.823950033135485267e-03
3.087650934657077961e+00 8.727828235349395669e+00 1.328995416079758352e+00 2.991315413357986674e-01 5.461103424809400764e+01 1.549994700000000059e+01 7.954442999999999930e-01 3.681439999999999824e+00 2.653831978821818120e+04 4.823950033135485267e-03
3.087650934657077961e+00 8.727828235349395669e+00 1.328995416079758352e+00 2.991315413357986674e-01 5.461103424809400764e+01 1.549994700000000059e+01 7.954442999999999930e-01 3.681439999999999824e+00 2.653831939276640696e+04 4.823964934296679115e-03
3.117081404798598854e+00 6.567923490488496441e+00 1.357497494131037818e+00 3.002792613757464535e-01 5.523304414455267874e+01 1.546794859115643739e+01 9.683157766178689396e-01 3.681439999999999824e+00 3.758297987670305884e+04 1.218050516405859776e-02
3.033091880852760269e+00 7.140177639254350339e+00 1.310112590020857892e+00 2.779493993631801940e-01 5.349531478818149566e+01 1.549796757877448528e+01 9.999539749327456262e-01 3.681439999999999824e+00 2.787268066166465724e+04 4.757079496764651978e-03
3.023979114023084058e+00 7.239043061554800040e+00 1.304748159562733045e+00 2.756517918914893062e-01 5.330652731919261100e+01 1.550162783204159567e+01 9.999645141653776825e-01 3.681439999999999824e+00 2.667569259142490409e+04 3.862399329833629893e-03
3.023038486385371648e+00 7.249266447454385087e+00 1.304195302130873202e+00 2.754130677385851489e-01 5.328704056650818188e+01 1.550200653146571739e+01 9.999658160709963273e-01 3.681439999999999824e+00 2.655212912589629195e+04 3.770084663750580475e-03
3.022934979672535771e+00 7.268697073326565672e+00 1.305132454201791470e+00 2.736227889003739477e-01 5.328537975958078476e+01 1.550291213012613234e+01 9.999665894178259018e-01 3.681439999999999824e+00 2.653833391357284199e+04 3.806213830570649714e-03
3.047576599740229764e+00 8.391598217336991183e+00 1.342860110016579789e+00 2.669022096196880245e-01 5.418605259626803416e+01 1.550194891358635729e+01 9.155084810253095728e-01 3.681439999999999824e+00 2.653831971032586080e+04 5.566055828852290062e-03
3.061910649574298926e+00 8.693343450370088377e+00 1.345521534462459812e+00 2.930407158188864103e-01 5.456142034769182203e+01 1.549995207760485805e+01 8.694482296392830323e-01 3.681439999999999824e+00 2.653831943156874331e+04 5.729503017060633661e-03
3.080788922054528367e+00 8.728089406311733356e+00 1.333138331014081412e+00 2.987727391097565466e-01 5.461056214621667948e+01 1.549987599948599559e+01 8.156400925992426387e-01 3.681439999999999824e+00 2.653831939530355521e+04 5.094715241992526372e-03
3.085930754421708500e+00 8.728021195708389968e+00 1.329999032372784162e+00 2.990602356037647680e-01 5.461108802171268195e+01 1.549992829439605657e+01 8.004949126417648664e-01 3.681439999999999824e+00 2.653831939329627858e+04 4.891653361200948638e-03
3.087207676635908449e+00 8.727882715918141798e+00 1.329242796486963529e+00 2.991145967264716710e-01 5.461105469716694216e+01 1.549994228438211685e+01 7.967060237589427274e-01 3.681439999999999824e+00 2.653831939289387083e+04 4.840575116345081745e-03
3.087527196897192905e+00 8.727842281336721797e+00 1.329055438740660566e+00 2.991273472521897014e-01 5.461103856420348279e+01 1.549994582541619614e+01 7.957586927048693193e-01 3.681439999999999824e+00 2.653831939279801009e+04 4.827732221725331181e-03
3.087527242904933189e+00 8.727842281336721797e+00 1.329055438740660566e+00 2.991273472521897014e-01 5.461103856420348279e+01 1.549994582541619614e+01 7.957586927048693193e-01 3.681439999999999824e+00 2.653831939279801009e+04 4.827732221725331181e-03
3.087527196897192905e+00 8.727842411391707245e+00 1.329055438740660566e+00 2.991273472521897014e-01 5.461103856420348279e+01 1.549994582541619614e+01 7.957586927048693193e-01 3.681439999999999824e+00 2.653831939279801009e+04 4.827732221725331181e-03
3.087527196897192905e+00 8.727842281336721797e+00 1.329055458545129964e+00 2.991273472521897014e-01 5.461103856420348279e+01 1.549994582541619614e+01 7.957586927048693193e-01 3.681439999999999824e+00 2.653831939279801009e+04 4.827732221725331181e-03
3.087527196897192905e+00 8.727842281336721797e+00 1.329055438740660566e+00 2.991273621533508953e-01 5.461103856420348279e+01 1.549994582541619614e+01 7.957586927048693193e-01 3.681439999999999824e+00 2.653831939279801009e+04 4.827732221725331181e-03
3.087527196897192905e+00 8.727842281336721797e+00 1.329055438740660566e+00 2.991273472521897014e-01 5.461103937797137320e+01 1.549994582541619614e+01 7.957586927048693193e-01 3.681439999999999824e+00 2.653831939279801009e+04 4.827732221725331181e-03
3.087527196897192905e+00 8.727842281336721797e+00 1.329055438740660566e+00 2.991273472521897014e-01 5.461103856420348279e+01 1.549994605638338818e+01 7.957586927048693193e-01 3.681439999999999824e+00 2.653831939279801009e+04 4.827732221725331181e-03
3.087527196897192905e+00 8.727842281336721797e+00 1.329055438740660566e+00 2.991273472521897014e-01 5.461103856420348279e+01 1.549994582541619614e+01 7.957587076060305131e-01 3.681439999999999824e+00 2.653831939279801009e+04 4.827732221725331181e-03
3.087527196897192905e+00 8.727842281336721797e+00 1.329055438740660566e+00 2.991273472521897014e-01 5.461103856420348279e+01 1.549994582541619614e+01 7.957586927048693193e-01 3.681439999999999824e+00 2.653831978824978432e+04 4.827732221725331181e-03
3.087527196897192905e+00 8.727842281336721797e+00 1.329055438740660566e+00 2.991273472521897014e-01 5.461103856420348279e+01 1.549994582541619614e+01 7.957586927048693193e-01 3.681439999999999824e+00 2.653831939279801009e+04 4.827747122886525029e-03
3.087071749648335306e+00 8.727858808550752912e+00 1.329061965441841187e+00 2.991248851192115366e-01 5.461099828550663915e+01 1.549994480778042671e+01 7.963643834199624072e-01 3.681439999999999824e+00 2.653831939283348765e+04 4.843703600597493164e-03
3.087398882254159815e+00 8.727846591496231099e+00 1.329054568721080409e+00 2.991267312912072041e-01 5.461102680424424705e+01 1.549994558031447944e+01 7.959071136839972471e-01 3.681439999999999824e+00 2.653831939280685037e+04 4.831283665157356730e-03
3.087398928259988296e+00 8.727846591496231099e+00 1.329054568721080409e+00 2.991267312912072041e-01 5.461102680424424705e+01 1.549994558031447944e+01 7.959071136839972471e-01 3.681439999999999824e+00 2.653831939280685037e+04 4.831283665157356730e-03
3.087398882254159815e+00 8.727846721551280496e+00 1.329054568721080409e+00 2.991267312912072041e-01 5.461102680424424705e+01 1.549994558031447944e+01 7.959071136839972471e-01 3.681439999999999824e+00 2.653831939280685037e+04 4.831283665157356730e-03
3.087398882254159815e+00 8.727846591496231099e+00 1.329054588525536706e+00 2.991267312912072041e-01 5.461102680424424705e+01 1.549994558031447944e+01 7.959071136839972471e-01 3.681439999999999824e+00 2.653831939280685037e+04 4.831283665157356730e-03
3.087398882254159815e+00 8.727846591496231099e+00 1.329054568721080409e+00 2.991267461923683979e-01 5.461102680424424705e+01 1.549994558031447944e+01 7.959071136839972471e-01 3.681439999999999824e+00 2.653831939280685037e+04 4.831283665157356730e-03
3.087398882254159815e+00 8.727846591496231099e+00 1.329054568721080409e+00 2.991267312912072041e-01 5.461102761801195982e+01 1.549994558031447944e+01 7.959071136839972471e-01 3.681439999999999824e+00 2.653831939280685037e+04 4.831283665157356730e-03
3.087398882254159815e+00 8.727846591496231099e+00 1.329054568721080409e+00 2.991267312912072041e-01 5.461102680424424705e+01 1.549994581128166615e+01 7.959071136839972471e-01 3.681439999999999824e+00 2.653831939280685037e+04 4.831283665157356730e-03
3.087398882254159815e+00 8.727846591496231099e+00 1.329054568721080409e+00 2.991267312912072041e-01 5.461102680424424705e+01 1.549994558031447944e+01 7.959071285851584410e-01 3.681439999999999824e+00 2.653831939280685037e+04 4.831283665157356730e-03
3.087398882254159815e+00 8.727846591496231099e+00 1.329054568721080409e+00 2.991267312912072041e-01 5.461102680424424705e+01 1.549994558031447944e+01 7.959071136839972471e-01 3.681439999999999824e+00 2.653831978825862461e+04 4.831283665157356730e-03
3.087398882254159815e+00 8.727846591496231099e+00 1.329054568721080409e+00 2.991267312912072041e-01 5.461102680424424705e+01 1.549994558031447944e+01 7.959071136839972471e-01 3.681439999999999824e+00 2.653831939280685037e+04 4.831298566318550577e-03
