3.125318717404534485e+00 7.739400007615950372e+00 1.174779100400758836e+00 1.000000000000000036e-10 3.711258186080733168e+01 1.549994700000000059e+01 7.954442999999999930e-01 3.681439999999999824e+00 2.216610581376364280e+04 1.147238323552168858e-03
3.125318763975412306e+00 7.739400007615950372e+00 1.174779100400758836e+00 1.000000000000000036e-10 3.711258186080733168e+01 1.549994700000000059e+01 7.954442999999999930e-01 3.681439999999999824e+00 2.216610581376364280e+04 1.147238323552168858e-03
3.125318717404534485e+00 7.739400122941997751e+00 1.174779100400758836e+00 1.000000000000000036e-10 3.711258186080733168e+01 1.549994700000000059e+01 7.954442999999999930e-01 3.681439999999999824e+00 2.216610581376364280e+04 1.147238323552168858e-03
3.125318717404534485e+00 7.739400007615950372e+00 1.174779117906331605e+00 1.000000000000000036e-10 3.711258186080733168e+01 1.549994700000000059e+01 7.954442999999999930e-01 3.681439999999999824e+00 2.216610581376364280e+04 1.147238323552168858e-03
3.125318717404534485e+00 7.739400007615950372e+00 1.174779100400758836e+00 1.500116119384765715e-08 3.711258186080733168e+01 1.549994700000000059e+01 7.954442999999999930e-01 3.681439999999999824e+00 2.216610581376364280e+04 1.147238323552168858e-03
3.125318717404534485e+00 7.739400007615950372e+00 1.174779100400758836e+00 1.000000000000000036e-10 3.711258241382789436e+01 1.549994700000000059e+01 7.954442999999999930e-01 3.681439999999999824e+00 2.216610581376364280e+04 1.147238323552168858e-03
3.125318717404534485e+00 7.739400007615950372e+00 1.174779100400758836e+00 1.000000000000000036e-10 3.711258186080733168e+01 1.549994723096720861e+01 7.954442999999999930e-01 3.681439999999999824e+00 2.216610581376364280e+04 1.147238323552168858e-03
3.125318717404534485e+00 7.739400007615950372e+00 1.174779100400758836e+00 1.000000000000000036e-10 3.711258186080733168e+01 1.549994700000000059e+01 7.954443149011611869e-01 3.681439999999999824e+00 2.216610581376364280e+04 1.147238323552168858e-03
3.125318717404534485e+00 7.739400007615950372e+00 1.174779100400758836e+00 1.000000000000000036e-10 3.711258186080733168e+01 1.549994700000000059e+01 7.954442999999999930e-01 3.681439999999999824e+00 2.216610614406435707e+04 1.147238323552168858e-03
3.125318717404534485e+00 7.739400007615950372e+00 1.174779100400758836e+00 1.000000000000000036e-10 3.711258186080733168e+01 1.549994700000000059e+01 7.954442999999999930e-01 3.681439999999999824e+00 2.216610581376364280e+04 1.147253224713362706e-03
3.075347150147825115e+00 7.717517028155035597e+00 1.177840436951747227e+00 4.648266265944730862e-12 4.144573408510642309e+01 1.599405109906149214e+01 7.887269328523429657e-01 3.681439999999999824e+00 2.213977313839870476e+04 1.180228167824196343e-03
3.119490440995133174e+00 7.815560171290664826e+00 1.177847055408436816e+00 4.626307361621490565e-12 3.794171874196406691e+01 1.599393004465658485e+01 7.887483047861713059e-01 3.681439999999999824e+00 2.214038636473494989e+04 1.180226588412300586e-03
3.128983348938328302e+00 7.816721253866544039e+00 1.177189582764718079e+00 3.385293293980530239e-11 3.711295394625027200e+01 1.569299478920189905e+01 7.891040223781319307e-01 3.681439999999999824e+00 2.216553408253052112e+04 1.192094341789871675e-03
3.128137358262740975e+00 7.801943829419099252e+00 1.176495691741068050e+00 7.748874299377456134e-11 3.711285053925557520e+01 1.554552722565607858e+01 7.897945584339558511e-01 3.681439999999999824e+00 2.216602267844572998e+04 1.187874880272057725e-03
3.126999095322703592e+00 7.774937023977989803e+00 1.175847389268062759e+00 9.581757090656073309e-11 3.711273266950583860e+01 1.550739420194660845e+01 7.918329195267762577e-01 3.681439999999999824e+00 2.216610714851012381e+04 1.166717364746526660e-03
3.125951111675001837e+00 7.749002651265286090e+00 1.175291817164660024e+00 9.930253893036078312e-11 3.711262474317391025e+01 1.550115384400753271e+01 7.939222535886232279e-01 3.681439999999999824e+00 2.216610805484921366e+04 1.145082666971946163e-03
3.125579417833522999e+00 7.740876193154861973e+00 1.175048039376904940e+00 9.988052635362019172e-11 3.711259051119066754e+01 1.550015376724867799e+01 7.947292415775583097e-01 3.681439999999999824e+00 2.216610597376547594e+04 1.140377117764441789e-03
3.125397154461751814e+00 7.739463956740794792e+00 1.174848679856088873e+00 9.998564785192129676e-11 3.711258308197993472e+01 1.549997218538875998e+01 7.952274929500776635e-01 3.681439999999999824e+00 2.216610573547969398e+04 1.144693029031109994e-03
3.125397201033798478e+00 7.739463956740794792e+00 1.174848679856088873e+00 9.998564785192129676e-11 3.711258308197993472e+01 1.549997218538875998e+01 7.952274929500776635e-01 3.681439999999999824e+00 2.216610573547969398e+04 1.144693029031109994e-03
3.125397154461751814e+00 7.739464072067795186e+00 1.174848679856088873e+00 9.998564785192129676e-11 3.711258308197993472e+01 1.549997218538875998e+01 7.952274929500776635e-01 3.681439999999999824e+00 2.216610573547969398e+04 1.144693029031109994e-03
3.125397154461751814e+00 7.739463956740794792e+00 1.174848697362698369e+00 9.998564785192129676e-11 3.711258308197993472e+01 1.549997218538875998e+01 7.952274929500776635e-01 3.681439999999999824e+00 2.216610573547969398e+04 1.144693029031109994e-03
3.125397154461751814e+00 7.739463956740794792e+00 1.174848679856088873e+00 1.500114684169957784e-08 3.711258308197993472e+01 1.549997218538875998e+01 7.952274929500776635e-01 3.681439999999999824e+00 2.216610573547969398e+04 1.144693029031109994e-03
3.125397154461751814e+00 7.739463956740794792e+00 1.174848679856088873e+00 9.998564785192129676e-11 3.711258363500051871e+01 1.549997218538875998e+01 7.952274929500776635e-01 3.681439999999999824e+00 2.216610573547969398e+04 1.144693029031109994e-03
3.125397154461751814e+00 7.739463956740794792e+00 1.174848679856088873e+00 9.998564785192129676e-11 3.711258308197993472e+01 1.549997241635634460e+01 7.952274929500776635e-01 3.681439999999999824e+00 2.216610573547969398e+04 1.144693029031109994e-03
3.125397154461751814e+00 7.739463956740794792e+00 1.174848679856088873e+00 9.998564785192129676e-11 3.711258308197993472e+01 1.549997218538875998e+01 7.952275078512388573e-01 3.681439999999999824e+00 2.216610573547969398e+04 1.144693029031109994e-03
3.125397154461751814e+00 7.739463956740794792e+00 1.174848679856088873e+00 9.998564785192129676e-11 3.711258308197993472e+01 1.549997218538875998e+01 7.952274929500776635e-01 3.681439999999999824e+00 2.216610606578040824e+04 1.144693029031109994e-03
3.125397154461751814e+00 7.739463956740794792e+00 1.174848679856088873e+00 9.998564785192129676e-11 3.711258308197993472e+01 1.549997218538875998e+01 7.952274929500776635e-01 3.681439999999999824e+00 2.216610573547969398e+04 1.144707930192303841e-03
3.125518931517262011e+00 7.740247769965558078e+00 1.175025080591981519e+00 9.992313406369316772e-11 3.711258723189794040e+01 1.550007969182431289e+01 7.950587300591110962e-01 3.681439999999999824e+00 2.216610581270863622e+04 1.139882393154107625e-03
3.125518978091123223e+00 7.740247769965558078e+00 1.175025080591981519e+00 9.992313406369316772e-11 3.711258723189794040e+01 1.550007969182431289e+01 7.950587300591110962e-01 3.681439999999999824e+00 2.216610581270863622e+04 1.139882393154107625e-03
3.125518931517262011e+00 7.740247885304238018e+00 1.175025080591981519e+00 9.992313406369316772e-11 3.711258723189794040e+01 1.550007969182431289e+01 7.950587300591110962e-01 3.681439999999999824e+00 2.216610581270863622e+04 1.139882393154107625e-03
3.125518931517262011e+00 7.740247769965558078e+00 1.175025098101219578e+00 9.992313406369316772e-11 3.711258723189794040e+01 1.550007969182431289e+01 7.950587300591110962e-01 3.681439999999999824e+00 2.216610581270863622e+04 1.139882393154107625e-03
3.125518931517262011e+00 7.740247769965558078e+00 1.175025080591981519e+00 1.500108432791134881e-08 3.711258723189794040e+01 1.550007969182431289e+01 7.950587300591110962e-01 3.681439999999999824e+00 2.216610581270863622e+04 1.139882393154107625e-03
3.125518931517262011e+00 7.740247769965558078e+00 1.175025080591981519e+00 9.992313406369316772e-11 3.711258778491858834e+01 1.550007969182431289e+01 7.950587300591110962e-01 3.681439999999999824e+00 2.216610581270863622e+04 1.139882393154107625e-03
3.125518931517262011e+00 7.740247769965558078e+00 1.175025080591981519e+00 9.992313406369316772e-11 3.711258723189794040e+01 1.550007992279349978e+01 7.950587300591110962e-01 3.681439999999999824e+00 2.216610581270863622e+04 1.139882393154107625e-03
3.125518931517262011e+00 7.740247769965558078e+00 1.175025080591981519e+00 9.992313406369316772e-11 3.711258723189794040e+01 1.550007969182431289e+01 7.950587449602722900e-01 3.681439999999999824e+00 2.216610581270863622e+04 1.139882393154107625e-03
3.125518931517262011e+00 7.740247769965558078e+00 1.175025080591981519e+00 9.992313406369316772e-11 3.711258723189794040e+01 1.550007969182431289e+01 7.950587300591110962e-01 3.681439999999999824e+00 2.216610614300935049e+04 1.139882393154107625e-03
3.125518931517262011e+00 7.740247769965558078e+00 1.175025080591981519e+00 9.992313406369316772e-11 3.711258723189794040e+01 1.550007969182431289e+01 7.950587300591110962e-01 3.681439999999999824e+00 2.216610581270863622e+04 1.139897294315301473e-03
3.125590557529804414e+00 7.740929368291998180e+00 1.175147571286741854e+00 9.961729590389172372e-11 3.711260552811317837e+01 1.550060037141996538e+01 7.947462150786619439e-01 3.681439999999999824e+00 2.216610715232314396e+04 1.138183137099364490e-03
3.125550131233894913e+00 7.740355980144252079e+00 1.175088225589127955e+00 9.986864228507726892e-11 3.711259033681297836e+01 1.550017260891186943e+01 7.948850503966189418e-01 3.681439999999999824e+00 2.216610597234785746e+04 1.138915723788698790e-03
3.125519893901105295e+00 7.740262139961015642e+00 1.175035971134705370e+00 9.991448764171825939e-11 3.711258761224517144e+01 1.550009447714808886e+01 7.950042761118742973e-01 3.681439999999999824e+00 2.216610582640415305e+04 1.140337933312724795e-03
3.125519940474981162e+00 7.740262139961015642e+00 1.175035971134705370e+00 9.991448764171825939e-11 3.711258761224517144e+01 1.550009447714808886e+01 7.950042761118742973e-01 3.681439999999999824e+00 2.216610582640415305e+04 1.140337933312724795e-03
3.125519893901105295e+00 7.740262255299909633e+00 1.175035971134705370e+00 9.991448764171825939e-11 3.711258761224517144e+01 1.550009447714808886e+01 7.950042761118742973e-01 3.681439999999999824e+00 2.216610582640415305e+04 1.140337933312724795e-03
3.125519893901105295e+00 7.740262139961015642e+00 1.175035988644105744e+00 9.991448764171825939e-11 3.711258761224517144e+01 1.550009447714808886e+01 7.950042761118742973e-01 3.681439999999999824e+00 2.216610582640415305e+04 1.140337933312724795e-03
3.125519893901105295e+00 7.740262139961015642e+00 1.175035971134705370e+00 1.500107568148937452e-08 3.711258761224517144e+01 1.550009447714808886e+01 7.950042761118742973e-01 3.681439999999999824e+00 2.216610582640415305e+04 1.140337933312724795e-03
3.125519893901105295e+00 7.740262139961015642e+00 1.175035971134705370e+00 9.991448764171825939e-11 3.711258816526581938e+01 1.550009447714808886e+01 7.950042761118742973e-01 3.681439999999999824e+00 2.216610582640415305e+04 1.140337933312724795e-03
3.125519893901105295e+00 7.740262139961015642e+00 1.175035971134705370e+00 9.991448764171825939e-11 3.711258761224517144e+01 1.550009470811749601e+01 7.950042761118742973e-01 3.681439999999999824e+00 2.216610582640415305e+04 1.140337933312724795e-03
3.125519893901105295e+00 7.740262139961015642e+00 1.175035971134705370e+00 9.991448764171825939e-11 3.711258761224517144e+01 1.550009447714808886e+01 7.950042910130354912e-01 3.681439999999999824e+00 2.216610582640415305e+04 1.140337933312724795e-03
3.125519893901105295e+00 7.740262139961015642e+00 1.175035971134705370e+00 9.991448764171825939e-11 3.711258761224517144e+01 1.550009447714808886e+01 7.950042761118742973e-01 3.681439999999999824e+00 2.216610615670486732e+04 1.140337933312724795e-03
3.125519893901105295e+00 7.740262139961015642e+00 1.175035971134705370e+00 9.991448764171825939e-11 3.711258761224517144e+01 1.550009447714808886e+01 7.950042761118742973e-01 3.681439999999999824e+00 2.216610582640415305e+04 1.140352834473918643e-03
