3.205843000000000220e+00 7.511125999999999969e+00 1.235333999999999932e+00 1.528337999999999867e-05 3.753042800000000057e+01 1.549994700000000059e+01 7.954442999999999930e-01 3.681439999999999824e+00 2.571453499999999985e+04 0.000000000000000000e+00
3.205843047770783549e+00 7.511125999999999969e+00 1.235333999999999932e+00 1.528337999999999867e-05 3.753042800000000057e+01 1.549994700000000059e+01 7.954442999999999930e-01 3.681439999999999824e+00 2.571453499999999985e+04 0.000000000000000000e+00
3.205843000000000220e+00 7.511126111924498971e+00 1.235333999999999932e+00 1.528337999999999867e-05 3.753042800000000057e+01 1.549994700000000059e+01 7.954442999999999930e-01 3.681439999999999824e+00 2.571453499999999985e+04 0.000000000000000000e+00
3.205843000000000220e+00 7.511125999999999969e+00 1.235334018407910905e+00 1.528337999999999867e-05 3.753042800000000057e+01 1.549994700000000059e+01 7.954442999999999930e-01 3.681439999999999824e+00 2.571453499999999985e+04 0.000000000000000000e+00
3.205843000000000220e+00 7.511125999999999969e+00 1.235333999999999932e+00 1.529828116119384633e-05 3.753042800000000057e+01 1.549994700000000059e+01 7.954442999999999930e-01 3.681439999999999824e+00 2.571453499999999985e+04 0.000000000000000000e+00
3.205843000000000220e+00 7.511125999999999969e+00 1.235333999999999932e+00 1.528337999999999867e-05 3.753042855924695687e+01 1.549994700000000059e+01 7.954442999999999930e-01 3.681439999999999824e+00 2.571453499999999985e+04 0.000000000000000000e+00
3.205843000000000220e+00 7.511125999999999969e+00 1.235333999999999932e+00 1.528337999999999867e-05 3.753042800000000057e+01 1.549994700000000059e+01 7.954442999999999930e-01 3.681439999999999824e+00 2.571453538317642960e+04 0.000000000000000000e+00
3.205843000000000220e+00 7.511125999999999969e+00 1.235333999999999932e+00 1.528337999999999867e-05 3.753042800000000057e+01 1.549994700000000059e+01 7.954442999999999930e-01 3.681439999999999824e+00 2.571453499999999985e+04 1.490116119384765625e-08
3.205864824771254451e+00 7.511110846125646390e+00 1.235343335728806169e+00 1.572558115078301363e-05 3.753042818268306746e+01 1.549994700000000059e+01 7.954442999999999930e-01 3.681439999999999824e+00 2.571453497777688608e+04 6.934583668670759845e-04
3.205864872542362853e+00 7.511110846125646390e+00 1.235343335728806169e+00 1.572558115078301363e-05 3.753042818268306746e+01 1.549994700000000059e+01 7.954442999999999930e-01 3.681439999999999824e+00 2.571453497777688608e+04 6.934583668670759845e-04
3.205864824771254451e+00 7.511110958049919795e+00 1.235343335728806169e+00 1.572558115078301363e-05 3.753042818268306746e+01 1.549994700000000059e+01 7.954442999999999930e-01 3.681439999999999824e+00 2.571453497777688608e+04 6.934583668670759845e-04
3.205864824771254451e+00 7.511110846125646390e+00 1.235343354136856364e+00 1.572558115078301363e-05 3.753042818268306746e+01 1.549994700000000059e+01 7.954442999999999930e-01 3.681439999999999824e+00 2.571453497777688608e+04 6.934583668670759845e-04
3.205864824771254451e+00 7.511110846125646390e+00 1.235343335728806169e+00 1.574048231197686129e-05 3.753042818268306746e+01 1.549994700000000059e+01 7.954442999999999930e-01 3.681439999999999824e+00 2.571453497777688608e+04 6.934583668670759845e-04
3.205864824771254451e+00 7.511110846125646390e+00 1.235343335728806169e+00 1.572558115078301363e-05 3.753042874193003087e+01 1.549994700000000059e+01 7.954442999999999930e-01 3.681439999999999824e+00 2.571453497777688608e+04 6.934583668670759845e-04
3.205864824771254451e+00 7.511110846125646390e+00 1.235343335728806169e+00 1.572558115078301363e-05 3.753042818268306746e+01 1.549994700000000059e+01 7.954442999999999930e-01 3.681439999999999824e+00 2.571453536095331583e+04 6.934583668670759845e-04
3.205864824771254451e+00 7.511110846125646390e+00 1.235343335728806169e+00 1.572558115078301363e-05 3.753042818268306746e+01 1.549994700000000059e+01 7.954442999999999930e-01 3.681439999999999824e+00 2.571453497777688608e+04 6.934732680282698321e-04
3.168415975932663109e+00 7.237528642717340865e+00 1.239433078549736056e+00 1.556972164311479841e-05 3.707347649036285020e+01 1.549994700000000059e+01 7.954442999999999930e-01 3.681439999999999824e+00 2.554978557216694026e+04 2.422112868837706778e-03
3.168416023145740112e+00 7.237528642717340865e+00 1.239433078549736056e+00 1.556972164311479841e-05 3.707347649036285020e+01 1.549994700000000059e+01 7.954442999999999930e-01 3.681439999999999824e+00 2.554978557216694026e+04 2.422112868837706778e-03
3.168415975932663109e+00 7.237528750564921509e+00 1.239433078549736056e+00 1.556972164311479841e-05 3.707347649036285020e+01 1.549994700000000059e+01 7.954442999999999930e-01 3.681439999999999824e+00 2.554978557216694026e+04 2.422112868837706778e-03
3.168415975932663109e+00 7.237528642717340865e+00 1.239433097018728169e+00 1.556972164311479841e-05 3.707347649036285020e+01 1.549994700000000059e+01 7.954442999999999930e-01 3.681439999999999824e+00 2.554978557216694026e+04 2.422112868837706778e-03
3.168415975932663109e+00 7.237528642717340865e+00 1.239433078549736056e+00 1.558462280430864607e-05 3.707347649036285020e+01 1.549994700000000059e+01 7.954442999999999930e-01 3.681439999999999824e+00 2.554978557216694026e+04 2.422112868837706778e-03
3.168415975932663109e+00 7.237528642717340865e+00 1.239433078549736056e+00 1.556972164311479841e-05 3.707347704280069678e+01 1.549994700000000059e+01 7.954442999999999930e-01 3.681439999999999824e+00 2.554978557216694026e+04 2.422112868837706778e-03
3.168415975932663109e+00 7.237528642717340865e+00 1.239433078549736056e+00 1.556972164311479841e-05 3.707347649036285020e+01 1.549994700000000059e+01 7.954442999999999930e-01 3.681439999999999824e+00 2.554978595288841461e+04 2.422112868837706778e-03
3.168415975932663109e+00 7.237528642717340865e+00 1.239433078549736056e+00 1.556972164311479841e-05 3.707347649036285020e+01 1.549994700000000059e+01 7.954442999999999930e-01 3.681439999999999824e+00 2.554978557216694026e+04 2.422127769998900625e-03
3.156830733264918365e+00 7.213744312224869226e+00 1.237597184463833599e+00 1.545560558462899292e-05 3.692411245271243558e+01 1.549994700000000059e+01 7.954442999999999930e-01 3.681439999999999824e+00 2.522028666577636977e+04 2.181768151245521911e-03
3.156830780305361905e+00 7.213744312224869226e+00 1.237597184463833599e+00 1.545560558462899292e-05 3.692411245271243558e+01 1.549994700000000059e+01 7.954442999999999930e-01 3.681439999999999824e+00 2.522028666577636977e+04 2.181768151245521911e-03
3.156830733264918365e+00 7.213744419718035594e+00 1.237597184463833599e+00 1.545560558462899292e-05 3.692411245271243558e+01 1.549994700000000059e+01 7.954442999999999930e-01 3.681439999999999824e+00 2.522028666577636977e+04 2.181768151245521911e-03
3.156830733264918365e+00 7.213744312224869226e+00 1.237597202905468707e+00 1.545560558462899292e-05 3.692411245271243558e+01 1.549994700000000059e+01 7.954442999999999930e-01 3.681439999999999824e+00 2.522028666577636977e+04 2.181768151245521911e-03
3.156830733264918365e+00 7.213744312224869226e+00 1.237597184463833599e+00 1.547050674582284058e-05 3.692411245271243558e+01 1.549994700000000059e+01 7.954442999999999930e-01 3.681439999999999824e+00 2.522028666577636977e+04 2.181768151245521911e-03
3.156830733264918365e+00 7.213744312224869226e+00 1.237597184463833599e+00 1.545560558462899292e-05 3.692411300292458520e+01 1.549994700000000059e+01 7.954442999999999930e-01 3.681439999999999824e+00 2.522028666577636977e+04 2.181768151245521911e-03
3.156830733264918365e+00 7.213744312224869226e+00 1.237597184463833599e+00 1.545560558462899292e-05 3.692411245271243558e+01 1.549994700000000059e+01 7.954442999999999930e-01 3.681439999999999824e+00 2.522028704158792607e+04 2.181768151245521911e-03
3.156830733264918365e+00 7.213744312224869226e+00 1.237597184463833599e+00 1.545560558462899292e-05 3.692411245271243558e+01 1.549994700000000059e+01 7.954442999999999930e-01 3.681439999999999824e+00 2.522028666577636977e+04 2.181783052406715759e-03
3.156960136234878700e+00 7.213744206254633973e+00 1.238248308145148524e+00 6.664628981100213789e-02 3.694964831513517822e+01 1.549994700000000059e+01 7.954442999999999930e-01 3.681439999999999824e+00 2.521824492259886756e+04 2.181536969777458403e-03
3.156960183277250476e+00 7.213744206254633973e+00 1.238248308145148524e+00 6.664628981100213789e-02 3.694964831513517822e+01 1.549994700000000059e+01 7.954442999999999930e-01 3.681439999999999824e+00 2.521824492259886756e+04 2.181536969777458403e-03
3.156960136234878700e+00 7.213744313747799453e+00 1.238248308145148524e+00 6.664628981100213789e-02 3.694964831513517822e+01 1.549994700000000059e+01 7.954442999999999930e-01 3.681439999999999824e+00 2.521824492259886756e+04 2.181536969777458403e-03
3.156960136234878700e+00 7.213744206254633973e+00 1.238248326596486093e+00 6.664628981100213789e-02 3.694964831513517822e+01 1.549994700000000059e+01 7.954442999999999930e-01 3.681439999999999824e+00 2.521824492259886756e+04 2.181536969777458403e-03
3.156960136234878700e+00 7.213744206254633973e+00 1.238248308145148524e+00 6.664630471216333174e-02 3.694964831513517822e+01 1.549994700000000059e+01 7.954442999999999930e-01 3.681439999999999824e+00 2.521824492259886756e+04 2.181536969777458403e-03
3.156960136234878700e+00 7.213744206254633973e+00 1.238248308145148524e+00 6.664628981100213789e-02 3.694964886572784479e+01 1.549994700000000059e+01 7.954442999999999930e-01 3.681439999999999824e+00 2.521824492259886756e+04 2.181536969777458403e-03
3.156960136234878700e+00 7.213744206254633973e+00 1.238248308145148524e+00 6.664628981100213789e-02 3.694964831513517822e+01 1.549994700000000059e+01 7.954442999999999930e-01 3.681439999999999824e+00 2.521824529837999944e+04 2.181536969777458403e-03
3.156960136234878700e+00 7.213744206254633973e+00 1.238248308145148524e+00 6.664628981100213789e-02 3.694964831513517822e+01 1.549994700000000059e+01 7.954442999999999930e-01 3.681439999999999824e+00 2.521824492259886756e+04 2.181551870938652250e-03
3.149802814981618404e+00 7.315324103501268382e+00 1.225542254463910963e+00 6.135725403464233063e-02 3.686673190984980408e+01 1.549994700000000059e+01 7.954442999999999930e-01 3.681439999999999824e+00 2.455924711453741111e+04 1.988639356138465885e-03
3.149802861917337715e+00 7.315324103501268382e+00 1.225542254463910963e+00 6.135725403464233063e-02 3.686673190984980408e+01 1.549994700000000059e+01 7.954442999999999930e-01 3.681439999999999824e+00 2.455924711453741111e+04 1.988639356138465885e-03
3.149802814981618404e+00 7.315324212508092394e+00 1.225542254463910963e+00 6.135725403464233063e-02 3.686673190984980408e+01 1.549994700000000059e+01 7.954442999999999930e-01 3.681439999999999824e+00 2.455924711453741111e+04 1.988639356138465885e-03
3.149802814981618404e+00 7.315324103501268382e+00 1.225542272725913540e+00 6.135725403464233063e-02 3.686673190984980408e+01 1.549994700000000059e+01 7.954442999999999930e-01 3.681439999999999824e+00 2.455924711453741111e+04 1.988639356138465885e-03
3.149802814981618404e+00 7.315324103501268382e+00 1.225542254463910963e+00 6.135726893580352448e-02 3.686673190984980408e+01 1.549994700000000059e+01 7.954442999999999930e-01 3.681439999999999824e+00 2.455924711453741111e+04 1.988639356138465885e-03
3.149802814981618404e+00 7.315324103501268382e+00 1.225542254463910963e+00 6.135725403464233063e-02 3.686673245920692210e+01 1.549994700000000059e+01 7.954442999999999930e-01 3.681439999999999824e+00 2.455924711453741111e+04 1.988639356138465885e-03
3.149802814981618404e+00 7.315324103501268382e+00 1.225542254463910963e+00 6.135725403464233063e-02 3.686673190984980408e+01 1.549994700000000059e+01 7.954442999999999930e-01 3.681439999999999824e+00 2.455924748049871050e+04 1.988639356138465885e-03
3.149802814981618404e+00 7.315324103501268382e+00 1.225542254463910963e+00 6.135725403464233063e-02 3.686673190984980408e+01 1.549994700000000059e+01 7.954442999999999930e-01 3.681439999999999824e+00 2.455924711453741111e+04 1.988654257299659733e-03
3.149717928914670395e+00 7.315324746299468828e+00 1.226919723893070691e+00 1.441068697840163643e-02 3.695417312933557952e+01 1.549994700000000059e+01 7.954442999999999930e-01 3.681439999999999824e+00 2.455020466389100693e+04 1.986782465512083179e-03
3.149717975849124940e+00 7.315324746299468828e+00 1.226919723893070691e+00 1.441068697840163643e-02 3.695417312933557952e+01 1.549994700000000059e+01 7.954442999999999930e-01 3.681439999999999824e+00 2.455020466389100693e+04 1.986782465512083179e-03
3.149717928914670395e+00 7.315324855306301721e+00 1.226919723893070691e+00 1.441068697840163643e-02 3.695417312933557952e+01 1.549994700000000059e+01 7.954442999999999930e-01 3.681439999999999824e+00 2.455020466389100693e+04 1.986782465512083179e-03
3.149717928914670395e+00 7.315324746299468828e+00 1.226919742175599293e+00 1.441068697840163643e-02 3.695417312933557952e+01 1.549994700000000059e+01 7.954442999999999930e-01 3.681439999999999824e+00 2.455020466389100693e+04 1.986782465512083179e-03
3.149717928914670395e+00 7.315324746299468828e+00 1.226919723893070691e+00 1.441070187956283027e-02 3.695417312933557952e+01 1.549994700000000059e+01 7.954442999999999930e-01 3.681439999999999824e+00 2.455020466389100693e+04 1.986782465512083179e-03
3.149717928914670395e+00 7.315324746299468828e+00 1.226919723893070691e+00 1.441068697840163643e-02 3.695417367999566949e+01 1.549994700000000059e+01 7.954442999999999930e-01 3.681439999999999824e+00 2.455020466389100693e+04 1.986782465512083179e-03
3.149717928914670395e+00 7.315324746299468828e+00 1.226919723893070691e+00 1.441068697840163643e-02 3.695417312933557952e+01 1.549994700000000059e+01 7.954442999999999930e-01 3.681439999999999824e+00 2.455020502971756287e+04 1.986782465512083179e-03
3.149717928914670395e+00 7.315324746299468828e+00 1.226919723893070691e+00 1.441068697840163643e-02 3.695417312933557952e+01 1.549994700000000059e+01 7.954442999999999930e-01 3.681439999999999824e+00 2.455020466389100693e+04 1.986797366673277027e-03
3.144579204730423072e+00 7.420516199841790339e+00 1.212845558123132994e+00 1.234829143704960219e-02 3.689181188970072611e+01 1.549994700000000059e+01 7.954442999999999930e-01 3.681439999999999824e+00 2.389120685625791521e+04 1.789255216851393842e-03
3.148783949607883770e+00 7.342985570512754911e+00 1.221978330769673438e+00 1.250320522974827757e-02 3.694581496814330990e+01 1.549994700000000059e+01 7.954442999999999930e-01 3.681439999999999824e+00 2.438545521293101410e+04 1.946349893370214173e-03
3.148783996528421003e+00 7.342985570512754911e+00 1.221978330769673438e+00 1.250320522974827757e-02 3.694581496814330990e+01 1.549994700000000059e+01 7.954442999999999930e-01 3.681439999999999824e+00 2.438545521293101410e+04 1.946349893370214173e-03
3.148783949607883770e+00 7.342985679931766541e+00 1.221978330769673438e+00 1.250320522974827757e-02 3.694581496814330990e+01 1.549994700000000059e+01 7.954442999999999930e-01 3.681439999999999824e+00 2.438545521293101410e+04 1.946349893370214173e-03
3.148783949607883770e+00 7.342985570512754911e+00 1.221978348978569606e+00 1.250320522974827757e-02 3.694581496814330990e+01 1.549994700000000059e+01 7.954442999999999930e-01 3.681439999999999824e+00 2.438545521293101410e+04 1.946349893370214173e-03
3.148783949607883770e+00 7.342985570512754911e+00 1.221978330769673438e+00 1.250322013090947142e-02 3.694581496814330990e+01 1.549994700000000059e+01 7.954442999999999930e-01 3.681439999999999824e+00 2.438545521293101410e+04 1.946349893370214173e-03
3.148783949607883770e+00 7.342985570512754911e+00 1.221978330769673438e+00 1.250320522974827757e-02 3.694581551867885594e+01 1.549994700000000059e+01 7.954442999999999930e-01 3.681439999999999824e+00 2.438545521293101410e+04 1.946349893370214173e-03
3.148783949607883770e+00 7.342985570512754911e+00 1.221978330769673438e+00 1.250320522974827757e-02 3.694581496814330990e+01 1.549994700000000059e+01 7.954442999999999930e-01 3.681439999999999824e+00 2.438545557630261465e+04 1.946349893370214173e-03
3.148783949607883770e+00 7.342985570512754911e+00 1.221978330769673438e+00 1.250320522974827757e-02 3.694581496814330990e+01 1.549994700000000059e+01 7.954442999999999930e-01 3.681439999999999824e+00 2.438545521293101410e+04 1.946364794531408021e-03
3.147310252761518434e+00 7.371328464066048802e+00 1.218572470815844744e+00 1.115691080683798089e-02 3.692877873045193837e+01 1.549994700000000059e+01 7.954442999999999930e-01 3.681439999999999824e+00 2.422070576174840244e+04 1.896913709817828501e-03
3.147310299660095900e+00 7.371328464066048802e+00 1.218572470815844744e+00 1.115691080683798089e-02 3.692877873045193837e+01 1.549994700000000059e+01 7.954442999999999930e-01 3.681439999999999824e+00 2.422070576174840244e+04 1.896913709817828501e-03
3.147310252761518434e+00 7.371328573907402593e+00 1.218572470815844744e+00 1.115691080683798089e-02 3.692877873045193837e+01 1.549994700000000059e+01 7.954442999999999930e-01 3.681439999999999824e+00 2.422070576174840244e+04 1.896913709817828501e-03
3.147310252761518434e+00 7.371328464066048802e+00 1.218572488973989509e+00 1.115691080683798089e-02 3.692877873045193837e+01 1.549994700000000059e+01 7.954442999999999930e-01 3.681439999999999824e+00 2.422070576174840244e+04 1.896913709817828501e-03
3.147310252761518434e+00 7.371328464066048802e+00 1.218572470815844744e+00 1.115692570799917474e-02 3.692877873045193837e+01 1.549994700000000059e+01 7.954442999999999930e-01 3.681439999999999824e+00 2.422070576174840244e+04 1.896913709817828501e-03
3.147310252761518434e+00 7.371328464066048802e+00 1.218572470815844744e+00 1.115691080683798089e-02 3.692877928073362170e+01 1.549994700000000059e+01 7.954442999999999930e-01 3.681439999999999824e+00 2.422070576174840244e+04 1.896913709817828501e-03
3.147310252761518434e+00 7.371328464066048802e+00 1.218572470815844744e+00 1.115691080683798089e-02 3.692877873045193837e+01 1.549994700000000059e+01 7.954442999999999930e-01 3.681439999999999824e+00 2.422070612266504395e+04 1.896913709817828501e-03
3.147310252761518434e+00 7.371328464066048802e+00 1.218572470815844744e+00 1.115691080683798089e-02 3.692877873045193837e+01 1.549994700000000059e+01 7.954442999999999930e-01 3.681439999999999824e+00 2.422070576174840244e+04 1.896928610979022349e-03
3.144450575025126593e+00 7.426916353199889187e+00 1.212159837016369979e+00 9.767538384592586165e-03 3.689391516818440664e+01 1.549994700000000059e+01 7.954442999999999930e-01 3.681439999999999824e+00 2.389120685857438366e+04 1.792405621241611275e-03
3.144450621881091479e+00 7.426916353199889187e+00 1.212159837016369979e+00 9.767538384592586165e-03 3.689391516818440664e+01 1.549994700000000059e+01 7.954442999999999930e-01 3.681439999999999824e+00 2.389120685857438366e+04 1.792405621241611275e-03
3.144450575025126593e+00 7.426916463869567053e+00 1.212159837016369979e+00 9.767538384592586165e-03 3.689391516818440664e+01 1.549994700000000059e+01 7.954442999999999930e-01 3.681439999999999824e+00 2.389120685857438366e+04 1.792405621241611275e-03
3.144450575025126593e+00 7.426916353199889187e+00 1.212159855078959181e+00 9.767538384592586165e-03 3.689391516818440664e+01 1.549994700000000059e+01 7.954442999999999930e-01 3.681439999999999824e+00 2.389120685857438366e+04 1.792405621241611275e-03
3.144450575025126593e+00 7.426916353199889187e+00 1.212159837016369979e+00 9.767553285753780012e-03 3.689391516818440664e+01 1.549994700000000059e+01 7.954442999999999930e-01 3.681439999999999824e+00 2.389120685857438366e+04 1.792405621241611275e-03
3.144450575025126593e+00 7.426916353199889187e+00 1.212159837016369979e+00 9.767538384592586165e-03 3.689391571794658375e+01 1.549994700000000059e+01 7.954442999999999930e-01 3.681439999999999824e+00 2.389120685857438366e+04 1.792405621241611275e-03
3.144450575025126593e+00 7.426916353199889187e+00 1.212159837016369979e+00 9.767538384592586165e-03 3.689391516818440664e+01 1.549994700000000059e+01 7.954442999999999930e-01 3.681439999999999824e+00 2.389120721458110711e+04 1.792405621241611275e-03
3.144450575025126593e+00 7.426916353199889187e+00 1.212159837016369979e+00 9.767538384592586165e-03 3.689391516818440664e+01 1.549994700000000059e+01 7.954442999999999930e-01 3.681439999999999824e+00 2.389120685857438366e+04 1.792420522402805123e-03
3.140884705370038610e+00 7.486469716957309117e+00 1.205426687467443969e+00 9.077278765111929798e-03 3.684852833043366616e+01 1.549994700000000059e+01 7.954442999999999930e-01 3.681439999999999824e+00 2.356170795594721494e+04 1.685825187315990580e-03
3.140884752172867778e+00 7.486469716957309117e+00 1.205426687467443969e+00 9.077278765111929798e-03 3.684852833043366616e+01 1.549994700000000059e+01 7.954442999999999930e-01 3.681439999999999824e+00 2.356170795594721494e+04 1.685825187315990580e-03
3.140884705370038610e+00 7.486469828514401570e+00 1.205426687467443969e+00 9.077278765111929798e-03 3.684852833043366616e+01 1.549994700000000059e+01 7.954442999999999930e-01 3.681439999999999824e+00 2.356170795594721494e+04 1.685825187315990580e-03
3.140884705370038610e+00 7.486469716957309117e+00 1.205426705429701428e+00 9.077278765111929798e-03 3.684852833043366616e+01 1.549994700000000059e+01 7.954442999999999930e-01 3.681439999999999824e+00 2.356170795594721494e+04 1.685825187315990580e-03
3.140884705370038610e+00 7.486469716957309117e+00 1.205426687467443969e+00 9.077293666273123646e-03 3.684852833043366616e+01 1.549994700000000059e+01 7.954442999999999930e-01 3.681439999999999824e+00 2.356170795594721494e+04 1.685825187315990580e-03
3.140884705370038610e+00 7.486469716957309117e+00 1.205426687467443969e+00 9.077278765111929798e-03 3.684852887951952738e+01 1.549994700000000059e+01 7.954442999999999930e-01 3.681439999999999824e+00 2.356170795594721494e+04 1.685825187315990580e-03
3.140884705370038610e+00 7.486469716957309117e+00 1.205426687467443969e+00 9.077278765111929798e-03 3.684852833043366616e+01 1.549994700000000059e+01 7.954442999999999930e-01 3.681439999999999824e+00 2.356170830704402397e+04 1.685825187315990580e-03
3.140884705370038610e+00 7.486469716957309117e+00 1.205426687467443969e+00 9.077278765111929798e-03 3.684852833043366616e+01 1.549994700000000059e+01 7.954442999999999930e-01 3.681439999999999824e+00 2.356170795594721494e+04 1.685840088477184428e-03
3.140751933709137855e+00 7.486469672459810987e+00 1.205537508892242204e+00 5.753441653585540487e-03 3.686515822211053006e+01 1.549994700000000059e+01 7.954442999999999930e-01 3.681439999999999824e+00 2.355967991559945585e+04 1.685239748366100911e-03
3.140751980509988606e+00 7.486469672459810987e+00 1.205537508892242204e+00 5.753441653585540487e-03 3.686515822211053006e+01 1.549994700000000059e+01 7.954442999999999930e-01 3.681439999999999824e+00 2.355967991559945585e+04 1.685239748366100911e-03
3.140751933709137855e+00 7.486469784016902551e+00 1.205537508892242204e+00 5.753441653585540487e-03 3.686515822211053006e+01 1.549994700000000059e+01 7.954442999999999930e-01 3.681439999999999824e+00 2.355967991559945585e+04 1.685239748366100911e-03
3.140751933709137855e+00 7.486469672459810987e+00 1.205537526856151009e+00 5.753441653585540487e-03 3.686515822211053006e+01 1.549994700000000059e+01 7.954442999999999930e-01 3.681439999999999824e+00 2.355967991559945585e+04 1.685239748366100911e-03
3.140751933709137855e+00 7.486469672459810987e+00 1.205537508892242204e+00 5.753456554746734335e-03 3.686515822211053006e+01 1.549994700000000059e+01 7.954442999999999930e-01 3.681439999999999824e+00 2.355967991559945585e+04 1.685239748366100911e-03
3.140751933709137855e+00 7.486469672459810987e+00 1.205537508892242204e+00 5.753441653585540487e-03 3.686515877144419306e+01 1.549994700000000059e+01 7.954442999999999930e-01 3.681439999999999824e+00 2.355967991559945585e+04 1.685239748366100911e-03
3.140751933709137855e+00 7.486469672459810987e+00 1.205537508892242204e+00 5.753441653585540487e-03 3.686515822211053006e+01 1.549994700000000059e+01 7.954442999999999930e-01 3.681439999999999824e+00 2.355968026666604419e+04 1.685239748366100911e-03
3.140751933709137855e+00 7.486469672459810987e+00 1.205537508892242204e+00 5.753441653585540487e-03 3.686515822211053006e+01 1.549994700000000059e+01 7.954442999999999930e-01 3.681439999999999824e+00 2.355967991559945585e+04 1.685254649527294759e-03
3.140619366997164263e+00 7.486469578451033335e+00 1.205628986307129002e+00 9.830713195549114700e-04 3.688324823125380902e+01 1.549994700000000059e+01 7.954442999999999930e-01 3.681439999999999824e+00 2.355736758038385597e+04 1.684545138432434969e-03
3.140619413796039705e+00 7.486469578451033335e+00 1.205628986307129002e+00 9.830713195549114700e-04 3.688324823125380902e+01 1.549994700000000059e+01 7.954442999999999930e-01 3.681439999999999824e+00 2.355736758038385597e+04 1.684545138432434969e-03
3.140619366997164263e+00 7.486469690008123123e+00 1.205628986307129002e+00 9.830713195549114700e-04 3.688324823125380902e+01 1.549994700000000059e+01 7.954442999999999930e-01 3.681439999999999824e+00 2.355736758038385597e+04 1.684545138432434969e-03
3.140619366997164263e+00 7.486469578451033335e+00 1.205629004272400939e+00 9.830713195549114700e-04 3.688324823125380902e+01 1.549994700000000059e+01 7.954442999999999930e-01 3.681439999999999824e+00 2.355736758038385597e+04 1.684545138432434969e-03
3.140619366997164263e+00 7.486469578451033335e+00 1.205628986307129002e+00 9.830862207161053176e-04 3.688324823125380902e+01 1.549994700000000059e+01 7.954442999999999930e-01 3.681439999999999824e+00 2.355736758038385597e+04 1.684545138432434969e-03
3.140619366997164263e+00 7.486469578451033335e+00 1.205628986307129002e+00 9.830713195549114700e-04 3.688324878085703773e+01 1.549994700000000059e+01 7.954442999999999930e-01 3.681439999999999824e+00 2.355736758038385597e+04 1.684545138432434969e-03
3.140619366997164263e+00 7.486469578451033335e+00 1.205628986307129002e+00 9.830713195549114700e-04 3.688324823125380902e+01 1.549994700000000059e+01 7.954442999999999930e-01 3.681439999999999824e+00 2.355736793141598901e+04 1.684545138432434969e-03
3.140619366997164263e+00 7.486469578451033335e+00 1.205628986307129002e+00 9.830713195549114700e-04 3.688324823125380902e+01 1.549994700000000059e+01 7.954442999999999930e-01 3.681439999999999824e+00 2.355736758038385597e+04 1.684560039593628817e-03
3.134560641017240190e+00 7.606958335378894098e+00 1.178433226189686378e+00 1.643032256936562303e-04 3.680640847519874370e+01 1.549994700000000059e+01 7.954442999999999930e-01 3.681439999999999824e+00 2.289836977605065476e+04 1.461723960825507974e-03
3.139352853986159708e+00 7.518743070199009004e+00 1.197608369261365047e+00 2.112965792547074912e-04 3.687488770499030011e+01 1.549994700000000059e+01 7.954442999999999930e-01 3.681439999999999824e+00 2.339261813143771360e+04 1.632512044325700904e-03
3.140550921513268534e+00 7.496689281921166348e+00 1.202402155072437084e+00 2.230493273858169274e-04 3.689200643844048955e+01 1.549994700000000059e+01 7.954442999999999930e-01 3.681439999999999824e+00 2.351618022538604782e+04 1.675209065534980640e-03
3.140850495503971995e+00 7.491175946857161705e+00 1.203600601697779826e+00 2.260051528702767014e-04 3.689628182810867685e+01 1.549994700000000059e+01 7.954442999999999930e-01 3.681439999999999824e+00 2.354707076927801972e+04 1.685883322173442004e-03
3.140925616957717548e+00 7.489798060114649658e+00 1.203900214050418693e+00 2.268146610473288421e-04 3.689733353659647008e+01 1.549994700000000059e+01 7.954442999999999930e-01 3.681439999999999824e+00 2.355479348685016157e+04 1.688551891644815865e-03
3.140945302195790045e+00 7.489455362170796882e+00 1.203975119891444345e+00 2.272993543393249513e-04 3.689752843004342253e+01 1.549994700000000059e+01 7.954442999999999930e-01 3.681439999999999824e+00 2.355672449242912262e+04 1.689219055089030610e-03
3.140953774331722848e+00 7.489376637602827458e+00 1.203993856958402109e+00 2.285646177040897035e-04 3.689731016105351102e+01 1.549994700000000059e+01 7.954442999999999930e-01 3.681439999999999824e+00 2.355720855257410221e+04 1.689385925019147713e-03
3.140972000738557313e+00 7.489388386848786716e+00 1.203998557569616379e+00 2.349066569635000976e-04 3.689604324000289637e+01 1.549994700000000059e+01 7.954442999999999930e-01 3.681439999999999824e+00 2.355733543664302488e+04 1.689427658823582350e-03
3.141086447497563494e+00 7.489471947874661417e+00 1.203987240042082130e+00 6.866096908663984035e-04 3.688680341745110525e+01 1.549994700000000059e+01 7.954442999999999930e-01 3.681439999999999824e+00 2.355736736068457685e+04 1.689056858665833076e-03
3.141085358986564380e+00 7.488226293088342089e+00 1.204030231731827660e+00 9.525514251136043067e-04 3.688513599247077934e+01 1.549994700000000059e+01 7.954442999999999930e-01 3.681439999999999824e+00 2.355736756638820953e+04 1.686015518268393822e-03
3.140842172897435614e+00 7.486489372361391226e+00 1.204953383043228854e+00 9.827634481687538403e-04 3.688330343691890789e+01 1.549994700000000059e+01 7.954442999999999930e-01 3.681439999999999824e+00 2.355736758027860196e+04 1.682171490612947070e-03
3.140696776182364758e+00 7.486471243926866137e+00 1.205463325450728984e+00 9.830207831784797817e-04 3.688326206565068333e+01 1.549994700000000059e+01 7.954442999999999930e-01 3.681439999999999824e+00 2.355736758036866013e+04 1.682422121151207380e-03
3.140696822982393499e+00 7.486471243926866137e+00 1.205463325450728984e+00 9.830207831784797817e-04 3.688326206565068333e+01 1.549994700000000059e+01 7.954442999999999930e-01 3.681439999999999824e+00 2.355736758036866013e+04 1.682422121151207380e-03
3.140696776182364758e+00 7.486471355483980794e+00 1.205463325450728984e+00 9.830207831784797817e-04 3.688326206565068333e+01 1.549994700000000059e+01 7.954442999999999930e-01 3.681439999999999824e+00 2.355736758036866013e+04 1.682422121151207380e-03
3.140696776182364758e+00 7.486471243926866137e+00 1.205463343413532229e+00 9.830207831784797817e-04 3.688326206565068333e+01 1.549994700000000059e+01 7.954442999999999930e-01 3.681439999999999824e+00 2.355736758036866013e+04 1.682422121151207380e-03
3.140696776182364758e+00 7.486471243926866137e+00 1.205463325450728984e+00 9.830356843396736294e-04 3.688326206565068333e+01 1.549994700000000059e+01 7.954442999999999930e-01 3.681439999999999824e+00 2.355736758036866013e+04 1.682422121151207380e-03
3.140696776182364758e+00 7.486471243926866137e+00 1.205463325450728984e+00 9.830207831784797817e-04 3.688326261525411809e+01 1.549994700000000059e+01 7.954442999999999930e-01 3.681439999999999824e+00 2.355736758036866013e+04 1.682422121151207380e-03
3.140696776182364758e+00 7.486471243926866137e+00 1.205463325450728984e+00 9.830207831784797817e-04 3.688326206565068333e+01 1.549994700000000059e+01 7.954442999999999930e-01 3.681439999999999824e+00 2.355736793140079317e+04 1.682422121151207380e-03
3.140696776182364758e+00 7.486471243926866137e+00 1.205463325450728984e+00 9.830207831784797817e-04 3.688326206565068333e+01 1.549994700000000059e+01 7.954442999999999930e-01 3.681439999999999824e+00 2.355736758036866013e+04 1.682437022312401227e-03
