3.205843000000000220e+00 7.511125999999999969e+00 1.235333999999999932e+00 1.528337999999999867e-05 3.753042800000000057e+01 1.549994700000000059e+01 7.954442999999999930e-01 3.681439999999999824e+00 2.571453499999999985e+04 0.000000000000000000e+00
3.205843047770783549e+00 7.511125999999999969e+00 1.235333999999999932e+00 1.528337999999999867e-05 3.753042800000000057e+01 1.549994700000000059e+01 7.954442999999999930e-01 3.681439999999999824e+00 2.571453499999999985e+04 0.000000000000000000e+00
3.205843000000000220e+00 7.511126111924498971e+00 1.235333999999999932e+00 1.528337999999999867e-05 3.753042800000000057e+01 1.549994700000000059e+01 7.954442999999999930e-01 3.681439999999999824e+00 2.571453499999999985e+04 0.000000000000000000e+00
3.205843000000000220e+00 7.511125999999999969e+00 1.235334018407910905e+00 1.528337999999999867e-05 3.753042800000000057e+01 1.549994700000000059e+01 7.954442999999999930e-01 3.681439999999999824e+00 2.571453499999999985e+04 0.000000000000000000e+00
3.205843000000000220e+00 7.511125999999999969e+00 1.235333999999999932e+00 1.529828116119384633e-05 3.753042800000000057e+01 1.549994700000000059e+01 7.954442999999999930e-01 3.681439999999999824e+00 2.571453499999999985e+04 0.000000000000000000e+00
3.205843000000000220e+00 7.511125999999999969e+00 1.235333999999999932e+00 1.528337999999999867e-05 3.753042855924695687e+01 1.549994700000000059e+01 7.954442999999999930e-01 3.681439999999999824e+00 2.571453499999999985e+04 0.000000000000000000e+00
3.205843000000000220e+00 7.511125999999999969e+00 1.235333999999999932e+00 1.528337999999999867e-05 3.753042800000000057e+01 1.549994700000000059e+01 7.954442999999999930e-01 3.681439999999999824e+00 2.571453538317642960e+04 0.000000000000000000e+00
3.205843000000000220e+00 7.511125999999999969e+00 1.235333999999999932e+00 1.528337999999999867e-05 3.753042800000000057e+01 1.549994700000000059e+01 7.954442999999999930e-01 3.681439999999999824e+00 2.571453499999999985e+04 1.490116119384765625e-08
3.205859878516801764e+00 7.511110132766128267e+00 1.235341606660883329e+00 1.562837973554005044e-05 3.753042812628937952e+01 1.549994700000000059e+01 7.954442999999999930e-01 3.681439999999999824e+00 2.571453497918829453e+04 7.304107868878547023e-04
3.205859926287836448e+00 7.511110132766128267e+00 1.235341606660883329e+00 1.562837973554005044e-05 3.753042812628937952e+01 1.549994700000000059e+01 7.954442999999999930e-01 3.681439999999999824e+00 2.571453497918829453e+04 7.304107868878547023e-04
3.205859878516801764e+00 7.511110244690391013e+00 1.235341606660883329e+00 1.562837973554005044e-05 3.753042812628937952e+01 1.549994700000000059e+01 7.954442999999999930e-01 3.681439999999999824e+00 2.571453497918829453e+04 7.304107868878547023e-04
3.205859878516801764e+00 7.511110132766128267e+00 1.235341625068907767e+00 1.562837973554005044e-05 3.753042812628937952e+01 1.549994700000000059e+01 7.954442999999999930e-01 3.681439999999999824e+00 2.571453497918829453e+04 7.304107868878547023e-04
3.205859878516801764e+00 7.511110132766128267e+00 1.235341606660883329e+00 1.564328089673389810e-05 3.753042812628937952e+01 1.549994700000000059e+01 7.954442999999999930e-01 3.681439999999999824e+00 2.571453497918829453e+04 7.304107868878547023e-04
3.205859878516801764e+00 7.511110132766128267e+00 1.235341606660883329e+00 1.562837973554005044e-05 3.753042868553633582e+01 1.549994700000000059e+01 7.954442999999999930e-01 3.681439999999999824e+00 2.571453497918829453e+04 7.304107868878547023e-04
3.205859878516801764e+00 7.511110132766128267e+00 1.235341606660883329e+00 1.562837973554005044e-05 3.753042812628937952e+01 1.549994700000000059e+01 7.954442999999999930e-01 3.681439999999999824e+00 2.571453536236472428e+04 7.304107868878547023e-04
3.205859878516801764e+00 7.511110132766128267e+00 1.235341606660883329e+00 1.562837973554005044e-05 3.753042812628937952e+01 1.549994700000000059e+01 7.954442999999999930e-01 3.681439999999999824e+00 2.571453497918829453e+04 7.304256880490485500e-04
3.176548453053459120e+00 7.091493158259739360e+00 1.236981649696025753e+00 1.551362080544069005e-05 3.714094818756274918e+01 1.549994700000000059e+01 7.954442999999999930e-01 3.681439999999999824e+00 2.554978560930702952e+04 1.466540747363093622e-03
3.176548500387719631e+00 7.091493158259739360e+00 1.236981649696025753e+00 1.551362080544069005e-05 3.714094818756274918e+01 1.549994700000000059e+01 7.954442999999999930e-01 3.681439999999999824e+00 2.554978560930702952e+04 1.466540747363093622e-03
3.176548453053459120e+00 7.091493263931221591e+00 1.236981649696025753e+00 1.551362080544069005e-05 3.714094818756274918e+01 1.549994700000000059e+01 7.954442999999999930e-01 3.681439999999999824e+00 2.554978560930702952e+04 1.466540747363093622e-03
3.176548453053459120e+00 7.091493158259739360e+00 1.236981668128488643e+00 1.551362080544069005e-05 3.714094818756274918e+01 1.549994700000000059e+01 7.954442999999999930e-01 3.681439999999999824e+00 2.554978560930702952e+04 1.466540747363093622e-03
3.176548453053459120e+00 7.091493158259739360e+00 1.236981649696025753e+00 1.552852196663453770e-05 3.714094818756274918e+01 1.549994700000000059e+01 7.954442999999999930e-01 3.681439999999999824e+00 2.554978560930702952e+04 1.466540747363093622e-03
3.176548453053459120e+00 7.091493158259739360e+00 1.236981649696025753e+00 1.551362080544069005e-05 3.714094874100600663e+01 1.549994700000000059e+01 7.954442999999999930e-01 3.681439999999999824e+00 2.554978560930702952e+04 1.466540747363093622e-03
3.176548453053459120e+00 7.091493158259739360e+00 1.236981649696025753e+00 1.551362080544069005e-05 3.714094818756274918e+01 1.549994700000000059e+01 7.954442999999999930e-01 3.681439999999999824e+00 2.554978599002850387e+04 1.466540747363093622e-03
3.176548453053459120e+00 7.091493158259739360e+00 1.236981649696025753e+00 1.551362080544069005e-05 3.714094818756274918e+01 1.549994700000000059e+01 7.954442999999999930e-01 3.681439999999999824e+00 2.554978560930702952e+04 1.466555648524287469e-03
3.168075999342161442e+00 7.072684465012609500e+00 1.235596772002897970e+00 1.543195626065557550e-05 3.703325462060884377e+01 1.549994700000000059e+01 7.954442999999999930e-01 3.681439999999999824e+00 2.522028670212377619e+04 1.265185829004395347e-03
3.168076046550172720e+00 7.072684465012609500e+00 1.235596772002897970e+00 1.543195626065557550e-05 3.703325462060884377e+01 1.549994700000000059e+01 7.954442999999999930e-01 3.681439999999999824e+00 2.522028670212377619e+04 1.265185829004395347e-03
3.168075999342161442e+00 7.072684570403820814e+00 1.235596772002897970e+00 1.543195626065557550e-05 3.703325462060884377e+01 1.549994700000000059e+01 7.954442999999999930e-01 3.681439999999999824e+00 2.522028670212377619e+04 1.265185829004395347e-03
3.168075999342161442e+00 7.072684465012609500e+00 1.235596790414724699e+00 1.543195626065557550e-05 3.703325462060884377e+01 1.549994700000000059e+01 7.954442999999999930e-01 3.681439999999999824e+00 2.522028670212377619e+04 1.265185829004395347e-03
3.168075999342161442e+00 7.072684465012609500e+00 1.235596772002897970e+00 1.544685742184942316e-05 3.703325462060884377e+01 1.549994700000000059e+01 7.954442999999999930e-01 3.681439999999999824e+00 2.522028670212377619e+04 1.265185829004395347e-03
3.168075999342161442e+00 7.072684465012609500e+00 1.235596772002897970e+00 1.543195626065557550e-05 3.703325517244734044e+01 1.549994700000000059e+01 7.954442999999999930e-01 3.681439999999999824e+00 2.522028670212377619e+04 1.265185829004395347e-03
3.168075999342161442e+00 7.072684465012609500e+00 1.235596772002897970e+00 1.543195626065557550e-05 3.703325462060884377e+01 1.549994700000000059e+01 7.954442999999999930e-01 3.681439999999999824e+00 2.522028707793533249e+04 1.265185829004395347e-03
3.168075999342161442e+00 7.072684465012609500e+00 1.235596772002897970e+00 1.543195626065557550e-05 3.703325462060884377e+01 1.549994700000000059e+01 7.954442999999999930e-01 3.681439999999999824e+00 2.522028670212377619e+04 1.265200730165589194e-03
3.160945791177152575e+00 7.181047593895139691e+00 1.224833241691482444e+00 1.505238092390202616e-05 3.694145132799427955e+01 1.549994700000000059e+01 7.954442999999999930e-01 3.681439999999999824e+00 2.456128889482791783e+04 1.138295415234824061e-03
3.160945838278915510e+00 7.181047593895139691e+00 1.224833241691482444e+00 1.505238092390202616e-05 3.694145132799427955e+01 1.549994700000000059e+01 7.954442999999999930e-01 3.681439999999999824e+00 2.456128889482791783e+04 1.138295415234824061e-03
3.160945791177152575e+00 7.181047700901087794e+00 1.224833241691482444e+00 1.505238092390202616e-05 3.694145132799427955e+01 1.549994700000000059e+01 7.954442999999999930e-01 3.681439999999999824e+00 2.456128889482791783e+04 1.138295415234824061e-03
3.160945791177152575e+00 7.181047593895139691e+00 1.224833259942919916e+00 1.505238092390202616e-05 3.694145132799427955e+01 1.549994700000000059e+01 7.954442999999999930e-01 3.681439999999999824e+00 2.456128889482791783e+04 1.138295415234824061e-03
3.160945791177152575e+00 7.181047593895139691e+00 1.224833241691482444e+00 1.506728208509587381e-05 3.694145132799427955e+01 1.549994700000000059e+01 7.954442999999999930e-01 3.681439999999999824e+00 2.456128889482791783e+04 1.138295415234824061e-03
3.160945791177152575e+00 7.181047593895139691e+00 1.224833241691482444e+00 1.505238092390202616e-05 3.694145187846480383e+01 1.549994700000000059e+01 7.954442999999999930e-01 3.681439999999999824e+00 2.456128889482791783e+04 1.138295415234824061e-03
3.160945791177152575e+00 7.181047593895139691e+00 1.224833241691482444e+00 1.505238092390202616e-05 3.694145132799427955e+01 1.549994700000000059e+01 7.954442999999999930e-01 3.681439999999999824e+00 2.456128926081964164e+04 1.138295415234824061e-03
3.160945791177152575e+00 7.181047593895139691e+00 1.224833241691482444e+00 1.505238092390202616e-05 3.694145132799427955e+01 1.549994700000000059e+01 7.954442999999999930e-01 3.681439999999999824e+00 2.456128889482791783e+04 1.138310316396017909e-03
3.147939881260863881e+00 7.402511400898811544e+00 1.201162190545651987e+00 1.454751582319966807e-05 3.677347900919574641e+01 1.549994700000000059e+01 7.954442999999999930e-01 3.681439999999999824e+00 2.324329328099535633e+04 8.837285438899518137e-04
3.147939928168823620e+00 7.402511400898811544e+00 1.201162190545651987e+00 1.454751582319966807e-05 3.677347900919574641e+01 1.549994700000000059e+01 7.954442999999999930e-01 3.681439999999999824e+00 2.324329328099535633e+04 8.837285438899518137e-04
3.147939881260863881e+00 7.402511511204827421e+00 1.201162190545651987e+00 1.454751582319966807e-05 3.677347900919574641e+01 1.549994700000000059e+01 7.954442999999999930e-01 3.681439999999999824e+00 2.324329328099535633e+04 8.837285438899518137e-04
3.147939881260863881e+00 7.402511400898811544e+00 1.201162208444363388e+00 1.454751582319966807e-05 3.677347900919574641e+01 1.549994700000000059e+01 7.954442999999999930e-01 3.681439999999999824e+00 2.324329328099535633e+04 8.837285438899518137e-04
3.147939881260863881e+00 7.402511400898811544e+00 1.201162190545651987e+00 1.456241698439351573e-05 3.677347900919574641e+01 1.549994700000000059e+01 7.954442999999999930e-01 3.681439999999999824e+00 2.324329328099535633e+04 8.837285438899518137e-04
3.147939881260863881e+00 7.402511400898811544e+00 1.201162190545651987e+00 1.454751582319966807e-05 3.677347955716328443e+01 1.549994700000000059e+01 7.954442999999999930e-01 3.681439999999999824e+00 2.324329328099535633e+04 8.837285438899518137e-04
3.147939881260863881e+00 7.402511400898811544e+00 1.201162190545651987e+00 1.454751582319966807e-05 3.677347900919574641e+01 1.549994700000000059e+01 7.954442999999999930e-01 3.681439999999999824e+00 2.324329362734741517e+04 8.837285438899518137e-04
3.147939881260863881e+00 7.402511400898811544e+00 1.201162190545651987e+00 1.454751582319966807e-05 3.677347900919574641e+01 1.549994700000000059e+01 7.954442999999999930e-01 3.681439999999999824e+00 2.324329328099535633e+04 8.837434450511456614e-04
3.144483960192931971e+00 7.509916712776503189e+00 1.192275357790536727e+00 1.435813402682257422e-05 3.672841786790770868e+01 1.549994700000000059e+01 7.954442999999999930e-01 3.681439999999999824e+00 2.291379439045926483e+04 8.305315557465912371e-04
3.144484007049394236e+00 7.509916712776503189e+00 1.192275357790536727e+00 1.435813402682257422e-05 3.672841786790770868e+01 1.549994700000000059e+01 7.954442999999999930e-01 3.681439999999999824e+00 2.291379439045926483e+04 8.305315557465912371e-04
3.144483960192931971e+00 7.509916824682982828e+00 1.192275357790536727e+00 1.435813402682257422e-05 3.672841786790770868e+01 1.549994700000000059e+01 7.954442999999999930e-01 3.681439999999999824e+00 2.291379439045926483e+04 8.305315557465912371e-04
3.144483960192931971e+00 7.509916712776503189e+00 1.192275375556824057e+00 1.435813402682257422e-05 3.672841786790770868e+01 1.549994700000000059e+01 7.954442999999999930e-01 3.681439999999999824e+00 2.291379439045926483e+04 8.305315557465912371e-04
3.144483960192931971e+00 7.509916712776503189e+00 1.192275357790536727e+00 1.437303518801642188e-05 3.672841786790770868e+01 1.549994700000000059e+01 7.954442999999999930e-01 3.681439999999999824e+00 2.291379439045926483e+04 8.305315557465912371e-04
3.144483960192931971e+00 7.509916712776503189e+00 1.192275357790536727e+00 1.435813402682257422e-05 3.672841841520378381e+01 1.549994700000000059e+01 7.954442999999999930e-01 3.681439999999999824e+00 2.291379439045926483e+04 8.305315557465912371e-04
3.144483960192931971e+00 7.509916712776503189e+00 1.192275357790536727e+00 1.435813402682257422e-05 3.672841786790770868e+01 1.549994700000000059e+01 7.954442999999999930e-01 3.681439999999999824e+00 2.291379473190140925e+04 8.305315557465912371e-04
3.144483960192931971e+00 7.509916712776503189e+00 1.192275357790536727e+00 1.435813402682257422e-05 3.672841786790770868e+01 1.549994700000000059e+01 7.954442999999999930e-01 3.681439999999999824e+00 2.291379439045926483e+04 8.305464569077850847e-04
3.138543607103162270e+00 7.656957646552985608e+00 1.178455792223513265e+00 1.363826937594533442e-05 3.665130848810782993e+01 1.549994700000000059e+01 7.954442999999999930e-01 3.681439999999999824e+00 2.225479659065539090e+04 6.858960921398069271e-04
3.138543653871106454e+00 7.656957646552985608e+00 1.178455792223513265e+00 1.363826937594533442e-05 3.665130848810782993e+01 1.549994700000000059e+01 7.954442999999999930e-01 3.681439999999999824e+00 2.225479659065539090e+04 6.858960921398069271e-04
3.138543607103162270e+00 7.656957760650545453e+00 1.178455792223513265e+00 1.363826937594533442e-05 3.665130848810782993e+01 1.549994700000000059e+01 7.954442999999999930e-01 3.681439999999999824e+00 2.225479659065539090e+04 6.858960921398069271e-04
3.138543607103162270e+00 7.656957646552985608e+00 1.178455809783872876e+00 1.363826937594533442e-05 3.665130848810782993e+01 1.549994700000000059e+01 7.954442999999999930e-01 3.681439999999999824e+00 2.225479659065539090e+04 6.858960921398069271e-04
3.138543607103162270e+00 7.656957646552985608e+00 1.178455792223513265e+00 1.365317053713918207e-05 3.665130848810782993e+01 1.549994700000000059e+01 7.954442999999999930e-01 3.681439999999999824e+00 2.225479659065539090e+04 6.858960921398069271e-04
3.138543607103162270e+00 7.656957646552985608e+00 1.178455792223513265e+00 1.363826937594533442e-05 3.665130903425488640e+01 1.549994700000000059e+01 7.954442999999999930e-01 3.681439999999999824e+00 2.225479659065539090e+04 6.858960921398069271e-04
3.138543607103162270e+00 7.656957646552985608e+00 1.178455792223513265e+00 1.363826937594533442e-05 3.665130848810782993e+01 1.549994700000000059e+01 7.954442999999999930e-01 3.681439999999999824e+00 2.225479692227770283e+04 6.858960921398069271e-04
3.138543607103162270e+00 7.656957646552985608e+00 1.178455792223513265e+00 1.363826937594533442e-05 3.665130848810782993e+01 1.549994700000000059e+01 7.954442999999999930e-01 3.681439999999999824e+00 2.225479659065539090e+04 6.859109933010007747e-04
3.131075469321499938e+00 7.822786102133870045e+00 1.164285508272656422e+00 1.307213327428055082e-05 3.655448551942133406e+01 1.549994700000000059e+01 7.954442999999999930e-01 3.681439999999999824e+00 2.159579879539529793e+04 5.300615856323977930e-04
3.131075515978160251e+00 7.822786102133870045e+00 1.164285508272656422e+00 1.307213327428055082e-05 3.655448551942133406e+01 1.549994700000000059e+01 7.954442999999999930e-01 3.681439999999999824e+00 2.159579879539529793e+04 5.300615856323977930e-04
3.131075469321499938e+00 7.822786218702466599e+00 1.164285508272656422e+00 1.307213327428055082e-05 3.655448551942133406e+01 1.549994700000000059e+01 7.954442999999999930e-01 3.681439999999999824e+00 2.159579879539529793e+04 5.300615856323977930e-04
3.131075469321499938e+00 7.822786102133870045e+00 1.164285525621862494e+00 1.307213327428055082e-05 3.655448551942133406e+01 1.549994700000000059e+01 7.954442999999999930e-01 3.681439999999999824e+00 2.159579879539529793e+04 5.300615856323977930e-04
3.131075469321499938e+00 7.822786102133870045e+00 1.164285508272656422e+00 1.308703443547439848e-05 3.655448551942133406e+01 1.549994700000000059e+01 7.954442999999999930e-01 3.681439999999999824e+00 2.159579879539529793e+04 5.300615856323977930e-04
3.131075469321499938e+00 7.822786102133870045e+00 1.164285508272656422e+00 1.307213327428055082e-05 3.655448606412561219e+01 1.549994700000000059e+01 7.954442999999999930e-01 3.681439999999999824e+00 2.159579879539529793e+04 5.300615856323977930e-04
3.131075469321499938e+00 7.822786102133870045e+00 1.164285508272656422e+00 1.307213327428055082e-05 3.655448551942133406e+01 1.549994700000000059e+01 7.954442999999999930e-01 3.681439999999999824e+00 2.159579911719777738e+04 5.300615856323977930e-04
3.131075469321499938e+00 7.822786102133870045e+00 1.164285508272656422e+00 1.307213327428055082e-05 3.655448551942133406e+01 1.549994700000000059e+01 7.954442999999999930e-01 3.681439999999999824e+00 2.159579879539529793e+04 5.300764867935916407e-04
3.131023977028335015e+00 7.822785938682753404e+00 1.164321867775073516e+00 2.601857240891726226e-03 3.656188179749607059e+01 1.549994700000000059e+01 7.954442999999999930e-01 3.681439999999999824e+00 2.159507495177777673e+04 5.298811794905189691e-04
3.131024023684227942e+00 7.822785938682753404e+00 1.164321867775073516e+00 2.601857240891726226e-03 3.656188179749607059e+01 1.549994700000000059e+01 7.954442999999999930e-01 3.681439999999999824e+00 2.159507495177777673e+04 5.298811794905189691e-04
3.131023977028335015e+00 7.822786055251347292e+00 1.164321867775073516e+00 2.601857240891726226e-03 3.656188179749607059e+01 1.549994700000000059e+01 7.954442999999999930e-01 3.681439999999999824e+00 2.159507495177777673e+04 5.298811794905189691e-04
3.131023977028335015e+00 7.822785938682753404e+00 1.164321885124821376e+00 2.601857240891726226e-03 3.656188179749607059e+01 1.549994700000000059e+01 7.954442999999999930e-01 3.681439999999999824e+00 2.159507495177777673e+04 5.298811794905189691e-04
3.131023977028335015e+00 7.822785938682753404e+00 1.164321867775073516e+00 2.601872142052920073e-03 3.656188179749607059e+01 1.549994700000000059e+01 7.954442999999999930e-01 3.681439999999999824e+00 2.159507495177777673e+04 5.298811794905189691e-04
3.131023977028335015e+00 7.822785938682753404e+00 1.164321867775073516e+00 2.601857240891726226e-03 3.656188234231056811e+01 1.549994700000000059e+01 7.954442999999999930e-01 3.681439999999999824e+00 2.159507495177777673e+04 5.298811794905189691e-04
3.131023977028335015e+00 7.822785938682753404e+00 1.164321867775073516e+00 2.601857240891726226e-03 3.656188179749607059e+01 1.549994700000000059e+01 7.954442999999999930e-01 3.681439999999999824e+00 2.159507527356946957e+04 5.298811794905189691e-04
3.131023977028335015e+00 7.822785938682753404e+00 1.164321867775073516e+00 2.601857240891726226e-03 3.656188179749607059e+01 1.549994700000000059e+01 7.954442999999999930e-01 3.681439999999999824e+00 2.159507495177777673e+04 5.298960806517128167e-04
1.905922573217644356e-04 1.432880434601510267e+00 1.154625239710043605e+00 1.637442020666837837e-03 2.835210669054540062e+02 1.549994700000000059e+01 7.954442999999999930e-01 3.681439999999999824e+00 2.111431248788991797e+04 4.003486357550123517e-04
2.352006288844430859e+00 6.865485278774759337e+00 1.111535220838836935e+00 2.559959288313776605e-03 9.578741468805566228e+01 1.549994700000000059e+01 7.954442999999999930e-01 3.681439999999999824e+00 1.904328362742423633e+04 -1.575185741627848539e-04
3.104515067690726493e+00 8.357996989972637181e+00 1.117115643689256865e+00 2.335790874584285116e-03 3.659853499565323176e+01 1.549994700000000059e+01 7.954442999999999930e-01 3.681439999999999824e+00 1.932857303356890043e+04 -7.931352014221599179e-05
3.125609164874653345e+00 7.964587902181717638e+00 1.150741050272415800e+00 5.090874556252203594e-04 3.656617781334614392e+01 1.549994700000000059e+01 7.954442999999999930e-01 3.681439999999999824e+00 2.102852274454924191e+04 3.866019694507039930e-04
3.125609211449859259e+00 7.964587902181717638e+00 1.150741050272415800e+00 5.090874556252203594e-04 3.656617781334614392e+01 1.549994700000000059e+01 7.954442999999999930e-01 3.681439999999999824e+00 2.102852274454924191e+04 3.866019694507039930e-04
3.125609164874653345e+00 7.964588020863326179e+00 1.150741050272415800e+00 5.090874556252203594e-04 3.656617781334614392e+01 1.549994700000000059e+01 7.954442999999999930e-01 3.681439999999999824e+00 2.102852274454924191e+04 3.866019694507039930e-04
3.125609164874653345e+00 7.964587902181717638e+00 1.150741067419793762e+00 5.090874556252203594e-04 3.656617781334614392e+01 1.549994700000000059e+01 7.954442999999999930e-01 3.681439999999999824e+00 2.102852274454924191e+04 3.866019694507039930e-04
3.125609164874653345e+00 7.964587902181717638e+00 1.150741050272415800e+00 5.091023567864142070e-04 3.656617781334614392e+01 1.549994700000000059e+01 7.954442999999999930e-01 3.681439999999999824e+00 2.102852274454924191e+04 3.866019694507039930e-04
3.125609164874653345e+00 7.964587902181717638e+00 1.150741050272415800e+00 5.090874556252203594e-04 3.656617835822465423e+01 1.549994700000000059e+01 7.954442999999999930e-01 3.681439999999999824e+00 2.102852274454924191e+04 3.866019694507039930e-04
3.125609164874653345e+00 7.964587902181717638e+00 1.150741050272415800e+00 5.090874556252203594e-04 3.656617781334614392e+01 1.549994700000000059e+01 7.954442999999999930e-01 3.681439999999999824e+00 2.102852305789864840e+04 3.866019694507039930e-04
3.125609164874653345e+00 7.964587902181717638e+00 1.150741050272415800e+00 5.090874556252203594e-04 3.656617781334614392e+01 1.549994700000000059e+01 7.954442999999999930e-01 3.681439999999999824e+00 2.102852274454924191e+04 3.866168706118978406e-04
3.126172229141221948e+00 7.982802093767130458e+00 1.148934887577744313e+00 4.375996621748288540e-04 3.657372941783589226e+01 1.549994700000000059e+01 7.954442999999999930e-01 3.681439999999999824e+00 2.102080638531333534e+04 3.912812098208766527e-04
3.126172275724818039e+00 7.982802093767130458e+00 1.148934887577744313e+00 4.375996621748288540e-04 3.657372941783589226e+01 1.549994700000000059e+01 7.954442999999999930e-01 3.681439999999999824e+00 2.102080638531333534e+04 3.912812098208766527e-04
3.126172229141221948e+00 7.982802212720151225e+00 1.148934887577744313e+00 4.375996621748288540e-04 3.657372941783589226e+01 1.549994700000000059e+01 7.954442999999999930e-01 3.681439999999999824e+00 2.102080638531333534e+04 3.912812098208766527e-04
3.126172229141221948e+00 7.982802093767130458e+00 1.148934904698208248e+00 4.375996621748288540e-04 3.657372941783589226e+01 1.549994700000000059e+01 7.954442999999999930e-01 3.681439999999999824e+00 2.102080638531333534e+04 3.912812098208766527e-04
3.126172229141221948e+00 7.982802093767130458e+00 1.148934887577744313e+00 4.376145633360227017e-04 3.657372941783589226e+01 1.549994700000000059e+01 7.954442999999999930e-01 3.681439999999999824e+00 2.102080638531333534e+04 3.912812098208766527e-04
3.126172229141221948e+00 7.982802093767130458e+00 1.148934887577744313e+00 4.375996621748288540e-04 3.657372996282693123e+01 1.549994700000000059e+01 7.954442999999999930e-01 3.681439999999999824e+00 2.102080638531333534e+04 3.912812098208766527e-04
3.126172229141221948e+00 7.982802093767130458e+00 1.148934887577744313e+00 4.375996621748288540e-04 3.657372941783589226e+01 1.549994700000000059e+01 7.954442999999999930e-01 3.681439999999999824e+00 2.102080669854775988e+04 3.912812098208766527e-04
3.126172229141221948e+00 7.982802093767130458e+00 1.148934887577744313e+00 4.375996621748288540e-04 3.657372941783589226e+01 1.549994700000000059e+01 7.954442999999999930e-01 3.681439999999999824e+00 2.102080638531333534e+04 3.912961109820705004e-04
3.109840065736970693e+00 8.485875295811407426e+00 1.069918454620544246e+00 1.455111686073230597e-04 3.636267173716927203e+01 1.549994700000000059e+01 7.954442999999999930e-01 3.681439999999999824e+00 1.907247074429149870e+04 -1.783335631295655766e-04
3.121912214284595866e+00 8.108621132733379255e+00 1.128843186690068334e+00 2.207102931820508949e-04 3.654130872720742929e+01 1.549994700000000059e+01 7.954442999999999930e-01 3.681439999999999824e+00 2.053372404756330434e+04 2.495448857557491101e-04
3.125006482917842998e+00 8.014512588664256754e+00 1.143574025223523583e+00 2.753706254081864351e-04 3.657823477180206595e+01 1.549994700000000059e+01 7.954442999999999930e-01 3.681439999999999824e+00 2.089904196915226203e+04 3.565137718123654090e-04
3.125006529484068540e+00 8.014512588664256754e+00 1.143574025223523583e+00 2.753706254081864351e-04 3.657823477180206595e+01 1.549994700000000059e+01 7.954442999999999930e-01 3.681439999999999824e+00 2.089904196915226203e+04 3.565137718123654090e-04
3.125006482917842998e+00 8.014512708089799986e+00 1.143574025223523583e+00 2.753706254081864351e-04 3.657823477180206595e+01 1.549994700000000059e+01 7.954442999999999930e-01 3.681439999999999824e+00 2.089904196915226203e+04 3.565137718123654090e-04
3.125006482917842998e+00 8.014512588664256754e+00 1.143574042264104529e+00 2.753706254081864351e-04 3.657823477180206595e+01 1.549994700000000059e+01 7.954442999999999930e-01 3.681439999999999824e+00 2.089904196915226203e+04 3.565137718123654090e-04
3.125006482917842998e+00 8.014512588664256754e+00 1.143574025223523583e+00 2.753855265693802828e-04 3.657823477180206595e+01 1.549994700000000059e+01 7.954442999999999930e-01 3.681439999999999824e+00 2.089904196915226203e+04 3.565137718123654090e-04
3.125006482917842998e+00 8.014512588664256754e+00 1.143574025223523583e+00 2.753706254081864351e-04 3.657823531686023699e+01 1.549994700000000059e+01 7.954442999999999930e-01 3.681439999999999824e+00 2.089904196915226203e+04 3.565137718123654090e-04
3.125006482917842998e+00 8.014512588664256754e+00 1.143574025223523583e+00 2.753706254081864351e-04 3.657823477180206595e+01 1.549994700000000059e+01 7.954442999999999930e-01 3.681439999999999824e+00 2.089904228057225555e+04 3.565137718123654090e-04
3.125006482917842998e+00 8.014512588664256754e+00 1.143574025223523583e+00 2.753706254081864351e-04 3.657823477180206595e+01 1.549994700000000059e+01 7.954442999999999930e-01 3.681439999999999824e+00 2.089904196915226203e+04 3.565286729735592567e-04
3.125190915674339376e+00 8.014930246406299474e+00 1.144301325568528815e+00 1.718649327488986148e-02 3.657825761321260671e+01 1.549994700000000059e+01 7.954442999999999930e-01 3.681439999999999824e+00 2.089825897010760309e+04 3.564430305880796112e-04
3.125190962243312942e+00 8.014930246406299474e+00 1.144301325568528815e+00 1.718649327488986148e-02 3.657825761321260671e+01 1.549994700000000059e+01 7.954442999999999930e-01 3.681439999999999824e+00 2.089825897010760309e+04 3.564430305880796112e-04
3.125190915674339376e+00 8.014930365838067061e+00 1.144301325568528815e+00 1.718649327488986148e-02 3.657825761321260671e+01 1.549994700000000059e+01 7.954442999999999930e-01 3.681439999999999824e+00 2.089825897010760309e+04 3.564430305880796112e-04
3.125190915674339376e+00 8.014930246406299474e+00 1.144301342619947315e+00 1.718649327488986148e-02 3.657825761321260671e+01 1.549994700000000059e+01 7.954442999999999930e-01 3.681439999999999824e+00 2.089825897010760309e+04 3.564430305880796112e-04
3.125190915674339376e+00 8.014930246406299474e+00 1.144301325568528815e+00 1.718650817605105532e-02 3.657825761321260671e+01 1.549994700000000059e+01 7.954442999999999930e-01 3.681439999999999824e+00 2.089825897010760309e+04 3.564430305880796112e-04
3.125190915674339376e+00 8.014930246406299474e+00 1.144301325568528815e+00 1.718649327488986148e-02 3.657825815827111882e+01 1.549994700000000059e+01 7.954442999999999930e-01 3.681439999999999824e+00 2.089825897010760309e+04 3.564430305880796112e-04
3.125190915674339376e+00 8.014930246406299474e+00 1.144301325568528815e+00 1.718649327488986148e-02 3.657825761321260671e+01 1.549994700000000059e+01 7.954442999999999930e-01 3.681439999999999824e+00 2.089825928151592962e+04 3.564430305880796112e-04
3.125190915674339376e+00 8.014930246406299474e+00 1.144301325568528815e+00 1.718649327488986148e-02 3.657825761321260671e+01 1.549994700000000059e+01 7.954442999999999930e-01 3.681439999999999824e+00 2.089825897010760309e+04 3.564579317492734588e-04
3.123453296272389768e+00 8.048019816352317335e+00 1.142349169558533273e+00 5.411214180562791409e-04 3.657952182901627936e+01 1.549994700000000059e+01 7.954442999999999930e-01 3.681439999999999824e+00 2.077816311832383144e+04 3.228879380573547756e-04
3.123453342815470712e+00 8.048019816352317335e+00 1.142349169558533273e+00 5.411214180562791409e-04 3.657952182901627936e+01 1.549994700000000059e+01 7.954442999999999930e-01 3.681439999999999824e+00 2.077816311832383144e+04 3.228879380573547756e-04
3.123453296272389768e+00 8.048019936277157171e+00 1.142349169558533273e+00 5.411214180562791409e-04 3.657952182901627936e+01 1.549994700000000059e+01 7.954442999999999930e-01 3.681439999999999824e+00 2.077816311832383144e+04 3.228879380573547756e-04
3.123453296272389768e+00 8.048019816352317335e+00 1.142349186580862375e+00 5.411214180562791409e-04 3.657952182901627936e+01 1.549994700000000059e+01 7.954442999999999930e-01 3.681439999999999824e+00 2.077816311832383144e+04 3.228879380573547756e-04
3.123453296272389768e+00 8.048019816352317335e+00 1.142349169558533273e+00 5.411363192174729886e-04 3.657952182901627936e+01 1.549994700000000059e+01 7.954442999999999930e-01 3.681439999999999824e+00 2.077816311832383144e+04 3.228879380573547756e-04
3.123453296272389768e+00 8.048019816352317335e+00 1.142349169558533273e+00 5.411214180562791409e-04 3.657952237409362795e+01 1.549994700000000059e+01 7.954442999999999930e-01 3.681439999999999824e+00 2.077816311832383144e+04 3.228879380573547756e-04
3.123453296272389768e+00 8.048019816352317335e+00 1.142349169558533273e+00 5.411214180562791409e-04 3.657952182901627936e+01 1.549994700000000059e+01 7.954442999999999930e-01 3.681439999999999824e+00 2.077816342794258890e+04 3.228879380573547756e-04
3.123453296272389768e+00 8.048019816352317335e+00 1.142349169558533273e+00 5.411214180562791409e-04 3.657952182901627936e+01 1.549994700000000059e+01 7.954442999999999930e-01 3.681439999999999824e+00 2.077816311832383144e+04 3.229028392185486233e-04
3.123595765209082220e+00 8.048269396433672895e+00 1.142546993241376985e+00 1.009473770117168268e-02 3.657953887605276577e+01 1.549994700000000059e+01 7.954442999999999930e-01 3.681439999999999824e+00 2.077766327571640431e+04 3.228237363837997177e-04
3.123595811754286355e+00 8.048269396433672895e+00 1.142546993241376985e+00 1.009473770117168268e-02 3.657953887605276577e+01 1.549994700000000059e+01 7.954442999999999930e-01 3.681439999999999824e+00 2.077766327571640431e+04 3.228237363837997177e-04
3.123595765209082220e+00 8.048269516362232423e+00 1.142546993241376985e+00 1.009473770117168268e-02 3.657953887605276577e+01 1.549994700000000059e+01 7.954442999999999930e-01 3.681439999999999824e+00 2.077766327571640431e+04 3.228237363837997177e-04
3.123595765209082220e+00 8.048269396433672895e+00 1.142547010266653951e+00 1.009473770117168268e-02 3.657953887605276577e+01 1.549994700000000059e+01 7.954442999999999930e-01 3.681439999999999824e+00 2.077766327571640431e+04 3.228237363837997177e-04
3.123595765209082220e+00 8.048269396433672895e+00 1.142546993241376985e+00 1.009475260233287652e-02 3.657953887605276577e+01 1.549994700000000059e+01 7.954442999999999930e-01 3.681439999999999824e+00 2.077766327571640431e+04 3.228237363837997177e-04
3.123595765209082220e+00 8.048269396433672895e+00 1.142546993241376985e+00 1.009473770117168268e-02 3.657953942113037016e+01 1.549994700000000059e+01 7.954442999999999930e-01 3.681439999999999824e+00 2.077766327571640431e+04 3.228237363837997177e-04
3.123595765209082220e+00 8.048269396433672895e+00 1.142546993241376985e+00 1.009473770117168268e-02 3.657953887605276577e+01 1.549994700000000059e+01 7.954442999999999930e-01 3.681439999999999824e+00 2.077766358532771483e+04 3.228237363837997177e-04
3.123595765209082220e+00 8.048269396433672895e+00 1.142546993241376985e+00 1.009473770117168268e-02 3.657953887605276577e+01 1.549994700000000059e+01 7.954442999999999930e-01 3.681439999999999824e+00 2.077766327571640431e+04 3.228386375449935654e-04
3.120920635781304409e+00 8.113704513827501685e+00 1.138277950286708640e+00 2.452513701946885949e-02 3.658397238676841567e+01 1.549994700000000059e+01 7.954442999999999930e-01 3.681439999999999824e+00 2.053627055557816129e+04 2.519224480715166487e-04
3.120920682286645764e+00 8.113704513827501685e+00 1.138277950286708640e+00 2.452513701946885949e-02 3.658397238676841567e+01 1.549994700000000059e+01 7.954442999999999930e-01 3.681439999999999824e+00 2.053627055557816129e+04 2.519224480715166487e-04
3.120920635781304409e+00 8.113704634731121246e+00 1.138277950286708640e+00 2.452513701946885949e-02 3.658397238676841567e+01 1.549994700000000059e+01 7.954442999999999930e-01 3.681439999999999824e+00 2.053627055557816129e+04 2.519224480715166487e-04
3.120920635781304409e+00 8.113704513827501685e+00 1.138277967248371825e+00 2.452513701946885949e-02 3.658397238676841567e+01 1.549994700000000059e+01 7.954442999999999930e-01 3.681439999999999824e+00 2.053627055557816129e+04 2.519224480715166487e-04
3.120920635781304409e+00 8.113704513827501685e+00 1.138277950286708640e+00 2.452515192063005334e-02 3.658397238676841567e+01 1.549994700000000059e+01 7.954442999999999930e-01 3.681439999999999824e+00 2.053627055557816129e+04 2.519224480715166487e-04
3.120920635781304409e+00 8.113704513827501685e+00 1.138277950286708640e+00 2.452513701946885949e-02 3.658397293191208632e+01 1.549994700000000059e+01 7.954442999999999930e-01 3.681439999999999824e+00 2.053627055557816129e+04 2.519224480715166487e-04
3.120920635781304409e+00 8.113704513827501685e+00 1.138277950286708640e+00 2.452513701946885949e-02 3.658397238676841567e+01 1.549994700000000059e+01 7.954442999999999930e-01 3.681439999999999824e+00 2.053627086159243845e+04 2.519224480715166487e-04
3.120920635781304409e+00 8.113704513827501685e+00 1.138277950286708640e+00 2.452513701946885949e-02 3.658397238676841567e+01 1.549994700000000059e+01 7.954442999999999930e-01 3.681439999999999824e+00 2.053627055557816129e+04 2.519373492327104964e-04
3.120855094053689882e+00 8.117866236617535591e+00 1.137182695218549755e+00 2.077177362386459919e-02 3.659030772108764040e+01 1.549994700000000059e+01 7.954442999999999930e-01 3.681439999999999824e+00 2.053290869169953294e+04 2.537597127284879303e-04
3.120855140558054686e+00 8.117866236617535591e+00 1.137182695218549755e+00 2.077177362386459919e-02 3.659030772108764040e+01 1.549994700000000059e+01 7.954442999999999930e-01 3.681439999999999824e+00 2.053290869169953294e+04 2.537597127284879303e-04
3.120855094053689882e+00 8.117866357583169545e+00 1.137182695218549755e+00 2.077177362386459919e-02 3.659030772108764040e+01 1.549994700000000059e+01 7.954442999999999930e-01 3.681439999999999824e+00 2.053290869169953294e+04 2.537597127284879303e-04
3.120855094053689882e+00 8.117866236617535591e+00 1.137182712163892440e+00 2.077177362386459919e-02 3.659030772108764040e+01 1.549994700000000059e+01 7.954442999999999930e-01 3.681439999999999824e+00 2.053290869169953294e+04 2.537597127284879303e-04
3.120855094053689882e+00 8.117866236617535591e+00 1.137182695218549755e+00 2.077178852502579304e-02 3.659030772108764040e+01 1.549994700000000059e+01 7.954442999999999930e-01 3.681439999999999824e+00 2.053290869169953294e+04 2.537597127284879303e-04
3.120855094053689882e+00 8.117866236617535591e+00 1.137182695218549755e+00 2.077177362386459919e-02 3.659030826632571376e+01 1.549994700000000059e+01 7.954442999999999930e-01 3.681439999999999824e+00 2.053290869169953294e+04 2.537597127284879303e-04
3.120855094053689882e+00 8.117866236617535591e+00 1.137182695218549755e+00 2.077177362386459919e-02 3.659030772108764040e+01 1.549994700000000059e+01 7.954442999999999930e-01 3.681439999999999824e+00 2.053290899766371513e+04 2.537597127284879303e-04
3.120855094053689882e+00 8.117866236617535591e+00 1.137182695218549755e+00 2.077177362386459919e-02 3.659030772108764040e+01 1.549994700000000059e+01 7.954442999999999930e-01 3.681439999999999824e+00 2.053290869169953294e+04 2.537746138896817779e-04
3.112399341875163650e+00 8.384143312812811999e+00 1.097897869234838897e+00 4.425704919508832713e-03 3.657083936347765984e+01 1.549994700000000059e+01 7.954442999999999930e-01 3.681439999999999824e+00 1.957032749496128235e+04 -4.335448428976985871e-05
3.118344433075405320e+00 8.183027481728279540e+00 1.127558384996376617e+00 7.103279044812050441e-03 3.663723172591519983e+01 1.549994700000000059e+01 7.954442999999999930e-01 3.681439999999999824e+00 2.029260756501056312e+04 1.796942751625185751e-04
3.120138734536430203e+00 8.133509514432260445e+00 1.134909014088695045e+00 1.002284338698079987e-02 3.662055192570634432e+01 1.549994700000000059e+01 7.954442999999999930e-01 3.681439999999999824e+00 2.047369408493897208e+04 2.356029321873749378e-04
3.120138781030120434e+00 8.133509514432260445e+00 1.134909014088695045e+00 1.002284338698079987e-02 3.662055192570634432e+01 1.549994700000000059e+01 7.954442999999999930e-01 3.681439999999999824e+00 2.047369408493897208e+04 2.356029321873749378e-04
3.120138734536430203e+00 8.133509635630996826e+00 1.134909014088695045e+00 1.002284338698079987e-02 3.662055192570634432e+01 1.549994700000000059e+01 7.954442999999999930e-01 3.681439999999999824e+00 2.047369408493897208e+04 2.356029321873749378e-04
3.120138734536430203e+00 8.133509514432260445e+00 1.134909031000157276e+00 1.002284338698079987e-02 3.662055192570634432e+01 1.549994700000000059e+01 7.954442999999999930e-01 3.681439999999999824e+00 2.047369408493897208e+04 2.356029321873749378e-04
3.120138734536430203e+00 8.133509514432260445e+00 1.134909014088695045e+00 1.002285828814199371e-02 3.662055192570634432e+01 1.549994700000000059e+01 7.954442999999999930e-01 3.681439999999999824e+00 2.047369408493897208e+04 2.356029321873749378e-04
3.120138734536430203e+00 8.133509514432260445e+00 1.134909014088695045e+00 1.002284338698079987e-02 3.662055247139509362e+01 1.549994700000000059e+01 7.954442999999999930e-01 3.681439999999999824e+00 2.047369408493897208e+04 2.356029321873749378e-04
3.120138734536430203e+00 8.133509514432260445e+00 1.134909014088695045e+00 1.002284338698079987e-02 3.662055192570634432e+01 1.549994700000000059e+01 7.954442999999999930e-01 3.681439999999999824e+00 2.047369439002078798e+04 2.356029321873749378e-04
3.120138734536430203e+00 8.133509514432260445e+00 1.134909014088695045e+00 1.002284338698079987e-02 3.662055192570634432e+01 1.549994700000000059e+01 7.954442999999999930e-01 3.681439999999999824e+00 2.047369408493897208e+04 2.356178333485687854e-04
3.120295702365168289e+00 8.133787868271289412e+00 1.135199439464443127e+00 5.008316134280679094e-03 3.662056099968057055e+01 1.549994700000000059e+01 7.954442999999999930e-01 3.681439999999999824e+00 2.047321881681563173e+04 2.355882668209289123e-04
3.120295748861197538e+00 8.133787868271289412e+00 1.135199439464443127e+00 5.008316134280679094e-03 3.662056099968057055e+01 1.549994700000000059e+01 7.954442999999999930e-01 3.681439999999999824e+00 2.047321881681563173e+04 2.355882668209289123e-04
3.120295702365168289e+00 8.133787989474173585e+00 1.135199439464443127e+00 5.008316134280679094e-03 3.662056099968057055e+01 1.549994700000000059e+01 7.954442999999999930e-01 3.681439999999999824e+00 2.047321881681563173e+04 2.355882668209289123e-04
3.120295702365168289e+00 8.133787868271289412e+00 1.135199456380233007e+00 5.008316134280679094e-03 3.662056099968057055e+01 1.549994700000000059e+01 7.954442999999999930e-01 3.681439999999999824e+00 2.047321881681563173e+04 2.355882668209289123e-04
3.120295702365168289e+00 8.133787868271289412e+00 1.135199439464443127e+00 5.008331035441872942e-03 3.662056099968057055e+01 1.549994700000000059e+01 7.954442999999999930e-01 3.681439999999999824e+00 2.047321881681563173e+04 2.355882668209289123e-04
3.120295702365168289e+00 8.133787868271289412e+00 1.135199439464443127e+00 5.008316134280679094e-03 3.662056154536945485e+01 1.549994700000000059e+01 7.954442999999999930e-01 3.681439999999999824e+00 2.047321881681563173e+04 2.355882668209289123e-04
3.120295702365168289e+00 8.133787868271289412e+00 1.135199439464443127e+00 5.008316134280679094e-03 3.662056099968057055e+01 1.549994700000000059e+01 7.954442999999999930e-01 3.681439999999999824e+00 2.047321912189036448e+04 2.355882668209289123e-04
3.120295702365168289e+00 8.133787868271289412e+00 1.135199439464443127e+00 5.008316134280679094e-03 3.662056099968057055e+01 1.549994700000000059e+01 7.954442999999999930e-01 3.681439999999999824e+00 2.047321881681563173e+04 2.356031679821227599e-04
3.119012674504336946e+00 8.167650578661735494e+00 1.133391615663390528e+00 8.766508123117001949e-04 3.662176905942043703e+01 1.549994700000000059e+01 7.954442999999999930e-01 3.681439999999999824e+00 2.035326092581125704e+04 1.990494018081843518e-04
3.119012720981247710e+00 8.167650578661735494e+00 1.133391615663390528e+00 8.766508123117001949e-04 3.662176905942043703e+01 1.549994700000000059e+01 7.954442999999999930e-01 3.681439999999999824e+00 2.035326092581125704e+04 1.990494018081843518e-04
3.119012674504336946e+00 8.167650700369213368e+00 1.133391615663390528e+00 8.766508123117001949e-04 3.662176905942043703e+01 1.549994700000000059e+01 7.954442999999999930e-01 3.681439999999999824e+00 2.035326092581125704e+04 1.990494018081843518e-04
3.119012674504336946e+00 8.167650578661735494e+00 1.133391632552241735e+00 8.766508123117001949e-04 3.662176905942043703e+01 1.549994700000000059e+01 7.954442999999999930e-01 3.681439999999999824e+00 2.035326092581125704e+04 1.990494018081843518e-04
3.119012674504336946e+00 8.167650578661735494e+00 1.133391615663390528e+00 8.766657134728940426e-04 3.662176905942043703e+01 1.549994700000000059e+01 7.954442999999999930e-01 3.681439999999999824e+00 2.035326092581125704e+04 1.990494018081843518e-04
3.119012674504336946e+00 8.167650578661735494e+00 1.133391615663390528e+00 8.766508123117001949e-04 3.662176960512731938e+01 1.549994700000000059e+01 7.954442999999999930e-01 3.681439999999999824e+00 2.035326092581125704e+04 1.990494018081843518e-04
3.119012674504336946e+00 8.167650578661735494e+00 1.133391615663390528e+00 8.766508123117001949e-04 3.662176905942043703e+01 1.549994700000000059e+01 7.954442999999999930e-01 3.681439999999999824e+00 2.035326122909847982e+04 1.990494018081843518e-04
3.119012674504336946e+00 8.167650578661735494e+00 1.133391615663390528e+00 8.766508123117001949e-04 3.662176905942043703e+01 1.549994700000000059e+01 7.954442999999999930e-01 3.681439999999999824e+00 2.035326092581125704e+04 1.990643029693781995e-04
3.118904639109356225e+00 8.169281842738334021e+00 1.132891859915232446e+00 5.961349871774150166e-04 3.662134169337085865e+01 1.549994700000000059e+01 7.954442999999999930e-01 3.681439999999999824e+00 2.035157997726756003e+04 2.000676422059450871e-04
3.118904685584657166e+00 8.169281842738334021e+00 1.132891859915232446e+00 5.961349871774150166e-04 3.662134169337085865e+01 1.549994700000000059e+01 7.954442999999999930e-01 3.681439999999999824e+00 2.035157997726756003e+04 2.000676422059450871e-04
3.118904639109356225e+00 8.169281964470119561e+00 1.132891859915232446e+00 5.961349871774150166e-04 3.662134169337085865e+01 1.549994700000000059e+01 7.954442999999999930e-01 3.681439999999999824e+00 2.035157997726756003e+04 2.000676422059450871e-04
3.118904639109356225e+00 8.169281842738334021e+00 1.132891876796636721e+00 5.961349871774150166e-04 3.662134169337085865e+01 1.549994700000000059e+01 7.954442999999999930e-01 3.681439999999999824e+00 2.035157997726756003e+04 2.000676422059450871e-04
3.118904639109356225e+00 8.169281842738334021e+00 1.132891859915232446e+00 5.961498883386088642e-04 3.662134169337085865e+01 1.549994700000000059e+01 7.954442999999999930e-01 3.681439999999999824e+00 2.035157997726756003e+04 2.000676422059450871e-04
3.118904639109356225e+00 8.169281842738334021e+00 1.132891859915232446e+00 5.961349871774150166e-04 3.662134223907137454e+01 1.549994700000000059e+01 7.954442999999999930e-01 3.681439999999999824e+00 2.035157997726756003e+04 2.000676422059450871e-04
3.118904639109356225e+00 8.169281842738334021e+00 1.132891859915232446e+00 5.961349871774150166e-04 3.662134169337085865e+01 1.549994700000000059e+01 7.954442999999999930e-01 3.681439999999999824e+00 2.035158028052973532e+04 2.000676422059450871e-04
3.118904639109356225e+00 8.169281842738334021e+00 1.132891859915232446e+00 5.961349871774150166e-04 3.662134169337085865e+01 1.549994700000000059e+01 7.954442999999999930e-01 3.681439999999999824e+00 2.035157997726756003e+04 2.000825433671389348e-04
3.114345929921964906e+00 8.304564178210428693e+00 1.123137459602312260e+00 1.198338003616223170e-03 3.664337121116830076e+01 1.549994700000000059e+01 7.954442999999999930e-01 3.681439999999999824e+00 1.987204055887802315e+04 4.843020764935620126e-05
3.114345976329335741e+00 8.304564178210428693e+00 1.123137459602312260e+00 1.198338003616223170e-03 3.664337121116830076e+01 1.549994700000000059e+01 7.954442999999999930e-01 3.681439999999999824e+00 1.987204055887802315e+04 4.843020764935620126e-05
3.114345929921964906e+00 8.304564301958079042e+00 1.123137459602312260e+00 1.198338003616223170e-03 3.664337121116830076e+01 1.549994700000000059e+01 7.954442999999999930e-01 3.681439999999999824e+00 1.987204055887802315e+04 4.843020764935620126e-05
3.114345929921964906e+00 8.304564178210428693e+00 1.123137476338364582e+00 1.198338003616223170e-03 3.664337121116830076e+01 1.549994700000000059e+01 7.954442999999999930e-01 3.681439999999999824e+00 1.987204055887802315e+04 4.843020764935620126e-05
3.114345929921964906e+00 8.304564178210428693e+00 1.123137459602312260e+00 1.198352904777417018e-03 3.664337121116830076e+01 1.549994700000000059e+01 7.954442999999999930e-01 3.681439999999999824e+00 1.987204055887802315e+04 4.843020764935620126e-05
3.114345929921964906e+00 8.304564178210428693e+00 1.123137459602312260e+00 1.198338003616223170e-03 3.664337175719708029e+01 1.549994700000000059e+01 7.954442999999999930e-01 3.681439999999999824e+00 1.987204055887802315e+04 4.843020764935620126e-05
3.114345929921964906e+00 8.304564178210428693e+00 1.123137459602312260e+00 1.198338003616223170e-03 3.664337121116830076e+01 1.549994700000000059e+01 7.954442999999999930e-01 3.681439999999999824e+00 1.987204085499450230e+04 4.843020764935620126e-05
3.114345929921964906e+00 8.304564178210428693e+00 1.123137459602312260e+00 1.198338003616223170e-03 3.664337121116830076e+01 1.549994700000000059e+01 7.954442999999999930e-01 3.681439999999999824e+00 1.987204055887802315e+04 4.844510881055004892e-05
3.113968195251771487e+00 8.311424258869648085e+00 1.121869272209962798e+00 1.084708368608151580e-03 3.663867877171466603e+01 1.549994700000000059e+01 7.954442999999999930e-01 3.681439999999999824e+00 1.987120010646986702e+04 4.956210054770513520e-05
3.113968241653513491e+00 8.311424258869648085e+00 1.121869272209962798e+00 1.084708368608151580e-03 3.663867877171466603e+01 1.549994700000000059e+01 7.954442999999999930e-01 3.681439999999999824e+00 1.987120010646986702e+04 4.956210054770513520e-05
3.113968195251771487e+00 8.311424382719520665e+00 1.121869272209962798e+00 1.084708368608151580e-03 3.663867877171466603e+01 1.549994700000000059e+01 7.954442999999999930e-01 3.681439999999999824e+00 1.987120010646986702e+04 4.956210054770513520e-05
3.113968195251771487e+00 8.311424258869648085e+00 1.121869288927117569e+00 1.084708368608151580e-03 3.663867877171466603e+01 1.549994700000000059e+01 7.954442999999999930e-01 3.681439999999999824e+00 1.987120010646986702e+04 4.956210054770513520e-05
3.113968195251771487e+00 8.311424258869648085e+00 1.121869272209962798e+00 1.084723269769345428e-03 3.663867877171466603e+01 1.549994700000000059e+01 7.954442999999999930e-01 3.681439999999999824e+00 1.987120010646986702e+04 4.956210054770513520e-05
3.113968195251771487e+00 8.311424258869648085e+00 1.121869272209962798e+00 1.084708368608151580e-03 3.663867931767352104e+01 1.549994700000000059e+01 7.954442999999999930e-01 3.681439999999999824e+00 1.987120010646986702e+04 4.956210054770513520e-05
3.113968195251771487e+00 8.311424258869648085e+00 1.121869272209962798e+00 1.084708368608151580e-03 3.663867877171466603e+01 1.549994700000000059e+01 7.954442999999999930e-01 3.681439999999999824e+00 1.987120040257382425e+04 4.956210054770513520e-05
3.113968195251771487e+00 8.311424258869648085e+00 1.121869272209962798e+00 1.084708368608151580e-03 3.663867877171466603e+01 1.549994700000000059e+01 7.954442999999999930e-01 3.681439999999999824e+00 1.987120010646986702e+04 4.957700170889898285e-05
3.113890388776377804e+00 8.311865014184782297e+00 1.121657385698668241e+00 5.187072937651070539e-04 3.664014544873165136e+01 1.549994700000000059e+01 7.954442999999999930e-01 3.681439999999999824e+00 1.986951921830484207e+04 4.919712087068677431e-05
3.113890435176960292e+00 8.311865014184782297e+00 1.121657385698668241e+00 5.187072937651070539e-04 3.664014544873165136e+01 1.549994700000000059e+01 7.954442999999999930e-01 3.681439999999999824e+00 1.986951921830484207e+04 4.919712087068677431e-05
3.113890388776377804e+00 8.311865138041222067e+00 1.121657385698668241e+00 5.187072937651070539e-04 3.664014544873165136e+01 1.549994700000000059e+01 7.954442999999999930e-01 3.681439999999999824e+00 1.986951921830484207e+04 4.919712087068677431e-05
3.113890388776377804e+00 8.311865014184782297e+00 1.121657402412665760e+00 5.187072937651070539e-04 3.664014544873165136e+01 1.549994700000000059e+01 7.954442999999999930e-01 3.681439999999999824e+00 1.986951921830484207e+04 4.919712087068677431e-05
3.113890388776377804e+00 8.311865014184782297e+00 1.121657385698668241e+00 5.187221949263009016e-04 3.664014544873165136e+01 1.549994700000000059e+01 7.954442999999999930e-01 3.681439999999999824e+00 1.986951921830484207e+04 4.919712087068677431e-05
3.113890388776377804e+00 8.311865014184782297e+00 1.121657385698668241e+00 5.187072937651070539e-04 3.664014599471236266e+01 1.549994700000000059e+01 7.954442999999999930e-01 3.681439999999999824e+00 1.986951921830484207e+04 4.919712087068677431e-05
3.113890388776377804e+00 8.311865014184782297e+00 1.121657385698668241e+00 5.187072937651070539e-04 3.664014544873165136e+01 1.549994700000000059e+01 7.954442999999999930e-01 3.681439999999999824e+00 1.986951951438375181e+04 4.919712087068677431e-05
3.113890388776377804e+00 8.311865014184782297e+00 1.121657385698668241e+00 5.187072937651070539e-04 3.664014544873165136e+01 1.549994700000000059e+01 7.954442999999999930e-01 3.681439999999999824e+00 1.986951921830484207e+04 4.921202203188062196e-05
3.109328892501549202e+00 8.444948802674339561e+00 1.101543419420474290e+00 3.548814126533007774e-05 3.668384769946261059e+01 1.549994700000000059e+01 7.954442999999999930e-01 3.681439999999999824e+00 1.939601053891823176e+04 -1.083672599883926999e-04
3.112555308840287527e+00 8.344527013051093789e+00 1.116602159739538802e+00 5.737515366438397744e-05 3.667263017325377916e+01 1.549994700000000059e+01 7.954442999999999930e-01 3.681439999999999824e+00 1.975117293310109744e+04 9.747023090643939570e-06
3.113560990241790893e+00 8.319961793189060373e+00 1.120365381580844533e+00 2.092229714935964625e-04 3.664856157055296393e+01 1.549994700000000059e+01 7.954442999999999930e-01 3.681439999999999824e+00 1.983998577823725645e+04 3.928294615100502441e-05
3.113561036637465307e+00 8.319961793189060373e+00 1.120365381580844533e+00 2.092229714935964625e-04 3.664856157055296393e+01 1.549994700000000059e+01 7.954442999999999930e-01 3.681439999999999824e+00 1.983998577823725645e+04 3.928294615100502441e-05
3.113560990241790893e+00 8.319961917166152077e+00 1.120365381580844533e+00 2.092229714935964625e-04 3.664856157055296393e+01 1.549994700000000059e+01 7.954442999999999930e-01 3.681439999999999824e+00 1.983998577823725645e+04 3.928294615100502441e-05
3.113560990241790893e+00 8.319961793189060373e+00 1.120365398275589675e+00 2.092229714935964625e-04 3.664856157055296393e+01 1.549994700000000059e+01 7.954442999999999930e-01 3.681439999999999824e+00 1.983998577823725645e+04 3.928294615100502441e-05
3.113560990241790893e+00 8.319961793189060373e+00 1.120365381580844533e+00 2.092378726547903102e-04 3.664856157055296393e+01 1.549994700000000059e+01 7.954442999999999930e-01 3.681439999999999824e+00 1.983998577823725645e+04 3.928294615100502441e-05
3.113560990241790893e+00 8.319961793189060373e+00 1.120365381580844533e+00 2.092229714935964625e-04 3.664856211665908603e+01 1.549994700000000059e+01 7.954442999999999930e-01 3.681439999999999824e+00 1.983998577823725645e+04 3.928294615100502441e-05
3.113560990241790893e+00 8.319961793189060373e+00 1.120365381580844533e+00 2.092229714935964625e-04 3.664856157055296393e+01 1.549994700000000059e+01 7.954442999999999930e-01 3.681439999999999824e+00 1.983998607387608354e+04 3.928294615100502441e-05
3.113560990241790893e+00 8.319961793189060373e+00 1.120365381580844533e+00 2.092229714935964625e-04 3.664856157055296393e+01 1.549994700000000059e+01 7.954442999999999930e-01 3.681439999999999824e+00 1.983998577823725645e+04 3.929784731219887207e-05
3.113561365679303972e+00 8.319961689777816360e+00 1.120365551844502372e+00 2.092241847704246968e-04 3.664856157380991419e+01 1.549994700000000059e+01 7.954442999999999930e-01 3.681439999999999824e+00 1.983998577793171717e+04 4.557013122240134549e-05
3.113561412074983714e+00 8.319961689777816360e+00 1.120365551844502372e+00 2.092241847704246968e-04 3.664856157380991419e+01 1.549994700000000059e+01 7.954442999999999930e-01 3.681439999999999824e+00 1.983998577793171717e+04 4.557013122240134549e-05
3.113561365679303972e+00 8.319961813754906288e+00 1.120365551844502372e+00 2.092241847704246968e-04 3.664856157380991419e+01 1.549994700000000059e+01 7.954442999999999930e-01 3.681439999999999824e+00 1.983998577793171717e+04 4.557013122240134549e-05
3.113561365679303972e+00 8.319961689777816360e+00 1.120365568539249956e+00 2.092241847704246968e-04 3.664856157380991419e+01 1.549994700000000059e+01 7.954442999999999930e-01 3.681439999999999824e+00 1.983998577793171717e+04 4.557013122240134549e-05
3.113561365679303972e+00 8.319961689777816360e+00 1.120365551844502372e+00 2.092390859316185445e-04 3.664856157380991419e+01 1.549994700000000059e+01 7.954442999999999930e-01 3.681439999999999824e+00 1.983998577793171717e+04 4.557013122240134549e-05
3.113561365679303972e+00 8.319961689777816360e+00 1.120365551844502372e+00 2.092241847704246968e-04 3.664856211991603629e+01 1.549994700000000059e+01 7.954442999999999930e-01 3.681439999999999824e+00 1.983998577793171717e+04 4.557013122240134549e-05
3.113561365679303972e+00 8.319961689777816360e+00 1.120365551844502372e+00 2.092241847704246968e-04 3.664856157380991419e+01 1.549994700000000059e+01 7.954442999999999930e-01 3.681439999999999824e+00 1.983998607357054425e+04 4.557013122240134549e-05
3.113561365679303972e+00 8.319961689777816360e+00 1.120365551844502372e+00 2.092241847704246968e-04 3.664856157380991419e+01 1.549994700000000059e+01 7.954442999999999930e-01 3.681439999999999824e+00 1.983998577793171717e+04 4.558503238359519315e-05
