3.215927981179947714e+00 6.348244920370929911e+00 1.231052117037319649e+00 1.965060453326860669e-03 3.757138671359627580e+01 1.549994700000000059e+01 7.954442999999999930e-01 3.681439999999999824e+00 2.799676080741004625e+04 8.021061044924908531e-04
3.215928029101009056e+00 6.348244920370929911e+00 1.231052117037319649e+00 1.965060453326860669e-03 3.757138671359627580e+01 1.549994700000000059e+01 7.954442999999999930e-01 3.681439999999999824e+00 2.799676080741004625e+04 8.021061044924908531e-04
3.215927981179947714e+00 6.348245014967150546e+00 1.231052117037319649e+00 1.965060453326860669e-03 3.757138671359627580e+01 1.549994700000000059e+01 7.954442999999999930e-01 3.681439999999999824e+00 2.799676080741004625e+04 8.021061044924908531e-04
3.215927981179947714e+00 6.348244920370929911e+00 1.231052135381425661e+00 1.965060453326860669e-03 3.757138671359627580e+01 1.549994700000000059e+01 7.954442999999999930e-01 3.681439999999999824e+00 2.799676080741004625e+04 8.021061044924908531e-04
3.215927981179947714e+00 6.348244920370929911e+00 1.231052117037319649e+00 1.965075354488054517e-03 3.757138671359627580e+01 1.549994700000000059e+01 7.954442999999999930e-01 3.681439999999999824e+00 2.799676080741004625e+04 8.021061044924908531e-04
3.215927981179947714e+00 6.348244920370929911e+00 1.231052117037319649e+00 1.965060453326860669e-03 3.757138727345356699e+01 1.549994700000000059e+01 7.954442999999999930e-01 3.681439999999999824e+00 2.799676080741004625e+04 8.021061044924908531e-04
3.215927981179947714e+00 6.348244920370929911e+00 1.231052117037319649e+00 1.965060453326860669e-03 3.757138671359627580e+01 1.549994723096720861e+01 7.954442999999999930e-01 3.681439999999999824e+00 2.799676080741004625e+04 8.021061044924908531e-04
3.215927981179947714e+00 6.348244920370929911e+00 1.231052117037319649e+00 1.965060453326860669e-03 3.757138671359627580e+01 1.549994700000000059e+01 7.954443149011611869e-01 3.681439999999999824e+00 2.799676080741004625e+04 8.021061044924908531e-04
3.215927981179947714e+00 6.348244920370929911e+00 1.231052117037319649e+00 1.965060453326860669e-03 3.757138671359627580e+01 1.549994700000000059e+01 7.954442999999999930e-01 3.681439999999999824e+00 2.799676122459429098e+04 8.021061044924908531e-04
3.215927981179947714e+00 6.348244920370929911e+00 1.231052117037319649e+00 1.965060453326860669e-03 3.757138671359627580e+01 1.549994700000000059e+01 7.954442999999999930e-01 3.681439999999999824e+00 2.799676080741004625e+04 8.021210056536847008e-04
3.215896555479062613e+00 6.348244939149157773e+00 1.231139332756807647e+00 1.834822220864332307e-04 3.757424646837984028e+01 1.549994525204553675e+01 7.954442157006554881e-01 3.681439999999999824e+00 2.799675823695355575e+04 8.027134350170702553e-04
3.215896603399655440e+00 6.348244939149157773e+00 1.231139332756807647e+00 1.834822220864332307e-04 3.757424646837984028e+01 1.549994525204553675e+01 7.954442157006554881e-01 3.681439999999999824e+00 2.799675823695355575e+04 8.027134350170702553e-04
3.215896555479062613e+00 6.348245033745379295e+00 1.231139332756807647e+00 1.834822220864332307e-04 3.757424646837984028e+01 1.549994525204553675e+01 7.954442157006554881e-01 3.681439999999999824e+00 2.799675823695355575e+04 8.027134350170702553e-04
3.215896555479062613e+00 6.348244939149157773e+00 1.231139351102213286e+00 1.834822220864332307e-04 3.757424646837984028e+01 1.549994525204553675e+01 7.954442157006554881e-01 3.681439999999999824e+00 2.799675823695355575e+04 8.027134350170702553e-04
3.215896555479062613e+00 6.348244939149157773e+00 1.231139332756807647e+00 1.834971232476270784e-04 3.757424646837984028e+01 1.549994525204553675e+01 7.954442157006554881e-01 3.681439999999999824e+00 2.799675823695355575e+04 8.027134350170702553e-04
3.215896555479062613e+00 6.348244939149157773e+00 1.231139332756807647e+00 1.834822220864332307e-04 3.757424702827974272e+01 1.549994525204553675e+01 7.954442157006554881e-01 3.681439999999999824e+00 2.799675823695355575e+04 8.027134350170702553e-04
3.215896555479062613e+00 6.348244939149157773e+00 1.231139332756807647e+00 1.834822220864332307e-04 3.757424646837984028e+01 1.549994548301271990e+01 7.954442157006554881e-01 3.681439999999999824e+00 2.799675823695355575e+04 8.027134350170702553e-04
3.215896555479062613e+00 6.348244939149157773e+00 1.231139332756807647e+00 1.834822220864332307e-04 3.757424646837984028e+01 1.549994525204553675e+01 7.954442306018166819e-01 3.681439999999999824e+00 2.799675823695355575e+04 8.027134350170702553e-04
3.215896555479062613e+00 6.348244939149157773e+00 1.231139332756807647e+00 1.834822220864332307e-04 3.757424646837984028e+01 1.549994525204553675e+01 7.954442157006554881e-01 3.681439999999999824e+00 2.799675865413776410e+04 8.027134350170702553e-04
3.215896555479062613e+00 6.348244939149157773e+00 1.231139332756807647e+00 1.834822220864332307e-04 3.757424646837984028e+01 1.549994525204553675e+01 7.954442157006554881e-01 3.681439999999999824e+00 2.799675823695355575e+04 8.027283361782641029e-04
3.184809293251278373e+00 2.513330145094059276e+00 1.222824037171394096e+00 1.740036334421382277e-04 3.719464229018340973e+01 1.547849265558627252e+01 9.931175967300299723e-01 3.681439999999999824e+00 2.816873230281093493e+04 -1.078214715917844360e-02
3.182355969842072696e+00 2.480607330778872743e+00 1.221809073895655517e+00 1.737933874923298298e-04 3.716465921231921499e+01 1.547882524452085029e+01 9.950426489687209664e-01 3.681439999999999824e+00 2.803958755396119523e+04 -1.095770282232919578e-02
3.181734552091357138e+00 2.472433826461032602e+00 1.221551100981670412e+00 1.737391098690788528e-04 3.715702888177424512e+01 1.547891295581688098e+01 9.955248662417891525e-01 3.681439999999999824e+00 2.800678355390984507e+04 -1.100186128402277745e-02
3.196376437697866280e+00 3.666575792490398555e+00 1.219937532874621811e+00 1.665213171326372491e-04 3.705404397758388058e+01 1.550070766333879568e+01 9.371357568415303874e-01 3.681439999999999824e+00 2.799676002984972729e+04 -7.257161570770601609e-03
3.217563722149349381e+00 5.681244414356457995e+00 1.216201974889960180e+00 1.617172136206314348e-04 3.718399290800626744e+01 1.550710018095572806e+01 8.379570471474491189e-01 3.681439999999999824e+00 2.799675851192900154e+04 -9.102790269166462700e-04
3.219472584453189068e+00 6.183650605922325738e+00 1.215455474555626747e+00 1.719724624119115496e-04 3.743194954117139162e+01 1.550218492084787414e+01 8.127000285921995859e-01 3.681439999999999824e+00 2.799675830188747568e+04 6.823065800900127370e-04
3.217031588243887352e+00 6.309993377041912765e+00 1.218585049378692720e+00 1.798659375833378449e-04 3.753615318466712836e+01 1.550049290444998107e+01 8.057191917622162913e-01 3.681439999999999824e+00 2.799675825212573545e+04 1.074988470445562092e-03
3.213254761780130142e+00 6.342441767835019562e+00 1.225829646966938080e+00 1.828463944569019741e-04 3.756749915745077573e+01 1.550002734911764080e+01 8.017615852230466356e-01 3.681439999999999824e+00 2.799675823941994531e+04 1.093485997644114182e-03
3.214484291049688469e+00 6.347591723247011153e+00 1.230066805332639124e+00 1.833996862719925185e-04 3.757328132199216952e+01 1.549995387322146279e+01 7.974130535618063620e-01 3.681439999999999824e+00 2.799675823727564784e+04 9.029712504704637309e-04
3.215519431472719791e+00 6.348114021856118505e+00 1.230891975910486158e+00 1.834648191428632036e-04 3.757403697727171732e+01 1.549994691720674567e+01 7.959469513833441479e-01 3.681439999999999824e+00 2.799675823702186972e+04 8.274698393717811211e-04
3.215805760909355104e+00 6.348213996193713626e+00 1.231080282482919008e+00 1.834780540528049234e-04 3.757419676016836263e+01 1.549994563457987695e+01 7.955718064756495123e-01 3.681439999999999824e+00 2.799675823696995212e+04 8.078799746651712252e-04
3.215805808828595236e+00 6.348213996193713626e+00 1.231080282482919008e+00 1.834780540528049234e-04 3.757419676016836263e+01 1.549994563457987695e+01 7.955718064756495123e-01 3.681439999999999824e+00 2.799675823696995212e+04 8.078799746651712252e-04
3.215805760909355104e+00 6.348214090789473296e+00 1.231080282482919008e+00 1.834780540528049234e-04 3.757419676016836263e+01 1.549994563457987695e+01 7.955718064756495123e-01 3.681439999999999824e+00 2.799675823696995212e+04 8.078799746651712252e-04
3.215805760909355104e+00 6.348213996193713626e+00 1.231080300827444685e+00 1.834780540528049234e-04 3.757419676016836263e+01 1.549994563457987695e+01 7.955718064756495123e-01 3.681439999999999824e+00 2.799675823696995212e+04 8.078799746651712252e-04
3.215805760909355104e+00 6.348213996193713626e+00 1.231080282482919008e+00 1.834929552139987711e-04 3.757419676016836263e+01 1.549994563457987695e+01 7.955718064756495123e-01 3.681439999999999824e+00 2.799675823696995212e+04 8.078799746651712252e-04
3.215805760909355104e+00 6.348213996193713626e+00 1.231080282482919008e+00 1.834780540528049234e-04 3.757419732006752611e+01 1.549994563457987695e+01 7.955718064756495123e-01 3.681439999999999824e+00 2.799675823696995212e+04 8.078799746651712252e-04
3.215805760909355104e+00 6.348213996193713626e+00 1.231080282482919008e+00 1.834780540528049234e-04 3.757419676016836263e+01 1.549994586554706544e+01 7.955718064756495123e-01 3.681439999999999824e+00 2.799675823696995212e+04 8.078799746651712252e-04
3.215805760909355104e+00 6.348213996193713626e+00 1.231080282482919008e+00 1.834780540528049234e-04 3.757419676016836263e+01 1.549994563457987695e+01 7.955718213768107061e-01 3.681439999999999824e+00 2.799675823696995212e+04 8.078799746651712252e-04
3.215805760909355104e+00 6.348213996193713626e+00 1.231080282482919008e+00 1.834780540528049234e-04 3.757419676016836263e+01 1.549994563457987695e+01 7.955718064756495123e-01 3.681439999999999824e+00 2.799675865415416047e+04 8.078799746651712252e-04
3.215805760909355104e+00 6.348213996193713626e+00 1.231080282482919008e+00 1.834780540528049234e-04 3.757419676016836263e+01 1.549994563457987695e+01 7.955718064756495123e-01 3.681439999999999824e+00 2.799675823696995212e+04 8.078948758263650729e-04
