3.081295575854816615e+00 9.430518391563184721e+00 1.358979671299773706e+00 7.107672655562547815e-04 5.496888953019576718e+01 1.549994700000000059e+01 7.954442999999999930e-01 3.681439999999999824e+00 2.573514521372942545e+04 5.710107067058096779e-03
3.081295621769698734e+00 9.430518391563184721e+00 1.358979671299773706e+00 7.107672655562547815e-04 5.496888953019576718e+01 1.549994700000000059e+01 7.954442999999999930e-01 3.681439999999999824e+00 2.573514521372942545e+04 5.710107067058096779e-03
3.081295575854816615e+00 9.430518532088859374e+00 1.358979671299773706e+00 7.107672655562547815e-04 5.496888953019576718e+01 1.549994700000000059e+01 7.954442999999999930e-01 3.681439999999999824e+00 2.573514521372942545e+04 5.710107067058096779e-03
3.081295575854816615e+00 9.430518391563184721e+00 1.358979691550148861e+00 7.107672655562547815e-04 5.496888953019576718e+01 1.549994700000000059e+01 7.954442999999999930e-01 3.681439999999999824e+00 2.573514521372942545e+04 5.710107067058096779e-03
3.081295575854816615e+00 9.430518391563184721e+00 1.358979671299773706e+00 7.107821667174486291e-04 5.496888953019576718e+01 1.549994700000000059e+01 7.954442999999999930e-01 3.681439999999999824e+00 2.573514521372942545e+04 5.710107067058096779e-03
3.081295575854816615e+00 9.430518391563184721e+00 1.358979671299773706e+00 7.107672655562547815e-04 5.496889034929605344e+01 1.549994700000000059e+01 7.954442999999999930e-01 3.681439999999999824e+00 2.573514521372942545e+04 5.710107067058096779e-03
3.081295575854816615e+00 9.430518391563184721e+00 1.358979671299773706e+00 7.107672655562547815e-04 5.496888953019576718e+01 1.549994723096720861e+01 7.954442999999999930e-01 3.681439999999999824e+00 2.573514521372942545e+04 5.710107067058096779e-03
3.081295575854816615e+00 9.430518391563184721e+00 1.358979671299773706e+00 7.107672655562547815e-04 5.496888953019576718e+01 1.549994700000000059e+01 7.954443149011611869e-01 3.681439999999999824e+00 2.573514521372942545e+04 5.710107067058096779e-03
3.081295575854816615e+00 9.430518391563184721e+00 1.358979671299773706e+00 7.107672655562547815e-04 5.496888953019576718e+01 1.549994700000000059e+01 7.954442999999999930e-01 3.681439999999999824e+00 2.573514559721297337e+04 5.710107067058096779e-03
3.081295575854816615e+00 9.430518391563184721e+00 1.358979671299773706e+00 7.107672655562547815e-04 5.496888953019576718e+01 1.549994700000000059e+01 7.954442999999999930e-01 3.681439999999999824e+00 2.573514521372942545e+04 5.710121968219290627e-03
3.174719440460093356e+00 7.271564519839385454e+00 1.443843498884760379e+00 7.061000915933101718e-04 5.695149087245106756e+01 1.513127246706005202e+01 7.898158864218066677e-01 3.681439999999999824e+00 3.924385381983675325e+04 1.511105021044096067e-02
3.053081293909363669e+00 7.789636409686343299e+00 1.327948961301536945e+00 3.371141926642312603e-04 5.439235042159373990e+01 1.403278619087248380e+01 9.324163978086094096e-01 3.681439999999999824e+00 2.891740171603488852e+04 7.191987858986405822e-03
3.033652169695851164e+00 8.161377724331735806e+00 1.310118064775255942e+00 3.254479372505351877e-04 5.398078044284420685e+01 1.401146009425639605e+01 9.381448665589254832e-01 3.681439999999999824e+00 2.635269173704985951e+04 5.382475185986584920e-03
3.029894157037142044e+00 8.235417399911506564e+00 1.306674247724813220e+00 3.235384543975601654e-04 5.390114387144858199e+01 1.400556559162627934e+01 9.391290409249610782e-01 3.681439999999999824e+00 2.584983852179695168e+04 5.028434303230180577e-03
3.029152584979768914e+00 8.248229873583841965e+00 1.305990602903919440e+00 3.228538462692868050e-04 5.388539552053904913e+01 1.400439600032946608e+01 9.394414992198776293e-01 3.681439999999999824e+00 2.575622175786718799e+04 4.961877049392728577e-03
3.028739273623393569e+00 8.244292175508773468e+00 1.305584403234375745e+00 3.205806332369994546e-04 5.387642642244962587e+01 1.400412844107166599e+01 9.403404021192893758e-01 3.681439999999999824e+00 2.573865259761312700e+04 4.945181294832944399e-03
3.039185534743237938e+00 8.511013671061185448e+00 1.313868686891491944e+00 4.594685091740418367e-04 5.404868791678532602e+01 1.539686741893596711e+01 9.295052052224015426e-01 3.681439999999999824e+00 2.573514815991816431e+04 5.232734852862117904e-03
3.066362869788229695e+00 9.223257159911334213e+00 1.340181141657107888e+00 6.622856528786444635e-04 5.475746401204153102e+01 1.549556985555033073e+01 8.522164748910912024e-01 3.681439999999999824e+00 2.573514553231696118e+04 5.870037037672132599e-03
3.074694949081385076e+00 9.411012849517321754e+00 1.353277686129653601e+00 7.043756779593965530e-04 5.494829528026357224e+01 1.549893645077229998e+01 8.214854103268915964e-01 3.681439999999999824e+00 2.573514525409394628e+04 5.938351575174677550e-03
3.079320570958027137e+00 9.429959274573247896e+00 1.358416556753895277e+00 7.099875640996823611e-04 5.496808444564896945e+01 1.549967471952069609e+01 8.023333440974484976e-01 3.681439999999999824e+00 2.573514521902459819e+04 5.780724584960393597e-03
3.080785937209650882e+00 9.430518394131301108e+00 1.358891002669263104e+00 7.105997959840111436e-04 5.496882858424253726e+01 1.549987846331823249e+01 7.971679734438830156e-01 3.681439999999999824e+00 2.573514521489353865e+04 5.728058284034559175e-03
3.080785983116938631e+00 9.430518394131301108e+00 1.358891002669263104e+00 7.105997959840111436e-04 5.496882858424253726e+01 1.549987846331823249e+01 7.971679734438830156e-01 3.681439999999999824e+00 2.573514521489353865e+04 5.728058284034559175e-03
3.080785937209650882e+00 9.430518534656975760e+00 1.358891002669263104e+00 7.105997959840111436e-04 5.496882858424253726e+01 1.549987846331823249e+01 7.971679734438830156e-01 3.681439999999999824e+00 2.573514521489353865e+04 5.728058284034559175e-03
3.080785937209650882e+00 9.430518394131301108e+00 1.358891022918316871e+00 7.105997959840111436e-04 5.496882858424253726e+01 1.549987846331823249e+01 7.971679734438830156e-01 3.681439999999999824e+00 2.573514521489353865e+04 5.728058284034559175e-03
3.080785937209650882e+00 9.430518394131301108e+00 1.358891002669263104e+00 7.106146971452049913e-04 5.496882858424253726e+01 1.549987846331823249e+01 7.971679734438830156e-01 3.681439999999999824e+00 2.573514521489353865e+04 5.728058284034559175e-03
3.080785937209650882e+00 9.430518394131301108e+00 1.358891002669263104e+00 7.105997959840111436e-04 5.496882940334191403e+01 1.549987846331823249e+01 7.971679734438830156e-01 3.681439999999999824e+00 2.573514521489353865e+04 5.728058284034559175e-03
3.080785937209650882e+00 9.430518394131301108e+00 1.358891002669263104e+00 7.105997959840111436e-04 5.496882858424253726e+01 1.549987869428441911e+01 7.971679734438830156e-01 3.681439999999999824e+00 2.573514521489353865e+04 5.728058284034559175e-03
3.080785937209650882e+00 9.430518394131301108e+00 1.358891002669263104e+00 7.105997959840111436e-04 5.496882858424253726e+01 1.549987846331823249e+01 7.971679883450442095e-01 3.681439999999999824e+00 2.573514521489353865e+04 5.728058284034559175e-03
3.080785937209650882e+00 9.430518394131301108e+00 1.358891002669263104e+00 7.105997959840111436e-04 5.496882858424253726e+01 1.549987846331823249e+01 7.971679734438830156e-01 3.681439999999999824e+00 2.573514559837708657e+04 5.728058284034559175e-03
3.080785937209650882e+00 9.430518394131301108e+00 1.358891002669263104e+00 7.105997959840111436e-04 5.496882858424253726e+01 1.549987846331823249e+01 7.971679734438830156e-01 3.681439999999999824e+00 2.573514521489353865e+04 5.728073185195753023e-03
3.076669672490320195e+00 9.430291698226030306e+00 1.358186298738153663e+00 7.104640191280935926e-04 5.496804079112676789e+01 1.549987109498763793e+01 8.036386245289610653e-01 3.681439999999999824e+00 2.573514521576202969e+04 5.874876181626031285e-03
3.079634255854877711e+00 9.430512177307104338e+00 1.358725177976213949e+00 7.105746862623721826e-04 5.496867892750855589e+01 1.549987639119410332e+01 7.987655126662766003e-01 3.681439999999999824e+00 2.573514521506067467e+04 5.770402956600874898e-03
3.080393595185292099e+00 9.430519749399874030e+00 1.358836232215227646e+00 7.105938754250851024e-04 5.496878188564046042e+01 1.549987800570453977e+01 7.975424900505988512e-01 3.681439999999999824e+00 2.573514521493294160e+04 5.743581713279012450e-03
3.080619206981684677e+00 9.430519385321700199e+00 1.358867796714462228e+00 7.105985036881436049e-04 5.496880924202993413e+01 1.549987842080077272e+01 7.972298428818598293e-01 3.681439999999999824e+00 2.573514521490183688e+04 5.734857664914609805e-03
3.080619252886488191e+00 9.430519385321700199e+00 1.358867796714462228e+00 7.105985036881436049e-04 5.496880924202993413e+01 1.549987842080077272e+01 7.972298428818598293e-01 3.681439999999999824e+00 2.573514521490183688e+04 5.734857664914609805e-03
3.080619206981684677e+00 9.430519525847389062e+00 1.358867796714462228e+00 7.105985036881436049e-04 5.496880924202993413e+01 1.549987842080077272e+01 7.972298428818598293e-01 3.681439999999999824e+00 2.573514521490183688e+04 5.734857664914609805e-03
3.080619206981684677e+00 9.430519385321700199e+00 1.358867816963170272e+00 7.105985036881436049e-04 5.496880924202993413e+01 1.549987842080077272e+01 7.972298428818598293e-01 3.681439999999999824e+00 2.573514521490183688e+04 5.734857664914609805e-03
3.080619206981684677e+00 9.430519385321700199e+00 1.358867796714462228e+00 7.106134048493374525e-04 5.496880924202993413e+01 1.549987842080077272e+01 7.972298428818598293e-01 3.681439999999999824e+00 2.573514521490183688e+04 5.734857664914609805e-03
3.080619206981684677e+00 9.430519385321700199e+00 1.358867796714462228e+00 7.105985036881436049e-04 5.496881006112901957e+01 1.549987842080077272e+01 7.972298428818598293e-01 3.681439999999999824e+00 2.573514521490183688e+04 5.734857664914609805e-03
3.080619206981684677e+00 9.430519385321700199e+00 1.358867796714462228e+00 7.105985036881436049e-04 5.496880924202993413e+01 1.549987865176695934e+01 7.972298428818598293e-01 3.681439999999999824e+00 2.573514521490183688e+04 5.734857664914609805e-03
3.080619206981684677e+00 9.430519385321700199e+00 1.358867796714462228e+00 7.105985036881436049e-04 5.496880924202993413e+01 1.549987842080077272e+01 7.972298577830210231e-01 3.681439999999999824e+00 2.573514521490183688e+04 5.734857664914609805e-03
3.080619206981684677e+00 9.430519385321700199e+00 1.358867796714462228e+00 7.105985036881436049e-04 5.496880924202993413e+01 1.549987842080077272e+01 7.972298428818598293e-01 3.681439999999999824e+00 2.573514559838538480e+04 5.734857664914609805e-03
3.080619206981684677e+00 9.430519385321700199e+00 1.358867796714462228e+00 7.105985036881436049e-04 5.496880924202993413e+01 1.549987842080077272e+01 7.972298428818598293e-01 3.681439999999999824e+00 2.573514521490183688e+04 5.734872566075803653e-03
