3.205843000000000220e+00 7.511125999999999969e+00 1.235333999999999932e+00 1.528337999999999867e-05 3.753042800000000057e+01 1.549994700000000059e+01 7.954442999999999930e-01 3.681439999999999824e+00 2.571453499999999985e+04 0.000000000000000000e+00
3.205843047770783549e+00 7.511125999999999969e+00 1.235333999999999932e+00 1.528337999999999867e-05 3.753042800000000057e+01 1.549994700000000059e+01 7.954442999999999930e-01 3.681439999999999824e+00 2.571453499999999985e+04 0.000000000000000000e+00
3.205843000000000220e+00 7.511126111924498971e+00 1.235333999999999932e+00 1.528337999999999867e-05 3.753042800000000057e+01 1.549994700000000059e+01 7.954442999999999930e-01 3.681439999999999824e+00 2.571453499999999985e+04 0.000000000000000000e+00
3.205843000000000220e+00 7.511125999999999969e+00 1.235334018407910905e+00 1.528337999999999867e-05 3.753042800000000057e+01 1.549994700000000059e+01 7.954442999999999930e-01 3.681439999999999824e+00 2.571453499999999985e+04 0.000000000000000000e+00
3.205843000000000220e+00 7.511125999999999969e+00 1.235333999999999932e+00 1.529828116119384633e-05 3.753042800000000057e+01 1.549994700000000059e+01 7.954442999999999930e-01 3.681439999999999824e+00 2.571453499999999985e+04 0.000000000000000000e+00
3.205843000000000220e+00 7.511125999999999969e+00 1.235333999999999932e+00 1.528337999999999867e-05 3.753042855924695687e+01 1.549994700000000059e+01 7.954442999999999930e-01 3.681439999999999824e+00 2.571453499999999985e+04 0.000000000000000000e+00
3.205843000000000220e+00 7.511125999999999969e+00 1.235333999999999932e+00 1.528337999999999867e-05 3.753042800000000057e+01 1.549994700000000059e+01 7.954442999999999930e-01 3.681439999999999824e+00 2.571453538317642960e+04 0.000000000000000000e+00
3.205843000000000220e+00 7.511125999999999969e+00 1.235333999999999932e+00 1.528337999999999867e-05 3.753042800000000057e+01 1.549994700000000059e+01 7.954442999999999930e-01 3.681439999999999824e+00 2.571453499999999985e+04 1.490116119384765625e-08
3.205864027108909831e+00 7.511110279757930996e+00 1.235343092278546662e+00 1.571028985467851828e-05 3.753042817195744618e+01 1.549994700000000059e+01 7.954442999999999930e-01 3.681439999999999824e+00 2.571453497757478544e+04 7.245051795394983566e-04
3.205864074880006243e+00 7.511110279757930996e+00 1.235343092278546662e+00 1.571028985467851828e-05 3.753042817195744618e+01 1.549994700000000059e+01 7.954442999999999930e-01 3.681439999999999824e+00 2.571453497757478544e+04 7.245051795394983566e-04
3.205864027108909831e+00 7.511110391682196408e+00 1.235343092278546662e+00 1.571028985467851828e-05 3.753042817195744618e+01 1.549994700000000059e+01 7.954442999999999930e-01 3.681439999999999824e+00 2.571453497757478544e+04 7.245051795394983566e-04
3.205864027108909831e+00 7.511110279757930996e+00 1.235343110686593304e+00 1.571028985467851828e-05 3.753042817195744618e+01 1.549994700000000059e+01 7.954442999999999930e-01 3.681439999999999824e+00 2.571453497757478544e+04 7.245051795394983566e-04
3.205864027108909831e+00 7.511110279757930996e+00 1.235343092278546662e+00 1.572519101587236594e-05 3.753042817195744618e+01 1.549994700000000059e+01 7.954442999999999930e-01 3.681439999999999824e+00 2.571453497757478544e+04 7.245051795394983566e-04
3.205864027108909831e+00 7.511110279757930996e+00 1.235343092278546662e+00 1.571028985467851828e-05 3.753042873120440959e+01 1.549994700000000059e+01 7.954442999999999930e-01 3.681439999999999824e+00 2.571453497757478544e+04 7.245051795394983566e-04
3.205864027108909831e+00 7.511110279757930996e+00 1.235343092278546662e+00 1.571028985467851828e-05 3.753042817195744618e+01 1.549994700000000059e+01 7.954442999999999930e-01 3.681439999999999824e+00 2.571453536075121519e+04 7.245051795394983566e-04
3.205864027108909831e+00 7.511110279757930996e+00 1.235343092278546662e+00 1.571028985467851828e-05 3.753042817195744618e+01 1.549994700000000059e+01 7.954442999999999930e-01 3.681439999999999824e+00 2.571453497757478544e+04 7.245200807006922043e-04
3.164063366135926980e+00 7.156631688688324999e+00 1.237649153011309178e+00 1.554498020121454656e-05 3.701429050242892771e+01 1.549994700000000059e+01 7.954442999999999930e-01 3.681439999999999824e+00 2.554978559744550148e+04 1.972524128241908217e-03
3.164063413284145199e+00 7.156631688688324999e+00 1.237649153011309178e+00 1.554498020121454656e-05 3.701429050242892771e+01 1.549994700000000059e+01 7.954442999999999930e-01 3.681439999999999824e+00 2.554978559744550148e+04 1.972524128241908217e-03
3.164063366135926980e+00 7.156631795330447687e+00 1.237649153011309178e+00 1.554498020121454656e-05 3.701429050242892771e+01 1.549994700000000059e+01 7.954442999999999930e-01 3.681439999999999824e+00 2.554978559744550148e+04 1.972524128241908217e-03
3.164063366135926980e+00 7.156631688688324999e+00 1.237649171453718777e+00 1.554498020121454656e-05 3.701429050242892771e+01 1.549994700000000059e+01 7.954442999999999930e-01 3.681439999999999824e+00 2.554978559744550148e+04 1.972524128241908217e-03
3.164063366135926980e+00 7.156631688688324999e+00 1.237649153011309178e+00 1.555988136240839422e-05 3.701429050242892771e+01 1.549994700000000059e+01 7.954442999999999930e-01 3.681439999999999824e+00 2.554978559744550148e+04 1.972524128241908217e-03
3.164063366135926980e+00 7.156631688688324999e+00 1.237649153011309178e+00 1.554498020121454656e-05 3.701429105398483443e+01 1.549994700000000059e+01 7.954442999999999930e-01 3.681439999999999824e+00 2.554978559744550148e+04 1.972524128241908217e-03
3.164063366135926980e+00 7.156631688688324999e+00 1.237649153011309178e+00 1.554498020121454656e-05 3.701429050242892771e+01 1.549994700000000059e+01 7.954442999999999930e-01 3.681439999999999824e+00 2.554978597816697584e+04 1.972524128241908217e-03
3.164063366135926980e+00 7.156631688688324999e+00 1.237649153011309178e+00 1.554498020121454656e-05 3.701429050242892771e+01 1.549994700000000059e+01 7.954442999999999930e-01 3.681439999999999824e+00 2.554978559744550148e+04 1.972539029403102065e-03
3.165080299154792165e+00 7.156631806049737143e+00 1.239488441711017463e+00 9.088287161785818524e-02 3.704536528805250128e+01 1.549994700000000059e+01 7.954442999999999930e-01 3.681439999999999824e+00 2.554534475403677789e+04 1.970627021983915959e-03
3.165080346318164040e+00 7.156631806049737143e+00 1.239488441711017463e+00 9.088287161785818524e-02 3.704536528805250128e+01 1.549994700000000059e+01 7.954442999999999930e-01 3.681439999999999824e+00 2.554534475403677789e+04 1.970627021983915959e-03
3.165080299154792165e+00 7.156631912691861608e+00 1.239488441711017463e+00 9.088287161785818524e-02 3.704536528805250128e+01 1.549994700000000059e+01 7.954442999999999930e-01 3.681439999999999824e+00 2.554534475403677789e+04 1.970627021983915959e-03
3.165080299154792165e+00 7.156631806049737143e+00 1.239488460180834473e+00 9.088287161785818524e-02 3.704536528805250128e+01 1.549994700000000059e+01 7.954442999999999930e-01 3.681439999999999824e+00 2.554534475403677789e+04 1.970627021983915959e-03
3.165080299154792165e+00 7.156631806049737143e+00 1.239488441711017463e+00 9.088288651901937909e-02 3.704536528805250128e+01 1.549994700000000059e+01 7.954442999999999930e-01 3.681439999999999824e+00 2.554534475403677789e+04 1.970627021983915959e-03
3.165080299154792165e+00 7.156631806049737143e+00 1.239488441711017463e+00 9.088287161785818524e-02 3.704536584007146161e+01 1.549994700000000059e+01 7.954442999999999930e-01 3.681439999999999824e+00 2.554534475403677789e+04 1.970627021983915959e-03
3.165080299154792165e+00 7.156631806049737143e+00 1.239488441711017463e+00 9.088287161785818524e-02 3.704536528805250128e+01 1.549994700000000059e+01 7.954442999999999930e-01 3.681439999999999824e+00 2.554534513469207741e+04 1.970627021983915959e-03
3.165080299154792165e+00 7.156631806049737143e+00 1.239488441711017463e+00 9.088287161785818524e-02 3.704536528805250128e+01 1.549994700000000059e+01 7.954442999999999930e-01 3.681439999999999824e+00 2.554534475403677789e+04 1.970641923145109806e-03
3.164587784532648662e+00 7.156631185733123957e+00 1.241167861770219982e+00 9.530469576612132787e-03 3.718565571764882804e+01 1.549994700000000059e+01 7.954442999999999930e-01 3.681439999999999824e+00 2.552267746773480394e+04 1.964488636932867471e-03
3.164587831688681518e+00 7.156631185733123957e+00 1.241167861770219982e+00 9.530469576612132787e-03 3.718565571764882804e+01 1.549994700000000059e+01 7.954442999999999930e-01 3.681439999999999824e+00 2.552267746773480394e+04 1.964488636932867471e-03
3.164587784532648662e+00 7.156631292375238651e+00 1.241167861770219982e+00 9.530469576612132787e-03 3.718565571764882804e+01 1.549994700000000059e+01 7.954442999999999930e-01 3.681439999999999824e+00 2.552267746773480394e+04 1.964488636932867471e-03
3.164587784532648662e+00 7.156631185733123957e+00 1.241167880265062307e+00 9.530469576612132787e-03 3.718565571764882804e+01 1.549994700000000059e+01 7.954442999999999930e-01 3.681439999999999824e+00 2.552267746773480394e+04 1.964488636932867471e-03
3.164587784532648662e+00 7.156631185733123957e+00 1.241167861770219982e+00 9.530484477773326635e-03 3.718565571764882804e+01 1.549994700000000059e+01 7.954442999999999930e-01 3.681439999999999824e+00 2.552267746773480394e+04 1.964488636932867471e-03
3.164587784532648662e+00 7.156631185733123957e+00 1.241167861770219982e+00 9.530469576612132787e-03 3.718565627175827615e+01 1.549994700000000059e+01 7.954442999999999930e-01 3.681439999999999824e+00 2.552267746773480394e+04 1.964488636932867471e-03
3.164587784532648662e+00 7.156631185733123957e+00 1.241167861770219982e+00 9.530469576612132787e-03 3.718565571764882804e+01 1.549994700000000059e+01 7.954442999999999930e-01 3.681439999999999824e+00 2.552267784805233532e+04 1.964488636932867471e-03
3.164587784532648662e+00 7.156631185733123957e+00 1.241167861770219982e+00 9.530469576612132787e-03 3.718565571764882804e+01 1.549994700000000059e+01 7.954442999999999930e-01 3.681439999999999824e+00 2.552267746773480394e+04 1.964503538094061318e-03
3.159234351040661970e+00 7.126701991031205274e+00 1.237754481027603770e+00 9.130738815443356290e-03 3.712135071336091130e+01 1.549994700000000059e+01 7.954442999999999930e-01 3.681439999999999824e+00 2.519317856108568230e+04 1.746158312918355765e-03
3.159234398116922193e+00 7.126701991031205274e+00 1.237754481027603770e+00 9.130738815443356290e-03 3.712135071336091130e+01 1.549994700000000059e+01 7.954442999999999930e-01 3.681439999999999824e+00 2.519317856108568230e+04 1.746158312918355765e-03
3.159234351040661970e+00 7.126702097227340715e+00 1.237754481027603770e+00 9.130738815443356290e-03 3.712135071336091130e+01 1.549994700000000059e+01 7.954442999999999930e-01 3.681439999999999824e+00 2.519317856108568230e+04 1.746158312918355765e-03
3.159234351040661970e+00 7.126701991031205274e+00 1.237754499471582781e+00 9.130738815443356290e-03 3.712135071336091130e+01 1.549994700000000059e+01 7.954442999999999930e-01 3.681439999999999824e+00 2.519317856108568230e+04 1.746158312918355765e-03
3.159234351040661970e+00 7.126701991031205274e+00 1.237754481027603770e+00 9.130753716604550138e-03 3.712135071336091130e+01 1.549994700000000059e+01 7.954442999999999930e-01 3.681439999999999824e+00 2.519317856108568230e+04 1.746158312918355765e-03
3.159234351040661970e+00 7.126701991031205274e+00 1.237754481027603770e+00 9.130738815443356290e-03 3.712135126651214279e+01 1.549994700000000059e+01 7.954442999999999930e-01 3.681439999999999824e+00 2.519317856108568230e+04 1.746158312918355765e-03
3.159234351040661970e+00 7.126701991031205274e+00 1.237754481027603770e+00 9.130738815443356290e-03 3.712135071336091130e+01 1.549994700000000059e+01 7.954442999999999930e-01 3.681439999999999824e+00 2.519317893649329562e+04 1.746158312918355765e-03
3.159234351040661970e+00 7.126701991031205274e+00 1.237754481027603770e+00 9.130738815443356290e-03 3.712135071336091130e+01 1.549994700000000059e+01 7.954442999999999930e-01 3.681439999999999824e+00 2.519317856108568230e+04 1.746173214079549613e-03
3.152843659855808944e+00 7.225434199863451923e+00 1.226128119673367545e+00 8.760791956055146920e-03 3.703853390253834732e+01 1.549994700000000059e+01 7.954442999999999930e-01 3.681439999999999824e+00 2.453418075226476867e+04 1.582474335048213512e-03
3.152843706836840454e+00 7.225434199863451923e+00 1.226128119673367545e+00 8.760791956055146920e-03 3.703853390253834732e+01 1.549994700000000059e+01 7.954442999999999930e-01 3.681439999999999824e+00 2.453418075226476867e+04 1.582474335048213512e-03
3.152843659855808944e+00 7.225434307530811395e+00 1.226128119673367545e+00 8.760791956055146920e-03 3.703853390253834732e+01 1.549994700000000059e+01 7.954442999999999930e-01 3.681439999999999824e+00 2.453418075226476867e+04 1.582474335048213512e-03
3.152843659855808944e+00 7.225434199863451923e+00 1.226128137944100249e+00 8.760791956055146920e-03 3.703853390253834732e+01 1.549994700000000059e+01 7.954442999999999930e-01 3.681439999999999824e+00 2.453418075226476867e+04 1.582474335048213512e-03
3.152843659855808944e+00 7.225434199863451923e+00 1.226128119673367545e+00 8.760806857216340768e-03 3.703853390253834732e+01 1.549994700000000059e+01 7.954442999999999930e-01 3.681439999999999824e+00 2.453418075226476867e+04 1.582474335048213512e-03
3.152843659855808944e+00 7.225434199863451923e+00 1.226128119673367545e+00 8.760791956055146920e-03 3.703853445445550818e+01 1.549994700000000059e+01 7.954442999999999930e-01 3.681439999999999824e+00 2.453418075226476867e+04 1.582474335048213512e-03
3.152843659855808944e+00 7.225434199863451923e+00 1.226128119673367545e+00 8.760791956055146920e-03 3.703853390253834732e+01 1.549994700000000059e+01 7.954442999999999930e-01 3.681439999999999824e+00 2.453418111785254951e+04 1.582474335048213512e-03
3.152843659855808944e+00 7.225434199863451923e+00 1.226128119673367545e+00 8.760791956055146920e-03 3.703853390253834732e+01 1.549994700000000059e+01 7.954442999999999930e-01 3.681439999999999824e+00 2.453418075226476867e+04 1.582489236209407360e-03
3.146607287343529791e+00 7.346531532245541563e+00 1.213365568370392333e+00 8.530223559969711197e-03 3.695704250107758071e+01 1.549994700000000059e+01 7.954442999999999930e-01 3.681439999999999824e+00 2.387518294718071411e+04 1.427432137493013032e-03
3.146607334231632080e+00 7.346531532245541563e+00 1.213365568370392333e+00 8.530223559969711197e-03 3.695704250107758071e+01 1.549994700000000059e+01 7.954442999999999930e-01 3.681439999999999824e+00 2.387518294718071411e+04 1.427432137493013032e-03
3.146607287343529791e+00 7.346531641717391814e+00 1.213365568370392333e+00 8.530223559969711197e-03 3.695704250107758071e+01 1.549994700000000059e+01 7.954442999999999930e-01 3.681439999999999824e+00 2.387518294718071411e+04 1.427432137493013032e-03
3.146607287343529791e+00 7.346531532245541563e+00 1.213365586450948275e+00 8.530223559969711197e-03 3.695704250107758071e+01 1.549994700000000059e+01 7.954442999999999930e-01 3.681439999999999824e+00 2.387518294718071411e+04 1.427432137493013032e-03
3.146607287343529791e+00 7.346531532245541563e+00 1.213365568370392333e+00 8.530238461130905045e-03 3.695704250107758071e+01 1.549994700000000059e+01 7.954442999999999930e-01 3.681439999999999824e+00 2.387518294718071411e+04 1.427432137493013032e-03
3.146607287343529791e+00 7.346531532245541563e+00 1.213365568370392333e+00 8.530223559969711197e-03 3.695704305178043114e+01 1.549994700000000059e+01 7.954442999999999930e-01 3.681439999999999824e+00 2.387518294718071411e+04 1.427432137493013032e-03
3.146607287343529791e+00 7.346531532245541563e+00 1.213365568370392333e+00 8.530223559969711197e-03 3.695704250107758071e+01 1.549994700000000059e+01 7.954442999999999930e-01 3.681439999999999824e+00 2.387518330294866246e+04 1.427432137493013032e-03
3.146607287343529791e+00 7.346531532245541563e+00 1.213365568370392333e+00 8.530223559969711197e-03 3.695704250107758071e+01 1.549994700000000059e+01 7.954442999999999930e-01 3.681439999999999824e+00 2.387518294718071411e+04 1.427447038654206879e-03
3.139382393480770528e+00 7.479754401124955265e+00 1.199793069919469657e+00 8.269093498676610351e-03 3.686256097570696255e+01 1.549994700000000059e+01 7.954442999999999930e-01 3.681439999999999824e+00 2.321618514450272050e+04 1.262293426116140689e-03
3.139382440261213603e+00 7.479754401124955265e+00 1.199793069919469657e+00 8.269093498676610351e-03 3.686256097570696255e+01 1.549994700000000059e+01 7.954442999999999930e-01 3.681439999999999824e+00 2.321618514450272050e+04 1.262293426116140689e-03
3.139382393480770528e+00 7.479754512581981096e+00 1.199793069919469657e+00 8.269093498676610351e-03 3.686256097570696255e+01 1.549994700000000059e+01 7.954442999999999930e-01 3.681439999999999824e+00 2.321618514450272050e+04 1.262293426116140689e-03
3.139382393480770528e+00 7.479754401124955265e+00 1.199793087797779600e+00 8.269093498676610351e-03 3.686256097570696255e+01 1.549994700000000059e+01 7.954442999999999930e-01 3.681439999999999824e+00 2.321618514450272050e+04 1.262293426116140689e-03
3.139382393480770528e+00 7.479754401124955265e+00 1.199793069919469657e+00 8.269108399837804199e-03 3.686256097570696255e+01 1.549994700000000059e+01 7.954442999999999930e-01 3.681439999999999824e+00 2.321618514450272050e+04 1.262293426116140689e-03
3.139382393480770528e+00 7.479754401124955265e+00 1.199793069919469657e+00 8.269093498676610351e-03 3.686256152500192229e+01 1.549994700000000059e+01 7.954442999999999930e-01 3.681439999999999824e+00 2.321618514450272050e+04 1.262293426116140689e-03
3.139382393480770528e+00 7.479754401124955265e+00 1.199793069919469657e+00 8.269093498676610351e-03 3.686256097570696255e+01 1.549994700000000059e+01 7.954442999999999930e-01 3.681439999999999824e+00 2.321618549045083637e+04 1.262293426116140689e-03
3.139382393480770528e+00 7.479754401124955265e+00 1.199793069919469657e+00 8.269093498676610351e-03 3.686256097570696255e+01 1.549994700000000059e+01 7.954442999999999930e-01 3.681439999999999824e+00 2.321618514450272050e+04 1.262308327277334536e-03
3.139167288020027868e+00 7.479746901797463821e+00 1.199915894261576854e+00 1.138602035250787375e-03 3.689052214360532389e+01 1.549994700000000059e+01 7.954442999999999930e-01 3.681439999999999824e+00 2.321280326268448698e+04 1.261396033595769527e-03
3.139167334797265507e+00 7.479746901797463821e+00 1.199915894261576854e+00 1.138602035250787375e-03 3.689052214360532389e+01 1.549994700000000059e+01 7.954442999999999930e-01 3.681439999999999824e+00 2.321280326268448698e+04 1.261396033595769527e-03
3.139167288020027868e+00 7.479747013254377741e+00 1.199915894261576854e+00 1.138602035250787375e-03 3.689052214360532389e+01 1.549994700000000059e+01 7.954442999999999930e-01 3.681439999999999824e+00 2.321280326268448698e+04 1.261396033595769527e-03
3.139167288020027868e+00 7.479746901797463821e+00 1.199915912141717111e+00 1.138602035250787375e-03 3.689052214360532389e+01 1.549994700000000059e+01 7.954442999999999930e-01 3.681439999999999824e+00 2.321280326268448698e+04 1.261396033595769527e-03
3.139167288020027868e+00 7.479746901797463821e+00 1.199915894261576854e+00 1.138616936411981223e-03 3.689052214360532389e+01 1.549994700000000059e+01 7.954442999999999930e-01 3.681439999999999824e+00 2.321280326268448698e+04 1.261396033595769527e-03
3.139167288020027868e+00 7.479746901797463821e+00 1.199915894261576854e+00 1.138602035250787375e-03 3.689052269331693878e+01 1.549994700000000059e+01 7.954442999999999930e-01 3.681439999999999824e+00 2.321280326268448698e+04 1.261396033595769527e-03
3.139167288020027868e+00 7.479746901797463821e+00 1.199915894261576854e+00 1.138602035250787375e-03 3.689052214360532389e+01 1.549994700000000059e+01 7.954442999999999930e-01 3.681439999999999824e+00 2.321280360858220956e+04 1.261396033595769527e-03
3.139167288020027868e+00 7.479746901797463821e+00 1.199915894261576854e+00 1.138602035250787375e-03 3.689052214360532389e+01 1.549994700000000059e+01 7.954442999999999930e-01 3.681439999999999824e+00 2.321280326268448698e+04 1.261410934756963375e-03
3.127744178572850142e+00 7.754048529753080565e+00 1.172440673016343027e+00 4.653654001895027661e-04 3.668123893953558934e+01 1.549994700000000059e+01 7.954442999999999930e-01 3.681439999999999824e+00 2.189480765916171367e+04 8.923942894948670105e-04
3.127744225179870163e+00 7.754048529753080565e+00 1.172440673016343027e+00 4.653654001895027661e-04 3.668123893953558934e+01 1.549994700000000059e+01 7.954442999999999930e-01 3.681439999999999824e+00 2.189480765916171367e+04 8.923942894948670105e-04
3.127744178572850142e+00 7.754048645297407560e+00 1.172440673016343027e+00 4.653654001895027661e-04 3.668123893953558934e+01 1.549994700000000059e+01 7.954442999999999930e-01 3.681439999999999824e+00 2.189480765916171367e+04 8.923942894948670105e-04
3.127744178572850142e+00 7.754048529753080565e+00 1.172440690487070558e+00 4.653654001895027661e-04 3.668123893953558934e+01 1.549994700000000059e+01 7.954442999999999930e-01 3.681439999999999824e+00 2.189480765916171367e+04 8.923942894948670105e-04
3.127744178572850142e+00 7.754048529753080565e+00 1.172440673016343027e+00 4.653803013506966138e-04 3.668123893953558934e+01 1.549994700000000059e+01 7.954442999999999930e-01 3.681439999999999824e+00 2.189480765916171367e+04 8.923942894948670105e-04
3.127744178572850142e+00 7.754048529753080565e+00 1.172440673016343027e+00 4.653654001895027661e-04 3.668123948612864638e+01 1.549994700000000059e+01 7.954442999999999930e-01 3.681439999999999824e+00 2.189480765916171367e+04 8.923942894948670105e-04
3.127744178572850142e+00 7.754048529753080565e+00 1.172440673016343027e+00 4.653654001895027661e-04 3.668123893953558934e+01 1.549994700000000059e+01 7.954442999999999930e-01 3.681439999999999824e+00 2.189480798541977128e+04 8.923942894948670105e-04
3.127744178572850142e+00 7.754048529753080565e+00 1.172440673016343027e+00 4.653654001895027661e-04 3.668123893953558934e+01 1.549994700000000059e+01 7.954442999999999930e-01 3.681439999999999824e+00 2.189480765916171367e+04 8.924091906560608582e-04
3.119679932825143442e+00 8.035079607491930176e+00 1.145776241117257843e+00 4.239428868171685964e-04 3.657341184437353121e+01 1.549994700000000059e+01 7.954442999999999930e-01 3.681439999999999824e+00 2.071245796899858397e+04 4.979391437921071046e-04
3.126832159978754966e+00 7.846166255364738440e+00 1.163364131966235338e+00 4.313424828729357872e-04 3.666907583513049218e+01 1.549994700000000059e+01 7.954442999999999930e-01 3.681439999999999824e+00 2.159922024265524306e+04 7.946205701720708038e-04
3.126832206572184969e+00 7.846166255364738440e+00 1.163364131966235338e+00 4.313424828729357872e-04 3.666907583513049218e+01 1.549994700000000059e+01 7.954442999999999930e-01 3.681439999999999824e+00 2.159922024265524306e+04 7.946205701720708038e-04
3.126832159978754966e+00 7.846166372281726531e+00 1.163364131966235338e+00 4.313424828729357872e-04 3.666907583513049218e+01 1.549994700000000059e+01 7.954442999999999930e-01 3.681439999999999824e+00 2.159922024265524306e+04 7.946205701720708038e-04
3.126832159978754966e+00 7.846166255364738440e+00 1.163364149301711725e+00 4.313424828729357872e-04 3.666907583513049218e+01 1.549994700000000059e+01 7.954442999999999930e-01 3.681439999999999824e+00 2.159922024265524306e+04 7.946205701720708038e-04
3.126832159978754966e+00 7.846166255364738440e+00 1.163364131966235338e+00 4.313573840341296348e-04 3.666907583513049218e+01 1.549994700000000059e+01 7.954442999999999930e-01 3.681439999999999824e+00 2.159922024265524306e+04 7.946205701720708038e-04
3.126832159978754966e+00 7.846166255364738440e+00 1.163364131966235338e+00 4.313424828729357872e-04 3.666907638154230398e+01 1.549994700000000059e+01 7.954442999999999930e-01 3.681439999999999824e+00 2.159922024265524306e+04 7.946205701720708038e-04
3.126832159978754966e+00 7.846166255364738440e+00 1.163364131966235338e+00 4.313424828729357872e-04 3.666907583513049218e+01 1.549994700000000059e+01 7.954442999999999930e-01 3.681439999999999824e+00 2.159922056450870514e+04 7.946205701720708038e-04
3.126832159978754966e+00 7.846166255364738440e+00 1.163364131966235338e+00 4.313424828729357872e-04 3.666907583513049218e+01 1.549994700000000059e+01 7.954442999999999930e-01 3.681439999999999824e+00 2.159922024265524306e+04 7.946354713332646515e-04
3.124446046171057922e+00 7.927288527553518094e+00 1.156292858423651815e+00 3.927549238966768154e-04 3.663780994822286630e+01 1.549994700000000059e+01 7.954442999999999930e-01 3.681439999999999824e+00 2.130363282292300573e+04 6.962216558680046690e-04
3.124446092728931923e+00 7.927288527553518094e+00 1.156292858423651815e+00 3.927549238966768154e-04 3.663780994822286630e+01 1.549994700000000059e+01 7.954442999999999930e-01 3.681439999999999824e+00 2.130363282292300573e+04 6.962216558680046690e-04
3.124446046171057922e+00 7.927288645679322343e+00 1.156292858423651815e+00 3.927549238966768154e-04 3.663780994822286630e+01 1.549994700000000059e+01 7.954442999999999930e-01 3.681439999999999824e+00 2.130363282292300573e+04 6.962216558680046690e-04
3.124446046171057922e+00 7.927288527553518094e+00 1.156292875653758045e+00 3.927549238966768154e-04 3.663780994822286630e+01 1.549994700000000059e+01 7.954442999999999930e-01 3.681439999999999824e+00 2.130363282292300573e+04 6.962216558680046690e-04
3.124446046171057922e+00 7.927288527553518094e+00 1.156292858423651815e+00 3.927698250578706631e-04 3.663780994822286630e+01 1.549994700000000059e+01 7.954442999999999930e-01 3.681439999999999824e+00 2.130363282292300573e+04 6.962216558680046690e-04
3.124446046171057922e+00 7.927288527553518094e+00 1.156292858423651815e+00 3.927549238966768154e-04 3.663781049416877522e+01 1.549994700000000059e+01 7.954442999999999930e-01 3.681439999999999824e+00 2.130363282292300573e+04 6.962216558680046690e-04
3.124446046171057922e+00 7.927288527553518094e+00 1.156292858423651815e+00 3.927549238966768154e-04 3.663780994822286630e+01 1.549994700000000059e+01 7.954442999999999930e-01 3.681439999999999824e+00 2.130363314037187229e+04 6.962216558680046690e-04
3.124446046171057922e+00 7.927288527553518094e+00 1.156292858423651815e+00 3.927549238966768154e-04 3.663780994822286630e+01 1.549994700000000059e+01 7.954442999999999930e-01 3.681439999999999824e+00 2.130363282292300573e+04 6.962365570291985167e-04
3.119026907841933038e+00 8.057060364753803938e+00 1.143974135878432330e+00 3.299095523302411430e-04 3.656755980918558890e+01 1.549994700000000059e+01 7.954442999999999930e-01 3.681439999999999824e+00 2.074694790753141206e+04 4.999796577172051400e-04
3.119026954319055633e+00 8.057060364753803938e+00 1.143974135878432330e+00 3.299095523302411430e-04 3.656755980918558890e+01 1.549994700000000059e+01 7.954442999999999930e-01 3.681439999999999824e+00 2.074694790753141206e+04 4.999796577172051400e-04
3.119026907841933038e+00 8.057060484813359125e+00 1.143974135878432330e+00 3.299095523302411430e-04 3.656755980918558890e+01 1.549994700000000059e+01 7.954442999999999930e-01 3.681439999999999824e+00 2.074694790753141206e+04 4.999796577172051400e-04
3.119026907841933038e+00 8.057060364753803938e+00 1.143974152924975396e+00 3.299095523302411430e-04 3.656755980918558890e+01 1.549994700000000059e+01 7.954442999999999930e-01 3.681439999999999824e+00 2.074694790753141206e+04 4.999796577172051400e-04
3.119026907841933038e+00 8.057060364753803938e+00 1.143974135878432330e+00 3.299244534914349907e-04 3.656755980918558890e+01 1.549994700000000059e+01 7.954442999999999930e-01 3.681439999999999824e+00 2.074694790753141206e+04 4.999796577172051400e-04
3.119026907841933038e+00 8.057060364753803938e+00 1.143974135878432330e+00 3.299095523302411430e-04 3.656756035408469074e+01 1.549994700000000059e+01 7.954442999999999930e-01 3.681439999999999824e+00 2.074694790753141206e+04 4.999796577172051400e-04
3.119026907841933038e+00 8.057060364753803938e+00 1.143974135878432330e+00 3.299095523302411430e-04 3.656755980918558890e+01 1.549994700000000059e+01 7.954442999999999930e-01 3.681439999999999824e+00 2.074694821668502846e+04 4.999796577172051400e-04
3.119026907841933038e+00 8.057060364753803938e+00 1.143974135878432330e+00 3.299095523302411430e-04 3.656755980918558890e+01 1.549994700000000059e+01 7.954442999999999930e-01 3.681439999999999824e+00 2.074694790753141206e+04 4.999945588783989876e-04
3.120374121632194520e+00 8.046412973473804797e+00 1.144250398838622562e+00 2.605574496372049299e-04 3.658567432687976861e+01 1.549994700000000059e+01 7.954442999999999930e-01 3.681439999999999824e+00 2.082301071124137161e+04 5.273085761861833875e-04
3.120374168129392167e+00 8.046412973473804797e+00 1.144250398838622562e+00 2.605574496372049299e-04 3.658567432687976861e+01 1.549994700000000059e+01 7.954442999999999930e-01 3.681439999999999824e+00 2.082301071124137161e+04 5.273085761861833875e-04
3.120374121632194520e+00 8.046413093374701120e+00 1.144250398838622562e+00 2.605574496372049299e-04 3.658567432687976861e+01 1.549994700000000059e+01 7.954442999999999930e-01 3.681439999999999824e+00 2.082301071124137161e+04 5.273085761861833875e-04
3.120374121632194520e+00 8.046412973473804797e+00 1.144250415889282113e+00 2.605574496372049299e-04 3.658567432687976861e+01 1.549994700000000059e+01 7.954442999999999930e-01 3.681439999999999824e+00 2.082301071124137161e+04 5.273085761861833875e-04
3.120374121632194520e+00 8.046412973473804797e+00 1.144250398838622562e+00 2.605723507983987775e-04 3.658567432687976861e+01 1.549994700000000059e+01 7.954442999999999930e-01 3.681439999999999824e+00 2.082301071124137161e+04 5.273085761861833875e-04
3.120374121632194520e+00 8.046412973473804797e+00 1.144250398838622562e+00 2.605574496372049299e-04 3.658567487204879853e+01 1.549994700000000059e+01 7.954442999999999930e-01 3.681439999999999824e+00 2.082301071124137161e+04 5.273085761861833875e-04
3.120374121632194520e+00 8.046412973473804797e+00 1.144250398838622562e+00 2.605574496372049299e-04 3.658567432687976861e+01 1.549994700000000059e+01 7.954442999999999930e-01 3.681439999999999824e+00 2.082301102152841122e+04 5.273085761861833875e-04
3.120374121632194520e+00 8.046412973473804797e+00 1.144250398838622562e+00 2.605574496372049299e-04 3.658567432687976861e+01 1.549994700000000059e+01 7.954442999999999930e-01 3.681439999999999824e+00 2.082301071124137161e+04 5.273234773473772351e-04
3.120244835681631912e+00 8.045481874335751016e+00 1.144200633259574218e+00 1.805162330769227025e-04 3.658421763500391677e+01 1.549994700000000059e+01 7.954442999999999930e-01 3.681439999999999824e+00 2.082604855470026087e+04 5.279033853591352582e-04
3.120244882176903101e+00 8.045481874335751016e+00 1.144200633259574218e+00 1.805162330769227025e-04 3.658421763500391677e+01 1.549994700000000059e+01 7.954442999999999930e-01 3.681439999999999824e+00 2.082604855470026087e+04 5.279033853591352582e-04
3.120244835681631912e+00 8.045481994222773992e+00 1.144200633259574218e+00 1.805162330769227025e-04 3.658421763500391677e+01 1.549994700000000059e+01 7.954442999999999930e-01 3.681439999999999824e+00 2.082604855470026087e+04 5.279033853591352582e-04
3.120244835681631912e+00 8.045481874335751016e+00 1.144200650309492362e+00 1.805162330769227025e-04 3.658421763500391677e+01 1.549994700000000059e+01 7.954442999999999930e-01 3.681439999999999824e+00 2.082604855470026087e+04 5.279033853591352582e-04
3.120244835681631912e+00 8.045481874335751016e+00 1.144200633259574218e+00 1.805311342381165501e-04 3.658421763500391677e+01 1.549994700000000059e+01 7.954442999999999930e-01 3.681439999999999824e+00 2.082604855470026087e+04 5.279033853591352582e-04
3.120244835681631912e+00 8.045481874335751016e+00 1.144200633259574218e+00 1.805162330769227025e-04 3.658421818015123961e+01 1.549994700000000059e+01 7.954442999999999930e-01 3.681439999999999824e+00 2.082604855470026087e+04 5.279033853591352582e-04
3.120244835681631912e+00 8.045481874335751016e+00 1.144200633259574218e+00 1.805162330769227025e-04 3.658421763500391677e+01 1.549994700000000059e+01 7.954442999999999930e-01 3.681439999999999824e+00 2.082604886503256785e+04 5.279033853591352582e-04
3.120244835681631912e+00 8.045481874335751016e+00 1.144200633259574218e+00 1.805162330769227025e-04 3.658421763500391677e+01 1.549994700000000059e+01 7.954442999999999930e-01 3.681439999999999824e+00 2.082604855470026087e+04 5.279182865203291058e-04
3.120312787741511773e+00 8.045456542360861718e+00 1.144211475689891788e+00 1.933442359306153466e-05 3.657827724216539877e+01 1.549994700000000059e+01 7.954442999999999930e-01 3.681439999999999824e+00 2.082669866088031631e+04 5.281042476554348398e-04
3.120312834237795485e+00 8.045456542360861718e+00 1.144211475689891788e+00 1.933442359306153466e-05 3.657827724216539877e+01 1.549994700000000059e+01 7.954442999999999930e-01 3.681439999999999824e+00 2.082669866088031631e+04 5.281042476554348398e-04
3.120312787741511773e+00 8.045456662247506330e+00 1.144211475689891788e+00 1.933442359306153466e-05 3.657827724216539877e+01 1.549994700000000059e+01 7.954442999999999930e-01 3.681439999999999824e+00 2.082669866088031631e+04 5.281042476554348398e-04
3.120312787741511773e+00 8.045456542360861718e+00 1.144211492739971359e+00 1.933442359306153466e-05 3.657827724216539877e+01 1.549994700000000059e+01 7.954442999999999930e-01 3.681439999999999824e+00 2.082669866088031631e+04 5.281042476554348398e-04
3.120312787741511773e+00 8.045456542360861718e+00 1.144211475689891788e+00 1.934932475425538232e-05 3.657827724216539877e+01 1.549994700000000059e+01 7.954442999999999930e-01 3.681439999999999824e+00 2.082669866088031631e+04 5.281042476554348398e-04
3.120312787741511773e+00 8.045456542360861718e+00 1.144211475689891788e+00 1.933442359306153466e-05 3.657827778722420220e+01 1.549994700000000059e+01 7.954442999999999930e-01 3.681439999999999824e+00 2.082669866088031631e+04 5.281042476554348398e-04
3.120312787741511773e+00 8.045456542360861718e+00 1.144211475689891788e+00 1.933442359306153466e-05 3.657827724216539877e+01 1.549994700000000059e+01 7.954442999999999930e-01 3.681439999999999824e+00 2.082669897122231123e+04 5.281042476554348398e-04
3.120312787741511773e+00 8.045456542360861718e+00 1.144211475689891788e+00 1.933442359306153466e-05 3.657827724216539877e+01 1.549994700000000059e+01 7.954442999999999930e-01 3.681439999999999824e+00 2.082669866088031631e+04 5.281191488166286875e-04
3.120443291259983987e+00 8.045796645915443079e+00 1.144210674558040930e+00 1.262344415394135906e-06 3.656693809118147698e+01 1.549994700000000059e+01 7.954442999999999930e-01 3.681439999999999824e+00 2.082657971989885846e+04 5.280534357156954108e-04
3.120444092705707551e+00 8.045774130005003855e+00 1.144214474870093312e+00 1.262612544825384656e-06 3.656694904230361942e+01 1.549994700000000059e+01 7.954442999999999930e-01 3.681439999999999824e+00 2.082666925065286341e+04 5.280869849530320974e-04
3.120444272713847944e+00 8.045768150653426432e+00 1.144215472678880907e+00 1.262833676388105183e-06 3.656695436432386259e+01 1.549994700000000059e+01 7.954442999999999930e-01 3.681439999999999824e+00 2.082669275809893588e+04 5.280957935827096557e-04
3.120307372974621352e+00 8.045463066164979082e+00 1.144215320130269165e+00 1.116010626010988594e-05 3.657795666375138666e+01 1.549994700000000059e+01 7.954442999999999930e-01 3.681439999999999824e+00 2.082669866083579836e+04 5.280973418334543876e-04
3.120307419470824684e+00 8.045463066164979082e+00 1.144215320130269165e+00 1.116010626010988594e-05 3.657795666375138666e+01 1.549994700000000059e+01 7.954442999999999930e-01 3.681439999999999824e+00 2.082669866083579836e+04 5.280973418334543876e-04
3.120307372974621352e+00 8.045463186051721394e+00 1.144215320130269165e+00 1.116010626010988594e-05 3.657795666375138666e+01 1.549994700000000059e+01 7.954442999999999930e-01 3.681439999999999824e+00 2.082669866083579836e+04 5.280973418334543876e-04
3.120307372974621352e+00 8.045463066164979082e+00 1.144215337180406022e+00 1.116010626010988594e-05 3.657795666375138666e+01 1.549994700000000059e+01 7.954442999999999930e-01 3.681439999999999824e+00 2.082669866083579836e+04 5.280973418334543876e-04
3.120307372974621352e+00 8.045463066164979082e+00 1.144215320130269165e+00 1.117500742130373360e-05 3.657795666375138666e+01 1.549994700000000059e+01 7.954442999999999930e-01 3.681439999999999824e+00 2.082669866083579836e+04 5.280973418334543876e-04
3.120307372974621352e+00 8.045463066164979082e+00 1.144215320130269165e+00 1.116010626010988594e-05 3.657795720880541523e+01 1.549994700000000059e+01 7.954442999999999930e-01 3.681439999999999824e+00 2.082669866083579836e+04 5.280973418334543876e-04
3.120307372974621352e+00 8.045463066164979082e+00 1.144215320130269165e+00 1.116010626010988594e-05 3.657795666375138666e+01 1.549994700000000059e+01 7.954442999999999930e-01 3.681439999999999824e+00 2.082669897117779328e+04 5.280973418334543876e-04
3.120307372974621352e+00 8.045463066164979082e+00 1.144215320130269165e+00 1.116010626010988594e-05 3.657795666375138666e+01 1.549994700000000059e+01 7.954442999999999930e-01 3.681439999999999824e+00 2.082669866083579836e+04 5.281122429946482353e-04
3.120291244167907596e+00 8.045432473178465216e+00 1.144212927892604759e+00 1.093236136362597626e-07 3.657962068461856830e+01 1.549994700000000059e+01 7.954442999999999930e-01 3.681439999999999824e+00 2.082664793319961609e+04 5.280831615674103216e-04
3.120291290663870232e+00 8.045432473178465216e+00 1.144212927892604759e+00 1.093236136362597626e-07 3.657962068461856830e+01 1.549994700000000059e+01 7.954442999999999930e-01 3.681439999999999824e+00 2.082664793319961609e+04 5.280831615674103216e-04
3.120291244167907596e+00 8.045432593064751003e+00 1.144212927892604759e+00 1.093236136362597626e-07 3.657962068461856830e+01 1.549994700000000059e+01 7.954442999999999930e-01 3.681439999999999824e+00 2.082664793319961609e+04 5.280831615674103216e-04
3.120291244167907596e+00 8.045432473178465216e+00 1.144212944942706089e+00 1.093236136362597626e-07 3.657962068461856830e+01 1.549994700000000059e+01 7.954442999999999930e-01 3.681439999999999824e+00 2.082664793319961609e+04 5.280831615674103216e-04
3.120291244167907596e+00 8.045432473178465216e+00 1.144212927892604759e+00 1.242247748301074188e-07 3.657962068461856830e+01 1.549994700000000059e+01 7.954442999999999930e-01 3.681439999999999824e+00 2.082664793319961609e+04 5.280831615674103216e-04
3.120291244167907596e+00 8.045432473178465216e+00 1.144212927892604759e+00 1.093236136362597626e-07 3.657962122969739482e+01 1.549994700000000059e+01 7.954442999999999930e-01 3.681439999999999824e+00 2.082664793319961609e+04 5.280831615674103216e-04
3.120291244167907596e+00 8.045432473178465216e+00 1.144212927892604759e+00 1.093236136362597626e-07 3.657962068461856830e+01 1.549994700000000059e+01 7.954442999999999930e-01 3.681439999999999824e+00 2.082664824354085431e+04 5.280831615674103216e-04
3.120291244167907596e+00 8.045432473178465216e+00 1.144212927892604759e+00 1.093236136362597626e-07 3.657962068461856830e+01 1.549994700000000059e+01 7.954442999999999930e-01 3.681439999999999824e+00 2.082664793319961609e+04 5.280980627286041692e-04
3.119849261900514037e+00 8.044213469015145890e+00 1.144212672502525008e+00 2.023951103303568872e-09 3.662393638077644198e+01 1.549994700000000059e+01 7.954442999999999930e-01 3.681439999999999824e+00 2.082664793585298685e+04 5.280860145794530813e-04
3.120181304994230853e+00 8.045133455472102568e+00 1.144212676390783168e+00 7.875623868980516662e-09 3.659055996279592193e+01 1.549994700000000059e+01 7.954442999999999930e-01 3.681439999999999824e+00 2.082664793340907272e+04 5.280863795398832309e-04
3.120266597766584216e+00 8.045369762826993565e+00 1.144212677318768856e+00 2.897956231234773846e-08 3.658198645359453138e+01 1.549994700000000059e+01 7.954442999999999930e-01 3.681439999999999824e+00 2.082664793323653066e+04 5.280864518907746764e-04
3.120286488437062022e+00 8.045424789902124729e+00 1.144212678652537507e+00 7.662935656019591870e-08 3.657998694771627157e+01 1.549994700000000059e+01 7.954442999999999930e-01 3.681439999999999824e+00 2.082664793320553872e+04 5.280863220790647924e-04
3.120286534932954048e+00 8.045424789902124729e+00 1.144212678652537507e+00 7.662935656019591870e-08 3.657998694771627157e+01 1.549994700000000059e+01 7.954442999999999930e-01 3.681439999999999824e+00 2.082664793320553872e+04 5.280863220790647924e-04
3.120286488437062022e+00 8.045424909788296830e+00 1.144212678652537507e+00 7.662935656019591870e-08 3.657998694771627157e+01 1.549994700000000059e+01 7.954442999999999930e-01 3.681439999999999824e+00 2.082664793320553872e+04 5.280863220790647924e-04
3.120286488437062022e+00 8.045424789902124729e+00 1.144212695702635063e+00 7.662935656019591870e-08 3.657998694771627157e+01 1.549994700000000059e+01 7.954442999999999930e-01 3.681439999999999824e+00 2.082664793320553872e+04 5.280863220790647924e-04
3.120286488437062022e+00 8.045424789902124729e+00 1.144212678652537507e+00 9.153051775404357495e-08 3.657998694771627157e+01 1.549994700000000059e+01 7.954442999999999930e-01 3.681439999999999824e+00 2.082664793320553872e+04 5.280863220790647924e-04
3.120286488437062022e+00 8.045424789902124729e+00 1.144212678652537507e+00 7.662935656019591870e-08 3.657998749280055506e+01 1.549994700000000059e+01 7.954442999999999930e-01 3.681439999999999824e+00 2.082664793320553872e+04 5.280863220790647924e-04
3.120286488437062022e+00 8.045424789902124729e+00 1.144212678652537507e+00 7.662935656019591870e-08 3.657998694771627157e+01 1.549994700000000059e+01 7.954442999999999930e-01 3.681439999999999824e+00 2.082664824354677694e+04 5.280863220790647924e-04
3.120286488437062022e+00 8.045424789902124729e+00 1.144212678652537507e+00 7.662935656019591870e-08 3.657998694771627157e+01 1.549994700000000059e+01 7.954442999999999930e-01 3.681439999999999824e+00 2.082664793320553872e+04 5.281012232402586401e-04
3.120277832454160905e+00 8.045402695924787295e+00 1.144212638985500075e+00 2.065633385136079600e-08 3.658066713246385859e+01 1.549994700000000059e+01 7.954442999999999930e-01 3.681439999999999824e+00 2.082664793313483824e+04 5.280800809610251010e-04
3.120285382639094607e+00 8.045419642076817368e+00 1.144212636152137863e+00 6.085846730883959594e-08 3.658004896171876652e+01 1.549994700000000059e+01 7.954442999999999930e-01 3.681439999999999824e+00 2.082664793319806995e+04 5.280804646237011657e-04
3.120285429134970201e+00 8.045419642076817368e+00 1.144212636152137863e+00 6.085846730883959594e-08 3.658004896171876652e+01 1.549994700000000059e+01 7.954442999999999930e-01 3.681439999999999824e+00 2.082664793319806995e+04 5.280804646237011657e-04
3.120285382639094607e+00 8.045419761962913086e+00 1.144212636152137863e+00 6.085846730883959594e-08 3.658004896171876652e+01 1.549994700000000059e+01 7.954442999999999930e-01 3.681439999999999824e+00 2.082664793319806995e+04 5.280804646237011657e-04
3.120285382639094607e+00 8.045419642076817368e+00 1.144212653202234753e+00 6.085846730883959594e-08 3.658004896171876652e+01 1.549994700000000059e+01 7.954442999999999930e-01 3.681439999999999824e+00 2.082664793319806995e+04 5.280804646237011657e-04
3.120285382639094607e+00 8.045419642076817368e+00 1.144212636152137863e+00 7.575962850268725219e-08 3.658004896171876652e+01 1.549994700000000059e+01 7.954442999999999930e-01 3.681439999999999824e+00 2.082664793319806995e+04 5.280804646237011657e-04
3.120285382639094607e+00 8.045419642076817368e+00 1.144212636152137863e+00 6.085846730883959594e-08 3.658004950680397371e+01 1.549994700000000059e+01 7.954442999999999930e-01 3.681439999999999824e+00 2.082664793319806995e+04 5.280804646237011657e-04
3.120285382639094607e+00 8.045419642076817368e+00 1.144212636152137863e+00 6.085846730883959594e-08 3.658004896171876652e+01 1.549994700000000059e+01 7.954442999999999930e-01 3.681439999999999824e+00 2.082664824353930817e+04 5.280804646237011657e-04
3.120285382639094607e+00 8.045419642076817368e+00 1.144212636152137863e+00 6.085846730883959594e-08 3.658004896171876652e+01 1.549994700000000059e+01 7.954442999999999930e-01 3.681439999999999824e+00 2.082664793319806995e+04 5.280953657848950133e-04
