3.205843000000000220e+00 7.511125999999999969e+00 1.235333999999999932e+00 1.528337999999999867e-05 3.753042800000000057e+01 1.549994700000000059e+01 7.954442999999999930e-01 3.681439999999999824e+00 2.571453499999999985e+04 0.000000000000000000e+00
3.205843047770783549e+00 7.511125999999999969e+00 1.235333999999999932e+00 1.528337999999999867e-05 3.753042800000000057e+01 1.549994700000000059e+01 7.954442999999999930e-01 3.681439999999999824e+00 2.571453499999999985e+04 0.000000000000000000e+00
3.205843000000000220e+00 7.511126111924498971e+00 1.235333999999999932e+00 1.528337999999999867e-05 3.753042800000000057e+01 1.549994700000000059e+01 7.954442999999999930e-01 3.681439999999999824e+00 2.571453499999999985e+04 0.000000000000000000e+00
3.205843000000000220e+00 7.511125999999999969e+00 1.235334018407910905e+00 1.528337999999999867e-05 3.753042800000000057e+01 1.549994700000000059e+01 7.954442999999999930e-01 3.681439999999999824e+00 2.571453499999999985e+04 0.000000000000000000e+00
3.205843000000000220e+00 7.511125999999999969e+00 1.235333999999999932e+00 1.529828116119384633e-05 3.753042800000000057e+01 1.549994700000000059e+01 7.954442999999999930e-01 3.681439999999999824e+00 2.571453499999999985e+04 0.000000000000000000e+00
3.205843000000000220e+00 7.511125999999999969e+00 1.235333999999999932e+00 1.528337999999999867e-05 3.753042855924695687e+01 1.549994700000000059e+01 7.954442999999999930e-01 3.681439999999999824e+00 2.571453499999999985e+04 0.000000000000000000e+00
3.205843000000000220e+00 7.511125999999999969e+00 1.235333999999999932e+00 1.528337999999999867e-05 3.753042800000000057e+01 1.549994700000000059e+01 7.954442999999999930e-01 3.681439999999999824e+00 2.571453538317642960e+04 0.000000000000000000e+00
3.205843000000000220e+00 7.511125999999999969e+00 1.235333999999999932e+00 1.528337999999999867e-05 3.753042800000000057e+01 1.549994700000000059e+01 7.954442999999999930e-01 3.681439999999999824e+00 2.571453499999999985e+04 1.490116119384765625e-08
3.193288460643799453e+00 7.511125641838918732e+00 1.257201260549164701e+00 1.071062672864375065e+00 4.019371489464670333e+01 1.549994700000000059e+01 7.954442999999999930e-01 3.681439999999999824e+00 2.570377425204804968e+04 2.096512671933476498e-04
3.193288508227505762e+00 7.511125641838918732e+00 1.257201260549164701e+00 1.071062672864375065e+00 4.019371489464670333e+01 1.549994700000000059e+01 7.954442999999999930e-01 3.681439999999999824e+00 2.570377425204804968e+04 2.096512671933476498e-04
3.193288460643799453e+00 7.511125753763412405e+00 1.257201260549164701e+00 1.071062672864375065e+00 4.019371489464670333e+01 1.549994700000000059e+01 7.954442999999999930e-01 3.681439999999999824e+00 2.570377425204804968e+04 2.096512671933476498e-04
3.193288460643799453e+00 7.511125641838918732e+00 1.257201279282923245e+00 1.071062672864375065e+00 4.019371489464670333e+01 1.549994700000000059e+01 7.954442999999999930e-01 3.681439999999999824e+00 2.570377425204804968e+04 2.096512671933476498e-04
3.193288460643799453e+00 7.511125641838918732e+00 1.257201260549164701e+00 1.071062688824452547e+00 4.019371489464670333e+01 1.549994700000000059e+01 7.954442999999999930e-01 3.681439999999999824e+00 2.570377425204804968e+04 2.096512671933476498e-04
3.193288460643799453e+00 7.511125641838918732e+00 1.257201260549164701e+00 1.071062672864375065e+00 4.019371549357973095e+01 1.549994700000000059e+01 7.954442999999999930e-01 3.681439999999999824e+00 2.570377425204804968e+04 2.096512671933476498e-04
3.193288460643799453e+00 7.511125641838918732e+00 1.257201260549164701e+00 1.071062672864375065e+00 4.019371489464670333e+01 1.549994700000000059e+01 7.954442999999999930e-01 3.681439999999999824e+00 2.570377463506413187e+04 2.096512671933476498e-04
3.193288460643799453e+00 7.511125641838918732e+00 1.257201260549164701e+00 1.071062672864375065e+00 4.019371489464670333e+01 1.549994700000000059e+01 7.954442999999999930e-01 3.681439999999999824e+00 2.570377425204804968e+04 2.096661683545414975e-04
3.193319159901117921e+00 7.511116482351143375e+00 1.257212981639289184e+00 1.071063182144095904e+00 4.019371516244623166e+01 1.549994700000000059e+01 7.954442999999999930e-01 3.681439999999999824e+00 2.570377423133408229e+04 9.102390906550088603e-04
3.193319207485281641e+00 7.511116482351143375e+00 1.257212981639289184e+00 1.071063182144095904e+00 4.019371516244623166e+01 1.549994700000000059e+01 7.954442999999999930e-01 3.681439999999999824e+00 2.570377423133408229e+04 9.102390906550088603e-04
3.193319159901117921e+00 7.511116594275501157e+00 1.257212981639289184e+00 1.071063182144095904e+00 4.019371516244623166e+01 1.549994700000000059e+01 7.954442999999999930e-01 3.681439999999999824e+00 2.570377423133408229e+04 9.102390906550088603e-04
3.193319159901117921e+00 7.511116482351143375e+00 1.257213000373222478e+00 1.071063182144095904e+00 4.019371516244623166e+01 1.549994700000000059e+01 7.954442999999999930e-01 3.681439999999999824e+00 2.570377423133408229e+04 9.102390906550088603e-04
3.193319159901117921e+00 7.511116482351143375e+00 1.257212981639289184e+00 1.071063198104180936e+00 4.019371516244623166e+01 1.549994700000000059e+01 7.954442999999999930e-01 3.681439999999999824e+00 2.570377423133408229e+04 9.102390906550088603e-04
3.193319159901117921e+00 7.511116482351143375e+00 1.257212981639289184e+00 1.071063182144095904e+00 4.019371576137925928e+01 1.549994700000000059e+01 7.954442999999999930e-01 3.681439999999999824e+00 2.570377423133408229e+04 9.102390906550088603e-04
3.193319159901117921e+00 7.511116482351143375e+00 1.257212981639289184e+00 1.071063182144095904e+00 4.019371516244623166e+01 1.549994700000000059e+01 7.954442999999999930e-01 3.681439999999999824e+00 2.570377461435016448e+04 9.102390906550088603e-04
3.193319159901117921e+00 7.511116482351143375e+00 1.257212981639289184e+00 1.071063182144095904e+00 4.019371516244623166e+01 1.549994700000000059e+01 7.954442999999999930e-01 3.681439999999999824e+00 2.570377423133408229e+04 9.102539918162027080e-04
3.200139162668364179e+00 8.097185923379399242e+00 1.228245393138745145e+00 1.048866166708986913e+00 4.033631786482807513e+01 1.549994700000000059e+01 7.954442999999999930e-01 3.681439999999999824e+00 2.553902582465385058e+04 2.415030771242796491e-03
3.200139210354153718e+00 8.097185923379399242e+00 1.228245393138745145e+00 1.048866166708986913e+00 4.033631786482807513e+01 1.549994700000000059e+01 7.954442999999999930e-01 3.681439999999999824e+00 2.553902582465385058e+04 2.415030771242796491e-03
3.200139162668364179e+00 8.097186044036872588e+00 1.228245393138745145e+00 1.048866166708986913e+00 4.033631786482807513e+01 1.549994700000000059e+01 7.954442999999999930e-01 3.681439999999999824e+00 2.553902582465385058e+04 2.415030771242796491e-03
3.200139162668364179e+00 8.097185923379399242e+00 1.228245411441027723e+00 1.048866166708986913e+00 4.033631786482807513e+01 1.549994700000000059e+01 7.954442999999999930e-01 3.681439999999999824e+00 2.553902582465385058e+04 2.415030771242796491e-03
3.200139162668364179e+00 8.097185923379399242e+00 1.228245393138745145e+00 1.048866182338310749e+00 4.033631786482807513e+01 1.549994700000000059e+01 7.954442999999999930e-01 3.681439999999999824e+00 2.553902582465385058e+04 2.415030771242796491e-03
3.200139162668364179e+00 8.097185923379399242e+00 1.228245393138745145e+00 1.048866166708986913e+00 4.033631846588605185e+01 1.549994700000000059e+01 7.954442999999999930e-01 3.681439999999999824e+00 2.553902582465385058e+04 2.415030771242796491e-03
3.200139162668364179e+00 8.097185923379399242e+00 1.228245393138745145e+00 1.048866166708986913e+00 4.033631786482807513e+01 1.549994700000000059e+01 7.954442999999999930e-01 3.681439999999999824e+00 2.553902620521499193e+04 2.415030771242796491e-03
3.200139162668364179e+00 8.097185923379399242e+00 1.228245393138745145e+00 1.048866166708986913e+00 4.033631786482807513e+01 1.549994700000000059e+01 7.954442999999999930e-01 3.681439999999999824e+00 2.553902582465385058e+04 2.415045672403990339e-03
3.199104909283291054e+00 8.201206017815129812e+00 1.217941782803386497e+00 1.021789973029353371e+00 4.036402176936928754e+01 1.549994700000000059e+01 7.954442999999999930e-01 3.681439999999999824e+00 2.520952693406356047e+04 2.320562435778925937e-03
3.199104956953668921e+00 8.201206017815129812e+00 1.217941782803386497e+00 1.021789973029353371e+00 4.036402176936928754e+01 1.549994700000000059e+01 7.954442999999999930e-01 3.681439999999999824e+00 2.520952693406356047e+04 2.320562435778925937e-03
3.199104909283291054e+00 8.201206140022621938e+00 1.217941782803386497e+00 1.021789973029353371e+00 4.036402176936928754e+01 1.549994700000000059e+01 7.954442999999999930e-01 3.681439999999999824e+00 2.520952693406356047e+04 2.320562435778925937e-03
3.199104909283291054e+00 8.201206017815129812e+00 1.217941800952133224e+00 1.021789973029353371e+00 4.036402176936928754e+01 1.549994700000000059e+01 7.954442999999999930e-01 3.681439999999999824e+00 2.520952693406356047e+04 2.320562435778925937e-03
3.199104909283291054e+00 8.201206017815129812e+00 1.217941782803386497e+00 1.021789988255210391e+00 4.036402176936928754e+01 1.549994700000000059e+01 7.954442999999999930e-01 3.681439999999999824e+00 2.520952693406356047e+04 2.320562435778925937e-03
3.199104909283291054e+00 8.201206017815129812e+00 1.217941782803386497e+00 1.021789973029353371e+00 4.036402237084008249e+01 1.549994700000000059e+01 7.954442999999999930e-01 3.681439999999999824e+00 2.520952693406356047e+04 2.320562435778925937e-03
3.199104909283291054e+00 8.201206017815129812e+00 1.217941782803386497e+00 1.021789973029353371e+00 4.036402176936928754e+01 1.549994700000000059e+01 7.954442999999999930e-01 3.681439999999999824e+00 2.520952730971478377e+04 2.320562435778925937e-03
3.199104909283291054e+00 8.201206017815129812e+00 1.217941782803386497e+00 1.021789973029353371e+00 4.036402176936928754e+01 1.549994700000000059e+01 7.954442999999999930e-01 3.681439999999999824e+00 2.520952693406356047e+04 2.320577336940119785e-03
3.194177626158433370e+00 8.334608522603664582e+00 1.208462690691667341e+00 8.927159412282976714e-01 4.052166597061717823e+01 1.549994700000000059e+01 7.954442999999999930e-01 3.681439999999999824e+00 2.455052914400459849e+04 2.149685713395629600e-03
3.194177673755389080e+00 8.334608522603664582e+00 1.208462690691667341e+00 8.927159412282976714e-01 4.052166597061717823e+01 1.549994700000000059e+01 7.954442999999999930e-01 3.681439999999999824e+00 2.455052914400459849e+04 2.149685713395629600e-03
3.194177626158433370e+00 8.334608646799010145e+00 1.208462690691667341e+00 8.927159412282976714e-01 4.052166597061717823e+01 1.549994700000000059e+01 7.954442999999999930e-01 3.681439999999999824e+00 2.455052914400459849e+04 2.149685713395629600e-03
3.194177626158433370e+00 8.334608522603664582e+00 1.208462708699164612e+00 8.927159412282976714e-01 4.052166597061717823e+01 1.549994700000000059e+01 7.954442999999999930e-01 3.681439999999999824e+00 2.455052914400459849e+04 2.149685713395629600e-03
3.194177626158433370e+00 8.334608522603664582e+00 1.208462690691667341e+00 8.927159561294588652e-01 4.052166597061717823e+01 1.549994700000000059e+01 7.954442999999999930e-01 3.681439999999999824e+00 2.455052914400459849e+04 2.149685713395629600e-03
3.194177626158433370e+00 8.334608522603664582e+00 1.208462690691667341e+00 8.927159412282976714e-01 4.052166657443705589e+01 1.549994700000000059e+01 7.954442999999999930e-01 3.681439999999999824e+00 2.455052914400459849e+04 2.149685713395629600e-03
3.194177626158433370e+00 8.334608522603664582e+00 1.208462690691667341e+00 8.927159412282976714e-01 4.052166597061717823e+01 1.549994700000000059e+01 7.954442999999999930e-01 3.681439999999999824e+00 2.455052950983598930e+04 2.149685713395629600e-03
3.194177626158433370e+00 8.334608522603664582e+00 1.208462690691667341e+00 8.927159412282976714e-01 4.052166597061717823e+01 1.549994700000000059e+01 7.954442999999999930e-01 3.681439999999999824e+00 2.455052914400459849e+04 2.149700614556823448e-03
3.182145558486024317e+00 8.601808494800966542e+00 1.187890337807498975e+00 8.412320189041222473e-01 4.043217569895368513e+01 1.549994700000000059e+01 7.954442999999999930e-01 3.681439999999999824e+00 2.323253353951851022e+04 1.785405823482990022e-03
3.182145605903688335e+00 8.601808494800966542e+00 1.187890337807498975e+00 8.412320189041222473e-01 4.043217569895368513e+01 1.549994700000000059e+01 7.954442999999999930e-01 3.681439999999999824e+00 2.323253353951851022e+04 1.785405823482990022e-03
3.182145558486024317e+00 8.601808622977902274e+00 1.187890337807498975e+00 8.412320189041222473e-01 4.043217569895368513e+01 1.549994700000000059e+01 7.954442999999999930e-01 3.681439999999999824e+00 2.323253353951851022e+04 1.785405823482990022e-03
3.182145558486024317e+00 8.601808494800966542e+00 1.187890355508444351e+00 8.412320189041222473e-01 4.043217569895368513e+01 1.549994700000000059e+01 7.954442999999999930e-01 3.681439999999999824e+00 2.323253353951851022e+04 1.785405823482990022e-03
3.182145558486024317e+00 8.601808494800966542e+00 1.187890337807498975e+00 8.412320338052834412e-01 4.043217569895368513e+01 1.549994700000000059e+01 7.954442999999999930e-01 3.681439999999999824e+00 2.323253353951851022e+04 1.785405823482990022e-03
3.182145558486024317e+00 8.601808494800966542e+00 1.187890337807498975e+00 8.412320189041222473e-01 4.043217630144005170e+01 1.549994700000000059e+01 7.954442999999999930e-01 3.681439999999999824e+00 2.323253353951851022e+04 1.785405823482990022e-03
3.182145558486024317e+00 8.601808494800966542e+00 1.187890337807498975e+00 8.412320189041222473e-01 4.043217569895368513e+01 1.549994700000000059e+01 7.954442999999999930e-01 3.681439999999999824e+00 2.323253388571023606e+04 1.785405823482990022e-03
3.182145558486024317e+00 8.601808494800966542e+00 1.187890337807498975e+00 8.412320189041222473e-01 4.043217569895368513e+01 1.549994700000000059e+01 7.954442999999999930e-01 3.681439999999999824e+00 2.323253353951851022e+04 1.785420724644183870e-03
3.164282243290470031e+00 9.251526980458715244e+00 1.143106808423301146e+00 6.100967872183539198e-01 4.063052534397826321e+01 1.549994700000000059e+01 7.954442999999999930e-01 3.681439999999999824e+00 2.059654236631458480e+04 9.875262771655113174e-04
3.177369653537690297e+00 8.786698569007571180e+00 1.175816297753070838e+00 6.564999056367588626e-01 4.074683606953627901e+01 1.549994700000000059e+01 7.954442999999999930e-01 3.681439999999999824e+00 2.257353578172945709e+04 1.581147152718844493e-03
3.177369700884187687e+00 8.786698569007571180e+00 1.175816297753070838e+00 6.564999056367588626e-01 4.074683606953627901e+01 1.549994700000000059e+01 7.954442999999999930e-01 3.681439999999999824e+00 2.257353578172945709e+04 1.581147152718844493e-03
3.177369653537690297e+00 8.786698699939583079e+00 1.175816297753070838e+00 6.564999056367588626e-01 4.074683606953627901e+01 1.549994700000000059e+01 7.954442999999999930e-01 3.681439999999999824e+00 2.257353578172945709e+04 1.581147152718844493e-03
3.177369653537690297e+00 8.786698569007571180e+00 1.175816315274099022e+00 6.564999056367588626e-01 4.074683606953627901e+01 1.549994700000000059e+01 7.954442999999999930e-01 3.681439999999999824e+00 2.257353578172945709e+04 1.581147152718844493e-03
3.177369653537690297e+00 8.786698569007571180e+00 1.175816297753070838e+00 6.564999205379200564e-01 4.074683606953627901e+01 1.549994700000000059e+01 7.954442999999999930e-01 3.681439999999999824e+00 2.257353578172945709e+04 1.581147152718844493e-03
3.177369653537690297e+00 8.786698569007571180e+00 1.175816297753070838e+00 6.564999056367588626e-01 4.074683667671145315e+01 1.549994700000000059e+01 7.954442999999999930e-01 3.681439999999999824e+00 2.257353578172945709e+04 1.581147152718844493e-03
3.177369653537690297e+00 8.786698569007571180e+00 1.175816297753070838e+00 6.564999056367588626e-01 4.074683606953627901e+01 1.549994700000000059e+01 7.954442999999999930e-01 3.681439999999999824e+00 2.257353611810135408e+04 1.581147152718844493e-03
3.177369653537690297e+00 8.786698569007571180e+00 1.175816297753070838e+00 6.564999056367588626e-01 4.074683606953627901e+01 1.549994700000000059e+01 7.954442999999999930e-01 3.681439999999999824e+00 2.257353578172945709e+04 1.581162053880038340e-03
3.167358373662661375e+00 9.131574031953624271e+00 1.154921321610738350e+00 4.965552851085929253e-01 4.090535920541523041e+01 1.549994700000000059e+01 7.954442999999999930e-01 3.681439999999999824e+00 2.125554020909790052e+04 1.161133757255840022e-03
3.167358420859978985e+00 9.131574031953624271e+00 1.154921321610738350e+00 4.965552851085929253e-01 4.090535920541523041e+01 1.549994700000000059e+01 7.954442999999999930e-01 3.681439999999999824e+00 2.125554020909790052e+04 1.161133757255840022e-03
3.167358373662661375e+00 9.131574168024680915e+00 1.154921321610738350e+00 4.965552851085929253e-01 4.090535920541523041e+01 1.549994700000000059e+01 7.954442999999999930e-01 3.681439999999999824e+00 2.125554020909790052e+04 1.161133757255840022e-03
3.167358373662661375e+00 9.131574031953624271e+00 1.154921338820407151e+00 4.965552851085929253e-01 4.090535920541523041e+01 1.549994700000000059e+01 7.954442999999999930e-01 3.681439999999999824e+00 2.125554020909790052e+04 1.161133757255840022e-03
3.167358373662661375e+00 9.131574031953624271e+00 1.154921321610738350e+00 4.965553000097541192e-01 4.090535920541523041e+01 1.549994700000000059e+01 7.954442999999999930e-01 3.681439999999999824e+00 2.125554020909790052e+04 1.161133757255840022e-03
3.167358373662661375e+00 9.131574031953624271e+00 1.154921321610738350e+00 4.965552851085929253e-01 4.090535981495258255e+01 1.549994700000000059e+01 7.954442999999999930e-01 3.681439999999999824e+00 2.125554020909790052e+04 1.161133757255840022e-03
3.167358373662661375e+00 9.131574031953624271e+00 1.154921321610738350e+00 4.965552851085929253e-01 4.090535920541523041e+01 1.549994700000000059e+01 7.954442999999999930e-01 3.681439999999999824e+00 2.125554052583013254e+04 1.161133757255840022e-03
3.167358373662661375e+00 9.131574031953624271e+00 1.154921321610738350e+00 4.965552851085929253e-01 4.090535920541523041e+01 1.549994700000000059e+01 7.954442999999999930e-01 3.681439999999999824e+00 2.125554020909790052e+04 1.161148658417033869e-03
3.166456557951937700e+00 9.138535470094435453e+00 1.155473396270406683e+00 4.595036611401321358e-01 4.095231421409732775e+01 1.549994700000000059e+01 7.954442999999999930e-01 3.681439999999999824e+00 2.128712004625286863e+04 1.146829659889359769e-03
3.166456605135817171e+00 9.138535470094435453e+00 1.155473396270406683e+00 4.595036611401321358e-01 4.095231421409732775e+01 1.549994700000000059e+01 7.954442999999999930e-01 3.681439999999999824e+00 2.128712004625286863e+04 1.146829659889359769e-03
3.166456557951937700e+00 9.138535606269226008e+00 1.155473396270406683e+00 4.595036611401321358e-01 4.095231421409732775e+01 1.549994700000000059e+01 7.954442999999999930e-01 3.681439999999999824e+00 2.128712004625286863e+04 1.146829659889359769e-03
3.166456557951937700e+00 9.138535470094435453e+00 1.155473413488302015e+00 4.595036611401321358e-01 4.095231421409732775e+01 1.549994700000000059e+01 7.954442999999999930e-01 3.681439999999999824e+00 2.128712004625286863e+04 1.146829659889359769e-03
3.166456557951937700e+00 9.138535470094435453e+00 1.155473396270406683e+00 4.595036760412933297e-01 4.095231421409732775e+01 1.549994700000000059e+01 7.954442999999999930e-01 3.681439999999999824e+00 2.128712004625286863e+04 1.146829659889359769e-03
3.166456557951937700e+00 9.138535470094435453e+00 1.155473396270406683e+00 4.595036611401321358e-01 4.095231482433436554e+01 1.549994700000000059e+01 7.954442999999999930e-01 3.681439999999999824e+00 2.128712004625286863e+04 1.146829659889359769e-03
3.166456557951937700e+00 9.138535470094435453e+00 1.155473396270406683e+00 4.595036611401321358e-01 4.095231421409732775e+01 1.549994700000000059e+01 7.954442999999999930e-01 3.681439999999999824e+00 2.128712036345567685e+04 1.146829659889359769e-03
3.166456557951937700e+00 9.138535470094435453e+00 1.155473396270406683e+00 4.595036611401321358e-01 4.095231421409732775e+01 1.549994700000000059e+01 7.954442999999999930e-01 3.681439999999999824e+00 2.128712004625286863e+04 1.146844561050553617e-03
2.902602722432774396e+00 8.377202898237293027e+00 1.176653497085359046e+00 1.809344945713720065e-03 7.469094294304809978e+01 1.549994700000000059e+01 7.954442999999999930e-01 3.681439999999999824e+00 2.118202350895602649e+04 1.115947266186759429e-03
3.151565395786990464e+00 9.103661773794032186e+00 1.169843152950839293e+00 9.061853013224152598e-04 4.326805621627287479e+01 1.549994700000000059e+01 7.954442999999999930e-01 3.681439999999999824e+00 2.123571646136332492e+04 1.131436831621872698e-03
3.169750679566659901e+00 9.143366396021605169e+00 1.169793586468131252e+00 4.651798756961894599e-02 4.096224947653318083e+01 1.549994700000000059e+01 7.954442999999999930e-01 3.681439999999999824e+00 2.128588991920529588e+04 1.148235398983572797e-03
3.167288032522499019e+00 9.139791910199940972e+00 1.159454504393159890e+00 3.562497517098166533e-01 4.095431823986471898e+01 1.549994700000000059e+01 7.954442999999999930e-01 3.681439999999999824e+00 2.128705973782133151e+04 1.147192565999215381e-03
3.166668641445357313e+00 9.138957804420522635e+00 1.156853330707276584e+00 4.336981252998023950e-01 4.095279289577899107e+01 1.549994700000000059e+01 7.954442999999999930e-01 3.681439999999999824e+00 2.128711666278520715e+04 1.146850213845336877e-03
3.166668688632397366e+00 9.138957804420522635e+00 1.156853330707276584e+00 4.336981252998023950e-01 4.095279289577899107e+01 1.549994700000000059e+01 7.954442999999999930e-01 3.681439999999999824e+00 2.128711666278520715e+04 1.146850213845336877e-03
3.166668641445357313e+00 9.138957940601606822e+00 1.156853330707276584e+00 4.336981252998023950e-01 4.095279289577899107e+01 1.549994700000000059e+01 7.954442999999999930e-01 3.681439999999999824e+00 2.128711666278520715e+04 1.146850213845336877e-03
3.166668641445357313e+00 9.138957804420522635e+00 1.156853347945734578e+00 4.336981252998023950e-01 4.095279289577899107e+01 1.549994700000000059e+01 7.954442999999999930e-01 3.681439999999999824e+00 2.128711666278520715e+04 1.146850213845336877e-03
3.166668641445357313e+00 9.138957804420522635e+00 1.156853330707276584e+00 4.336981402009635889e-01 4.095279289577899107e+01 1.549994700000000059e+01 7.954442999999999930e-01 3.681439999999999824e+00 2.128711666278520715e+04 1.146850213845336877e-03
3.166668641445357313e+00 9.138957804420522635e+00 1.156853330707276584e+00 4.336981252998023950e-01 4.095279350602316271e+01 1.549994700000000059e+01 7.954442999999999930e-01 3.681439999999999824e+00 2.128711666278520715e+04 1.146850213845336877e-03
3.166668641445357313e+00 9.138957804420522635e+00 1.156853330707276584e+00 4.336981252998023950e-01 4.095279289577899107e+01 1.549994700000000059e+01 7.954442999999999930e-01 3.681439999999999824e+00 2.128711697998796444e+04 1.146850213845336877e-03
3.166668641445357313e+00 9.138957804420522635e+00 1.156853330707276584e+00 4.336981252998023950e-01 4.095279289577899107e+01 1.549994700000000059e+01 7.954442999999999930e-01 3.681439999999999824e+00 2.128711666278520715e+04 1.146865115006530725e-03
3.166626486062815271e+00 9.139015792078806655e+00 1.156182914064556089e+00 4.275144076808282678e-01 4.096218409280832873e+01 1.549994700000000059e+01 7.954442999999999930e-01 3.681439999999999824e+00 2.128711666246228560e+04 1.147091477793669686e-03
3.166626533249226938e+00 9.139015792078806655e+00 1.156182914064556089e+00 4.275144076808282678e-01 4.096218409280832873e+01 1.549994700000000059e+01 7.954442999999999930e-01 3.681439999999999824e+00 2.128711666246228560e+04 1.147091477793669686e-03
3.166626486062815271e+00 9.139015928260754151e+00 1.156182914064556089e+00 4.275144076808282678e-01 4.096218409280832873e+01 1.549994700000000059e+01 7.954442999999999930e-01 3.681439999999999824e+00 2.128711666246228560e+04 1.147091477793669686e-03
3.166626486062815271e+00 9.139015792078806655e+00 1.156182931293024074e+00 4.275144076808282678e-01 4.096218409280832873e+01 1.549994700000000059e+01 7.954442999999999930e-01 3.681439999999999824e+00 2.128711666246228560e+04 1.147091477793669686e-03
3.166626486062815271e+00 9.139015792078806655e+00 1.156182914064556089e+00 4.275144225819894617e-01 4.096218409280832873e+01 1.549994700000000059e+01 7.954442999999999930e-01 3.681439999999999824e+00 2.128711666246228560e+04 1.147091477793669686e-03
3.166626486062815271e+00 9.139015792078806655e+00 1.156182914064556089e+00 4.275144076808282678e-01 4.096218470319243465e+01 1.549994700000000059e+01 7.954442999999999930e-01 3.681439999999999824e+00 2.128711666246228560e+04 1.147091477793669686e-03
3.166626486062815271e+00 9.139015792078806655e+00 1.156182914064556089e+00 4.275144076808282678e-01 4.096218409280832873e+01 1.549994700000000059e+01 7.954442999999999930e-01 3.681439999999999824e+00 2.128711697966504289e+04 1.147091477793669686e-03
3.166626486062815271e+00 9.139015792078806655e+00 1.156182914064556089e+00 4.275144076808282678e-01 4.096218409280832873e+01 1.549994700000000059e+01 7.954442999999999930e-01 3.681439999999999824e+00 2.128711666246228560e+04 1.147106378954863533e-03
3.166495593591339475e+00 9.138627606382293322e+00 1.156266376415505892e+00 4.152071053889234142e-01 4.098072406238901522e+01 1.549994700000000059e+01 7.954442999999999930e-01 3.681439999999999824e+00 2.128711666191716722e+04 1.147128295181240642e-03
3.166495640775800702e+00 9.138627606382293322e+00 1.156266376415505892e+00 4.152071053889234142e-01 4.098072406238901522e+01 1.549994700000000059e+01 7.954442999999999930e-01 3.681439999999999824e+00 2.128711666191716722e+04 1.147128295181240642e-03
3.166495593591339475e+00 9.138627742558457001e+00 1.156266376415505892e+00 4.152071053889234142e-01 4.098072406238901522e+01 1.549994700000000059e+01 7.954442999999999930e-01 3.681439999999999824e+00 2.128711666191716722e+04 1.147128295181240642e-03
3.166495593591339475e+00 9.138627606382293322e+00 1.156266393645217549e+00 4.152071053889234142e-01 4.098072406238901522e+01 1.549994700000000059e+01 7.954442999999999930e-01 3.681439999999999824e+00 2.128711666191716722e+04 1.147128295181240642e-03
3.166495593591339475e+00 9.138627606382293322e+00 1.156266376415505892e+00 4.152071202900846081e-01 4.098072406238901522e+01 1.549994700000000059e+01 7.954442999999999930e-01 3.681439999999999824e+00 2.128711666191716722e+04 1.147128295181240642e-03
3.166495593591339475e+00 9.138627606382293322e+00 1.156266376415505892e+00 4.152071053889234142e-01 4.098072467304938726e+01 1.549994700000000059e+01 7.954442999999999930e-01 3.681439999999999824e+00 2.128711666191716722e+04 1.147128295181240642e-03
3.166495593591339475e+00 9.138627606382293322e+00 1.156266376415505892e+00 4.152071053889234142e-01 4.098072406238901522e+01 1.549994700000000059e+01 7.954442999999999930e-01 3.681439999999999824e+00 2.128711697911992451e+04 1.147128295181240642e-03
3.166495593591339475e+00 9.138627606382293322e+00 1.156266376415505892e+00 4.152071053889234142e-01 4.098072406238901522e+01 1.549994700000000059e+01 7.954442999999999930e-01 3.681439999999999824e+00 2.128711666191716722e+04 1.147143196342434489e-03
3.166635641662548295e+00 9.138689115660325157e+00 1.156780547008048110e+00 3.906680593526056788e-01 4.098163998487825666e+01 1.549994700000000059e+01 7.954442999999999930e-01 3.681439999999999824e+00 2.128709242255629579e+04 1.147056026428366904e-03
3.166635688849096297e+00 9.138689115660325157e+00 1.156780547008048110e+00 3.906680593526056788e-01 4.098163998487825666e+01 1.549994700000000059e+01 7.954442999999999930e-01 3.681439999999999824e+00 2.128709242255629579e+04 1.147056026428366904e-03
3.166635641662548295e+00 9.138689251837405436e+00 1.156780547008048110e+00 3.906680593526056788e-01 4.098163998487825666e+01 1.549994700000000059e+01 7.954442999999999930e-01 3.681439999999999824e+00 2.128709242255629579e+04 1.147056026428366904e-03
3.166635641662548295e+00 9.138689115660325157e+00 1.156780564245421417e+00 3.906680593526056788e-01 4.098163998487825666e+01 1.549994700000000059e+01 7.954442999999999930e-01 3.681439999999999824e+00 2.128709242255629579e+04 1.147056026428366904e-03
3.166635641662548295e+00 9.138689115660325157e+00 1.156780547008048110e+00 3.906680742537668727e-01 4.098163998487825666e+01 1.549994700000000059e+01 7.954442999999999930e-01 3.681439999999999824e+00 2.128709242255629579e+04 1.147056026428366904e-03
3.166635641662548295e+00 9.138689115660325157e+00 1.156780547008048110e+00 3.906680593526056788e-01 4.098164059555227823e+01 1.549994700000000059e+01 7.954442999999999930e-01 3.681439999999999824e+00 2.128709242255629579e+04 1.147056026428366904e-03
3.166635641662548295e+00 9.138689115660325157e+00 1.156780547008048110e+00 3.906680593526056788e-01 4.098163998487825666e+01 1.549994700000000059e+01 7.954442999999999930e-01 3.681439999999999824e+00 2.128709273975869291e+04 1.147056026428366904e-03
3.166635641662548295e+00 9.138689115660325157e+00 1.156780547008048110e+00 3.906680593526056788e-01 4.098163998487825666e+01 1.549994700000000059e+01 7.954442999999999930e-01 3.681439999999999824e+00 2.128709242255629579e+04 1.147070927589560752e-03
3.166895214993326935e+00 9.139156510073782158e+00 1.157292198154891816e+00 3.430624158615688812e-01 4.098360664870343584e+01 1.549994700000000059e+01 7.954442999999999930e-01 3.681439999999999824e+00 2.128699967917731556e+04 1.147250528075381432e-03
3.166895262183742954e+00 9.139156510073782158e+00 1.157292198154891816e+00 3.430624158615688812e-01 4.098360664870343584e+01 1.549994700000000059e+01 7.954442999999999930e-01 3.681439999999999824e+00 2.128699967917731556e+04 1.147250528075381432e-03
3.166895214993326935e+00 9.139156646257825756e+00 1.157292198154891816e+00 3.430624158615688812e-01 4.098360664870343584e+01 1.549994700000000059e+01 7.954442999999999930e-01 3.681439999999999824e+00 2.128699967917731556e+04 1.147250528075381432e-03
3.166895214993326935e+00 9.139156510073782158e+00 1.157292215399889468e+00 3.430624158615688812e-01 4.098360664870343584e+01 1.549994700000000059e+01 7.954442999999999930e-01 3.681439999999999824e+00 2.128699967917731556e+04 1.147250528075381432e-03
3.166895214993326935e+00 9.139156510073782158e+00 1.157292198154891816e+00 3.430624307627300751e-01 4.098360664870343584e+01 1.549994700000000059e+01 7.954442999999999930e-01 3.681439999999999824e+00 2.128699967917731556e+04 1.147250528075381432e-03
3.166895214993326935e+00 9.139156510073782158e+00 1.157292198154891816e+00 3.430624158615688812e-01 4.098360725940676730e+01 1.549994700000000059e+01 7.954442999999999930e-01 3.681439999999999824e+00 2.128699967917731556e+04 1.147250528075381432e-03
3.166895214993326935e+00 9.139156510073782158e+00 1.157292198154891816e+00 3.430624158615688812e-01 4.098360664870343584e+01 1.549994700000000059e+01 7.954442999999999930e-01 3.681439999999999824e+00 2.128699999637833025e+04 1.147250528075381432e-03
3.166895214993326935e+00 9.139156510073782158e+00 1.157292198154891816e+00 3.430624158615688812e-01 4.098360664870343584e+01 1.549994700000000059e+01 7.954442999999999930e-01 3.681439999999999824e+00 2.128699967917731556e+04 1.147265429236575280e-03
3.167368794488580441e+00 9.139868516429745071e+00 1.157984388119956964e+00 2.538362571350399888e-01 4.098701037344331866e+01 1.549994700000000059e+01 7.954442999999999930e-01 3.681439999999999824e+00 2.128671169776226088e+04 1.147455685267655687e-03
3.167368841686053482e+00 9.139868516429745071e+00 1.157984388119956964e+00 2.538362571350399888e-01 4.098701037344331866e+01 1.549994700000000059e+01 7.954442999999999930e-01 3.681439999999999824e+00 2.128671169776226088e+04 1.147455685267655687e-03
3.167368794488580441e+00 9.139868652624398848e+00 1.157984388119956964e+00 2.538362571350399888e-01 4.098701037344331866e+01 1.549994700000000059e+01 7.954442999999999930e-01 3.681439999999999824e+00 2.128671169776226088e+04 1.147455685267655687e-03
3.167368794488580441e+00 9.139868516429745071e+00 1.157984405375269032e+00 2.538362571350399888e-01 4.098701037344331866e+01 1.549994700000000059e+01 7.954442999999999930e-01 3.681439999999999824e+00 2.128671169776226088e+04 1.147455685267655687e-03
3.167368794488580441e+00 9.139868516429745071e+00 1.157984388119956964e+00 2.538362720362011826e-01 4.098701037344331866e+01 1.549994700000000059e+01 7.954442999999999930e-01 3.681439999999999824e+00 2.128671169776226088e+04 1.147455685267655687e-03
3.167368794488580441e+00 9.139868516429745071e+00 1.157984388119956964e+00 2.538362571350399888e-01 4.098701098419736866e+01 1.549994700000000059e+01 7.954442999999999930e-01 3.681439999999999824e+00 2.128671169776226088e+04 1.147455685267655687e-03
3.167368794488580441e+00 9.139868516429745071e+00 1.157984388119956964e+00 2.538362571350399888e-01 4.098701037344331866e+01 1.549994700000000059e+01 7.954442999999999930e-01 3.681439999999999824e+00 2.128671201495898276e+04 1.147455685267655687e-03
3.167368794488580441e+00 9.139868516429745071e+00 1.157984388119956964e+00 2.538362571350399888e-01 4.098701037344331866e+01 1.549994700000000059e+01 7.954442999999999930e-01 3.681439999999999824e+00 2.128671169776226088e+04 1.147470586428849535e-03
3.168226072196271392e+00 9.141222793395586521e+00 1.159632466613299551e+00 1.014740807115989130e-01 4.098843541126242229e+01 1.549994700000000059e+01 7.954442999999999930e-01 3.681439999999999824e+00 2.128646278070844710e+04 1.147822477439972054e-03
3.168226119406518659e+00 9.141222793395586521e+00 1.159632466613299551e+00 1.014740807115989130e-01 4.098843541126242229e+01 1.549994700000000059e+01 7.954442999999999930e-01 3.681439999999999824e+00 2.128646278070844710e+04 1.147822477439972054e-03
3.168226072196271392e+00 9.141222929610421488e+00 1.159632466613299551e+00 1.014740807115989130e-01 4.098843541126242229e+01 1.549994700000000059e+01 7.954442999999999930e-01 3.681439999999999824e+00 2.128646278070844710e+04 1.147822477439972054e-03
3.168226072196271392e+00 9.141222793395586521e+00 1.159632483893169752e+00 1.014740807115989130e-01 4.098843541126242229e+01 1.549994700000000059e+01 7.954442999999999930e-01 3.681439999999999824e+00 2.128646278070844710e+04 1.147822477439972054e-03
3.168226072196271392e+00 9.141222793395586521e+00 1.159632466613299551e+00 1.014740956127601068e-01 4.098843541126242229e+01 1.549994700000000059e+01 7.954442999999999930e-01 3.681439999999999824e+00 2.128646278070844710e+04 1.147822477439972054e-03
3.168226072196271392e+00 9.141222793395586521e+00 1.159632466613299551e+00 1.014740807115989130e-01 4.098843602203770331e+01 1.549994700000000059e+01 7.954442999999999930e-01 3.681439999999999824e+00 2.128646278070844710e+04 1.147822477439972054e-03
3.168226072196271392e+00 9.141222793395586521e+00 1.159632466613299551e+00 1.014740807115989130e-01 4.098843541126242229e+01 1.549994700000000059e+01 7.954442999999999930e-01 3.681439999999999824e+00 2.128646309790146188e+04 1.147822477439972054e-03
3.168226072196271392e+00 9.141222793395586521e+00 1.159632466613299551e+00 1.014740807115989130e-01 4.098843541126242229e+01 1.549994700000000059e+01 7.954442999999999930e-01 3.681439999999999824e+00 2.128646278070844710e+04 1.147837378601165902e-03
3.169413298358170650e+00 9.142921326259552117e+00 1.164116803618911122e+00 5.065413618272535112e-03 4.098864843419071491e+01 1.549994700000000059e+01 7.954442999999999930e-01 3.681439999999999824e+00 2.128630316389398649e+04 1.148469002085946268e-03
3.168882531916105361e+00 9.142214641361871230e+00 1.161667197094809589e+00 7.743999781536289873e-02 4.098848742885751761e+01 1.549994700000000059e+01 7.954442999999999930e-01 3.681439999999999824e+00 2.128643426435836955e+04 1.148209481486363011e-03
3.168882579136134581e+00 9.142214641361871230e+00 1.161667197094809589e+00 7.743999781536289873e-02 4.098848742885751761e+01 1.549994700000000059e+01 7.954442999999999930e-01 3.681439999999999824e+00 2.128643426435836955e+04 1.148209481486363011e-03
3.168882531916105361e+00 9.142214777591485486e+00 1.161667197094809589e+00 7.743999781536289873e-02 4.098848742885751761e+01 1.549994700000000059e+01 7.954442999999999930e-01 3.681439999999999824e+00 2.128643426435836955e+04 1.148209481486363011e-03
3.168882531916105361e+00 9.142214641361871230e+00 1.161667214404999759e+00 7.743999781536289873e-02 4.098848742885751761e+01 1.549994700000000059e+01 7.954442999999999930e-01 3.681439999999999824e+00 2.128643426435836955e+04 1.148209481486363011e-03
3.168882531916105361e+00 9.142214641361871230e+00 1.161667197094809589e+00 7.744001271652409257e-02 4.098848742885751761e+01 1.549994700000000059e+01 7.954442999999999930e-01 3.681439999999999824e+00 2.128643426435836955e+04 1.148209481486363011e-03
3.168882531916105361e+00 9.142214641361871230e+00 1.161667197094809589e+00 7.743999781536289873e-02 4.098848803963357312e+01 1.549994700000000059e+01 7.954442999999999930e-01 3.681439999999999824e+00 2.128643426435836955e+04 1.148209481486363011e-03
3.168882531916105361e+00 9.142214641361871230e+00 1.161667197094809589e+00 7.743999781536289873e-02 4.098848742885751761e+01 1.549994700000000059e+01 7.954442999999999930e-01 3.681439999999999824e+00 2.128643458155095868e+04 1.148209481486363011e-03
3.168882531916105361e+00 9.142214641361871230e+00 1.161667197094809589e+00 7.743999781536289873e-02 4.098848742885751761e+01 1.549994700000000059e+01 7.954442999999999930e-01 3.681439999999999824e+00 2.128643426435836955e+04 1.148224382647556859e-03
3.168858503307537156e+00 9.142420901063985639e+00 1.159845000228853618e+00 7.075936032180010771e-02 4.099980760667853730e+01 1.549994700000000059e+01 7.954442999999999930e-01 3.681439999999999824e+00 2.128643424730645347e+04 1.148674167407209108e-03
3.168858550527208440e+00 9.142420901063985639e+00 1.159845000228853618e+00 7.075936032180010771e-02 4.099980760667853730e+01 1.549994700000000059e+01 7.954442999999999930e-01 3.681439999999999824e+00 2.128643424730645347e+04 1.148674167407209108e-03
3.168858503307537156e+00 9.142421037296672992e+00 1.159845000228853618e+00 7.075936032180010771e-02 4.099980760667853730e+01 1.549994700000000059e+01 7.954442999999999930e-01 3.681439999999999824e+00 2.128643424730645347e+04 1.148674167407209108e-03
3.168858503307537156e+00 9.142420901063985639e+00 1.159845017511890841e+00 7.075936032180010771e-02 4.099980760667853730e+01 1.549994700000000059e+01 7.954442999999999930e-01 3.681439999999999824e+00 2.128643424730645347e+04 1.148674167407209108e-03
3.168858503307537156e+00 9.142420901063985639e+00 1.159845000228853618e+00 7.075937522296130155e-02 4.099980760667853730e+01 1.549994700000000059e+01 7.954442999999999930e-01 3.681439999999999824e+00 2.128643424730645347e+04 1.148674167407209108e-03
3.168858503307537156e+00 9.142420901063985639e+00 1.159845000228853618e+00 7.075936032180010771e-02 4.099980821762328276e+01 1.549994700000000059e+01 7.954442999999999930e-01 3.681439999999999824e+00 2.128643424730645347e+04 1.148674167407209108e-03
3.168858503307537156e+00 9.142420901063985639e+00 1.159845000228853618e+00 7.075936032180010771e-02 4.099980760667853730e+01 1.549994700000000059e+01 7.954442999999999930e-01 3.681439999999999824e+00 2.128643456449904261e+04 1.148674167407209108e-03
3.168858503307537156e+00 9.142420901063985639e+00 1.159845000228853618e+00 7.075936032180010771e-02 4.099980760667853730e+01 1.549994700000000059e+01 7.954442999999999930e-01 3.681439999999999824e+00 2.128643424730645347e+04 1.148689068568402956e-03
3.169016688707590568e+00 9.142314271427137484e+00 1.161064933225631091e+00 4.665958562203408738e-02 4.099983914286232789e+01 1.549994700000000059e+01 7.954442999999999930e-01 3.681439999999999824e+00 2.128640431272110800e+04 1.148386902739987085e-03
3.169016735929619077e+00 9.142314271427137484e+00 1.161064933225631091e+00 4.665958562203408738e-02 4.099983914286232789e+01 1.549994700000000059e+01 7.954442999999999930e-01 3.681439999999999824e+00 2.128640431272110800e+04 1.148386902739987085e-03
3.169016688707590568e+00 9.142314407658236775e+00 1.161064933225631091e+00 4.665958562203408738e-02 4.099983914286232789e+01 1.549994700000000059e+01 7.954442999999999930e-01 3.681439999999999824e+00 2.128640431272110800e+04 1.148386902739987085e-03
3.169016688707590568e+00 9.142314271427137484e+00 1.161064950526846884e+00 4.665958562203408738e-02 4.099983914286232789e+01 1.549994700000000059e+01 7.954442999999999930e-01 3.681439999999999824e+00 2.128640431272110800e+04 1.148386902739987085e-03
3.169016688707590568e+00 9.142314271427137484e+00 1.161064933225631091e+00 4.665960052319528123e-02 4.099983914286232789e+01 1.549994700000000059e+01 7.954442999999999930e-01 3.681439999999999824e+00 2.128640431272110800e+04 1.148386902739987085e-03
3.169016688707590568e+00 9.142314271427137484e+00 1.161064933225631091e+00 4.665958562203408738e-02 4.099983975380754231e+01 1.549994700000000059e+01 7.954442999999999930e-01 3.681439999999999824e+00 2.128640431272110800e+04 1.148386902739987085e-03
3.169016688707590568e+00 9.142314271427137484e+00 1.161064933225631091e+00 4.665958562203408738e-02 4.099983914286232789e+01 1.549994700000000059e+01 7.954442999999999930e-01 3.681439999999999824e+00 2.128640462991324966e+04 1.148386902739987085e-03
3.169016688707590568e+00 9.142314271427137484e+00 1.161064933225631091e+00 4.665958562203408738e-02 4.099983914286232789e+01 1.549994700000000059e+01 7.954442999999999930e-01 3.681439999999999824e+00 2.128640431272110800e+04 1.148401803901180932e-03
3.168905696283673024e+00 9.142125619595342201e+00 1.161105892545411633e+00 3.625592227250132998e-02 4.101976616580888191e+01 1.549994700000000059e+01 7.954442999999999930e-01 3.681439999999999824e+00 2.128640427293776884e+04 1.148630759739545674e-03
3.168905743504047745e+00 9.142125619595342201e+00 1.161105892545411633e+00 3.625592227250132998e-02 4.101976616580888191e+01 1.549994700000000059e+01 7.954442999999999930e-01 3.681439999999999824e+00 2.128640427293776884e+04 1.148630759739545674e-03
3.168905696283673024e+00 9.142125755823629518e+00 1.161105892545411633e+00 3.625592227250132998e-02 4.101976616580888191e+01 1.549994700000000059e+01 7.954442999999999930e-01 3.681439999999999824e+00 2.128640427293776884e+04 1.148630759739545674e-03
3.168905696283673024e+00 9.142125619595342201e+00 1.161105909847237605e+00 3.625592227250132998e-02 4.101976616580888191e+01 1.549994700000000059e+01 7.954442999999999930e-01 3.681439999999999824e+00 2.128640427293776884e+04 1.148630759739545674e-03
3.168905696283673024e+00 9.142125619595342201e+00 1.161105892545411633e+00 3.625593717366252383e-02 4.101976616580888191e+01 1.549994700000000059e+01 7.954442999999999930e-01 3.681439999999999824e+00 2.128640427293776884e+04 1.148630759739545674e-03
3.168905696283673024e+00 9.142125619595342201e+00 1.161105892545411633e+00 3.625592227250132998e-02 4.101976677705103214e+01 1.549994700000000059e+01 7.954442999999999930e-01 3.681439999999999824e+00 2.128640427293776884e+04 1.148630759739545674e-03
3.168905696283673024e+00 9.142125619595342201e+00 1.161105892545411633e+00 3.625592227250132998e-02 4.101976616580888191e+01 1.549994700000000059e+01 7.954442999999999930e-01 3.681439999999999824e+00 2.128640459012991050e+04 1.148630759739545674e-03
3.168905696283673024e+00 9.142125619595342201e+00 1.161105892545411633e+00 3.625592227250132998e-02 4.101976616580888191e+01 1.549994700000000059e+01 7.954442999999999930e-01 3.681439999999999824e+00 2.128640427293776884e+04 1.148645660900739522e-03
3.169100217464207780e+00 9.142667729813210187e+00 1.161436902693091300e+00 1.794039508177243392e-02 4.102030498805632419e+01 1.549994700000000059e+01 7.954442999999999930e-01 3.681439999999999824e+00 2.128523052890774852e+04 1.148306750236834442e-03
3.169100264687481072e+00 9.142667729813210187e+00 1.161436902693091300e+00 1.794039508177243392e-02 4.102030498805632419e+01 1.549994700000000059e+01 7.954442999999999930e-01 3.681439999999999824e+00 2.128523052890774852e+04 1.148306750236834442e-03
3.169100217464207780e+00 9.142667866049576375e+00 1.161436902693091300e+00 1.794039508177243392e-02 4.102030498805632419e+01 1.549994700000000059e+01 7.954442999999999930e-01 3.681439999999999824e+00 2.128523052890774852e+04 1.148306750236834442e-03
3.169100217464207780e+00 9.142667729813210187e+00 1.161436919999849771e+00 1.794039508177243392e-02 4.102030498805632419e+01 1.549994700000000059e+01 7.954442999999999930e-01 3.681439999999999824e+00 2.128523052890774852e+04 1.148306750236834442e-03
3.169100217464207780e+00 9.142667729813210187e+00 1.161436902693091300e+00 1.794040998293362776e-02 4.102030498805632419e+01 1.549994700000000059e+01 7.954442999999999930e-01 3.681439999999999824e+00 2.128523052890774852e+04 1.148306750236834442e-03
3.169100217464207780e+00 9.142667729813210187e+00 1.161436902693091300e+00 1.794039508177243392e-02 4.102030559930650355e+01 1.549994700000000059e+01 7.954442999999999930e-01 3.681439999999999824e+00 2.128523052890774852e+04 1.148306750236834442e-03
3.169100217464207780e+00 9.142667729813210187e+00 1.161436902693091300e+00 1.794039508177243392e-02 4.102030498805632419e+01 1.549994700000000059e+01 7.954442999999999930e-01 3.681439999999999824e+00 2.128523084608239878e+04 1.148306750236834442e-03
3.169100217464207780e+00 9.142667729813210187e+00 1.161436902693091300e+00 1.794039508177243392e-02 4.102030498805632419e+01 1.549994700000000059e+01 7.954442999999999930e-01 3.681439999999999824e+00 2.128523052890774852e+04 1.148321651398028290e-03
3.168683611946293777e+00 9.141848325322175839e+00 1.161458132341984806e+00 6.742652806373840985e-03 4.106140604460239274e+01 1.549994700000000059e+01 7.954442999999999930e-01 3.681439999999999824e+00 2.128505663325259593e+04 1.148300618362581944e-03
3.168683659163359145e+00 9.141848325322175839e+00 1.161458132341984806e+00 6.742652806373840985e-03 4.106140604460239274e+01 1.549994700000000059e+01 7.954442999999999930e-01 3.681439999999999824e+00 2.128505663325259593e+04 1.148300618362581944e-03
3.168683611946293777e+00 9.141848461546331350e+00 1.161458132341984806e+00 6.742652806373840985e-03 4.106140604460239274e+01 1.549994700000000059e+01 7.954442999999999930e-01 3.681439999999999824e+00 2.128505663325259593e+04 1.148300618362581944e-03
3.168683611946293777e+00 9.141848325322175839e+00 1.161458149649059690e+00 6.742652806373840985e-03 4.106140604460239274e+01 1.549994700000000059e+01 7.954442999999999930e-01 3.681439999999999824e+00 2.128505663325259593e+04 1.148300618362581944e-03
3.168683611946293777e+00 9.141848325322175839e+00 1.161458132341984806e+00 6.742667707535034832e-03 4.106140604460239274e+01 1.549994700000000059e+01 7.954442999999999930e-01 3.681439999999999824e+00 2.128505663325259593e+04 1.148300618362581944e-03
3.168683611946293777e+00 9.141848325322175839e+00 1.161458132341984806e+00 6.742652806373840985e-03 4.106140665646502441e+01 1.549994700000000059e+01 7.954442999999999930e-01 3.681439999999999824e+00 2.128505663325259593e+04 1.148300618362581944e-03
3.168683611946293777e+00 9.141848325322175839e+00 1.161458132341984806e+00 6.742652806373840985e-03 4.106140604460239274e+01 1.549994700000000059e+01 7.954442999999999930e-01 3.681439999999999824e+00 2.128505695042465595e+04 1.148300618362581944e-03
3.168683611946293777e+00 9.141848325322175839e+00 1.161458132341984806e+00 6.742652806373840985e-03 4.106140604460239274e+01 1.549994700000000059e+01 7.954442999999999930e-01 3.681439999999999824e+00 2.128505663325259593e+04 1.148315519523775792e-03
3.168697563328292777e+00 9.144766039760654053e+00 1.161433226209820591e+00 9.824304195816717725e-04 4.106293432880379868e+01 1.549994700000000059e+01 7.954442999999999930e-01 3.681439999999999824e+00 2.127572551260778346e+04 1.145112314609785702e-03
3.168697610545565979e+00 9.144766039760654053e+00 1.161433226209820591e+00 9.824304195816717725e-04 4.106293432880379868e+01 1.549994700000000059e+01 7.954442999999999930e-01 3.681439999999999824e+00 2.127572551260778346e+04 1.145112314609785702e-03
3.168697563328292777e+00 9.144766176028287674e+00 1.161433226209820591e+00 9.824304195816717725e-04 4.106293432880379868e+01 1.549994700000000059e+01 7.954442999999999930e-01 3.681439999999999824e+00 2.127572551260778346e+04 1.145112314609785702e-03
3.168697563328292777e+00 9.144766039760654053e+00 1.161433243516524216e+00 9.824304195816717725e-04 4.106293432880379868e+01 1.549994700000000059e+01 7.954442999999999930e-01 3.681439999999999824e+00 2.127572551260778346e+04 1.145112314609785702e-03
3.168697563328292777e+00 9.144766039760654053e+00 1.161433226209820591e+00 9.824453207428656201e-04 4.106293432880379868e+01 1.549994700000000059e+01 7.954442999999999930e-01 3.681439999999999824e+00 2.127572551260778346e+04 1.145112314609785702e-03
3.168697563328292777e+00 9.144766039760654053e+00 1.161433226209820591e+00 9.824304195816717725e-04 4.106293494068920324e+01 1.549994700000000059e+01 7.954442999999999930e-01 3.681439999999999824e+00 2.127572551260778346e+04 1.145112314609785702e-03
3.168697563328292777e+00 9.144766039760654053e+00 1.161433226209820591e+00 9.824304195816717725e-04 4.106293432880379868e+01 1.549994700000000059e+01 7.954442999999999930e-01 3.681439999999999824e+00 2.127572582964079993e+04 1.145112314609785702e-03
3.168697563328292777e+00 9.144766039760654053e+00 1.161433226209820591e+00 9.824304195816717725e-04 4.106293432880379868e+01 1.549994700000000059e+01 7.954442999999999930e-01 3.681439999999999824e+00 2.127572551260778346e+04 1.145127215770979550e-03
3.167539249946130120e+00 9.155678886424006180e+00 1.159694926446342977e+00 9.959026969231924483e-05 4.117327572580830974e+01 1.549994700000000059e+01 7.954442999999999930e-01 3.681439999999999824e+00 2.122786080433629832e+04 1.128543858093370962e-03
3.168654473266980354e+00 9.147999117519525214e+00 1.160991655008335899e+00 1.424675647215178833e-04 4.106315788657978771e+01 1.549994700000000059e+01 7.954442999999999930e-01 3.681439999999999824e+00 2.126367775761837765e+04 1.140881203070061691e-03
3.168654520483611403e+00 9.147999117519525214e+00 1.160991655008335899e+00 1.424675647215178833e-04 4.106315788657978771e+01 1.549994700000000059e+01 7.954442999999999930e-01 3.681439999999999824e+00 2.126367775761837765e+04 1.140881203070061691e-03
3.168654473266980354e+00 9.147999253835335409e+00 1.160991655008335899e+00 1.424675647215178833e-04 4.106315788657978771e+01 1.549994700000000059e+01 7.954442999999999930e-01 3.681439999999999824e+00 2.126367775761837765e+04 1.140881203070061691e-03
3.168654473266980354e+00 9.147999117519525214e+00 1.160991672308459677e+00 1.424675647215178833e-04 4.106315788657978771e+01 1.549994700000000059e+01 7.954442999999999930e-01 3.681439999999999824e+00 2.126367775761837765e+04 1.140881203070061691e-03
3.168654473266980354e+00 9.147999117519525214e+00 1.160991655008335899e+00 1.424824658827117310e-04 4.106315788657978771e+01 1.549994700000000059e+01 7.954442999999999930e-01 3.681439999999999824e+00 2.126367775761837765e+04 1.140881203070061691e-03
3.168654473266980354e+00 9.147999117519525214e+00 1.160991655008335899e+00 1.424675647215178833e-04 4.106315849846852473e+01 1.549994700000000059e+01 7.954442999999999930e-01 3.681439999999999824e+00 2.126367775761837765e+04 1.140881203070061691e-03
3.168654473266980354e+00 9.147999117519525214e+00 1.160991655008335899e+00 1.424675647215178833e-04 4.106315788657978771e+01 1.549994700000000059e+01 7.954442999999999930e-01 3.681439999999999824e+00 2.126367807447186715e+04 1.140881203070061691e-03
3.168654473266980354e+00 9.147999117519525214e+00 1.160991655008335899e+00 1.424675647215178833e-04 4.106315788657978771e+01 1.549994700000000059e+01 7.954442999999999930e-01 3.681439999999999824e+00 2.126367775761837765e+04 1.140896104231255538e-03
3.168542421277420917e+00 9.151815173390563274e+00 1.160952120703636181e+00 6.473101754548862233e-05 4.106314022472998460e+01 1.549994700000000059e+01 7.954442999999999930e-01 3.681439999999999824e+00 2.125105118651757948e+04 1.136356302972426702e-03
3.168542468492382191e+00 9.151815173390563274e+00 1.160952120703636181e+00 6.473101754548862233e-05 4.106314022472998460e+01 1.549994700000000059e+01 7.954442999999999930e-01 3.681439999999999824e+00 2.125105118651757948e+04 1.136356302972426702e-03
3.168542421277420917e+00 9.151815309763236428e+00 1.160952120703636181e+00 6.473101754548862233e-05 4.106314022472998460e+01 1.549994700000000059e+01 7.954442999999999930e-01 3.681439999999999824e+00 2.125105118651757948e+04 1.136356302972426702e-03
3.168542421277420917e+00 9.151815173390563274e+00 1.160952138003170875e+00 6.473101754548862233e-05 4.106314022472998460e+01 1.549994700000000059e+01 7.954442999999999930e-01 3.681439999999999824e+00 2.125105118651757948e+04 1.136356302972426702e-03
3.168542421277420917e+00 9.151815173390563274e+00 1.160952120703636181e+00 6.474591870668246999e-05 4.106314022472998460e+01 1.549994700000000059e+01 7.954442999999999930e-01 3.681439999999999824e+00 2.125105118651757948e+04 1.136356302972426702e-03
3.168542421277420917e+00 9.151815173390563274e+00 1.160952120703636181e+00 6.473101754548862233e-05 4.106314083661845871e+01 1.549994700000000059e+01 7.954442999999999930e-01 3.681439999999999824e+00 2.125105118651757948e+04 1.136356302972426702e-03
3.168542421277420917e+00 9.151815173390563274e+00 1.160952120703636181e+00 6.473101754548862233e-05 4.106314022472998460e+01 1.549994700000000059e+01 7.954442999999999930e-01 3.681439999999999824e+00 2.125105150318291999e+04 1.136356302972426702e-03
3.168542421277420917e+00 9.151815173390563274e+00 1.160952120703636181e+00 6.473101754548862233e-05 4.106314022472998460e+01 1.549994700000000059e+01 7.954442999999999930e-01 3.681439999999999824e+00 2.125105118651757948e+04 1.136371204133620550e-03
3.168967978811899400e+00 9.159926189787082507e+00 1.160561936030083396e+00 1.104286360400474876e-06 4.099013525934638125e+01 1.549994700000000059e+01 7.954442999999999930e-01 3.681439999999999824e+00 2.122810922821813438e+04 1.128365930283352402e-03
3.168968026033202268e+00 9.159926189787082507e+00 1.160561936030083396e+00 1.104286360400474876e-06 4.099013525934638125e+01 1.549994700000000059e+01 7.954442999999999930e-01 3.681439999999999824e+00 2.122810922821813438e+04 1.128365930283352402e-03
3.168967978811899400e+00 9.159926326280618980e+00 1.160561936030083396e+00 1.104286360400474876e-06 4.099013525934638125e+01 1.549994700000000059e+01 7.954442999999999930e-01 3.681439999999999824e+00 2.122810922821813438e+04 1.128365930283352402e-03
3.168967978811899400e+00 9.159926189787082507e+00 1.160561953323803852e+00 1.104286360400474876e-06 4.099013525934638125e+01 1.549994700000000059e+01 7.954442999999999930e-01 3.681439999999999824e+00 2.122810922821813438e+04 1.128365930283352402e-03
3.168967978811899400e+00 9.159926189787082507e+00 1.160561936030083396e+00 1.119187521594322532e-06 4.099013525934638125e+01 1.549994700000000059e+01 7.954442999999999930e-01 3.681439999999999824e+00 2.122810922821813438e+04 1.128365930283352402e-03
3.168967978811899400e+00 9.159926189787082507e+00 1.160561936030083396e+00 1.104286360400474876e-06 4.099013587014699311e+01 1.549994700000000059e+01 7.954442999999999930e-01 3.681439999999999824e+00 2.122810922821813438e+04 1.128365930283352402e-03
3.168967978811899400e+00 9.159926189787082507e+00 1.160561936030083396e+00 1.104286360400474876e-06 4.099013525934638125e+01 1.549994700000000059e+01 7.954442999999999930e-01 3.681439999999999824e+00 2.122810954454161038e+04 1.128365930283352402e-03
3.168967978811899400e+00 9.159926189787082507e+00 1.160561936030083396e+00 1.104286360400474876e-06 4.099013525934638125e+01 1.549994700000000059e+01 7.954442999999999930e-01 3.681439999999999824e+00 2.122810922821813438e+04 1.128380831444546250e-03
3.168959388188717696e+00 9.159807650648463806e+00 1.160581406289387996e+00 7.180959784991590302e-08 4.099045861468351148e+01 1.549994700000000059e+01 7.954442999999999930e-01 3.681439999999999824e+00 2.122845660093127299e+04 1.128269002893593671e-03
3.168959435409892222e+00 9.159807650648463806e+00 1.160581406289387996e+00 7.180959784991590302e-08 4.099045861468351148e+01 1.549994700000000059e+01 7.954442999999999930e-01 3.681439999999999824e+00 2.122845660093127299e+04 1.128269002893593671e-03
3.168959388188717696e+00 9.159807787140234581e+00 1.160581406289387996e+00 7.180959784991590302e-08 4.099045861468351148e+01 1.549994700000000059e+01 7.954442999999999930e-01 3.681439999999999824e+00 2.122845660093127299e+04 1.128269002893593671e-03
3.168959388188717696e+00 9.159807650648463806e+00 1.160581423583398664e+00 7.180959784991590302e-08 4.099045861468351148e+01 1.549994700000000059e+01 7.954442999999999930e-01 3.681439999999999824e+00 2.122845660093127299e+04 1.128269002893593671e-03
3.168959388188717696e+00 9.159807650648463806e+00 1.160581406289387996e+00 8.671075904376355927e-08 4.099045861468351148e+01 1.549994700000000059e+01 7.954442999999999930e-01 3.681439999999999824e+00 2.122845660093127299e+04 1.128269002893593671e-03
3.168959388188717696e+00 9.159807650648463806e+00 1.160581406289387996e+00 7.180959784991590302e-08 4.099045922548894083e+01 1.549994700000000059e+01 7.954442999999999930e-01 3.681439999999999824e+00 2.122845660093127299e+04 1.128269002893593671e-03
3.168959388188717696e+00 9.159807650648463806e+00 1.160581406289387996e+00 7.180959784991590302e-08 4.099045861468351148e+01 1.549994700000000059e+01 7.954442999999999930e-01 3.681439999999999824e+00 2.122845691725992583e+04 1.128269002893593671e-03
3.168959388188717696e+00 9.159807650648463806e+00 1.160581406289387996e+00 7.180959784991590302e-08 4.099045861468351148e+01 1.549994700000000059e+01 7.954442999999999930e-01 3.681439999999999824e+00 2.122845660093127299e+04 1.128283904054787519e-03
3.169479915755661903e+00 9.161149155532548605e+00 1.160587929815599884e+00 1.709861439810190103e-09 4.092675089348694684e+01 1.549994700000000059e+01 7.954442999999999930e-01 3.681439999999999824e+00 2.122915127651584407e+04 1.128515426859585729e-03
3.169475986038567950e+00 9.161297960299812360e+00 1.160568977554138348e+00 1.706947019749469477e-09 4.092681093413742843e+01 1.549994700000000059e+01 7.954442999999999930e-01 3.681439999999999824e+00 2.122862999641472561e+04 1.128335200649798267e-03
3.169471658019695770e+00 9.161325429675283516e+00 1.160564209382593415e+00 1.712167004239935260e-09 4.092723877576287350e+01 1.549994700000000059e+01 7.954442999999999930e-01 3.681439999999999824e+00 2.122849885599319532e+04 1.128289857891627513e-03
3.169441363879160090e+00 9.161246367792054812e+00 1.160562871776010141e+00 1.785908245704230996e-09 4.093095290658789054e+01 1.549994700000000059e+01 7.954442999999999930e-01 3.681439999999999824e+00 2.122846200875773502e+04 1.128277093941360562e-03
3.169097923208688439e+00 9.160223035806991376e+00 1.160562647625253074e+00 4.109460109902222151e-09 4.097339648364157938e+01 1.549994700000000059e+01 7.954442999999999930e-01 3.681439999999999824e+00 2.122845674325931759e+04 1.128275009271993961e-03
3.168992655150446147e+00 9.159908905156617820e+00 1.160562637895002025e+00 1.295661228172526613e-08 4.098640699038683977e+01 1.549994700000000059e+01 7.954442999999999930e-01 3.681439999999999824e+00 2.122845662739619729e+04 1.128274876764480536e-03
3.168965734961838088e+00 9.159828524677870121e+00 1.160562655178499769e+00 3.879998932508779398e-08 4.098973358764267516e+01 1.549994700000000059e+01 7.954442999999999930e-01 3.681439999999999824e+00 2.122845660543566919e+04 1.128274779225409315e-03
3.168965782183107205e+00 9.159828524677870121e+00 1.160562655178499769e+00 3.879998932508779398e-08 4.098973358764267516e+01 1.549994700000000059e+01 7.954442999999999930e-01 3.681439999999999824e+00 2.122845660543566919e+04 1.128274779225409315e-03
3.168965734961838088e+00 9.159828661169951758e+00 1.160562655178499769e+00 3.879998932508779398e-08 4.098973358764267516e+01 1.549994700000000059e+01 7.954442999999999930e-01 3.681439999999999824e+00 2.122845660543566919e+04 1.128274779225409315e-03
3.168965734961838088e+00 9.159828524677870121e+00 1.160562672472230883e+00 3.879998932508779398e-08 4.098973358764267516e+01 1.549994700000000059e+01 7.954442999999999930e-01 3.681439999999999824e+00 2.122845660543566919e+04 1.128274779225409315e-03
3.168965734961838088e+00 9.159828524677870121e+00 1.160562655178499769e+00 5.370115051893545023e-08 4.098973358764267516e+01 1.549994700000000059e+01 7.954442999999999930e-01 3.681439999999999824e+00 2.122845660543566919e+04 1.128274779225409315e-03
3.168965734961838088e+00 9.159828524677870121e+00 1.160562655178499769e+00 3.879998932508779398e-08 4.098973419843730426e+01 1.549994700000000059e+01 7.954442999999999930e-01 3.681439999999999824e+00 2.122845660543566919e+04 1.128274779225409315e-03
3.168965734961838088e+00 9.159828524677870121e+00 1.160562655178499769e+00 3.879998932508779398e-08 4.098973358764267516e+01 1.549994700000000059e+01 7.954442999999999930e-01 3.681439999999999824e+00 2.122845692176432203e+04 1.128274779225409315e-03
3.168965734961838088e+00 9.159828524677870121e+00 1.160562655178499769e+00 3.879998932508779398e-08 4.098973358764267516e+01 1.549994700000000059e+01 7.954442999999999930e-01 3.681439999999999824e+00 2.122845660543566919e+04 1.128289680386603162e-03
3.168965313530930139e+00 9.159821836313579269e+00 1.160579927225440011e+00 3.786531524091379882e-08 4.098973401436669661e+01 1.549994700000000059e+01 7.954442999999999930e-01 3.681439999999999824e+00 2.122846219549441957e+04 1.128271763861305723e-03
3.168965360752193039e+00 9.159821836313579269e+00 1.160579927225440011e+00 3.786531524091379882e-08 4.098973401436669661e+01 1.549994700000000059e+01 7.954442999999999930e-01 3.681439999999999824e+00 2.122846219549441957e+04 1.128271763861305723e-03
3.168965313530930139e+00 9.159821972805561430e+00 1.160579927225440011e+00 3.786531524091379882e-08 4.098973401436669661e+01 1.549994700000000059e+01 7.954442999999999930e-01 3.681439999999999824e+00 2.122846219549441957e+04 1.128271763861305723e-03
3.168965313530930139e+00 9.159821836313579269e+00 1.160579944519428475e+00 3.786531524091379882e-08 4.098973401436669661e+01 1.549994700000000059e+01 7.954442999999999930e-01 3.681439999999999824e+00 2.122846219549441957e+04 1.128271763861305723e-03
3.168965313530930139e+00 9.159821836313579269e+00 1.160579927225440011e+00 5.276647643476145507e-08 4.098973401436669661e+01 1.549994700000000059e+01 7.954442999999999930e-01 3.681439999999999824e+00 2.122846219549441957e+04 1.128271763861305723e-03
3.168965313530930139e+00 9.159821836313579269e+00 1.160579927225440011e+00 3.786531524091379882e-08 4.098973462516133281e+01 1.549994700000000059e+01 7.954442999999999930e-01 3.681439999999999824e+00 2.122846219549441957e+04 1.128271763861305723e-03
3.168965313530930139e+00 9.159821836313579269e+00 1.160579927225440011e+00 3.786531524091379882e-08 4.098973401436669661e+01 1.549994700000000059e+01 7.954442999999999930e-01 3.681439999999999824e+00 2.122846251182315609e+04 1.128271763861305723e-03
3.168965313530930139e+00 9.159821836313579269e+00 1.160579927225440011e+00 3.786531524091379882e-08 4.098973401436669661e+01 1.549994700000000059e+01 7.954442999999999930e-01 3.681439999999999824e+00 2.122846219549441957e+04 1.128286665022499571e-03
3.168963661151288580e+00 9.159819374589160290e+00 1.160565945134141685e+00 3.492247686276691462e-08 4.098997298792055943e+01 1.549994700000000059e+01 7.954442999999999930e-01 3.681439999999999824e+00 2.122846219638049661e+04 1.128275794530260142e-03
3.168963708372527055e+00 9.159819374589160290e+00 1.160565945134141685e+00 3.492247686276691462e-08 4.098997298792055943e+01 1.549994700000000059e+01 7.954442999999999930e-01 3.681439999999999824e+00 2.122846219638049661e+04 1.128275794530260142e-03
3.168963661151288580e+00 9.159819511081105148e+00 1.160565945134141685e+00 3.492247686276691462e-08 4.098997298792055943e+01 1.549994700000000059e+01 7.954442999999999930e-01 3.681439999999999824e+00 2.122846219638049661e+04 1.128275794530260142e-03
3.168963661151288580e+00 9.159819374589160290e+00 1.160565962427921871e+00 3.492247686276691462e-08 4.098997298792055943e+01 1.549994700000000059e+01 7.954442999999999930e-01 3.681439999999999824e+00 2.122846219638049661e+04 1.128275794530260142e-03
3.168963661151288580e+00 9.159819374589160290e+00 1.160565945134141685e+00 4.982363805661457087e-08 4.098997298792055943e+01 1.549994700000000059e+01 7.954442999999999930e-01 3.681439999999999824e+00 2.122846219638049661e+04 1.128275794530260142e-03
3.168963661151288580e+00 9.159819374589160290e+00 1.160565945134141685e+00 3.492247686276691462e-08 4.098997359871875545e+01 1.549994700000000059e+01 7.954442999999999930e-01 3.681439999999999824e+00 2.122846219638049661e+04 1.128275794530260142e-03
3.168963661151288580e+00 9.159819374589160290e+00 1.160565945134141685e+00 3.492247686276691462e-08 4.098997298792055943e+01 1.549994700000000059e+01 7.954442999999999930e-01 3.681439999999999824e+00 2.122846251270923312e+04 1.128275794530260142e-03
3.168963661151288580e+00 9.159819374589160290e+00 1.160565945134141685e+00 3.492247686276691462e-08 4.098997298792055943e+01 1.549994700000000059e+01 7.954442999999999930e-01 3.681439999999999824e+00 2.122846219638049661e+04 1.128290695691453989e-03
3.168963406378340508e+00 9.159815245700894337e+00 1.160577418833435237e+00 3.320707938707206335e-08 4.098997231107106387e+01 1.549994700000000059e+01 7.954442999999999930e-01 3.681439999999999824e+00 2.122846798749710433e+04 1.128274796983010260e-03
3.168963453599574986e+00 9.159815245700894337e+00 1.160577418833435237e+00 3.320707938707206335e-08 4.098997231107106387e+01 1.549994700000000059e+01 7.954442999999999930e-01 3.681439999999999824e+00 2.122846798749710433e+04 1.128274796983010260e-03
3.168963406378340508e+00 9.159815382192777022e+00 1.160577418833435237e+00 3.320707938707206335e-08 4.098997231107106387e+01 1.549994700000000059e+01 7.954442999999999930e-01 3.681439999999999824e+00 2.122846798749710433e+04 1.128274796983010260e-03
3.168963406378340508e+00 9.159815245700894337e+00 1.160577436127386397e+00 3.320707938707206335e-08 4.098997231107106387e+01 1.549994700000000059e+01 7.954442999999999930e-01 3.681439999999999824e+00 2.122846798749710433e+04 1.128274796983010260e-03
3.168963406378340508e+00 9.159815245700894337e+00 1.160577418833435237e+00 4.810824058091971960e-08 4.098997231107106387e+01 1.549994700000000059e+01 7.954442999999999930e-01 3.681439999999999824e+00 2.122846798749710433e+04 1.128274796983010260e-03
3.168963406378340508e+00 9.159815245700894337e+00 1.160577418833435237e+00 3.320707938707206335e-08 4.098997292186924568e+01 1.549994700000000059e+01 7.954442999999999930e-01 3.681439999999999824e+00 2.122846798749710433e+04 1.128274796983010260e-03
3.168963406378340508e+00 9.159815245700894337e+00 1.160577418833435237e+00 3.320707938707206335e-08 4.098997231107106387e+01 1.549994700000000059e+01 7.954442999999999930e-01 3.681439999999999824e+00 2.122846830382592816e+04 1.128274796983010260e-03
3.168963406378340508e+00 9.159815245700894337e+00 1.160577418833435237e+00 3.320707938707206335e-08 4.098997231107106387e+01 1.549994700000000059e+01 7.954442999999999930e-01 3.681439999999999824e+00 2.122846798749710433e+04 1.128289698144204108e-03
3.168963285258453944e+00 9.159816840895116385e+00 1.160572299365210558e+00 2.573302324265767804e-08 4.099003251140883464e+01 1.549994700000000059e+01 7.954442999999999930e-01 3.681439999999999824e+00 2.122846798902751107e+04 1.128277707380315794e-03
3.168963332479686645e+00 9.159816840895116385e+00 1.160572299365210558e+00 2.573302324265767804e-08 4.099003251140883464e+01 1.549994700000000059e+01 7.954442999999999930e-01 3.681439999999999824e+00 2.122846798902751107e+04 1.128277707380315794e-03
3.168963285258453944e+00 9.159816977387023940e+00 1.160572299365210558e+00 2.573302324265767804e-08 4.099003251140883464e+01 1.549994700000000059e+01 7.954442999999999930e-01 3.681439999999999824e+00 2.122846798902751107e+04 1.128277707380315794e-03
3.168963285258453944e+00 9.159816840895116385e+00 1.160572316659085557e+00 2.573302324265767804e-08 4.099003251140883464e+01 1.549994700000000059e+01 7.954442999999999930e-01 3.681439999999999824e+00 2.122846798902751107e+04 1.128277707380315794e-03
3.168963285258453944e+00 9.159816840895116385e+00 1.160572299365210558e+00 4.063418443650533760e-08 4.099003251140883464e+01 1.549994700000000059e+01 7.954442999999999930e-01 3.681439999999999824e+00 2.122846798902751107e+04 1.128277707380315794e-03
3.168963285258453944e+00 9.159816840895116385e+00 1.160572299365210558e+00 2.573302324265767804e-08 4.099003312220791884e+01 1.549994700000000059e+01 7.954442999999999930e-01 3.681439999999999824e+00 2.122846798902751107e+04 1.128277707380315794e-03
3.168963285258453944e+00 9.159816840895116385e+00 1.160572299365210558e+00 2.573302324265767804e-08 4.099003251140883464e+01 1.549994700000000059e+01 7.954442999999999930e-01 3.681439999999999824e+00 2.122846830535633489e+04 1.128277707380315794e-03
3.168963285258453944e+00 9.159816840895116385e+00 1.160572299365210558e+00 2.573302324265767804e-08 4.099003251140883464e+01 1.549994700000000059e+01 7.954442999999999930e-01 3.681439999999999824e+00 2.122846798902751107e+04 1.128292608541509642e-03
