3.124633095806693461e+00 7.980642736563612338e+00 1.149207619508671563e+00 8.034023590727519025e-06 3.648685294653743227e+01 1.549994700000000059e+01 7.954442999999999930e-01 3.681439999999999824e+00 2.108095675182828199e+04 5.884484043807345060e-04
3.124633142367355010e+00 7.980642736563612338e+00 1.149207619508671563e+00 8.034023590727519025e-06 3.648685294653743227e+01 1.549994700000000059e+01 7.954442999999999930e-01 3.681439999999999824e+00 2.108095675182828199e+04 5.884484043807345060e-04
3.124633095806693461e+00 7.980642855484456177e+00 1.149207619508671563e+00 8.034023590727519025e-06 3.648685294653743227e+01 1.549994700000000059e+01 7.954442999999999930e-01 3.681439999999999824e+00 2.108095675182828199e+04 5.884484043807345060e-04
3.124633095806693461e+00 7.980642736563612338e+00 1.149207636633199581e+00 8.034023590727519025e-06 3.648685294653743227e+01 1.549994700000000059e+01 7.954442999999999930e-01 3.681439999999999824e+00 2.108095675182828199e+04 5.884484043807345060e-04
3.124633095806693461e+00 7.980642736563612338e+00 1.149207619508671563e+00 8.048924751921366681e-06 3.648685294653743227e+01 1.549994700000000059e+01 7.954442999999999930e-01 3.681439999999999824e+00 2.108095675182828199e+04 5.884484043807345060e-04
3.124633095806693461e+00 7.980642736563612338e+00 1.149207619508671563e+00 8.034023590727519025e-06 3.648685349023391211e+01 1.549994700000000059e+01 7.954442999999999930e-01 3.681439999999999824e+00 2.108095675182828199e+04 5.884484043807345060e-04
3.124633095806693461e+00 7.980642736563612338e+00 1.149207619508671563e+00 8.034023590727519025e-06 3.648685294653743227e+01 1.549994723096720861e+01 7.954442999999999930e-01 3.681439999999999824e+00 2.108095675182828199e+04 5.884484043807345060e-04
3.124633095806693461e+00 7.980642736563612338e+00 1.149207619508671563e+00 8.034023590727519025e-06 3.648685294653743227e+01 1.549994700000000059e+01 7.954443149011611869e-01 3.681439999999999824e+00 2.108095675182828199e+04 5.884484043807345060e-04
3.124633095806693461e+00 7.980642736563612338e+00 1.149207619508671563e+00 8.034023590727519025e-06 3.648685294653743227e+01 1.549994700000000059e+01 7.954442999999999930e-01 3.681439999999999824e+00 2.108095706595901720e+04 5.884484043807345060e-04
3.124633095806693461e+00 7.980642736563612338e+00 1.149207619508671563e+00 8.034023590727519025e-06 3.648685294653743227e+01 1.549994700000000059e+01 7.954442999999999930e-01 3.681439999999999824e+00 2.108095675182828199e+04 5.884633055419283536e-04
3.051512883633225925e+00 8.002062023621453690e+00 1.141490129983725010e+00 1.767125950519319346e-05 4.214511802347175262e+01 1.599999082694876407e+01 7.924216318112120572e-01 3.681439999999999824e+00 2.055192343252881983e+04 3.974761914612639580e-04
3.125276300439762789e+00 8.055961339711721791e+00 1.148910965580821619e+00 1.421181455298765512e-05 3.648781828352136358e+01 1.599999147547815781e+01 7.933864782357091805e-01 3.681439999999999824e+00 2.091948392220832466e+04 5.194780763678614457e-04
3.125276347010008671e+00 8.055961339711721791e+00 1.148910965580821619e+00 1.421181455298765512e-05 3.648781828352136358e+01 1.599999147547815781e+01 7.933864782357091805e-01 3.681439999999999824e+00 2.091948392220832466e+04 5.194780763678614457e-04
3.125276300439762789e+00 8.055961459754900744e+00 1.148910965580821619e+00 1.421181455298765512e-05 3.648781828352136358e+01 1.599999147547815781e+01 7.933864782357091805e-01 3.681439999999999824e+00 2.091948392220832466e+04 5.194780763678614457e-04
3.125276300439762789e+00 8.055961339711721791e+00 1.148910982700929173e+00 1.421181455298765512e-05 3.648781828352136358e+01 1.599999147547815781e+01 7.933864782357091805e-01 3.681439999999999824e+00 2.091948392220832466e+04 5.194780763678614457e-04
3.125276300439762789e+00 8.055961339711721791e+00 1.148910965580821619e+00 1.422671571418150278e-05 3.648781828352136358e+01 1.599999147547815781e+01 7.933864782357091805e-01 3.681439999999999824e+00 2.091948392220832466e+04 5.194780763678614457e-04
3.125276300439762789e+00 8.055961339711721791e+00 1.148910965580821619e+00 1.421181455298765512e-05 3.648781882723222481e+01 1.599999147547815781e+01 7.933864782357091805e-01 3.681439999999999824e+00 2.091948392220832466e+04 5.194780763678614457e-04
3.125276300439762789e+00 8.055961339711721791e+00 1.148910965580821619e+00 1.421181455298765512e-05 3.648781828352136358e+01 1.599999171389660901e+01 7.933864782357091805e-01 3.681439999999999824e+00 2.091948392220832466e+04 5.194780763678614457e-04
3.125276300439762789e+00 8.055961339711721791e+00 1.148910965580821619e+00 1.421181455298765512e-05 3.648781828352136358e+01 1.599999147547815781e+01 7.933864931368703743e-01 3.681439999999999824e+00 2.091948392220832466e+04 5.194780763678614457e-04
3.125276300439762789e+00 8.055961339711721791e+00 1.148910965580821619e+00 1.421181455298765512e-05 3.648781828352136358e+01 1.599999147547815781e+01 7.933864782357091805e-01 3.681439999999999824e+00 2.091948423393292614e+04 5.194780763678614457e-04
3.125276300439762789e+00 8.055961339711721791e+00 1.148910965580821619e+00 1.421181455298765512e-05 3.648781828352136358e+01 1.599999147547815781e+01 7.933864782357091805e-01 3.681439999999999824e+00 2.091948392220832466e+04 5.194929775290552934e-04
3.124958114400067100e+00 8.006166012086774586e+00 1.145340019527729014e+00 4.765472905145249016e-07 3.629012871482544256e+01 1.599999815864662445e+01 8.008126313421088938e-01 3.681439999999999824e+00 2.091779320867616843e+04 4.899541696230251715e-04
3.124843190984647912e+00 8.005466925168406078e+00 1.145391225285510073e+00 4.879511063605147060e-07 3.630256913978533362e+01 1.599999818474540803e+01 8.008167685444651518e-01 3.681439999999999824e+00 2.091906546172243179e+04 4.903860927769090839e-04
3.124461066321790881e+00 8.004330720934714094e+00 1.145405420094562476e+00 5.303746336622609965e-07 3.634103200573022008e+01 1.599999832055484816e+01 8.008162607403156441e-01 3.681439999999999824e+00 2.091939659220322937e+04 4.905159388224782698e-04
3.124247898106487398e+00 8.031937603211265042e+00 1.146919785218950993e+00 1.232940484604273203e-05 3.646327096365300946e+01 1.599999186483438152e+01 7.979453411248708106e-01 3.681439999999999824e+00 2.091948385782085097e+04 5.119423476897871569e-04
3.124754509158326865e+00 8.052367152312266185e+00 1.148064569839867266e+00 1.397964432970658316e-05 3.648411156016415902e+01 1.599999151931627672e+01 7.958583906938494490e-01 3.681439999999999824e+00 2.091948391496636759e+04 5.248079694237938082e-04
3.125207051917641365e+00 8.056092504721432235e+00 1.149074723588038749e+00 1.420311987249269587e-05 3.648794274056530185e+01 1.599999147704106583e+01 7.941311208935630805e-01 3.681439999999999824e+00 2.091948392199302180e+04 5.120266407722483650e-04
3.125207098486855628e+00 8.056092504721432235e+00 1.149074723588038749e+00 1.420311987249269587e-05 3.648794274056530185e+01 1.599999147704106583e+01 7.941311208935630805e-01 3.681439999999999824e+00 2.091948392199302180e+04 5.120266407722483650e-04
3.125207051917641365e+00 8.056092624766565180e+00 1.149074723588038749e+00 1.420311987249269587e-05 3.648794274056530185e+01 1.599999147704106583e+01 7.941311208935630805e-01 3.681439999999999824e+00 2.091948392199302180e+04 5.120266407722483650e-04
3.125207051917641365e+00 8.056092504721432235e+00 1.149074740710586351e+00 1.420311987249269587e-05 3.648794274056530185e+01 1.599999147704106583e+01 7.941311208935630805e-01 3.681439999999999824e+00 2.091948392199302180e+04 5.120266407722483650e-04
3.125207051917641365e+00 8.056092504721432235e+00 1.149074723588038749e+00 1.421802103368654353e-05 3.648794274056530185e+01 1.599999147704106583e+01 7.941311208935630805e-01 3.681439999999999824e+00 2.091948392199302180e+04 5.120266407722483650e-04
3.125207051917641365e+00 8.056092504721432235e+00 1.149074723588038749e+00 1.420311987249269587e-05 3.648794328427801759e+01 1.599999147704106583e+01 7.941311208935630805e-01 3.681439999999999824e+00 2.091948392199302180e+04 5.120266407722483650e-04
3.125207051917641365e+00 8.056092504721432235e+00 1.149074723588038749e+00 1.420311987249269587e-05 3.648794274056530185e+01 1.599999171545951882e+01 7.941311208935630805e-01 3.681439999999999824e+00 2.091948392199302180e+04 5.120266407722483650e-04
3.125207051917641365e+00 8.056092504721432235e+00 1.149074723588038749e+00 1.420311987249269587e-05 3.648794274056530185e+01 1.599999147704106583e+01 7.941311357947242744e-01 3.681439999999999824e+00 2.091948392199302180e+04 5.120266407722483650e-04
3.125207051917641365e+00 8.056092504721432235e+00 1.149074723588038749e+00 1.420311987249269587e-05 3.648794274056530185e+01 1.599999147704106583e+01 7.941311208935630805e-01 3.681439999999999824e+00 2.091948423371762328e+04 5.120266407722483650e-04
3.125207051917641365e+00 8.056092504721432235e+00 1.149074723588038749e+00 1.420311987249269587e-05 3.648794274056530185e+01 1.599999147704106583e+01 7.941311208935630805e-01 3.681439999999999824e+00 2.091948392199302180e+04 5.120415419334422126e-04
3.124731238744972828e+00 8.052996754007455849e+00 1.148453457690328250e+00 1.404210610023237702e-05 3.648479491177397449e+01 1.599999150991815178e+01 7.948513802624295188e-01 3.681439999999999824e+00 2.091948391675324092e+04 5.270324661058114774e-04
3.124731285307096762e+00 8.052996754007455849e+00 1.148453457690328250e+00 1.404210610023237702e-05 3.648479491177397449e+01 1.599999150991815178e+01 7.948513802624295188e-01 3.681439999999999824e+00 2.091948391675324092e+04 5.270324661058114774e-04
3.124731238744972828e+00 8.052996874006458583e+00 1.148453457690328250e+00 1.404210610023237702e-05 3.648479491177397449e+01 1.599999150991815178e+01 7.948513802624295188e-01 3.681439999999999824e+00 2.091948391675324092e+04 5.270324661058114774e-04
3.124731238744972828e+00 8.052996754007455849e+00 1.148453474803618368e+00 1.404210610023237702e-05 3.648479491177397449e+01 1.599999150991815178e+01 7.948513802624295188e-01 3.681439999999999824e+00 2.091948391675324092e+04 5.270324661058114774e-04
3.124731238744972828e+00 8.052996754007455849e+00 1.148453457690328250e+00 1.405700726142622467e-05 3.648479491177397449e+01 1.599999150991815178e+01 7.948513802624295188e-01 3.681439999999999824e+00 2.091948391675324092e+04 5.270324661058114774e-04
3.124731238744972828e+00 8.052996754007455849e+00 1.148453457690328250e+00 1.404210610023237702e-05 3.648479545543978730e+01 1.599999150991815178e+01 7.948513802624295188e-01 3.681439999999999824e+00 2.091948391675324092e+04 5.270324661058114774e-04
3.124731238744972828e+00 8.052996754007455849e+00 1.148453457690328250e+00 1.404210610023237702e-05 3.648479491177397449e+01 1.599999174833660476e+01 7.948513802624295188e-01 3.681439999999999824e+00 2.091948391675324092e+04 5.270324661058114774e-04
3.124731238744972828e+00 8.052996754007455849e+00 1.148453457690328250e+00 1.404210610023237702e-05 3.648479491177397449e+01 1.599999150991815178e+01 7.948513951635907127e-01 3.681439999999999824e+00 2.091948391675324092e+04 5.270324661058114774e-04
3.124731238744972828e+00 8.052996754007455849e+00 1.148453457690328250e+00 1.404210610023237702e-05 3.648479491177397449e+01 1.599999150991815178e+01 7.948513802624295188e-01 3.681439999999999824e+00 2.091948422847784241e+04 5.270324661058114774e-04
3.124731238744972828e+00 8.052996754007455849e+00 1.148453457690328250e+00 1.404210610023237702e-05 3.648479491177397449e+01 1.599999150991815178e+01 7.948513802624295188e-01 3.681439999999999824e+00 2.091948391675324092e+04 5.270473672670053251e-04
3.124507027912142743e+00 8.046760242724799284e+00 1.148078029346275342e+00 1.361897990037288752e-05 3.648461972381011975e+01 1.599999159821928529e+01 7.952647717101060110e-01 3.681439999999999824e+00 2.091920519866198447e+04 5.213571670548523352e-04
3.124667035874908017e+00 8.051465691399998903e+00 1.148334578699470532e+00 1.394529352382321568e-05 3.648475181167827941e+01 1.599999152986619499e+01 7.950403904523430931e-01 3.681439999999999824e+00 2.091942076645508132e+04 5.245244774399222950e-04
3.124667082436075383e+00 8.051465691399998903e+00 1.148334578699470532e+00 1.394529352382321568e-05 3.648475181167827941e+01 1.599999152986619499e+01 7.950403904523430931e-01 3.681439999999999824e+00 2.091942076645508132e+04 5.245244774399222950e-04
3.124667035874908017e+00 8.051465811376187887e+00 1.148334578699470532e+00 1.394529352382321568e-05 3.648475181167827941e+01 1.599999152986619499e+01 7.950403904523430931e-01 3.681439999999999824e+00 2.091942076645508132e+04 5.245244774399222950e-04
3.124667035874908017e+00 8.051465691399998903e+00 1.148334595810989178e+00 1.394529352382321568e-05 3.648475181167827941e+01 1.599999152986619499e+01 7.950403904523430931e-01 3.681439999999999824e+00 2.091942076645508132e+04 5.245244774399222950e-04
3.124667035874908017e+00 8.051465691399998903e+00 1.148334578699470532e+00 1.396019468501706334e-05 3.648475181167827941e+01 1.599999152986619499e+01 7.950403904523430931e-01 3.681439999999999824e+00 2.091942076645508132e+04 5.245244774399222950e-04
3.124667035874908017e+00 8.051465691399998903e+00 1.148334578699470532e+00 1.394529352382321568e-05 3.648475235534344563e+01 1.599999152986619499e+01 7.950403904523430931e-01 3.681439999999999824e+00 2.091942076645508132e+04 5.245244774399222950e-04
3.124667035874908017e+00 8.051465691399998903e+00 1.148334578699470532e+00 1.394529352382321568e-05 3.648475181167827941e+01 1.599999176828464797e+01 7.950403904523430931e-01 3.681439999999999824e+00 2.091942076645508132e+04 5.245244774399222950e-04
3.124667035874908017e+00 8.051465691399998903e+00 1.148334578699470532e+00 1.394529352382321568e-05 3.648475181167827941e+01 1.599999152986619499e+01 7.950404053535042870e-01 3.681439999999999824e+00 2.091942076645508132e+04 5.245244774399222950e-04
3.124667035874908017e+00 8.051465691399998903e+00 1.148334578699470532e+00 1.394529352382321568e-05 3.648475181167827941e+01 1.599999152986619499e+01 7.950403904523430931e-01 3.681439999999999824e+00 2.091942107817874057e+04 5.245244774399222950e-04
3.124667035874908017e+00 8.051465691399998903e+00 1.148334578699470532e+00 1.394529352382321568e-05 3.648475181167827941e+01 1.599999152986619499e+01 7.950403904523430931e-01 3.681439999999999824e+00 2.091942076645508132e+04 5.245393786011161427e-04
3.124499073148129025e+00 8.047043043184533673e+00 1.148289281635355596e+00 1.392389561863164495e-05 3.648473444076596905e+01 1.599999153870616020e+01 7.952596175944615098e-01 3.681439999999999824e+00 2.091939359096174667e+04 5.207582545683498701e-04
3.124499119706793504e+00 8.047043043184533673e+00 1.148289281635355596e+00 1.392389561863164495e-05 3.648473444076596905e+01 1.599999153870616020e+01 7.952596175944615098e-01 3.681439999999999824e+00 2.091939359096174667e+04 5.207582545683498701e-04
3.124499073148129025e+00 8.047043163094819818e+00 1.148289281635355596e+00 1.392389561863164495e-05 3.648473444076596905e+01 1.599999153870616020e+01 7.952596175944615098e-01 3.681439999999999824e+00 2.091939359096174667e+04 5.207582545683498701e-04
3.124499073148129025e+00 8.047043043184533673e+00 1.148289298746199227e+00 1.392389561863164495e-05 3.648473444076596905e+01 1.599999153870616020e+01 7.952596175944615098e-01 3.681439999999999824e+00 2.091939359096174667e+04 5.207582545683498701e-04
3.124499073148129025e+00 8.047043043184533673e+00 1.148289281635355596e+00 1.393879677982549261e-05 3.648473444076596905e+01 1.599999153870616020e+01 7.952596175944615098e-01 3.681439999999999824e+00 2.091939359096174667e+04 5.207582545683498701e-04
3.124499073148129025e+00 8.047043043184533673e+00 1.148289281635355596e+00 1.392389561863164495e-05 3.648473498443087948e+01 1.599999153870616020e+01 7.952596175944615098e-01 3.681439999999999824e+00 2.091939359096174667e+04 5.207582545683498701e-04
3.124499073148129025e+00 8.047043043184533673e+00 1.148289281635355596e+00 1.392389561863164495e-05 3.648473444076596905e+01 1.599999177712461318e+01 7.952596175944615098e-01 3.681439999999999824e+00 2.091939359096174667e+04 5.207582545683498701e-04
3.124499073148129025e+00 8.047043043184533673e+00 1.148289281635355596e+00 1.392389561863164495e-05 3.648473444076596905e+01 1.599999153870616020e+01 7.952596324956227036e-01 3.681439999999999824e+00 2.091939359096174667e+04 5.207582545683498701e-04
3.124499073148129025e+00 8.047043043184533673e+00 1.148289281635355596e+00 1.392389561863164495e-05 3.648473444076596905e+01 1.599999153870616020e+01 7.952596175944615098e-01 3.681439999999999824e+00 2.091939390268500210e+04 5.207582545683498701e-04
3.124499073148129025e+00 8.047043043184533673e+00 1.148289281635355596e+00 1.392389561863164495e-05 3.648473444076596905e+01 1.599999153870616020e+01 7.952596175944615098e-01 3.681439999999999824e+00 2.091939359096174667e+04 5.207731557295437177e-04
3.124413051902381167e+00 8.043026826441113997e+00 1.148228482915679027e+00 1.386946883513378511e-05 3.648471995657200750e+01 1.599999154997483686e+01 7.956272518549856176e-01 3.681439999999999824e+00 2.091936009938743155e+04 5.167430054235281180e-04
3.124413098459763560e+00 8.043026826441113997e+00 1.148228482915679027e+00 1.386946883513378511e-05 3.648471995657200750e+01 1.599999154997483686e+01 7.956272518549856176e-01 3.681439999999999824e+00 2.091936009938743155e+04 5.167430054235281180e-04
3.124413051902381167e+00 8.043026946291552903e+00 1.148228482915679027e+00 1.386946883513378511e-05 3.648471995657200750e+01 1.599999154997483686e+01 7.956272518549856176e-01 3.681439999999999824e+00 2.091936009938743155e+04 5.167430054235281180e-04
3.124413051902381167e+00 8.043026826441113997e+00 1.148228500025616716e+00 1.386946883513378511e-05 3.648471995657200750e+01 1.599999154997483686e+01 7.956272518549856176e-01 3.681439999999999824e+00 2.091936009938743155e+04 5.167430054235281180e-04
3.124413051902381167e+00 8.043026826441113997e+00 1.148228482915679027e+00 1.388436999632763277e-05 3.648471995657200750e+01 1.599999154997483686e+01 7.956272518549856176e-01 3.681439999999999824e+00 2.091936009938743155e+04 5.167430054235281180e-04
3.124413051902381167e+00 8.043026826441113997e+00 1.148228482915679027e+00 1.386946883513378511e-05 3.648472050023669766e+01 1.599999154997483686e+01 7.956272518549856176e-01 3.681439999999999824e+00 2.091936009938743155e+04 5.167430054235281180e-04
3.124413051902381167e+00 8.043026826441113997e+00 1.148228482915679027e+00 1.386946883513378511e-05 3.648471995657200750e+01 1.599999178839328984e+01 7.956272518549856176e-01 3.681439999999999824e+00 2.091936009938743155e+04 5.167430054235281180e-04
3.124413051902381167e+00 8.043026826441113997e+00 1.148228482915679027e+00 1.386946883513378511e-05 3.648471995657200750e+01 1.599999154997483686e+01 7.956272667561468115e-01 3.681439999999999824e+00 2.091936009938743155e+04 5.167430054235281180e-04
3.124413051902381167e+00 8.043026826441113997e+00 1.148228482915679027e+00 1.386946883513378511e-05 3.648471995657200750e+01 1.599999154997483686e+01 7.956272518549856176e-01 3.681439999999999824e+00 2.091936041111018858e+04 5.167430054235281180e-04
3.124413051902381167e+00 8.043026826441113997e+00 1.148228482915679027e+00 1.386946883513378511e-05 3.648471995657200750e+01 1.599999154997483686e+01 7.956272518549856176e-01 3.681439999999999824e+00 2.091936009938743155e+04 5.167579065847219657e-04
3.124347250519432517e+00 8.041398940452664235e+00 1.148150344047005555e+00 1.379451654413879027e-05 3.648310242664688730e+01 1.599999158161264745e+01 7.956522923817995752e-01 3.681439999999999824e+00 2.091936009488686250e+04 5.165260309384760726e-04
3.124347297075834362e+00 8.041398940452664235e+00 1.148150344047005555e+00 1.379451654413879027e-05 3.648310242664688730e+01 1.599999158161264745e+01 7.956522923817995752e-01 3.681439999999999824e+00 2.091936009488686250e+04 5.165260309384760726e-04
3.124347250519432517e+00 8.041399060278845212e+00 1.148150344047005555e+00 1.379451654413879027e-05 3.648310242664688730e+01 1.599999158161264745e+01 7.956522923817995752e-01 3.681439999999999824e+00 2.091936009488686250e+04 5.165260309384760726e-04
3.124347250519432517e+00 8.041398940452664235e+00 1.148150361155778842e+00 1.379451654413879027e-05 3.648310242664688730e+01 1.599999158161264745e+01 7.956522923817995752e-01 3.681439999999999824e+00 2.091936009488686250e+04 5.165260309384760726e-04
3.124347250519432517e+00 8.041398940452664235e+00 1.148150344047005555e+00 1.380941770533263792e-05 3.648310242664688730e+01 1.599999158161264745e+01 7.956522923817995752e-01 3.681439999999999824e+00 2.091936009488686250e+04 5.165260309384760726e-04
3.124347250519432517e+00 8.041398940452664235e+00 1.148150344047005555e+00 1.379451654413879027e-05 3.648310297028747584e+01 1.599999158161264745e+01 7.956522923817995752e-01 3.681439999999999824e+00 2.091936009488686250e+04 5.165260309384760726e-04
3.124347250519432517e+00 8.041398940452664235e+00 1.148150344047005555e+00 1.379451654413879027e-05 3.648310242664688730e+01 1.599999182003110043e+01 7.956522923817995752e-01 3.681439999999999824e+00 2.091936009488686250e+04 5.165260309384760726e-04
3.124347250519432517e+00 8.041398940452664235e+00 1.148150344047005555e+00 1.379451654413879027e-05 3.648310242664688730e+01 1.599999158161264745e+01 7.956523072829607690e-01 3.681439999999999824e+00 2.091936009488686250e+04 5.165260309384760726e-04
3.124347250519432517e+00 8.041398940452664235e+00 1.148150344047005555e+00 1.379451654413879027e-05 3.648310242664688730e+01 1.599999158161264745e+01 7.956522923817995752e-01 3.681439999999999824e+00 2.091936040660961953e+04 5.165260309384760726e-04
3.124347250519432517e+00 8.041398940452664235e+00 1.148150344047005555e+00 1.379451654413879027e-05 3.648310242664688730e+01 1.599999158161264745e+01 7.956522923817995752e-01 3.681439999999999824e+00 2.091936009488686250e+04 5.165409320996699203e-04
3.124051601472731310e+00 8.032347056003702690e+00 1.147918202892506789e+00 1.364531058761753022e-05 3.648194851756149149e+01 1.599999161315110818e+01 7.960691154210566278e-01 3.681439999999999824e+00 2.091926883143429222e+04 5.102170796167851538e-04
3.124051648024727790e+00 8.032347056003702690e+00 1.147918202892506789e+00 1.364531058761753022e-05 3.648194851756149149e+01 1.599999161315110818e+01 7.960691154210566278e-01 3.681439999999999824e+00 2.091926883143429222e+04 5.102170796167851538e-04
3.124051601472731310e+00 8.032347175695001340e+00 1.147918202892506789e+00 1.364531058761753022e-05 3.648194851756149149e+01 1.599999161315110818e+01 7.960691154210566278e-01 3.681439999999999824e+00 2.091926883143429222e+04 5.102170796167851538e-04
3.124051601472731310e+00 8.032347056003702690e+00 1.147918219997821065e+00 1.364531058761753022e-05 3.648194851756149149e+01 1.599999161315110818e+01 7.960691154210566278e-01 3.681439999999999824e+00 2.091926883143429222e+04 5.102170796167851538e-04
3.124051601472731310e+00 8.032347056003702690e+00 1.147918202892506789e+00 1.366021174881137788e-05 3.648194851756149149e+01 1.599999161315110818e+01 7.960691154210566278e-01 3.681439999999999824e+00 2.091926883143429222e+04 5.102170796167851538e-04
3.124051601472731310e+00 8.032347056003702690e+00 1.147918202892506789e+00 1.364531058761753022e-05 3.648194906118488490e+01 1.599999161315110818e+01 7.960691154210566278e-01 3.681439999999999824e+00 2.091926883143429222e+04 5.102170796167851538e-04
3.124051601472731310e+00 8.032347056003702690e+00 1.147918202892506789e+00 1.364531058761753022e-05 3.648194851756149149e+01 1.599999185156956294e+01 7.960691154210566278e-01 3.681439999999999824e+00 2.091926883143429222e+04 5.102170796167851538e-04
3.124051601472731310e+00 8.032347056003702690e+00 1.147918202892506789e+00 1.364531058761753022e-05 3.648194851756149149e+01 1.599999161315110818e+01 7.960691303222178217e-01 3.681439999999999824e+00 2.091926883143429222e+04 5.102170796167851538e-04
3.124051601472731310e+00 8.032347056003702690e+00 1.147918202892506789e+00 1.364531058761753022e-05 3.648194851756149149e+01 1.599999161315110818e+01 7.960691154210566278e-01 3.681439999999999824e+00 2.091926914315568865e+04 5.102170796167851538e-04
3.124051601472731310e+00 8.032347056003702690e+00 1.147918202892506789e+00 1.364531058761753022e-05 3.648194851756149149e+01 1.599999161315110818e+01 7.960691154210566278e-01 3.681439999999999824e+00 2.091926883143429222e+04 5.102319807779790014e-04
3.123622483483164292e+00 8.019837354067362867e+00 1.147595142326208073e+00 1.315690834903731676e-05 3.648190197790027156e+01 1.599999182200385484e+01 7.973456030569647801e-01 3.681439999999999824e+00 2.091869228662667956e+04 5.004801234181913356e-04
3.123937988126198384e+00 8.028718406224029991e+00 1.147848427713241470e+00 1.358576159127848550e-05 3.648193515917833452e+01 1.599999163851326323e+01 7.964825167405951145e-01 3.681439999999999824e+00 2.091919884226572321e+04 5.062302523569846844e-04
3.124040807915867912e+00 8.031535438009683503e+00 1.147930202791403120e+00 1.363298831425189862e-05 3.648194567539367483e+01 1.599999161839862971e+01 7.961954314479806616e-01 3.681439999999999824e+00 2.091925431632374602e+04 5.078216753615499846e-04
3.124040854467703632e+00 8.031535438009683503e+00 1.147930202791403120e+00 1.363298831425189862e-05 3.648194567539367483e+01 1.599999161839862971e+01 7.961954314479806616e-01 3.681439999999999824e+00 2.091925431632374602e+04 5.078216753615499846e-04
3.124040807915867912e+00 8.031535557688886939e+00 1.147930202791403120e+00 1.363298831425189862e-05 3.648194567539367483e+01 1.599999161839862971e+01 7.961954314479806616e-01 3.681439999999999824e+00 2.091925431632374602e+04 5.078216753615499846e-04
3.124040807915867912e+00 8.031535438009683503e+00 1.147930219896896142e+00 1.363298831425189862e-05 3.648194567539367483e+01 1.599999161839862971e+01 7.961954314479806616e-01 3.681439999999999824e+00 2.091925431632374602e+04 5.078216753615499846e-04
3.124040807915867912e+00 8.031535438009683503e+00 1.147930202791403120e+00 1.364788947544574628e-05 3.648194567539367483e+01 1.599999161839862971e+01 7.961954314479806616e-01 3.681439999999999824e+00 2.091925431632374602e+04 5.078216753615499846e-04
3.124040807915867912e+00 8.031535438009683503e+00 1.147930202791403120e+00 1.363298831425189862e-05 3.648194621901702561e+01 1.599999161839862971e+01 7.961954314479806616e-01 3.681439999999999824e+00 2.091925431632374602e+04 5.078216753615499846e-04
3.124040807915867912e+00 8.031535438009683503e+00 1.147930202791403120e+00 1.363298831425189862e-05 3.648194567539367483e+01 1.599999185681708447e+01 7.961954314479806616e-01 3.681439999999999824e+00 2.091925431632374602e+04 5.078216753615499846e-04
3.124040807915867912e+00 8.031535438009683503e+00 1.147930202791403120e+00 1.363298831425189862e-05 3.648194567539367483e+01 1.599999161839862971e+01 7.961954463491418554e-01 3.681439999999999824e+00 2.091925431632374602e+04 5.078216753615499846e-04
3.124040807915867912e+00 8.031535438009683503e+00 1.147930202791403120e+00 1.363298831425189862e-05 3.648194567539367483e+01 1.599999161839862971e+01 7.961954314479806616e-01 3.681439999999999824e+00 2.091925462804492781e+04 5.078216753615499846e-04
3.124040807915867912e+00 8.031535438009683503e+00 1.147930202791403120e+00 1.363298831425189862e-05 3.648194567539367483e+01 1.599999161839862971e+01 7.961954314479806616e-01 3.681439999999999824e+00 2.091925431632374602e+04 5.078365765227438322e-04
3.123993818097472897e+00 8.030872808962747911e+00 1.147884822422618578e+00 1.351887631144867463e-05 3.648128398644364978e+01 1.599999164299875787e+01 7.962342282393061188e-01 3.681439999999999824e+00 2.091918556639434610e+04 5.082217107591278753e-04
3.123993864648608287e+00 8.030872808962747911e+00 1.147884822422618578e+00 1.351887631144867463e-05 3.648128398644364978e+01 1.599999164299875787e+01 7.962342282393061188e-01 3.681439999999999824e+00 2.091918556639434610e+04 5.082217107591278753e-04
3.123993818097472897e+00 8.030872928632078356e+00 1.147884822422618578e+00 1.351887631144867463e-05 3.648128398644364978e+01 1.599999164299875787e+01 7.962342282393061188e-01 3.681439999999999824e+00 2.091918556639434610e+04 5.082217107591278753e-04
3.123993818097472897e+00 8.030872808962747911e+00 1.147884839527435252e+00 1.351887631144867463e-05 3.648128398644364978e+01 1.599999164299875787e+01 7.962342282393061188e-01 3.681439999999999824e+00 2.091918556639434610e+04 5.082217107591278753e-04
3.123993818097472897e+00 8.030872808962747911e+00 1.147884822422618578e+00 1.353377747264252228e-05 3.648128398644364978e+01 1.599999164299875787e+01 7.962342282393061188e-01 3.681439999999999824e+00 2.091918556639434610e+04 5.082217107591278753e-04
3.123993818097472897e+00 8.030872808962747911e+00 1.147884822422618578e+00 1.351887631144867463e-05 3.648128453005714533e+01 1.599999164299875787e+01 7.962342282393061188e-01 3.681439999999999824e+00 2.091918556639434610e+04 5.082217107591278753e-04
3.123993818097472897e+00 8.030872808962747911e+00 1.147884822422618578e+00 1.351887631144867463e-05 3.648128398644364978e+01 1.599999188141721262e+01 7.962342282393061188e-01 3.681439999999999824e+00 2.091918556639434610e+04 5.082217107591278753e-04
3.123993818097472897e+00 8.030872808962747911e+00 1.147884822422618578e+00 1.351887631144867463e-05 3.648128398644364978e+01 1.599999164299875787e+01 7.962342431404673126e-01 3.681439999999999824e+00 2.091918556639434610e+04 5.082217107591278753e-04
3.123993818097472897e+00 8.030872808962747911e+00 1.147884822422618578e+00 1.351887631144867463e-05 3.648128398644364978e+01 1.599999164299875787e+01 7.962342282393061188e-01 3.681439999999999824e+00 2.091918587811450197e+04 5.082217107591278753e-04
3.123993818097472897e+00 8.030872808962747911e+00 1.147884822422618578e+00 1.351887631144867463e-05 3.648128398644364978e+01 1.599999164299875787e+01 7.962342282393061188e-01 3.681439999999999824e+00 2.091918556639434610e+04 5.082366119203217229e-04
3.123853585362884822e+00 8.027032202177622366e+00 1.147799201365441446e+00 1.344626684600346746e-05 3.648126920927219174e+01 1.599999167426917168e+01 7.965579704662449911e-01 3.681439999999999824e+00 2.091909988044143756e+04 5.050277685196676242e-04
3.123853631911930773e+00 8.027032202177622366e+00 1.147799201365441446e+00 1.344626684600346746e-05 3.648126920927219174e+01 1.599999167426917168e+01 7.965579704662449911e-01 3.681439999999999824e+00 2.091909988044143756e+04 5.050277685196676242e-04
3.123853585362884822e+00 8.027032321789723923e+00 1.147799201365441446e+00 1.344626684600346746e-05 3.648126920927219174e+01 1.599999167426917168e+01 7.965579704662449911e-01 3.681439999999999824e+00 2.091909988044143756e+04 5.050277685196676242e-04
3.123853585362884822e+00 8.027032202177622366e+00 1.147799218468982474e+00 1.344626684600346746e-05 3.648126920927219174e+01 1.599999167426917168e+01 7.965579704662449911e-01 3.681439999999999824e+00 2.091909988044143756e+04 5.050277685196676242e-04
3.123853585362884822e+00 8.027032202177622366e+00 1.147799201365441446e+00 1.346116800719731512e-05 3.648126920927219174e+01 1.599999167426917168e+01 7.965579704662449911e-01 3.681439999999999824e+00 2.091909988044143756e+04 5.050277685196676242e-04
3.123853585362884822e+00 8.027032202177622366e+00 1.147799201365441446e+00 1.344626684600346746e-05 3.648126975288546703e+01 1.599999167426917168e+01 7.965579704662449911e-01 3.681439999999999824e+00 2.091909988044143756e+04 5.050277685196676242e-04
3.123853585362884822e+00 8.027032202177622366e+00 1.147799201365441446e+00 1.344626684600346746e-05 3.648126920927219174e+01 1.599999191268762644e+01 7.965579704662449911e-01 3.681439999999999824e+00 2.091909988044143756e+04 5.050277685196676242e-04
3.123853585362884822e+00 8.027032202177622366e+00 1.147799201365441446e+00 1.344626684600346746e-05 3.648126920927219174e+01 1.599999167426917168e+01 7.965579853674061850e-01 3.681439999999999824e+00 2.091909988044143756e+04 5.050277685196676242e-04
3.123853585362884822e+00 8.027032202177622366e+00 1.147799201365441446e+00 1.344626684600346746e-05 3.648126920927219174e+01 1.599999167426917168e+01 7.965579704662449911e-01 3.681439999999999824e+00 2.091910019216031651e+04 5.050277685196676242e-04
3.123853585362884822e+00 8.027032202177622366e+00 1.147799201365441446e+00 1.344626684600346746e-05 3.648126920927219174e+01 1.599999167426917168e+01 7.965579704662449911e-01 3.681439999999999824e+00 2.091909988044143756e+04 5.050426696808614719e-04
3.123867960144273148e+00 8.026777159943627282e+00 1.147785276394674536e+00 1.340808854199642356e-05 3.648102296381851772e+01 1.599999169089966777e+01 7.964873530384343203e-01 3.681439999999999824e+00 2.091905477304154556e+04 5.047633356684551407e-04
3.123868006693533150e+00 8.026777159943627282e+00 1.147785276394674536e+00 1.340808854199642356e-05 3.648102296381851772e+01 1.599999169089966777e+01 7.964873530384343203e-01 3.681439999999999824e+00 2.091905477304154556e+04 5.047633356684551407e-04
3.123867960144273148e+00 8.026777279551927435e+00 1.147785276394674536e+00 1.340808854199642356e-05 3.648102296381851772e+01 1.599999169089966777e+01 7.964873530384343203e-01 3.681439999999999824e+00 2.091905477304154556e+04 5.047633356684551407e-04
3.123867960144273148e+00 8.026777159943627282e+00 1.147785293498007952e+00 1.340808854199642356e-05 3.648102296381851772e+01 1.599999169089966777e+01 7.964873530384343203e-01 3.681439999999999824e+00 2.091905477304154556e+04 5.047633356684551407e-04
3.123867960144273148e+00 8.026777159943627282e+00 1.147785276394674536e+00 1.342298970319027121e-05 3.648102296381851772e+01 1.599999169089966777e+01 7.964873530384343203e-01 3.681439999999999824e+00 2.091905477304154556e+04 5.047633356684551407e-04
3.123867960144273148e+00 8.026777159943627282e+00 1.147785276394674536e+00 1.340808854199642356e-05 3.648102350742811950e+01 1.599999169089966777e+01 7.964873530384343203e-01 3.681439999999999824e+00 2.091905477304154556e+04 5.047633356684551407e-04
3.123867960144273148e+00 8.026777159943627282e+00 1.147785276394674536e+00 1.340808854199642356e-05 3.648102296381851772e+01 1.599999192931812253e+01 7.964873530384343203e-01 3.681439999999999824e+00 2.091905477304154556e+04 5.047633356684551407e-04
3.123867960144273148e+00 8.026777159943627282e+00 1.147785276394674536e+00 1.340808854199642356e-05 3.648102296381851772e+01 1.599999169089966777e+01 7.964873679395955142e-01 3.681439999999999824e+00 2.091905477304154556e+04 5.047633356684551407e-04
3.123867960144273148e+00 8.026777159943627282e+00 1.147785276394674536e+00 1.340808854199642356e-05 3.648102296381851772e+01 1.599999169089966777e+01 7.964873530384343203e-01 3.681439999999999824e+00 2.091905508475975148e+04 5.047633356684551407e-04
3.123867960144273148e+00 8.026777159943627282e+00 1.147785276394674536e+00 1.340808854199642356e-05 3.648102296381851772e+01 1.599999169089966777e+01 7.964873530384343203e-01 3.681439999999999824e+00 2.091905477304154556e+04 5.047782368296489883e-04
3.123849731311133748e+00 8.026256881540881238e+00 1.147745381767147244e+00 1.333074861736013530e-05 3.648049704406604832e+01 1.599999172452849017e+01 7.964982900471672123e-01 3.681439999999999824e+00 2.091896307641975000e+04 5.044410440662907679e-04
3.123849777860121968e+00 8.026256881540881238e+00 1.147745381767147244e+00 1.333074861736013530e-05 3.648049704406604832e+01 1.599999172452849017e+01 7.964982900471672123e-01 3.681439999999999824e+00 2.091896307641975000e+04 5.044410440662907679e-04
3.123849731311133748e+00 8.026257001141429370e+00 1.147745381767147244e+00 1.333074861736013530e-05 3.648049704406604832e+01 1.599999172452849017e+01 7.964982900471672123e-01 3.681439999999999824e+00 2.091896307641975000e+04 5.044410440662907679e-04
3.123849731311133748e+00 8.026256881540881238e+00 1.147745398869886246e+00 1.333074861736013530e-05 3.648049704406604832e+01 1.599999172452849017e+01 7.964982900471672123e-01 3.681439999999999824e+00 2.091896307641975000e+04 5.044410440662907679e-04
3.123849731311133748e+00 8.026256881540881238e+00 1.147745381767147244e+00 1.334564977855398296e-05 3.648049704406604832e+01 1.599999172452849017e+01 7.964982900471672123e-01 3.681439999999999824e+00 2.091896307641975000e+04 5.044410440662907679e-04
3.123849731311133748e+00 8.026256881540881238e+00 1.147745381767147244e+00 1.333074861736013530e-05 3.648049758766781281e+01 1.599999172452849017e+01 7.964982900471672123e-01 3.681439999999999824e+00 2.091896307641975000e+04 5.044410440662907679e-04
3.123849731311133748e+00 8.026256881540881238e+00 1.147745381767147244e+00 1.333074861736013530e-05 3.648049704406604832e+01 1.599999196294694670e+01 7.964982900471672123e-01 3.681439999999999824e+00 2.091896307641975000e+04 5.044410440662907679e-04
3.123849731311133748e+00 8.026256881540881238e+00 1.147745381767147244e+00 1.333074861736013530e-05 3.648049704406604832e+01 1.599999172452849017e+01 7.964983049483284061e-01 3.681439999999999824e+00 2.091896307641975000e+04 5.044410440662907679e-04
3.123849731311133748e+00 8.026256881540881238e+00 1.147745381767147244e+00 1.333074861736013530e-05 3.648049704406604832e+01 1.599999172452849017e+01 7.964982900471672123e-01 3.681439999999999824e+00 2.091896338813659167e+04 5.044410440662907679e-04
3.123849731311133748e+00 8.026256881540881238e+00 1.147745381767147244e+00 1.333074861736013530e-05 3.648049704406604832e+01 1.599999172452849017e+01 7.964982900471672123e-01 3.681439999999999824e+00 2.091896307641975000e+04 5.044559452274846156e-04
3.123742219669976894e+00 8.023003782688787666e+00 1.147683373725295164e+00 1.308663506134759290e-05 3.648048487050529332e+01 1.599999177809302608e+01 7.967803224292743236e-01 3.681439999999999824e+00 2.091881844157421801e+04 5.019126814368732661e-04
3.123823020612034540e+00 8.025318453643267347e+00 1.147745982097881257e+00 1.328207871769417319e-05 3.648049357023698747e+01 1.599999173512601303e+01 7.965631728116573385e-01 3.681439999999999824e+00 2.091893440951464800e+04 5.034804371405664182e-04
3.123823067160624856e+00 8.025318453643267347e+00 1.147745982097881257e+00 1.328207871769417319e-05 3.648049357023698747e+01 1.599999173512601303e+01 7.965631728116573385e-01 3.681439999999999824e+00 2.091893440951464800e+04 5.034804371405664182e-04
3.123823020612034540e+00 8.025318573229831998e+00 1.147745982097881257e+00 1.328207871769417319e-05 3.648049357023698747e+01 1.599999173512601303e+01 7.965631728116573385e-01 3.681439999999999824e+00 2.091893440951464800e+04 5.034804371405664182e-04
3.123823020612034540e+00 8.025318453643267347e+00 1.147745999200629141e+00 1.328207871769417319e-05 3.648049357023698747e+01 1.599999173512601303e+01 7.965631728116573385e-01 3.681439999999999824e+00 2.091893440951464800e+04 5.034804371405664182e-04
3.123823020612034540e+00 8.025318453643267347e+00 1.147745982097881257e+00 1.329697987888802085e-05 3.648049357023698747e+01 1.599999173512601303e+01 7.965631728116573385e-01 3.681439999999999824e+00 2.091893440951464800e+04 5.034804371405664182e-04
3.123823020612034540e+00 8.025318453643267347e+00 1.147745982097881257e+00 1.328207871769417319e-05 3.648049411383870222e+01 1.599999173512601303e+01 7.965631728116573385e-01 3.681439999999999824e+00 2.091893440951464800e+04 5.034804371405664182e-04
3.123823020612034540e+00 8.025318453643267347e+00 1.147745982097881257e+00 1.328207871769417319e-05 3.648049357023698747e+01 1.599999197354446956e+01 7.965631728116573385e-01 3.681439999999999824e+00 2.091893440951464800e+04 5.034804371405664182e-04
3.123823020612034540e+00 8.025318453643267347e+00 1.147745982097881257e+00 1.328207871769417319e-05 3.648049357023698747e+01 1.599999173512601303e+01 7.965631877128185323e-01 3.681439999999999824e+00 2.091893440951464800e+04 5.034804371405664182e-04
3.123823020612034540e+00 8.025318453643267347e+00 1.147745982097881257e+00 1.328207871769417319e-05 3.648049357023698747e+01 1.599999173512601303e+01 7.965631728116573385e-01 3.681439999999999824e+00 2.091893472123106039e+04 5.034804371405664182e-04
3.123823020612034540e+00 8.025318453643267347e+00 1.147745982097881257e+00 1.328207871769417319e-05 3.648049357023698747e+01 1.599999173512601303e+01 7.965631728116573385e-01 3.681439999999999824e+00 2.091893440951464800e+04 5.034953383017602658e-04
3.123810860894194352e+00 8.025089630229313542e+00 1.147733791126672731e+00 1.319916420410034793e-05 3.648026697126515927e+01 1.599999175254741424e+01 7.965656423337394987e-01 3.681439999999999824e+00 2.091888512703968809e+04 5.034720753283818042e-04
3.123810907442603479e+00 8.025089630229313542e+00 1.147733791126672731e+00 1.319916420410034793e-05 3.648026697126515927e+01 1.599999175254741424e+01 7.965656423337394987e-01 3.681439999999999824e+00 2.091888512703968809e+04 5.034720753283818042e-04
3.123810860894194352e+00 8.025089749812467588e+00 1.147733791126672731e+00 1.319916420410034793e-05 3.648026697126515927e+01 1.599999175254741424e+01 7.965656423337394987e-01 3.681439999999999824e+00 2.091888512703968809e+04 5.034720753283818042e-04
3.123810860894194352e+00 8.025089630229313542e+00 1.147733808229238983e+00 1.319916420410034793e-05 3.648026697126515927e+01 1.599999175254741424e+01 7.965656423337394987e-01 3.681439999999999824e+00 2.091888512703968809e+04 5.034720753283818042e-04
3.123810860894194352e+00 8.025089630229313542e+00 1.147733791126672731e+00 1.321406536529419559e-05 3.648026697126515927e+01 1.599999175254741424e+01 7.965656423337394987e-01 3.681439999999999824e+00 2.091888512703968809e+04 5.034720753283818042e-04
3.123810860894194352e+00 8.025089630229313542e+00 1.147733791126672731e+00 1.319916420410034793e-05 3.648026751486349895e+01 1.599999175254741424e+01 7.965656423337394987e-01 3.681439999999999824e+00 2.091888512703968809e+04 5.034720753283818042e-04
3.123810860894194352e+00 8.025089630229313542e+00 1.147733791126672731e+00 1.319916420410034793e-05 3.648026697126515927e+01 1.599999199096587077e+01 7.965656423337394987e-01 3.681439999999999824e+00 2.091888512703968809e+04 5.034720753283818042e-04
3.123810860894194352e+00 8.025089630229313542e+00 1.147733791126672731e+00 1.319916420410034793e-05 3.648026697126515927e+01 1.599999175254741424e+01 7.965656572349006925e-01 3.681439999999999824e+00 2.091888512703968809e+04 5.034720753283818042e-04
3.123810860894194352e+00 8.025089630229313542e+00 1.147733791126672731e+00 1.319916420410034793e-05 3.648026697126515927e+01 1.599999175254741424e+01 7.965656423337394987e-01 3.681439999999999824e+00 2.091888543875536561e+04 5.034720753283818042e-04
3.123810860894194352e+00 8.025089630229313542e+00 1.147733791126672731e+00 1.319916420410034793e-05 3.648026697126515927e+01 1.599999175254741424e+01 7.965656423337394987e-01 3.681439999999999824e+00 2.091888512703968809e+04 5.034869764895756519e-04
3.123747940139946166e+00 8.023204920502115201e+00 1.147684011746774146e+00 1.314122525454342668e-05 3.648002699716908381e+01 1.599999177796119021e+01 7.966519714068057700e-01 3.681439999999999824e+00 2.091881650353732039e+04 5.021414759148566795e-04
3.123747986687417821e+00 8.023204920502115201e+00 1.147684011746774146e+00 1.314122525454342668e-05 3.648002699716908381e+01 1.599999177796119021e+01 7.966519714068057700e-01 3.681439999999999824e+00 2.091881650353732039e+04 5.021414759148566795e-04
3.123747940139946166e+00 8.023205040057185045e+00 1.147684011746774146e+00 1.314122525454342668e-05 3.648002699716908381e+01 1.599999177796119021e+01 7.966519714068057700e-01 3.681439999999999824e+00 2.091881650353732039e+04 5.021414759148566795e-04
3.123747940139946166e+00 8.023204920502115201e+00 1.147684028848598548e+00 1.314122525454342668e-05 3.648002699716908381e+01 1.599999177796119021e+01 7.966519714068057700e-01 3.681439999999999824e+00 2.091881650353732039e+04 5.021414759148566795e-04
3.123747940139946166e+00 8.023204920502115201e+00 1.147684011746774146e+00 1.315612641573727433e-05 3.648002699716908381e+01 1.599999177796119021e+01 7.966519714068057700e-01 3.681439999999999824e+00 2.091881650353732039e+04 5.021414759148566795e-04
3.123747940139946166e+00 8.023204920502115201e+00 1.147684011746774146e+00 1.314122525454342668e-05 3.648002754076384946e+01 1.599999177796119021e+01 7.966519714068057700e-01 3.681439999999999824e+00 2.091881650353732039e+04 5.021414759148566795e-04
3.123747940139946166e+00 8.023204920502115201e+00 1.147684011746774146e+00 1.314122525454342668e-05 3.648002699716908381e+01 1.599999201637964674e+01 7.966519714068057700e-01 3.681439999999999824e+00 2.091881650353732039e+04 5.021414759148566795e-04
3.123747940139946166e+00 8.023204920502115201e+00 1.147684011746774146e+00 1.314122525454342668e-05 3.648002699716908381e+01 1.599999177796119021e+01 7.966519863079669639e-01 3.681439999999999824e+00 2.091881650353732039e+04 5.021414759148566795e-04
3.123747940139946166e+00 8.023204920502115201e+00 1.147684011746774146e+00 1.314122525454342668e-05 3.648002699716908381e+01 1.599999177796119021e+01 7.966519714068057700e-01 3.681439999999999824e+00 2.091881681525197564e+04 5.021414759148566795e-04
3.123747940139946166e+00 8.023204920502115201e+00 1.147684011746774146e+00 1.314122525454342668e-05 3.648002699716908381e+01 1.599999177796119021e+01 7.966519714068057700e-01 3.681439999999999824e+00 2.091881650353732039e+04 5.021563770760505271e-04
3.123663387044618212e+00 8.020813494373905783e+00 1.147618473805592565e+00 1.280664191354552079e-05 3.648001796536235020e+01 1.599999185257020429e+01 7.967768963382300118e-01 3.681439999999999824e+00 2.091861612019379027e+04 5.002516527149330518e-04
3.123663433590829985e+00 8.020813494373905783e+00 1.147618473805592565e+00 1.280664191354552079e-05 3.648001796536235020e+01 1.599999185257020429e+01 7.967768963382300118e-01 3.681439999999999824e+00 2.091861612019379027e+04 5.002516527149330518e-04
3.123663387044618212e+00 8.020813613893340133e+00 1.147618473805592565e+00 1.280664191354552079e-05 3.648001796536235020e+01 1.599999185257020429e+01 7.967768963382300118e-01 3.681439999999999824e+00 2.091861612019379027e+04 5.002516527149330518e-04
3.123663387044618212e+00 8.020813494373905783e+00 1.147618490906440414e+00 1.280664191354552079e-05 3.648001796536235020e+01 1.599999185257020429e+01 7.967768963382300118e-01 3.681439999999999824e+00 2.091861612019379027e+04 5.002516527149330518e-04
3.123663387044618212e+00 8.020813494373905783e+00 1.147618473805592565e+00 1.282154307473936845e-05 3.648001796536235020e+01 1.599999185257020429e+01 7.967768963382300118e-01 3.681439999999999824e+00 2.091861612019379027e+04 5.002516527149330518e-04
3.123663387044618212e+00 8.020813494373905783e+00 1.147618473805592565e+00 1.280664191354552079e-05 3.648001850895698084e+01 1.599999185257020429e+01 7.967768963382300118e-01 3.681439999999999824e+00 2.091861612019379027e+04 5.002516527149330518e-04
3.123663387044618212e+00 8.020813494373905783e+00 1.147618473805592565e+00 1.280664191354552079e-05 3.648001796536235020e+01 1.599999209098866260e+01 7.967768963382300118e-01 3.681439999999999824e+00 2.091861612019379027e+04 5.002516527149330518e-04
3.123663387044618212e+00 8.020813494373905783e+00 1.147618473805592565e+00 1.280664191354552079e-05 3.648001796536235020e+01 1.599999185257020429e+01 7.967769112393912057e-01 3.681439999999999824e+00 2.091861612019379027e+04 5.002516527149330518e-04
3.123663387044618212e+00 8.020813494373905783e+00 1.147618473805592565e+00 1.280664191354552079e-05 3.648001796536235020e+01 1.599999185257020429e+01 7.967768963382300118e-01 3.681439999999999824e+00 2.091861643190546238e+04 5.002516527149330518e-04
3.123663387044618212e+00 8.020813494373905783e+00 1.147618473805592565e+00 1.280664191354552079e-05 3.648001796536235020e+01 1.599999185257020429e+01 7.967768963382300118e-01 3.681439999999999824e+00 2.091861612019379027e+04 5.002665538761268994e-04
3.123612483475733725e+00 8.019885373339688428e+00 1.147583134650283831e+00 1.241952646436916377e-05 3.648001452953873525e+01 1.599999202723946290e+01 7.969142544527945127e-01 3.681439999999999824e+00 2.091814302523731021e+04 4.991460473346251599e-04
3.123612530021186995e+00 8.019885373339688428e+00 1.147583134650283831e+00 1.241952646436916377e-05 3.648001452953873525e+01 1.599999202723946290e+01 7.969142544527945127e-01 3.681439999999999824e+00 2.091814302523731021e+04 4.991460473346251599e-04
3.123612483475733725e+00 8.019885492845293840e+00 1.147583134650283831e+00 1.241952646436916377e-05 3.648001452953873525e+01 1.599999202723946290e+01 7.969142544527945127e-01 3.681439999999999824e+00 2.091814302523731021e+04 4.991460473346251599e-04
3.123612483475733725e+00 8.019885373339688428e+00 1.147583151750605213e+00 1.241952646436916377e-05 3.648001452953873525e+01 1.599999202723946290e+01 7.969142544527945127e-01 3.681439999999999824e+00 2.091814302523731021e+04 4.991460473346251599e-04
3.123612483475733725e+00 8.019885373339688428e+00 1.147583134650283831e+00 1.243442762556301142e-05 3.648001452953873525e+01 1.599999202723946290e+01 7.969142544527945127e-01 3.681439999999999824e+00 2.091814302523731021e+04 4.991460473346251599e-04
3.123612483475733725e+00 8.019885373339688428e+00 1.147583134650283831e+00 1.241952646436916377e-05 3.648001507313330904e+01 1.599999202723946290e+01 7.969142544527945127e-01 3.681439999999999824e+00 2.091814302523731021e+04 4.991460473346251599e-04
3.123612483475733725e+00 8.019885373339688428e+00 1.147583134650283831e+00 1.241952646436916377e-05 3.648001452953873525e+01 1.599999226565792299e+01 7.969142544527945127e-01 3.681439999999999824e+00 2.091814302523731021e+04 4.991460473346251599e-04
3.123612483475733725e+00 8.019885373339688428e+00 1.147583134650283831e+00 1.241952646436916377e-05 3.648001452953873525e+01 1.599999202723946290e+01 7.969142693539557065e-01 3.681439999999999824e+00 2.091814302523731021e+04 4.991460473346251599e-04
3.123612483475733725e+00 8.019885373339688428e+00 1.147583134650283831e+00 1.241952646436916377e-05 3.648001452953873525e+01 1.599999202723946290e+01 7.969142544527945127e-01 3.681439999999999824e+00 2.091814333694193192e+04 4.991460473346251599e-04
3.123612483475733725e+00 8.019885373339688428e+00 1.147583134650283831e+00 1.241952646436916377e-05 3.648001452953873525e+01 1.599999202723946290e+01 7.969142544527945127e-01 3.681439999999999824e+00 2.091814302523731021e+04 4.991609484958190075e-04
3.123619795000163624e+00 8.020075266800834157e+00 1.147578857805100938e+00 1.204100193322755849e-05 3.648021520413346508e+01 1.599999220067664396e+01 7.968676453084319045e-01 3.681439999999999824e+00 2.091766631703840176e+04 4.988108531914004808e-04
3.123619841545725695e+00 8.020075266800834157e+00 1.147578857805100938e+00 1.204100193322755849e-05 3.648021520413346508e+01 1.599999220067664396e+01 7.968676453084319045e-01 3.681439999999999824e+00 2.091766631703840176e+04 4.988108531914004808e-04
3.123619795000163624e+00 8.020075386309269305e+00 1.147578857805100938e+00 1.204100193322755849e-05 3.648021520413346508e+01 1.599999220067664396e+01 7.968676453084319045e-01 3.681439999999999824e+00 2.091766631703840176e+04 4.988108531914004808e-04
3.123619795000163624e+00 8.020075266800834157e+00 1.147578874905358370e+00 1.204100193322755849e-05 3.648021520413346508e+01 1.599999220067664396e+01 7.968676453084319045e-01 3.681439999999999824e+00 2.091766631703840176e+04 4.988108531914004808e-04
3.123619795000163624e+00 8.020075266800834157e+00 1.147578857805100938e+00 1.205590309442140615e-05 3.648021520413346508e+01 1.599999220067664396e+01 7.968676453084319045e-01 3.681439999999999824e+00 2.091766631703840176e+04 4.988108531914004808e-04
3.123619795000163624e+00 8.020075266800834157e+00 1.147578857805100938e+00 1.204100193322755849e-05 3.648021574773103026e+01 1.599999220067664396e+01 7.968676453084319045e-01 3.681439999999999824e+00 2.091766631703840176e+04 4.988108531914004808e-04
3.123619795000163624e+00 8.020075266800834157e+00 1.147578857805100938e+00 1.204100193322755849e-05 3.648021520413346508e+01 1.599999243909510760e+01 7.968676453084319045e-01 3.681439999999999824e+00 2.091766631703840176e+04 4.988108531914004808e-04
3.123619795000163624e+00 8.020075266800834157e+00 1.147578857805100938e+00 1.204100193322755849e-05 3.648021520413346508e+01 1.599999220067664396e+01 7.968676602095930983e-01 3.681439999999999824e+00 2.091766631703840176e+04 4.988108531914004808e-04
3.123619795000163624e+00 8.020075266800834157e+00 1.147578857805100938e+00 1.204100193322755849e-05 3.648021520413346508e+01 1.599999220067664396e+01 7.968676453084319045e-01 3.681439999999999824e+00 2.091766662873591849e+04 4.988108531914004808e-04
3.123619795000163624e+00 8.020075266800834157e+00 1.147578857805100938e+00 1.204100193322755849e-05 3.648021520413346508e+01 1.599999220067664396e+01 7.968676453084319045e-01 3.681439999999999824e+00 2.091766631703840176e+04 4.988257543525943284e-04
3.123603645682324181e+00 8.020253802774547580e+00 1.147530522693664068e+00 1.069905895876328020e-05 3.648037570169927335e+01 1.599999253261797882e+01 7.968550178832028985e-01 3.681439999999999824e+00 2.091671266642024784e+04 4.985123125443425120e-04
3.123603692227645556e+00 8.020253802774547580e+00 1.147530522693664068e+00 1.069905895876328020e-05 3.648037570169927335e+01 1.599999253261797882e+01 7.968550178832028985e-01 3.681439999999999824e+00 2.091671266642024784e+04 4.985123125443425120e-04
3.123603645682324181e+00 8.020253922285641934e+00 1.147530522693664068e+00 1.069905895876328020e-05 3.648037570169927335e+01 1.599999253261797882e+01 7.968550178832028985e-01 3.681439999999999824e+00 2.091671266642024784e+04 4.985123125443425120e-04
3.123603645682324181e+00 8.020253802774547580e+00 1.147530539793201410e+00 1.069905895876328020e-05 3.648037570169927335e+01 1.599999253261797882e+01 7.968550178832028985e-01 3.681439999999999824e+00 2.091671266642024784e+04 4.985123125443425120e-04
3.123603645682324181e+00 8.020253802774547580e+00 1.147530522693664068e+00 1.071396011995712786e-05 3.648037570169927335e+01 1.599999253261797882e+01 7.968550178832028985e-01 3.681439999999999824e+00 2.091671266642024784e+04 4.985123125443425120e-04
3.123603645682324181e+00 8.020253802774547580e+00 1.147530522693664068e+00 1.069905895876328020e-05 3.648037624529923306e+01 1.599999253261797882e+01 7.968550178832028985e-01 3.681439999999999824e+00 2.091671266642024784e+04 4.985123125443425120e-04
3.123603645682324181e+00 8.020253802774547580e+00 1.147530522693664068e+00 1.069905895876328020e-05 3.648037570169927335e+01 1.599999277103644602e+01 7.968550178832028985e-01 3.681439999999999824e+00 2.091671266642024784e+04 4.985123125443425120e-04
3.123603645682324181e+00 8.020253802774547580e+00 1.147530522693664068e+00 1.069905895876328020e-05 3.648037570169927335e+01 1.599999253261797882e+01 7.968550327843640924e-01 3.681439999999999824e+00 2.091671266642024784e+04 4.985123125443425120e-04
3.123603645682324181e+00 8.020253802774547580e+00 1.147530522693664068e+00 1.069905895876328020e-05 3.648037570169927335e+01 1.599999253261797882e+01 7.968550178832028985e-01 3.681439999999999824e+00 2.091671297810355463e+04 4.985123125443425120e-04
3.123603645682324181e+00 8.020253802774547580e+00 1.147530522693664068e+00 1.069905895876328020e-05 3.648037570169927335e+01 1.599999253261797882e+01 7.968550178832028985e-01 3.681439999999999824e+00 2.091671266642024784e+04 4.985272137055363597e-04
3.123595710618769505e+00 8.020992363901722655e+00 1.147516338778269196e+00 9.476524376231923699e-06 3.648037642089580146e+01 1.599999314739655709e+01 7.968370783514890920e-01 3.681439999999999824e+00 2.091480248180804483e+04 4.980124721765240509e-04
3.123595757163972753e+00 8.020992363901722655e+00 1.147516338778269196e+00 9.476524376231923699e-06 3.648037642089580146e+01 1.599999314739655709e+01 7.968370783514890920e-01 3.681439999999999824e+00 2.091480248180804483e+04 4.980124721765240509e-04
3.123595710618769505e+00 8.020992483423823316e+00 1.147516338778269196e+00 9.476524376231923699e-06 3.648037642089580146e+01 1.599999314739655709e+01 7.968370783514890920e-01 3.681439999999999824e+00 2.091480248180804483e+04 4.980124721765240509e-04
3.123595710618769505e+00 8.020992363901722655e+00 1.147516355877595151e+00 9.476524376231923699e-06 3.648037642089580146e+01 1.599999314739655709e+01 7.968370783514890920e-01 3.681439999999999824e+00 2.091480248180804483e+04 4.980124721765240509e-04
3.123595710618769505e+00 8.020992363901722655e+00 1.147516338778269196e+00 9.491425537425771355e-06 3.648037642089580146e+01 1.599999314739655709e+01 7.968370783514890920e-01 3.681439999999999824e+00 2.091480248180804483e+04 4.980124721765240509e-04
3.123595710618769505e+00 8.020992363901722655e+00 1.147516338778269196e+00 9.476524376231923699e-06 3.648037696449576828e+01 1.599999314739655709e+01 7.968370783514890920e-01 3.681439999999999824e+00 2.091480248180804483e+04 4.980124721765240509e-04
3.123595710618769505e+00 8.020992363901722655e+00 1.147516338778269196e+00 9.476524376231923699e-06 3.648037642089580146e+01 1.599999338581503494e+01 7.968370783514890920e-01 3.681439999999999824e+00 2.091480248180804483e+04 4.980124721765240509e-04
3.123595710618769505e+00 8.020992363901722655e+00 1.147516338778269196e+00 9.476524376231923699e-06 3.648037642089580146e+01 1.599999314739655709e+01 7.968370932526502859e-01 3.681439999999999824e+00 2.091480248180804483e+04 4.980124721765240509e-04
3.123595710618769505e+00 8.020992363901722655e+00 1.147516338778269196e+00 9.476524376231923699e-06 3.648037642089580146e+01 1.599999314739655709e+01 7.968370783514890920e-01 3.681439999999999824e+00 2.091480279346288808e+04 4.980124721765240509e-04
3.123595710618769505e+00 8.020992363901722655e+00 1.147516338778269196e+00 9.476524376231923699e-06 3.648037642089580146e+01 1.599999314739655709e+01 7.968370783514890920e-01 3.681439999999999824e+00 2.091480248180804483e+04 4.980273733377178986e-04
3.123567227346074393e+00 8.022067260538756628e+00 1.147437521082116829e+00 7.535729274892576858e-06 3.648037246674586953e+01 1.599999419265180478e+01 7.968356362654963609e-01 3.681439999999999824e+00 2.091098137650822173e+04 4.967604242028015281e-04
3.123567273890853091e+00 8.022067260538756628e+00 1.147437521082116829e+00 7.535729274892576858e-06 3.648037246674586953e+01 1.599999419265180478e+01 7.968356362654963609e-01 3.681439999999999824e+00 2.091098137650822173e+04 4.967604242028015281e-04
3.123567227346074393e+00 8.022067380076874699e+00 1.147437521082116829e+00 7.535729274892576858e-06 3.648037246674586953e+01 1.599999419265180478e+01 7.968356362654963609e-01 3.681439999999999824e+00 2.091098137650822173e+04 4.967604242028015281e-04
3.123567227346074393e+00 8.022067260538756628e+00 1.147437538180268390e+00 7.535729274892576858e-06 3.648037246674586953e+01 1.599999419265180478e+01 7.968356362654963609e-01 3.681439999999999824e+00 2.091098137650822173e+04 4.967604242028015281e-04
3.123567227346074393e+00 8.022067260538756628e+00 1.147437521082116829e+00 7.550630436086424514e-06 3.648037246674586953e+01 1.599999419265180478e+01 7.968356362654963609e-01 3.681439999999999824e+00 2.091098137650822173e+04 4.967604242028015281e-04
3.123567227346074393e+00 8.022067260538756628e+00 1.147437521082116829e+00 7.535729274892576858e-06 3.648037301034577951e+01 1.599999419265180478e+01 7.968356362654963609e-01 3.681439999999999824e+00 2.091098137650822173e+04 4.967604242028015281e-04
3.123567227346074393e+00 8.022067260538756628e+00 1.147437521082116829e+00 7.535729274892576858e-06 3.648037246674586953e+01 1.599999443107029684e+01 7.968356362654963609e-01 3.681439999999999824e+00 2.091098137650822173e+04 4.967604242028015281e-04
3.123567227346074393e+00 8.022067260538756628e+00 1.147437521082116829e+00 7.535729274892576858e-06 3.648037246674586953e+01 1.599999419265180478e+01 7.968356511666575548e-01 3.681439999999999824e+00 2.091098137650822173e+04 4.967604242028015281e-04
3.123567227346074393e+00 8.022067260538756628e+00 1.147437521082116829e+00 7.535729274892576858e-06 3.648037246674586953e+01 1.599999419265180478e+01 7.968356362654963609e-01 3.681439999999999824e+00 2.091098168810612697e+04 4.967604242028015281e-04
3.123567227346074393e+00 8.022067260538756628e+00 1.147437521082116829e+00 7.535729274892576858e-06 3.648037246674586953e+01 1.599999419265180478e+01 7.968356362654963609e-01 3.681439999999999824e+00 2.091098137650822173e+04 4.967753253639953757e-04
3.123462817510294087e+00 8.024139627822355791e+00 1.147276955841319168e+00 5.024916952180224505e-06 3.648267973498832362e+01 1.599999573229204763e+01 7.968106661134031210e-01 3.681439999999999824e+00 2.090334380575913747e+04 4.941696744612423132e-04
3.123462864053517141e+00 8.024139627822355791e+00 1.147276955841319168e+00 5.024916952180224505e-06 3.648267973498832362e+01 1.599999573229204763e+01 7.968106661134031210e-01 3.681439999999999824e+00 2.090334380575913747e+04 4.941696744612423132e-04
3.123462817510294087e+00 8.024139747391354049e+00 1.147276955841319168e+00 5.024916952180224505e-06 3.648267973498832362e+01 1.599999573229204763e+01 7.968106661134031210e-01 3.681439999999999824e+00 2.090334380575913747e+04 4.941696744612423132e-04
3.123462817510294087e+00 8.024139627822355791e+00 1.147276972937077977e+00 5.024916952180224505e-06 3.648267973498832362e+01 1.599999573229204763e+01 7.968106661134031210e-01 3.681439999999999824e+00 2.090334380575913747e+04 4.941696744612423132e-04
3.123462817510294087e+00 8.024139627822355791e+00 1.147276955841319168e+00 5.039818113374072161e-06 3.648267973498832362e+01 1.599999573229204763e+01 7.968106661134031210e-01 3.681439999999999824e+00 2.090334380575913747e+04 4.941696744612423132e-04
3.123462817510294087e+00 8.024139627822355791e+00 1.147276955841319168e+00 5.024916952180224505e-06 3.648268027862261675e+01 1.599999573229204763e+01 7.968106661134031210e-01 3.681439999999999824e+00 2.090334380575913747e+04 4.941696744612423132e-04
3.123462817510294087e+00 8.024139627822355791e+00 1.147276955841319168e+00 5.024916952180224505e-06 3.648267973498832362e+01 1.599999597071056279e+01 7.968106661134031210e-01 3.681439999999999824e+00 2.090334380575913747e+04 4.941696744612423132e-04
3.123462817510294087e+00 8.024139627822355791e+00 1.147276955841319168e+00 5.024916952180224505e-06 3.648267973498832362e+01 1.599999573229204763e+01 7.968106810145643149e-01 3.681439999999999824e+00 2.090334380575913747e+04 4.941696744612423132e-04
3.123462817510294087e+00 8.024139627822355791e+00 1.147276955841319168e+00 5.024916952180224505e-06 3.648267973498832362e+01 1.599999573229204763e+01 7.968106661134031210e-01 3.681439999999999824e+00 2.090334411724323218e+04 4.941696744612423132e-04
3.123462817510294087e+00 8.024139627822355791e+00 1.147276955841319168e+00 5.024916952180224505e-06 3.648267973498832362e+01 1.599999573229204763e+01 7.968106661134031210e-01 3.681439999999999824e+00 2.090334380575913747e+04 4.941845756224361608e-04
3.123365591724755141e+00 8.029216760995776525e+00 1.146671730815871149e+00 1.430485676561241733e-06 3.648268531430310446e+01 1.599999757603184847e+01 7.967014848890251466e-01 3.681439999999999824e+00 2.088806062193631806e+04 4.895486179478974109e-04
3.123365638266529132e+00 8.029216760995776525e+00 1.146671730815871149e+00 1.430485676561241733e-06 3.648268531430310446e+01 1.599999757603184847e+01 7.967014848890251466e-01 3.681439999999999824e+00 2.088806062193631806e+04 4.895486179478974109e-04
3.123365591724755141e+00 8.029216880640429821e+00 1.146671730815871149e+00 1.430485676561241733e-06 3.648268531430310446e+01 1.599999757603184847e+01 7.967014848890251466e-01 3.681439999999999824e+00 2.088806062193631806e+04 4.895486179478974109e-04
3.123365591724755141e+00 8.029216760995776525e+00 1.146671747902611393e+00 1.430485676561241733e-06 3.648268531430310446e+01 1.599999757603184847e+01 7.967014848890251466e-01 3.681439999999999824e+00 2.088806062193631806e+04 4.895486179478974109e-04
3.123365591724755141e+00 8.029216760995776525e+00 1.146671730815871149e+00 1.445386837755089389e-06 3.648268531430310446e+01 1.599999757603184847e+01 7.967014848890251466e-01 3.681439999999999824e+00 2.088806062193631806e+04 4.895486179478974109e-04
3.123365591724755141e+00 8.029216760995776525e+00 1.146671730815871149e+00 1.430485676561241733e-06 3.648268585793747576e+01 1.599999757603184847e+01 7.967014848890251466e-01 3.681439999999999824e+00 2.088806062193631806e+04 4.895486179478974109e-04
3.123365591724755141e+00 8.029216760995776525e+00 1.146671730815871149e+00 1.430485676561241733e-06 3.648268531430310446e+01 1.599999781445039204e+01 7.967014848890251466e-01 3.681439999999999824e+00 2.088806062193631806e+04 4.895486179478974109e-04
3.123365591724755141e+00 8.029216760995776525e+00 1.146671730815871149e+00 1.430485676561241733e-06 3.648268531430310446e+01 1.599999757603184847e+01 7.967014997901863405e-01 3.681439999999999824e+00 2.088806062193631806e+04 4.895486179478974109e-04
3.123365591724755141e+00 8.029216760995776525e+00 1.146671730815871149e+00 1.430485676561241733e-06 3.648268531430310446e+01 1.599999757603184847e+01 7.967014848890251466e-01 3.681439999999999824e+00 2.088806093319267529e+04 4.895486179478974109e-04
3.123365591724755141e+00 8.029216760995776525e+00 1.146671730815871149e+00 1.430485676561241733e-06 3.648268531430310446e+01 1.599999757603184847e+01 7.967014848890251466e-01 3.681439999999999824e+00 2.088806062193631806e+04 4.895635191090912585e-04
3.123365927661107655e+00 8.029216667876621472e+00 1.146671882022409106e+00 1.432004733693501371e-06 3.648268531735571685e+01 1.599999757603185024e+01 7.967015170401352542e-01 3.681439999999999824e+00 2.088806062167225900e+04 4.950738958416255530e-04
3.123365974202886974e+00 8.029216667876621472e+00 1.146671882022409106e+00 1.432004733693501371e-06 3.648268531735571685e+01 1.599999757603185024e+01 7.967015170401352542e-01 3.681439999999999824e+00 2.088806062167225900e+04 4.950738958416255530e-04
3.123365927661107655e+00 8.029216787521272991e+00 1.146671882022409106e+00 1.432004733693501371e-06 3.648268531735571685e+01 1.599999757603185024e+01 7.967015170401352542e-01 3.681439999999999824e+00 2.088806062167225900e+04 4.950738958416255530e-04
3.123365927661107655e+00 8.029216667876621472e+00 1.146671899109151571e+00 1.432004733693501371e-06 3.648268531735571685e+01 1.599999757603185024e+01 7.967015170401352542e-01 3.681439999999999824e+00 2.088806062167225900e+04 4.950738958416255530e-04
3.123365927661107655e+00 8.029216667876621472e+00 1.146671882022409106e+00 1.446905894887349028e-06 3.648268531735571685e+01 1.599999757603185024e+01 7.967015170401352542e-01 3.681439999999999824e+00 2.088806062167225900e+04 4.950738958416255530e-04
3.123365927661107655e+00 8.029216667876621472e+00 1.146671882022409106e+00 1.432004733693501371e-06 3.648268586099008814e+01 1.599999757603185024e+01 7.967015170401352542e-01 3.681439999999999824e+00 2.088806062167225900e+04 4.950738958416255530e-04
3.123365927661107655e+00 8.029216667876621472e+00 1.146671882022409106e+00 1.432004733693501371e-06 3.648268531735571685e+01 1.599999781445039382e+01 7.967015170401352542e-01 3.681439999999999824e+00 2.088806062167225900e+04 4.950738958416255530e-04
3.123365927661107655e+00 8.029216667876621472e+00 1.146671882022409106e+00 1.432004733693501371e-06 3.648268531735571685e+01 1.599999757603185024e+01 7.967015319412964480e-01 3.681439999999999824e+00 2.088806062167225900e+04 4.950738958416255530e-04
3.123365927661107655e+00 8.029216667876621472e+00 1.146671882022409106e+00 1.432004733693501371e-06 3.648268531735571685e+01 1.599999757603185024e+01 7.967015170401352542e-01 3.681439999999999824e+00 2.088806093292861624e+04 4.950738958416255530e-04
3.123365927661107655e+00 8.029216667876621472e+00 1.146671882022409106e+00 1.432004733693501371e-06 3.648268531735571685e+01 1.599999757603185024e+01 7.967015170401352542e-01 3.681439999999999824e+00 2.088806062167225900e+04 4.950887970028194007e-04
