3.205843000000000220e+00 7.511125999999999969e+00 1.235333999999999932e+00 1.528337999999999867e-05 3.753042800000000057e+01 1.549994700000000059e+01 7.954442999999999930e-01 3.681439999999999824e+00 2.571453499999999985e+04 0.000000000000000000e+00
3.205843047770783549e+00 7.511125999999999969e+00 1.235333999999999932e+00 1.528337999999999867e-05 3.753042800000000057e+01 1.549994700000000059e+01 7.954442999999999930e-01 3.681439999999999824e+00 2.571453499999999985e+04 0.000000000000000000e+00
3.205843000000000220e+00 7.511126111924498971e+00 1.235333999999999932e+00 1.528337999999999867e-05 3.753042800000000057e+01 1.549994700000000059e+01 7.954442999999999930e-01 3.681439999999999824e+00 2.571453499999999985e+04 0.000000000000000000e+00
3.205843000000000220e+00 7.511125999999999969e+00 1.235334018407910905e+00 1.528337999999999867e-05 3.753042800000000057e+01 1.549994700000000059e+01 7.954442999999999930e-01 3.681439999999999824e+00 2.571453499999999985e+04 0.000000000000000000e+00
3.205843000000000220e+00 7.511125999999999969e+00 1.235333999999999932e+00 1.529828116119384633e-05 3.753042800000000057e+01 1.549994700000000059e+01 7.954442999999999930e-01 3.681439999999999824e+00 2.571453499999999985e+04 0.000000000000000000e+00
3.205843000000000220e+00 7.511125999999999969e+00 1.235333999999999932e+00 1.528337999999999867e-05 3.753042855924695687e+01 1.549994700000000059e+01 7.954442999999999930e-01 3.681439999999999824e+00 2.571453499999999985e+04 0.000000000000000000e+00
3.205843000000000220e+00 7.511125999999999969e+00 1.235333999999999932e+00 1.528337999999999867e-05 3.753042800000000057e+01 1.549994700000000059e+01 7.954442999999999930e-01 3.681439999999999824e+00 2.571453538317642960e+04 0.000000000000000000e+00
3.205843000000000220e+00 7.511125999999999969e+00 1.235333999999999932e+00 1.528337999999999867e-05 3.753042800000000057e+01 1.549994700000000059e+01 7.954442999999999930e-01 3.681439999999999824e+00 2.571453499999999985e+04 1.490116119384765625e-08
3.146039042392532625e+00 7.511125912889863088e+00 1.250476006541207941e+00 8.618134270233025473e-01 4.438670963228556587e+01 1.549994700000000059e+01 7.954442999999999930e-01 3.681439999999999824e+00 2.571448343686346925e+04 5.032998091002110043e-04
3.146039089272167466e+00 7.511125912889863088e+00 1.250476006541207941e+00 8.618134270233025473e-01 4.438670963228556587e+01 1.549994700000000059e+01 7.954442999999999930e-01 3.681439999999999824e+00 2.571448343686346925e+04 5.032998091002110043e-04
3.146039042392532625e+00 7.511126024814361202e+00 1.250476006541207941e+00 8.618134270233025473e-01 4.438670963228556587e+01 1.549994700000000059e+01 7.954442999999999930e-01 3.681439999999999824e+00 2.571448343686346925e+04 5.032998091002110043e-04
3.146039042392532625e+00 7.511125912889863088e+00 1.250476025174752426e+00 8.618134270233025473e-01 4.438670963228556587e+01 1.549994700000000059e+01 7.954442999999999930e-01 3.681439999999999824e+00 2.571448343686346925e+04 5.032998091002110043e-04
3.146039042392532625e+00 7.511125912889863088e+00 1.250476006541207941e+00 8.618134419244637412e-01 4.438670963228556587e+01 1.549994700000000059e+01 7.954442999999999930e-01 3.681439999999999824e+00 2.571448343686346925e+04 5.032998091002110043e-04
3.146039042392532625e+00 7.511125912889863088e+00 1.250476006541207941e+00 8.618134270233025473e-01 4.438671029369908183e+01 1.549994700000000059e+01 7.954442999999999930e-01 3.681439999999999824e+00 2.571448343686346925e+04 5.032998091002110043e-04
3.146039042392532625e+00 7.511125912889863088e+00 1.250476006541207941e+00 8.618134270233025473e-01 4.438670963228556587e+01 1.549994700000000059e+01 7.954442999999999930e-01 3.681439999999999824e+00 2.571448382003913139e+04 5.032998091002110043e-04
3.146039042392532625e+00 7.511125912889863088e+00 1.250476006541207941e+00 8.618134270233025473e-01 4.438670963228556587e+01 1.549994700000000059e+01 7.954442999999999930e-01 3.681439999999999824e+00 2.571448343686346925e+04 5.033147102614048520e-04
3.110877761218044490e+00 7.511125482380537122e+00 1.261204830851661463e+00 5.920396036364198311e-01 4.954935086093964003e+01 1.549994700000000059e+01 7.954442999999999930e-01 3.681439999999999824e+00 2.571435517967053966e+04 8.315596409703576806e-04
3.110877807573735332e+00 7.511125482380537122e+00 1.261204830851661463e+00 5.920396036364198311e-01 4.954935086093964003e+01 1.549994700000000059e+01 7.954442999999999930e-01 3.681439999999999824e+00 2.571435517967053966e+04 8.315596409703576806e-04
3.110877761218044490e+00 7.511125594305029018e+00 1.261204830851661463e+00 5.920396036364198311e-01 4.954935086093964003e+01 1.549994700000000059e+01 7.954442999999999930e-01 3.681439999999999824e+00 2.571435517967053966e+04 8.315596409703576806e-04
3.110877761218044490e+00 7.511125482380537122e+00 1.261204849645077841e+00 5.920396036364198311e-01 4.954935086093964003e+01 1.549994700000000059e+01 7.954442999999999930e-01 3.681439999999999824e+00 2.571435517967053966e+04 8.315596409703576806e-04
3.110877761218044490e+00 7.511125482380537122e+00 1.261204830851661463e+00 5.920396185375810250e-01 4.954935086093964003e+01 1.549994700000000059e+01 7.954442999999999930e-01 3.681439999999999824e+00 2.571435517967053966e+04 8.315596409703576806e-04
3.110877761218044490e+00 7.511125482380537122e+00 1.261204830851661463e+00 5.920396036364198311e-01 4.954935159928250243e+01 1.549994700000000059e+01 7.954442999999999930e-01 3.681439999999999824e+00 2.571435517967053966e+04 8.315596409703576806e-04
3.110877761218044490e+00 7.511125482380537122e+00 1.261204830851661463e+00 5.920396036364198311e-01 4.954935086093964003e+01 1.549994700000000059e+01 7.954442999999999930e-01 3.681439999999999824e+00 2.571435556284429185e+04 8.315596409703576806e-04
3.110877761218044490e+00 7.511125482380537122e+00 1.261204830851661463e+00 5.920396036364198311e-01 4.954935086093964003e+01 1.549994700000000059e+01 7.954442999999999930e-01 3.681439999999999824e+00 2.571435517967053966e+04 8.315745421315515282e-04
3.087148236555142589e+00 7.511122672375627474e+00 1.268985673594737573e+00 3.636320429837014423e-02 5.357072226754786470e+01 1.549994700000000059e+01 7.954442999999999930e-01 3.681439999999999824e+00 2.571356371301448598e+04 1.060000926524375412e-03
3.134018177497878366e+00 7.950622855067759787e+00 1.233679946212106415e+00 7.892884258528187758e-03 4.989631850779702660e+01 1.549994700000000059e+01 7.954442999999999930e-01 3.681439999999999824e+00 2.578337676482047027e+04 2.289310553099813909e-03
3.134018224198388491e+00 7.950622855067759787e+00 1.233679946212106415e+00 7.892884258528187758e-03 4.989631850779702660e+01 1.549994700000000059e+01 7.954442999999999930e-01 3.681439999999999824e+00 2.578337676482047027e+04 2.289310553099813909e-03
3.134018177497878366e+00 7.950622973541272565e+00 1.233679946212106415e+00 7.892884258528187758e-03 4.989631850779702660e+01 1.549994700000000059e+01 7.954442999999999930e-01 3.681439999999999824e+00 2.578337676482047027e+04 2.289310553099813909e-03
3.134018177497878366e+00 7.950622855067759787e+00 1.233679964595370215e+00 7.892884258528187758e-03 4.989631850779702660e+01 1.549994700000000059e+01 7.954442999999999930e-01 3.681439999999999824e+00 2.578337676482047027e+04 2.289310553099813909e-03
3.134018177497878366e+00 7.950622855067759787e+00 1.233679946212106415e+00 7.892899159689381605e-03 4.989631850779702660e+01 1.549994700000000059e+01 7.954442999999999930e-01 3.681439999999999824e+00 2.578337676482047027e+04 2.289310553099813909e-03
3.134018177497878366e+00 7.950622855067759787e+00 1.233679946212106415e+00 7.892884258528187758e-03 4.989631925131011059e+01 1.549994700000000059e+01 7.954442999999999930e-01 3.681439999999999824e+00 2.578337676482047027e+04 2.289310553099813909e-03
3.134018177497878366e+00 7.950622855067759787e+00 1.233679946212106415e+00 7.892884258528187758e-03 4.989631850779702660e+01 1.549994700000000059e+01 7.954442999999999930e-01 3.681439999999999824e+00 2.578337714902272273e+04 2.289310553099813909e-03
3.134018177497878366e+00 7.950622855067759787e+00 1.233679946212106415e+00 7.892884258528187758e-03 4.989631850779702660e+01 1.549994700000000059e+01 7.954442999999999930e-01 3.681439999999999824e+00 2.578337676482047027e+04 2.289325454261007756e-03
3.141759692003449178e+00 8.965178730207771451e+00 1.231957124533830328e+00 7.819690234084049688e-03 5.008322789521146490e+01 1.549994700000000059e+01 7.954442999999999930e-01 3.681439999999999824e+00 2.578337757080835217e+04 4.864851232109349000e-03
3.141759738819316805e+00 8.965178730207771451e+00 1.231957124533830328e+00 7.819690234084049688e-03 5.008322789521146490e+01 1.549994700000000059e+01 7.954442999999999930e-01 3.681439999999999824e+00 2.578337757080835217e+04 4.864851232109349000e-03
3.141759692003449178e+00 8.965178863799344811e+00 1.231957124533830328e+00 7.819690234084049688e-03 5.008322789521146490e+01 1.549994700000000059e+01 7.954442999999999930e-01 3.681439999999999824e+00 2.578337757080835217e+04 4.864851232109349000e-03
3.141759692003449178e+00 8.965178730207771451e+00 1.231957142891421997e+00 7.819690234084049688e-03 5.008322789521146490e+01 1.549994700000000059e+01 7.954442999999999930e-01 3.681439999999999824e+00 2.578337757080835217e+04 4.864851232109349000e-03
3.141759692003449178e+00 8.965178730207771451e+00 1.231957124533830328e+00 7.819705135245243535e-03 5.008322789521146490e+01 1.549994700000000059e+01 7.954442999999999930e-01 3.681439999999999824e+00 2.578337757080835217e+04 4.864851232109349000e-03
3.141759692003449178e+00 8.965178730207771451e+00 1.231957124533830328e+00 7.819690234084049688e-03 5.008322864150972009e+01 1.549994700000000059e+01 7.954442999999999930e-01 3.681439999999999824e+00 2.578337757080835217e+04 4.864851232109349000e-03
3.141759692003449178e+00 8.965178730207771451e+00 1.231957124533830328e+00 7.819690234084049688e-03 5.008322789521146490e+01 1.549994700000000059e+01 7.954442999999999930e-01 3.681439999999999824e+00 2.578337795501061919e+04 4.864851232109349000e-03
3.141759692003449178e+00 8.965178730207771451e+00 1.231957124533830328e+00 7.819690234084049688e-03 5.008322789521146490e+01 1.549994700000000059e+01 7.954442999999999930e-01 3.681439999999999824e+00 2.578337757080835217e+04 4.864866133270542847e-03
3.142477664676018190e+00 9.103493596124851095e+00 1.236599553602885981e+00 7.585681739378350580e-03 5.009707107909414248e+01 1.549994700000000059e+01 7.954442999999999930e-01 3.681439999999999824e+00 2.578540267662332190e+04 5.014652681380005021e-03
3.142477711502584370e+00 9.103493596124851095e+00 1.236599553602885981e+00 7.585681739378350580e-03 5.009707107909414248e+01 1.549994700000000059e+01 7.954442999999999930e-01 3.681439999999999824e+00 2.578540267662332190e+04 5.014652681380005021e-03
3.142477664676018190e+00 9.103493731777476228e+00 1.236599553602885981e+00 7.585681739378350580e-03 5.009707107909414248e+01 1.549994700000000059e+01 7.954442999999999930e-01 3.681439999999999824e+00 2.578540267662332190e+04 5.014652681380005021e-03
3.142477664676018190e+00 9.103493596124851095e+00 1.236599572029655203e+00 7.585681739378350580e-03 5.009707107909414248e+01 1.549994700000000059e+01 7.954442999999999930e-01 3.681439999999999824e+00 2.578540267662332190e+04 5.014652681380005021e-03
3.142477664676018190e+00 9.103493596124851095e+00 1.236599553602885981e+00 7.585696640539544428e-03 5.009707107909414248e+01 1.549994700000000059e+01 7.954442999999999930e-01 3.681439999999999824e+00 2.578540267662332190e+04 5.014652681380005021e-03
3.142477664676018190e+00 9.103493596124851095e+00 1.236599553602885981e+00 7.585681739378350580e-03 5.009707182559867533e+01 1.549994700000000059e+01 7.954442999999999930e-01 3.681439999999999824e+00 2.578540267662332190e+04 5.014652681380005021e-03
3.142477664676018190e+00 9.103493596124851095e+00 1.236599553602885981e+00 7.585681739378350580e-03 5.009707107909414248e+01 1.549994700000000059e+01 7.954442999999999930e-01 3.681439999999999824e+00 2.578540306085576231e+04 5.014652681380005021e-03
3.142477664676018190e+00 9.103493596124851095e+00 1.236599553602885981e+00 7.585681739378350580e-03 5.009707107909414248e+01 1.549994700000000059e+01 7.954442999999999930e-01 3.681439999999999824e+00 2.578540267662332190e+04 5.014667582541198869e-03
3.142623546166393389e+00 9.103840211221459811e+00 1.236902659516123881e+00 1.317120569937481160e-02 5.009722702786345394e+01 1.549994700000000059e+01 7.954442999999999930e-01 3.681439999999999824e+00 2.578629579735680454e+04 5.015775489785121409e-03
3.142623592995133386e+00 9.103840211221459811e+00 1.236902659516123881e+00 1.317120569937481160e-02 5.009722702786345394e+01 1.549994700000000059e+01 7.954442999999999930e-01 3.681439999999999824e+00 2.578629579735680454e+04 5.015775489785121409e-03
3.142623546166393389e+00 9.103840346879250589e+00 1.236902659516123881e+00 1.317120569937481160e-02 5.009722702786345394e+01 1.549994700000000059e+01 7.954442999999999930e-01 3.681439999999999824e+00 2.578629579735680454e+04 5.015775489785121409e-03
3.142623546166393389e+00 9.103840211221459811e+00 1.236902677947409712e+00 1.317120569937481160e-02 5.009722702786345394e+01 1.549994700000000059e+01 7.954442999999999930e-01 3.681439999999999824e+00 2.578629579735680454e+04 5.015775489785121409e-03
3.142623546166393389e+00 9.103840211221459811e+00 1.236902659516123881e+00 1.317122060053600545e-02 5.009722702786345394e+01 1.549994700000000059e+01 7.954442999999999930e-01 3.681439999999999824e+00 2.578629579735680454e+04 5.015775489785121409e-03
3.142623546166393389e+00 9.103840211221459811e+00 1.236902659516123881e+00 1.317120569937481160e-02 5.009722777437031027e+01 1.549994700000000059e+01 7.954442999999999930e-01 3.681439999999999824e+00 2.578629579735680454e+04 5.015775489785121409e-03
3.142623546166393389e+00 9.103840211221459811e+00 1.236902659516123881e+00 1.317120569937481160e-02 5.009722702786345394e+01 1.549994700000000059e+01 7.954442999999999930e-01 3.681439999999999824e+00 2.578629618160255632e+04 5.015775489785121409e-03
3.142623546166393389e+00 9.103840211221459811e+00 1.236902659516123881e+00 1.317120569937481160e-02 5.009722702786345394e+01 1.549994700000000059e+01 7.954442999999999930e-01 3.681439999999999824e+00 2.578629579735680454e+04 5.015790390946315257e-03
3.142696698972185843e+00 9.103837817880284788e+00 1.237055536188856442e+00 3.387116506264088722e-03 5.009723481274715340e+01 1.549994700000000059e+01 7.954442999999999930e-01 3.681439999999999824e+00 2.578780909515396343e+04 5.017077756459291035e-03
3.142696745802016078e+00 9.103837817880284788e+00 1.237055536188856442e+00 3.387116506264088722e-03 5.009723481274715340e+01 1.549994700000000059e+01 7.954442999999999930e-01 3.681439999999999824e+00 2.578780909515396343e+04 5.017077756459291035e-03
3.142696698972185843e+00 9.103837953538040040e+00 1.237055536188856442e+00 3.387116506264088722e-03 5.009723481274715340e+01 1.549994700000000059e+01 7.954442999999999930e-01 3.681439999999999824e+00 2.578780909515396343e+04 5.017077756459291035e-03
3.142696698972185843e+00 9.103837817880284788e+00 1.237055554622420450e+00 3.387116506264088722e-03 5.009723481274715340e+01 1.549994700000000059e+01 7.954442999999999930e-01 3.681439999999999824e+00 2.578780909515396343e+04 5.017077756459291035e-03
3.142696698972185843e+00 9.103837817880284788e+00 1.237055536188856442e+00 3.387131407425282570e-03 5.009723481274715340e+01 1.549994700000000059e+01 7.954442999999999930e-01 3.681439999999999824e+00 2.578780909515396343e+04 5.017077756459291035e-03
3.142696698972185843e+00 9.103837817880284788e+00 1.237055536188856442e+00 3.387116506264088722e-03 5.009723555925412342e+01 1.549994700000000059e+01 7.954442999999999930e-01 3.681439999999999824e+00 2.578780909515396343e+04 5.017077756459291035e-03
3.142696698972185843e+00 9.103837817880284788e+00 1.237055536188856442e+00 3.387116506264088722e-03 5.009723481274715340e+01 1.549994700000000059e+01 7.954442999999999930e-01 3.681439999999999824e+00 2.578780947942226339e+04 5.017077756459291035e-03
3.142696698972185843e+00 9.103837817880284788e+00 1.237055536188856442e+00 3.387116506264088722e-03 5.009723481274715340e+01 1.549994700000000059e+01 7.954442999999999930e-01 3.681439999999999824e+00 2.578780909515396343e+04 5.017092657620484883e-03
3.142715363856644739e+00 9.103835847316522845e+00 1.237152757630920252e+00 1.879824228515724780e-03 5.009723628930063910e+01 1.549994700000000059e+01 7.954442999999999930e-01 3.681439999999999824e+00 2.578829600914554612e+04 5.017494717850280901e-03
3.142715410686752975e+00 9.103835847316522845e+00 1.237152757630920252e+00 1.879824228515724780e-03 5.009723628930063910e+01 1.549994700000000059e+01 7.954442999999999930e-01 3.681439999999999824e+00 2.578829600914554612e+04 5.017494717850280901e-03
3.142715363856644739e+00 9.103835982974247898e+00 1.237152757630920252e+00 1.879824228515724780e-03 5.009723628930063910e+01 1.549994700000000059e+01 7.954442999999999930e-01 3.681439999999999824e+00 2.578829600914554612e+04 5.017494717850280901e-03
3.142715363856644739e+00 9.103835847316522845e+00 1.237152776065932880e+00 1.879824228515724780e-03 5.009723628930063910e+01 1.549994700000000059e+01 7.954442999999999930e-01 3.681439999999999824e+00 2.578829600914554612e+04 5.017494717850280901e-03
3.142715363856644739e+00 9.103835847316522845e+00 1.237152757630920252e+00 1.879839129676918628e-03 5.009723628930063910e+01 1.549994700000000059e+01 7.954442999999999930e-01 3.681439999999999824e+00 2.578829600914554612e+04 5.017494717850280901e-03
3.142715363856644739e+00 9.103835847316522845e+00 1.237152757630920252e+00 1.879824228515724780e-03 5.009723703580763043e+01 1.549994700000000059e+01 7.954442999999999930e-01 3.681439999999999824e+00 2.578829600914554612e+04 5.017494717850280901e-03
3.142715363856644739e+00 9.103835847316522845e+00 1.237152757630920252e+00 1.879824228515724780e-03 5.009723628930063910e+01 1.549994700000000059e+01 7.954442999999999930e-01 3.681439999999999824e+00 2.578829639342110022e+04 5.017494717850280901e-03
3.142715363856644739e+00 9.103835847316522845e+00 1.237152757630920252e+00 1.879824228515724780e-03 5.009723628930063910e+01 1.549994700000000059e+01 7.954442999999999930e-01 3.681439999999999824e+00 2.578829600914554612e+04 5.017509619011474749e-03
3.140831514604373265e+00 9.100414206222568581e+00 1.243130492198735171e+00 5.273668126744204127e-05 5.003524377229227582e+01 1.549994700000000059e+01 7.954442999999999930e-01 3.681439999999999824e+00 2.579235543787433562e+04 5.027832036635578560e-03
3.140831561406409733e+00 9.100414206222568581e+00 1.243130492198735171e+00 5.273668126744204127e-05 5.003524377229227582e+01 1.549994700000000059e+01 7.954442999999999930e-01 3.681439999999999824e+00 2.579235543787433562e+04 5.027832036635578560e-03
3.140831514604373265e+00 9.100414341829306863e+00 1.243130492198735171e+00 5.273668126744204127e-05 5.003524377229227582e+01 1.549994700000000059e+01 7.954442999999999930e-01 3.681439999999999824e+00 2.579235543787433562e+04 5.027832036635578560e-03
3.140831514604373265e+00 9.100414206222568581e+00 1.243130510722822990e+00 5.273668126744204127e-05 5.003524377229227582e+01 1.549994700000000059e+01 7.954442999999999930e-01 3.681439999999999824e+00 2.579235543787433562e+04 5.027832036635578560e-03
3.140831514604373265e+00 9.100414206222568581e+00 1.243130492198735171e+00 5.275158242863588892e-05 5.003524377229227582e+01 1.549994700000000059e+01 7.954442999999999930e-01 3.681439999999999824e+00 2.579235543787433562e+04 5.027832036635578560e-03
3.140831514604373265e+00 9.100414206222568581e+00 1.243130492198735171e+00 5.273668126744204127e-05 5.003524451787551186e+01 1.549994700000000059e+01 7.954442999999999930e-01 3.681439999999999824e+00 2.579235543787433562e+04 5.027832036635578560e-03
3.140831514604373265e+00 9.100414206222568581e+00 1.243130492198735171e+00 5.273668126744204127e-05 5.003524377229227582e+01 1.549994700000000059e+01 7.954442999999999930e-01 3.681439999999999824e+00 2.579235582221038203e+04 5.027832036635578560e-03
3.140831514604373265e+00 9.100414206222568581e+00 1.243130492198735171e+00 5.273668126744204127e-05 5.003524377229227582e+01 1.549994700000000059e+01 7.954442999999999930e-01 3.681439999999999824e+00 2.579235543787433562e+04 5.027846937796772407e-03
3.140831708818138779e+00 9.100414141513573085e+00 1.243130556208315696e+00 5.273691519008341677e-05 5.003524377340450258e+01 1.549994700000000059e+01 7.954442999999999930e-01 3.681439999999999824e+00 2.579235543783079265e+04 5.030402859482482371e-03
3.140831755620178356e+00 9.100414141513573085e+00 1.243130556208315696e+00 5.273691519008341677e-05 5.003524377340450258e+01 1.549994700000000059e+01 7.954442999999999930e-01 3.681439999999999824e+00 2.579235543783079265e+04 5.030402859482482371e-03
3.140831708818138779e+00 9.100414277120311368e+00 1.243130556208315696e+00 5.273691519008341677e-05 5.003524377340450258e+01 1.549994700000000059e+01 7.954442999999999930e-01 3.681439999999999824e+00 2.579235543783079265e+04 5.030402859482482371e-03
3.140831708818138779e+00 9.100414141513573085e+00 1.243130574732404403e+00 5.273691519008341677e-05 5.003524377340450258e+01 1.549994700000000059e+01 7.954442999999999930e-01 3.681439999999999824e+00 2.579235543783079265e+04 5.030402859482482371e-03
3.140831708818138779e+00 9.100414141513573085e+00 1.243130556208315696e+00 5.275181635127726442e-05 5.003524377340450258e+01 1.549994700000000059e+01 7.954442999999999930e-01 3.681439999999999824e+00 2.579235543783079265e+04 5.030402859482482371e-03
3.140831708818138779e+00 9.100414141513573085e+00 1.243130556208315696e+00 5.273691519008341677e-05 5.003524451898773862e+01 1.549994700000000059e+01 7.954442999999999930e-01 3.681439999999999824e+00 2.579235543783079265e+04 5.030402859482482371e-03
3.140831708818138779e+00 9.100414141513573085e+00 1.243130556208315696e+00 5.273691519008341677e-05 5.003524377340450258e+01 1.549994700000000059e+01 7.954442999999999930e-01 3.681439999999999824e+00 2.579235582216683906e+04 5.030402859482482371e-03
3.140831708818138779e+00 9.100414141513573085e+00 1.243130556208315696e+00 5.273691519008341677e-05 5.003524377340450258e+01 1.549994700000000059e+01 7.954442999999999930e-01 3.681439999999999824e+00 2.579235543783079265e+04 5.030417760643676219e-03
