3.161589414716744706e+00 7.176289989300776995e+00 1.253992677848091208e+00 2.208749045913430045e-03 3.704238713984781839e+01 1.549994700000000059e+01 7.954442999999999930e-01 3.681439999999999824e+00 2.606701278830314186e+04 2.927368489428653926e-03
3.161589461828098191e+00 7.176289989300776995e+00 1.253992677848091208e+00 2.208749045913430045e-03 3.704238713984781839e+01 1.549994700000000059e+01 7.954442999999999930e-01 3.681439999999999824e+00 2.606701278830314186e+04 2.927368489428653926e-03
3.161589414716744706e+00 7.176290096235830696e+00 1.253992677848091208e+00 2.208749045913430045e-03 3.704238713984781839e+01 1.549994700000000059e+01 7.954442999999999930e-01 3.681439999999999824e+00 2.606701278830314186e+04 2.927368489428653926e-03
3.161589414716744706e+00 7.176289989300776995e+00 1.253992696534038220e+00 2.208749045913430045e-03 3.704238713984781839e+01 1.549994700000000059e+01 7.954442999999999930e-01 3.681439999999999824e+00 2.606701278830314186e+04 2.927368489428653926e-03
3.161589414716744706e+00 7.176289989300776995e+00 1.253992677848091208e+00 2.208763947074623892e-03 3.704238713984781839e+01 1.549994700000000059e+01 7.954442999999999930e-01 3.681439999999999824e+00 2.606701278830314186e+04 2.927368489428653926e-03
3.161589414716744706e+00 7.176289989300776995e+00 1.253992677848091208e+00 2.208749045913430045e-03 3.704238769182239821e+01 1.549994700000000059e+01 7.954442999999999930e-01 3.681439999999999824e+00 2.606701278830314186e+04 2.927368489428653926e-03
3.161589414716744706e+00 7.176289989300776995e+00 1.253992677848091208e+00 2.208749045913430045e-03 3.704238713984781839e+01 1.549994723096720861e+01 7.954442999999999930e-01 3.681439999999999824e+00 2.606701278830314186e+04 2.927368489428653926e-03
3.161589414716744706e+00 7.176289989300776995e+00 1.253992677848091208e+00 2.208749045913430045e-03 3.704238713984781839e+01 1.549994700000000059e+01 7.954443149011611869e-01 3.681439999999999824e+00 2.606701278830314186e+04 2.927368489428653926e-03
3.161589414716744706e+00 7.176289989300776995e+00 1.253992677848091208e+00 2.208749045913430045e-03 3.704238713984781839e+01 1.549994700000000059e+01 7.954442999999999930e-01 3.681439999999999824e+00 2.606701317673189988e+04 2.927368489428653926e-03
3.161589414716744706e+00 7.176289989300776995e+00 1.253992677848091208e+00 2.208749045913430045e-03 3.704238713984781839e+01 1.549994700000000059e+01 7.954442999999999930e-01 3.681439999999999824e+00 2.606701278830314186e+04 2.927383390589847773e-03
1.632028275053505340e+00 3.775821040574267151e+00 1.273844794105803091e+00 3.988407975038274315e-04 1.755364052530999004e+02 1.599999975732135837e+01 7.727863995655277485e-01 3.681439999999999824e+00 2.675986970044970076e+04 3.595389170311438180e-03
2.861700334327098361e+00 6.654999832875176047e+00 1.273783136808019467e+00 3.987433687178772081e-04 6.540796948578864090e+01 1.599999975737157420e+01 7.728106772026650528e-01 3.681439999999999824e+00 2.676264448741076194e+04 3.595971423415769783e-03
3.133297151450826767e+00 7.291122734788602955e+00 1.273737675492995658e+00 3.993883008069638429e-04 4.108237122997044821e+01 1.599999975703923738e+01 7.728199094494107024e-01 3.681439999999999824e+00 2.676154506614495767e+04 3.595424629395579334e-03
3.172988841093409285e+00 7.451332408058369161e+00 1.264122715720508605e+00 5.999662893385645634e-04 3.705387271575527564e+01 1.599999966108538096e+01 7.734813570691592144e-01 3.681439999999999824e+00 2.623800546089341879e+04 3.398455963752267973e-03
3.169556674104967442e+00 7.423863395381462560e+00 1.259460891486590128e+00 1.373327889580966106e-03 3.704900981269308602e+01 1.564743019620261677e+01 7.753927159695243043e-01 3.681439999999999824e+00 2.607051300281287695e+04 3.283199234776629661e-03
3.164615014418636463e+00 7.254365992057518753e+00 1.256458445472180996e+00 2.120440391692704225e-03 3.704446739562376223e+01 1.551458222247432062e+01 7.872142646702456892e-01 3.681439999999999824e+00 2.606741689941414006e+04 3.003135011648169501e-03
3.162966617370913003e+00 7.195620686125011822e+00 1.255518659451098751e+00 2.191061970285879210e-03 3.704290894722914373e+01 1.550280361836496290e+01 7.914561598429662448e-01 3.681439999999999824e+00 2.606709967031409178e+04 2.903999279487330838e-03
3.162496152147407091e+00 7.179994367493992335e+00 1.255193578450868985e+00 2.205381243449845100e-03 3.704249431063011144e+01 1.550049361704073014e+01 7.927215497242544595e-01 3.681439999999999824e+00 2.606702858337027646e+04 2.880255696151350076e-03
3.161989266085047490e+00 7.176361761829156194e+00 1.254385179683379370e+00 2.208609857564278103e-03 3.704239348888980032e+01 1.549997268942304629e+01 7.944275030612937272e-01 3.681439999999999824e+00 2.606701293431512386e+04 2.903436918493736054e-03
3.161718812668646628e+00 7.176293256423969424e+00 1.254083018933207949e+00 2.208726869548712380e-03 3.704238867135311608e+01 1.549995141881887406e+01 7.951979740413941400e-01 3.681439999999999824e+00 2.606701275707685272e+04 2.919555734072644144e-03
3.161718859781928348e+00 7.176293256423969424e+00 1.254083018933207949e+00 2.208726869548712380e-03 3.704238867135311608e+01 1.549995141881887406e+01 7.951979740413941400e-01 3.681439999999999824e+00 2.606701275707685272e+04 2.919555734072644144e-03
3.161718812668646628e+00 7.176293363359071975e+00 1.254083018933207949e+00 2.208726869548712380e-03 3.704238867135311608e+01 1.549995141881887406e+01 7.951979740413941400e-01 3.681439999999999824e+00 2.606701275707685272e+04 2.919555734072644144e-03
3.161718812668646628e+00 7.176293256423969424e+00 1.254083037620501218e+00 2.208726869548712380e-03 3.704238867135311608e+01 1.549995141881887406e+01 7.951979740413941400e-01 3.681439999999999824e+00 2.606701275707685272e+04 2.919555734072644144e-03
3.161718812668646628e+00 7.176293256423969424e+00 1.254083018933207949e+00 2.208741770709906228e-03 3.704238867135311608e+01 1.549995141881887406e+01 7.951979740413941400e-01 3.681439999999999824e+00 2.606701275707685272e+04 2.919555734072644144e-03
3.161718812668646628e+00 7.176293256423969424e+00 1.254083018933207949e+00 2.208726869548712380e-03 3.704238922332771722e+01 1.549995141881887406e+01 7.951979740413941400e-01 3.681439999999999824e+00 2.606701275707685272e+04 2.919555734072644144e-03
3.161718812668646628e+00 7.176293256423969424e+00 1.254083018933207949e+00 2.208726869548712380e-03 3.704238867135311608e+01 1.549995164978614781e+01 7.951979740413941400e-01 3.681439999999999824e+00 2.606701275707685272e+04 2.919555734072644144e-03
3.161718812668646628e+00 7.176293256423969424e+00 1.254083018933207949e+00 2.208726869548712380e-03 3.704238867135311608e+01 1.549995141881887406e+01 7.951979889425553338e-01 3.681439999999999824e+00 2.606701275707685272e+04 2.919555734072644144e-03
3.161718812668646628e+00 7.176293256423969424e+00 1.254083018933207949e+00 2.208726869548712380e-03 3.704238867135311608e+01 1.549995141881887406e+01 7.951979740413941400e-01 3.681439999999999824e+00 2.606701314550561074e+04 2.919555734072644144e-03
3.161718812668646628e+00 7.176293256423969424e+00 1.254083018933207949e+00 2.208726869548712380e-03 3.704238867135311608e+01 1.549995141881887406e+01 7.951979740413941400e-01 3.681439999999999824e+00 2.606701275707685272e+04 2.919570635233837991e-03
3.161954227291439157e+00 7.176472508766622127e+00 1.254297750651339527e+00 2.181169475142966368e-03 3.704239202055956781e+01 1.549996283448698620e+01 7.949509286945136699e-01 3.681439999999999824e+00 2.606701277437273166e+04 2.907131023343782934e-03
3.161954274408228738e+00 7.176472508766622127e+00 1.254297750651339527e+00 2.181169475142966368e-03 3.704239202055956781e+01 1.549996283448698620e+01 7.949509286945136699e-01 3.681439999999999824e+00 2.606701277437273166e+04 2.907131023343782934e-03
3.161954227291439157e+00 7.176472615704395430e+00 1.254297750651339527e+00 2.181169475142966368e-03 3.704239202055956781e+01 1.549996283448698620e+01 7.949509286945136699e-01 3.681439999999999824e+00 2.606701277437273166e+04 2.907131023343782934e-03
3.161954227291439157e+00 7.176472508766622127e+00 1.254297769341832458e+00 2.181169475142966368e-03 3.704239202055956781e+01 1.549996283448698620e+01 7.949509286945136699e-01 3.681439999999999824e+00 2.606701277437273166e+04 2.907131023343782934e-03
3.161954227291439157e+00 7.176472508766622127e+00 1.254297750651339527e+00 2.181184376304160216e-03 3.704239202055956781e+01 1.549996283448698620e+01 7.949509286945136699e-01 3.681439999999999824e+00 2.606701277437273166e+04 2.907131023343782934e-03
3.161954227291439157e+00 7.176472508766622127e+00 1.254297750651339527e+00 2.181169475142966368e-03 3.704239257253422579e+01 1.549996283448698620e+01 7.949509286945136699e-01 3.681439999999999824e+00 2.606701277437273166e+04 2.907131023343782934e-03
3.161954227291439157e+00 7.176472508766622127e+00 1.254297750651339527e+00 2.181169475142966368e-03 3.704239202055956781e+01 1.549996306545443048e+01 7.949509286945136699e-01 3.681439999999999824e+00 2.606701277437273166e+04 2.907131023343782934e-03
3.161954227291439157e+00 7.176472508766622127e+00 1.254297750651339527e+00 2.181169475142966368e-03 3.704239202055956781e+01 1.549996283448698620e+01 7.949509435956748638e-01 3.681439999999999824e+00 2.606701277437273166e+04 2.907131023343782934e-03
3.161954227291439157e+00 7.176472508766622127e+00 1.254297750651339527e+00 2.181169475142966368e-03 3.704239202055956781e+01 1.549996283448698620e+01 7.949509286945136699e-01 3.681439999999999824e+00 2.606701316280148967e+04 2.907131023343782934e-03
3.161954227291439157e+00 7.176472508766622127e+00 1.254297750651339527e+00 2.181169475142966368e-03 3.704239202055956781e+01 1.549996283448698620e+01 7.949509286945136699e-01 3.681439999999999824e+00 2.606701277437273166e+04 2.907145924504976782e-03
3.162320555032063218e+00 7.176690169952712139e+00 1.254743491086192542e+00 2.180907057068646408e-03 3.704266320996294581e+01 1.550000966479573883e+01 7.939089312720014613e-01 3.681439999999999824e+00 2.606701277440544800e+04 2.888757286523139026e-03
3.162320602154311544e+00 7.176690169952712139e+00 1.254743491086192542e+00 2.180907057068646408e-03 3.704266320996294581e+01 1.550000966479573883e+01 7.939089312720014613e-01 3.681439999999999824e+00 2.606701277440544800e+04 2.888757286523139026e-03
3.162320555032063218e+00 7.176690276893729070e+00 1.254743491086192542e+00 2.180907057068646408e-03 3.704266320996294581e+01 1.550000966479573883e+01 7.939089312720014613e-01 3.681439999999999824e+00 2.606701277440544800e+04 2.888757286523139026e-03
3.162320555032063218e+00 7.176690169952712139e+00 1.254743509783327493e+00 2.180907057068646408e-03 3.704266320996294581e+01 1.550000966479573883e+01 7.939089312720014613e-01 3.681439999999999824e+00 2.606701277440544800e+04 2.888757286523139026e-03
3.162320555032063218e+00 7.176690169952712139e+00 1.254743491086192542e+00 2.180921958229840255e-03 3.704266320996294581e+01 1.550000966479573883e+01 7.939089312720014613e-01 3.681439999999999824e+00 2.606701277440544800e+04 2.888757286523139026e-03
3.162320555032063218e+00 7.176690169952712139e+00 1.254743491086192542e+00 2.180907057068646408e-03 3.704266376194163968e+01 1.550000966479573883e+01 7.939089312720014613e-01 3.681439999999999824e+00 2.606701277440544800e+04 2.888757286523139026e-03
3.162320555032063218e+00 7.176690169952712139e+00 1.254743491086192542e+00 2.180907057068646408e-03 3.704266320996294581e+01 1.550000989576388122e+01 7.939089312720014613e-01 3.681439999999999824e+00 2.606701277440544800e+04 2.888757286523139026e-03
3.162320555032063218e+00 7.176690169952712139e+00 1.254743491086192542e+00 2.180907057068646408e-03 3.704266320996294581e+01 1.550000966479573883e+01 7.939089461731626551e-01 3.681439999999999824e+00 2.606701277440544800e+04 2.888757286523139026e-03
3.162320555032063218e+00 7.176690169952712139e+00 1.254743491086192542e+00 2.180907057068646408e-03 3.704266320996294581e+01 1.550000966479573883e+01 7.939089312720014613e-01 3.681439999999999824e+00 2.606701316283420601e+04 2.888757286523139026e-03
3.162320555032063218e+00 7.176690169952712139e+00 1.254743491086192542e+00 2.180907057068646408e-03 3.704266320996294581e+01 1.550000966479573883e+01 7.939089312720014613e-01 3.681439999999999824e+00 2.606701277440544800e+04 2.888772187684332873e-03
3.162555024986684060e+00 7.179713644878984447e+00 1.255105245199735098e+00 2.002351846608079518e-03 3.704267752333647223e+01 1.550020369735718440e+01 7.937626340974310857e-01 3.681439999999999824e+00 2.606701440271983301e+04 2.882828628889889857e-03
3.162555072112426480e+00 7.179713644878984447e+00 1.255105245199735098e+00 2.002351846608079518e-03 3.704267752333647223e+01 1.550020369735718440e+01 7.937626340974310857e-01 3.681439999999999824e+00 2.606701440271983301e+04 2.882828628889889857e-03
3.162555024986684060e+00 7.179713751865055116e+00 1.255105245199735098e+00 2.002351846608079518e-03 3.704267752333647223e+01 1.550020369735718440e+01 7.937626340974310857e-01 3.681439999999999824e+00 2.606701440271983301e+04 2.882828628889889857e-03
3.162555024986684060e+00 7.179713644878984447e+00 1.255105263902260626e+00 2.002351846608079518e-03 3.704267752333647223e+01 1.550020369735718440e+01 7.937626340974310857e-01 3.681439999999999824e+00 2.606701440271983301e+04 2.882828628889889857e-03
3.162555024986684060e+00 7.179713644878984447e+00 1.255105245199735098e+00 2.002366747769273366e-03 3.704267752333647223e+01 1.550020369735718440e+01 7.937626340974310857e-01 3.681439999999999824e+00 2.606701440271983301e+04 2.882828628889889857e-03
3.162555024986684060e+00 7.179713644878984447e+00 1.255105245199735098e+00 2.002351846608079518e-03 3.704267807531537926e+01 1.550020369735718440e+01 7.937626340974310857e-01 3.681439999999999824e+00 2.606701440271983301e+04 2.882828628889889857e-03
3.162555024986684060e+00 7.179713644878984447e+00 1.255105245199735098e+00 2.002351846608079518e-03 3.704267752333647223e+01 1.550020392832821869e+01 7.937626340974310857e-01 3.681439999999999824e+00 2.606701440271983301e+04 2.882828628889889857e-03
3.162555024986684060e+00 7.179713644878984447e+00 1.255105245199735098e+00 2.002351846608079518e-03 3.704267752333647223e+01 1.550020369735718440e+01 7.937626489985922795e-01 3.681439999999999824e+00 2.606701440271983301e+04 2.882828628889889857e-03
3.162555024986684060e+00 7.179713644878984447e+00 1.255105245199735098e+00 2.002351846608079518e-03 3.704267752333647223e+01 1.550020369735718440e+01 7.937626340974310857e-01 3.681439999999999824e+00 2.606701479114861650e+04 2.882828628889889857e-03
3.162555024986684060e+00 7.179713644878984447e+00 1.255105245199735098e+00 2.002351846608079518e-03 3.704267752333647223e+01 1.550020369735718440e+01 7.937626340974310857e-01 3.681439999999999824e+00 2.606701440271983301e+04 2.882843530051083705e-03
3.162615663630664820e+00 7.182151787723189074e+00 1.255437244754141313e+00 1.998425920936496188e-03 3.704509070889482558e+01 1.550053605583413407e+01 7.935378233907187662e-01 3.681439999999999824e+00 2.606701440311405895e+04 2.882909502812183288e-03
3.162589301713753631e+00 7.180292250269772580e+00 1.255280398690614918e+00 2.001419207150059200e-03 3.704325345788731028e+01 1.550028270893446347e+01 7.936254489696898951e-01 3.681439999999999824e+00 2.606701440281049872e+04 2.880251944219294671e-03
3.162589348840006753e+00 7.180292250269772580e+00 1.255280398690614918e+00 2.001419207150059200e-03 3.704325345788731028e+01 1.550028270893446347e+01 7.936254489696898951e-01 3.681439999999999824e+00 2.606701440281049872e+04 2.880251944219294671e-03
3.162589301713753631e+00 7.180292357264464798e+00 1.255280398690614918e+00 2.001419207150059200e-03 3.704325345788731028e+01 1.550028270893446347e+01 7.936254489696898951e-01 3.681439999999999824e+00 2.606701440281049872e+04 2.880251944219294671e-03
3.162589301713753631e+00 7.180292250269772580e+00 1.255280417395750581e+00 2.001419207150059200e-03 3.704325345788731028e+01 1.550028270893446347e+01 7.936254489696898951e-01 3.681439999999999824e+00 2.606701440281049872e+04 2.880251944219294671e-03
3.162589301713753631e+00 7.180292250269772580e+00 1.255280398690614918e+00 2.001434108311253048e-03 3.704325345788731028e+01 1.550028270893446347e+01 7.936254489696898951e-01 3.681439999999999824e+00 2.606701440281049872e+04 2.880251944219294671e-03
3.162589301713753631e+00 7.180292250269772580e+00 1.255280398690614918e+00 2.001419207150059200e-03 3.704325400987480066e+01 1.550028270893446347e+01 7.936254489696898951e-01 3.681439999999999824e+00 2.606701440281049872e+04 2.880251944219294671e-03
3.162589301713753631e+00 7.180292250269772580e+00 1.255280398690614918e+00 2.001419207150059200e-03 3.704325345788731028e+01 1.550028293990667549e+01 7.936254489696898951e-01 3.681439999999999824e+00 2.606701440281049872e+04 2.880251944219294671e-03
3.162589301713753631e+00 7.180292250269772580e+00 1.255280398690614918e+00 2.001419207150059200e-03 3.704325345788731028e+01 1.550028270893446347e+01 7.936254638708510889e-01 3.681439999999999824e+00 2.606701440281049872e+04 2.880251944219294671e-03
3.162589301713753631e+00 7.180292250269772580e+00 1.255280398690614918e+00 2.001419207150059200e-03 3.704325345788731028e+01 1.550028270893446347e+01 7.936254489696898951e-01 3.681439999999999824e+00 2.606701479123928220e+04 2.880251944219294671e-03
3.162589301713753631e+00 7.180292250269772580e+00 1.255280398690614918e+00 2.001419207150059200e-03 3.704325345788731028e+01 1.550028270893446347e+01 7.936254489696898951e-01 3.681439999999999824e+00 2.606701440281049872e+04 2.880266845380488518e-03
3.162554911177575701e+00 7.180432046417083214e+00 1.255262891216940124e+00 2.001302437329690199e-03 3.704338452160439488e+01 1.550030228876901539e+01 7.935696354176190459e-01 3.681439999999999824e+00 2.606701440283402189e+04 2.881051391420975417e-03
3.162554958303316344e+00 7.180432046417083214e+00 1.255262891216940124e+00 2.001302437329690199e-03 3.704338452160439488e+01 1.550030228876901539e+01 7.935696354176190459e-01 3.681439999999999824e+00 2.606701440283402189e+04 2.881051391420975417e-03
3.162554911177575701e+00 7.180432153413858209e+00 1.255262891216940124e+00 2.001302437329690199e-03 3.704338452160439488e+01 1.550030228876901539e+01 7.935696354176190459e-01 3.681439999999999824e+00 2.606701440283402189e+04 2.881051391420975417e-03
3.162554911177575701e+00 7.180432046417083214e+00 1.255262909921814884e+00 2.001302437329690199e-03 3.704338452160439488e+01 1.550030228876901539e+01 7.935696354176190459e-01 3.681439999999999824e+00 2.606701440283402189e+04 2.881051391420975417e-03
3.162554911177575701e+00 7.180432046417083214e+00 1.255262891216940124e+00 2.001317338490884046e-03 3.704338452160439488e+01 1.550030228876901539e+01 7.935696354176190459e-01 3.681439999999999824e+00 2.606701440283402189e+04 2.881051391420975417e-03
3.162554911177575701e+00 7.180432046417083214e+00 1.255262891216940124e+00 2.001302437329690199e-03 3.704338507359383925e+01 1.550030228876901539e+01 7.935696354176190459e-01 3.681439999999999824e+00 2.606701440283402189e+04 2.881051391420975417e-03
3.162554911177575701e+00 7.180432046417083214e+00 1.255262891216940124e+00 2.001302437329690199e-03 3.704338452160439488e+01 1.550030251974151874e+01 7.935696354176190459e-01 3.681439999999999824e+00 2.606701440283402189e+04 2.881051391420975417e-03
3.162554911177575701e+00 7.180432046417083214e+00 1.255262891216940124e+00 2.001302437329690199e-03 3.704338452160439488e+01 1.550030228876901539e+01 7.935696503187802398e-01 3.681439999999999824e+00 2.606701440283402189e+04 2.881051391420975417e-03
3.162554911177575701e+00 7.180432046417083214e+00 1.255262891216940124e+00 2.001302437329690199e-03 3.704338452160439488e+01 1.550030228876901539e+01 7.935696354176190459e-01 3.681439999999999824e+00 2.606701479126280537e+04 2.881051391420975417e-03
3.162554911177575701e+00 7.180432046417083214e+00 1.255262891216940124e+00 2.001302437329690199e-03 3.704338452160439488e+01 1.550030228876901539e+01 7.935696354176190459e-01 3.681439999999999824e+00 2.606701440283402189e+04 2.881066292582169265e-03
