3.205843000000000220e+00 7.511125999999999969e+00 1.235333999999999932e+00 1.528337999999999867e-05 3.753042800000000057e+01 1.549994700000000059e+01 7.954442999999999930e-01 3.681439999999999824e+00 2.571453499999999985e+04 0.000000000000000000e+00
3.205843047770783549e+00 7.511125999999999969e+00 1.235333999999999932e+00 1.528337999999999867e-05 3.753042800000000057e+01 1.549994700000000059e+01 7.954442999999999930e-01 3.681439999999999824e+00 2.571453499999999985e+04 0.000000000000000000e+00
3.205843000000000220e+00 7.511126111924498971e+00 1.235333999999999932e+00 1.528337999999999867e-05 3.753042800000000057e+01 1.549994700000000059e+01 7.954442999999999930e-01 3.681439999999999824e+00 2.571453499999999985e+04 0.000000000000000000e+00
3.205843000000000220e+00 7.511125999999999969e+00 1.235334018407910905e+00 1.528337999999999867e-05 3.753042800000000057e+01 1.549994700000000059e+01 7.954442999999999930e-01 3.681439999999999824e+00 2.571453499999999985e+04 0.000000000000000000e+00
3.205843000000000220e+00 7.511125999999999969e+00 1.235333999999999932e+00 1.529828116119384633e-05 3.753042800000000057e+01 1.549994700000000059e+01 7.954442999999999930e-01 3.681439999999999824e+00 2.571453499999999985e+04 0.000000000000000000e+00
3.205843000000000220e+00 7.511125999999999969e+00 1.235333999999999932e+00 1.528337999999999867e-05 3.753042855924695687e+01 1.549994700000000059e+01 7.954442999999999930e-01 3.681439999999999824e+00 2.571453499999999985e+04 0.000000000000000000e+00
3.205843000000000220e+00 7.511125999999999969e+00 1.235333999999999932e+00 1.528337999999999867e-05 3.753042800000000057e+01 1.549994700000000059e+01 7.954442999999999930e-01 3.681439999999999824e+00 2.571453538317642960e+04 0.000000000000000000e+00
3.205843000000000220e+00 7.511125999999999969e+00 1.235333999999999932e+00 1.528337999999999867e-05 3.753042800000000057e+01 1.549994700000000059e+01 7.954442999999999930e-01 3.681439999999999824e+00 2.571453499999999985e+04 1.490116119384765625e-08
3.192277580089321720e+00 7.511125699891915808e+00 1.257201650094740497e+00 1.059684426588918926e+00 4.026153843792389608e+01 1.549994700000000059e+01 7.954442999999999930e-01 3.681439999999999824e+00 2.570504496886828565e+04 2.184613839982597384e-04
3.192277627657964523e+00 7.511125699891915808e+00 1.257201650094740497e+00 1.059684426588918926e+00 4.026153843792389608e+01 1.549994700000000059e+01 7.954442999999999930e-01 3.681439999999999824e+00 2.570504496886828565e+04 2.184613839982597384e-04
3.192277580089321720e+00 7.511125811816410369e+00 1.257201650094740497e+00 1.059684426588918926e+00 4.026153843792389608e+01 1.549994700000000059e+01 7.954442999999999930e-01 3.681439999999999824e+00 2.570504496886828565e+04 2.184613839982597384e-04
3.192277580089321720e+00 7.511125699891915808e+00 1.257201668828505037e+00 1.059684426588918926e+00 4.026153843792389608e+01 1.549994700000000059e+01 7.954442999999999930e-01 3.681439999999999824e+00 2.570504496886828565e+04 2.184613839982597384e-04
3.192277580089321720e+00 7.511125699891915808e+00 1.257201650094740497e+00 1.059684442379447367e+00 4.026153843792389608e+01 1.549994700000000059e+01 7.954442999999999930e-01 3.681439999999999824e+00 2.570504496886828565e+04 2.184613839982597384e-04
3.192277580089321720e+00 7.511125699891915808e+00 1.257201650094740497e+00 1.059684426588918926e+00 4.026153903786757127e+01 1.549994700000000059e+01 7.954442999999999930e-01 3.681439999999999824e+00 2.570504496886828565e+04 2.184613839982597384e-04
3.192277580089321720e+00 7.511125699891915808e+00 1.257201650094740497e+00 1.059684426588918926e+00 4.026153843792389608e+01 1.549994700000000059e+01 7.954442999999999930e-01 3.681439999999999824e+00 2.570504535190330353e+04 2.184613839982597384e-04
3.192277580089321720e+00 7.511125699891915808e+00 1.257201650094740497e+00 1.059684426588918926e+00 4.026153843792389608e+01 1.549994700000000059e+01 7.954442999999999930e-01 3.681439999999999824e+00 2.570504496886828565e+04 2.184762851594535861e-04
3.192308076522648808e+00 7.511116175803793205e+00 1.257213376327022125e+00 1.059684682260854549e+00 4.026153870154844583e+01 1.549994700000000059e+01 7.954442999999999930e-01 3.681439999999999824e+00 2.570504494813997007e+04 9.016281613760882951e-04
3.192308124091745913e+00 7.511116175803793205e+00 1.257213376327022125e+00 1.059684682260854549e+00 4.026153870154844583e+01 1.549994700000000059e+01 7.954442999999999930e-01 3.681439999999999824e+00 2.570504494813997007e+04 9.016281613760882951e-04
3.192308076522648808e+00 7.511116287728145657e+00 1.257213376327022125e+00 1.059684682260854549e+00 4.026153870154844583e+01 1.549994700000000059e+01 7.954442999999999930e-01 3.681439999999999824e+00 2.570504494813997007e+04 9.016281613760882951e-04
3.192308076522648808e+00 7.511116175803793205e+00 1.257213395060961192e+00 1.059684682260854549e+00 4.026153870154844583e+01 1.549994700000000059e+01 7.954442999999999930e-01 3.681439999999999824e+00 2.570504494813997007e+04 9.016281613760882951e-04
3.192308076522648808e+00 7.511116175803793205e+00 1.257213376327022125e+00 1.059684698051386764e+00 4.026153870154844583e+01 1.549994700000000059e+01 7.954442999999999930e-01 3.681439999999999824e+00 2.570504494813997007e+04 9.016281613760882951e-04
3.192308076522648808e+00 7.511116175803793205e+00 1.257213376327022125e+00 1.059684682260854549e+00 4.026153930149212101e+01 1.549994700000000059e+01 7.954442999999999930e-01 3.681439999999999824e+00 2.570504494813997007e+04 9.016281613760882951e-04
3.192308076522648808e+00 7.511116175803793205e+00 1.257213376327022125e+00 1.059684682260854549e+00 4.026153870154844583e+01 1.549994700000000059e+01 7.954442999999999930e-01 3.681439999999999824e+00 2.570504533117498795e+04 9.016281613760882951e-04
3.192308076522648808e+00 7.511116175803793205e+00 1.257213376327022125e+00 1.059684682260854549e+00 4.026153870154844583e+01 1.549994700000000059e+01 7.954442999999999930e-01 3.681439999999999824e+00 2.570504494813997007e+04 9.016430625372821427e-04
3.199623532811306958e+00 8.115323478236744492e+00 1.230360108989229762e+00 1.038540347841132139e+00 4.040922269405307077e+01 1.549994700000000059e+01 7.954442999999999930e-01 3.681439999999999824e+00 2.554029660669668374e+04 2.502179627543232865e-03
3.199623580489412866e+00 8.115323478236744492e+00 1.230360108989229762e+00 1.038540347841132139e+00 4.040922269405307077e+01 1.549994700000000059e+01 7.954442999999999930e-01 3.681439999999999824e+00 2.554029660669668374e+04 2.502179627543232865e-03
3.199623532811306958e+00 8.115323599164486978e+00 1.230360108989229762e+00 1.038540347841132139e+00 4.040922269405307077e+01 1.549994700000000059e+01 7.954442999999999930e-01 3.681439999999999824e+00 2.554029660669668374e+04 2.502179627543232865e-03
3.199623532811306958e+00 8.115323478236744492e+00 1.230360127323024022e+00 1.038540347841132139e+00 4.040922269405307077e+01 1.549994700000000059e+01 7.954442999999999930e-01 3.681439999999999824e+00 2.554029660669668374e+04 2.502179627543232865e-03
3.199623532811306958e+00 8.115323478236744492e+00 1.230360108989229762e+00 1.038540363316589277e+00 4.040922269405307077e+01 1.549994700000000059e+01 7.954442999999999930e-01 3.681439999999999824e+00 2.554029660669668374e+04 2.502179627543232865e-03
3.199623532811306958e+00 8.115323478236744492e+00 1.230360108989229762e+00 1.038540347841132139e+00 4.040922329619741049e+01 1.549994700000000059e+01 7.954442999999999930e-01 3.681439999999999824e+00 2.554029660669668374e+04 2.502179627543232865e-03
3.199623532811306958e+00 8.115323478236744492e+00 1.230360108989229762e+00 1.038540347841132139e+00 4.040922269405307077e+01 1.549994700000000059e+01 7.954442999999999930e-01 3.681439999999999824e+00 2.554029698727676077e+04 2.502179627543232865e-03
3.199623532811306958e+00 8.115323478236744492e+00 1.230360108989229762e+00 1.038540347841132139e+00 4.040922269405307077e+01 1.549994700000000059e+01 7.954442999999999930e-01 3.681439999999999824e+00 2.554029660669668374e+04 2.502194528704426713e-03
3.197274260707738680e+00 8.220299045919730929e+00 1.220825366623240926e+00 1.022231061454746071e+00 4.040049325566639737e+01 1.549994700000000059e+01 7.954442999999999930e-01 3.681439999999999824e+00 2.521079771569448349e+04 2.397210167284336002e-03
3.197274308350837924e+00 8.220299045919730929e+00 1.220825366623240926e+00 1.022231061454746071e+00 4.040049325566639737e+01 1.549994700000000059e+01 7.954442999999999930e-01 3.681439999999999824e+00 2.521079771569448349e+04 2.397210167284336002e-03
3.197274260707738680e+00 8.220299168411731472e+00 1.220825366623240926e+00 1.022231061454746071e+00 4.040049325566639737e+01 1.549994700000000059e+01 7.954442999999999930e-01 3.681439999999999824e+00 2.521079771569448349e+04 2.397210167284336002e-03
3.197274260707738680e+00 8.220299045919730929e+00 1.220825384814956394e+00 1.022231061454746071e+00 4.040049325566639737e+01 1.549994700000000059e+01 7.954442999999999930e-01 3.681439999999999824e+00 2.521079771569448349e+04 2.397210167284336002e-03
3.197274260707738680e+00 8.220299045919730929e+00 1.220825366623240926e+00 1.022231076687175833e+00 4.040049325566639737e+01 1.549994700000000059e+01 7.954442999999999930e-01 3.681439999999999824e+00 2.521079771569448349e+04 2.397210167284336002e-03
3.197274260707738680e+00 8.220299045919730929e+00 1.220825366623240926e+00 1.022231061454746071e+00 4.040049385768065804e+01 1.549994700000000059e+01 7.954442999999999930e-01 3.681439999999999824e+00 2.521079771569448349e+04 2.397210167284336002e-03
3.197274260707738680e+00 8.220299045919730929e+00 1.220825366623240926e+00 1.022231061454746071e+00 4.040049325566639737e+01 1.549994700000000059e+01 7.954442999999999930e-01 3.681439999999999824e+00 2.521079809136464246e+04 2.397210167284336002e-03
3.197274260707738680e+00 8.220299045919730929e+00 1.220825366623240926e+00 1.022231061454746071e+00 4.040049325566639737e+01 1.549994700000000059e+01 7.954442999999999930e-01 3.681439999999999824e+00 2.521079771569448349e+04 2.397225068445529850e-03
3.192746591235479325e+00 8.355808361321674482e+00 1.199808435657057970e+00 9.173677674791397285e-01 4.051431141508856371e+01 1.549994700000000059e+01 7.954442999999999930e-01 3.681439999999999824e+00 2.455179992185001538e+04 2.219452257736189826e-03
3.196190825038419447e+00 8.257287552718192813e+00 1.214625450758241909e+00 9.275003229393261606e-01 4.054650837529452190e+01 1.549994700000000059e+01 7.954442999999999930e-01 3.681439999999999824e+00 2.504604829407239595e+04 2.357185726239409678e-03
3.196190872665374272e+00 8.257287552718192813e+00 1.214625450758241909e+00 9.275003229393261606e-01 4.054650837529452190e+01 1.549994700000000059e+01 7.954442999999999930e-01 3.681439999999999824e+00 2.504604829407239595e+04 2.357185726239409678e-03
3.196190825038419447e+00 8.257287675761364909e+00 1.214625450758241909e+00 9.275003229393261606e-01 4.054650837529452190e+01 1.549994700000000059e+01 7.954442999999999930e-01 3.681439999999999824e+00 2.504604829407239595e+04 2.357185726239409678e-03
3.196190825038419447e+00 8.257287552718192813e+00 1.214625468857571500e+00 9.275003229393261606e-01 4.054650837529452190e+01 1.549994700000000059e+01 7.954442999999999930e-01 3.681439999999999824e+00 2.504604829407239595e+04 2.357185726239409678e-03
3.196190825038419447e+00 8.257287552718192813e+00 1.214625450758241909e+00 9.275003378404873544e-01 4.054650837529452190e+01 1.549994700000000059e+01 7.954442999999999930e-01 3.681439999999999824e+00 2.504604829407239595e+04 2.357185726239409678e-03
3.196190825038419447e+00 8.257287552718192813e+00 1.214625450758241909e+00 9.275003229393261606e-01 4.054650897948457811e+01 1.549994700000000059e+01 7.954442999999999930e-01 3.681439999999999824e+00 2.504604829407239595e+04 2.357185726239409678e-03
3.196190825038419447e+00 8.257287552718192813e+00 1.214625450758241909e+00 9.275003229393261606e-01 4.054650837529452190e+01 1.549994700000000059e+01 7.954442999999999930e-01 3.681439999999999824e+00 2.504604866728759953e+04 2.357185726239409678e-03
3.196190825038419447e+00 8.257287552718192813e+00 1.214625450758241909e+00 9.275003229393261606e-01 4.054650837529452190e+01 1.549994700000000059e+01 7.954442999999999930e-01 3.681439999999999824e+00 2.504604829407239595e+04 2.357200627400603526e-03
3.182345597310700214e+00 8.257275758192418991e+00 1.228881509670394445e+00 1.739217753362876095e-02 4.264086366772027503e+01 1.549994700000000059e+01 7.954442999999999930e-01 3.681439999999999824e+00 2.483618082082029287e+04 2.301060099101893096e-03
3.182345644731344958e+00 8.257275758192418991e+00 1.228881509670394445e+00 1.739217753362876095e-02 4.264086366772027503e+01 1.549994700000000059e+01 7.954442999999999930e-01 3.681439999999999824e+00 2.483618082082029287e+04 2.301060099101893096e-03
3.182345597310700214e+00 8.257275881235415227e+00 1.228881509670394445e+00 1.739217753362876095e-02 4.264086366772027503e+01 1.549994700000000059e+01 7.954442999999999930e-01 3.681439999999999824e+00 2.483618082082029287e+04 2.301060099101893096e-03
3.182345597310700214e+00 8.257275758192418991e+00 1.228881527982155886e+00 1.739217753362876095e-02 4.264086366772027503e+01 1.549994700000000059e+01 7.954442999999999930e-01 3.681439999999999824e+00 2.483618082082029287e+04 2.301060099101893096e-03
3.182345597310700214e+00 8.257275758192418991e+00 1.228881509670394445e+00 1.739219243478995480e-02 4.264086366772027503e+01 1.549994700000000059e+01 7.954442999999999930e-01 3.681439999999999824e+00 2.483618082082029287e+04 2.301060099101893096e-03
3.182345597310700214e+00 8.257275758192418991e+00 1.228881509670394445e+00 1.739217753362876095e-02 4.264086430311866138e+01 1.549994700000000059e+01 7.954442999999999930e-01 3.681439999999999824e+00 2.483618082082029287e+04 2.301060099101893096e-03
3.182345597310700214e+00 8.257275758192418991e+00 1.228881509670394445e+00 1.739217753362876095e-02 4.264086366772027503e+01 1.549994700000000059e+01 7.954442999999999930e-01 3.681439999999999824e+00 2.483618119090822802e+04 2.301060099101893096e-03
3.182345597310700214e+00 8.257275758192418991e+00 1.228881509670394445e+00 1.739217753362876095e-02 4.264086366772027503e+01 1.549994700000000059e+01 7.954442999999999930e-01 3.681439999999999824e+00 2.483618082082029287e+04 2.301075000263086943e-03
3.179288741946391106e+00 8.327210816622796941e+00 1.221287777498101024e+00 1.679437258491267224e-02 4.259724097125523201e+01 1.549994700000000059e+01 7.954442999999999930e-01 3.681439999999999824e+00 2.450668192018597256e+04 2.210634547883937387e-03
3.179288789321485176e+00 8.327210816622796941e+00 1.221287777498101024e+00 1.679437258491267224e-02 4.259724097125523201e+01 1.549994700000000059e+01 7.954442999999999930e-01 3.681439999999999824e+00 2.450668192018597256e+04 2.210634547883937387e-03
3.179288741946391106e+00 8.327210940707907127e+00 1.221287777498101024e+00 1.679437258491267224e-02 4.259724097125523201e+01 1.549994700000000059e+01 7.954442999999999930e-01 3.681439999999999824e+00 2.450668192018597256e+04 2.210634547883937387e-03
3.179288741946391106e+00 8.327210816622796941e+00 1.221287795696706979e+00 1.679437258491267224e-02 4.259724097125523201e+01 1.549994700000000059e+01 7.954442999999999930e-01 3.681439999999999824e+00 2.450668192018597256e+04 2.210634547883937387e-03
3.179288741946391106e+00 8.327210816622796941e+00 1.221287777498101024e+00 1.679438748607386608e-02 4.259724097125523201e+01 1.549994700000000059e+01 7.954442999999999930e-01 3.681439999999999824e+00 2.450668192018597256e+04 2.210634547883937387e-03
3.179288741946391106e+00 8.327210816622796941e+00 1.221287777498101024e+00 1.679437258491267224e-02 4.259724160600358545e+01 1.549994700000000059e+01 7.954442999999999930e-01 3.681439999999999824e+00 2.450668192018597256e+04 2.210634547883937387e-03
3.179288741946391106e+00 8.327210816622796941e+00 1.221287777498101024e+00 1.679437258491267224e-02 4.259724097125523201e+01 1.549994700000000059e+01 7.954442999999999930e-01 3.681439999999999824e+00 2.450668228536398965e+04 2.210634547883937387e-03
3.179288741946391106e+00 8.327210816622796941e+00 1.221287777498101024e+00 1.679437258491267224e-02 4.259724097125523201e+01 1.549994700000000059e+01 7.954442999999999930e-01 3.681439999999999824e+00 2.450668192018597256e+04 2.210649449045131235e-03
3.178977712801625000e+00 8.327211017830466133e+00 1.221592871448283768e+00 5.952652489369235356e-03 4.265317751564468551e+01 1.549994700000000059e+01 7.954442999999999930e-01 3.681439999999999824e+00 2.450136600498971166e+04 2.209158046704946896e-03
3.178977760172084110e+00 8.327211017830466133e+00 1.221592871448283768e+00 5.952652489369235356e-03 4.265317751564468551e+01 1.549994700000000059e+01 7.954442999999999930e-01 3.681439999999999824e+00 2.450136600498971166e+04 2.209158046704946896e-03
3.178977712801625000e+00 8.327211141915579873e+00 1.221592871448283768e+00 5.952652489369235356e-03 4.265317751564468551e+01 1.549994700000000059e+01 7.954442999999999930e-01 3.681439999999999824e+00 2.450136600498971166e+04 2.209158046704946896e-03
3.178977712801625000e+00 8.327211017830466133e+00 1.221592889651436087e+00 5.952652489369235356e-03 4.265317751564468551e+01 1.549994700000000059e+01 7.954442999999999930e-01 3.681439999999999824e+00 2.450136600498971166e+04 2.209158046704946896e-03
3.178977712801625000e+00 8.327211017830466133e+00 1.221592871448283768e+00 5.952667390530429203e-03 4.265317751564468551e+01 1.549994700000000059e+01 7.954442999999999930e-01 3.681439999999999824e+00 2.450136600498971166e+04 2.209158046704946896e-03
3.178977712801625000e+00 8.327211017830466133e+00 1.221592871448283768e+00 5.952652489369235356e-03 4.265317815122656242e+01 1.549994700000000059e+01 7.954442999999999930e-01 3.681439999999999824e+00 2.450136600498971166e+04 2.209158046704946896e-03
3.178977712801625000e+00 8.327211017830466133e+00 1.221592871448283768e+00 5.952652489369235356e-03 4.265317751564468551e+01 1.549994700000000059e+01 7.954442999999999930e-01 3.681439999999999824e+00 2.450136637008851540e+04 2.209158046704946896e-03
3.178977712801625000e+00 8.327211017830466133e+00 1.221592871448283768e+00 5.952652489369235356e-03 4.265317751564468551e+01 1.549994700000000059e+01 7.954442999999999930e-01 3.681439999999999824e+00 2.450136600498971166e+04 2.209172947866140744e-03
3.154272240446307940e+00 9.219207796442933756e+00 1.152568117789298796e+00 1.705209234686591406e-03 4.231365558173995822e+01 1.549994700000000059e+01 7.954442999999999930e-01 3.681439999999999824e+00 2.043650264851097745e+04 1.031222677993811525e-03
3.172662051747265899e+00 8.550053860166448416e+00 1.203502871601925150e+00 2.871867782612796786e-03 4.262543208815738893e+01 1.549994700000000059e+01 7.954442999999999930e-01 3.681439999999999824e+00 2.348516474231921893e+04 1.916444512574179936e-03
3.172662099023614513e+00 8.550053860166448416e+00 1.203502871601925150e+00 2.871867782612796786e-03 4.262543208815738893e+01 1.549994700000000059e+01 7.954442999999999930e-01 3.681439999999999824e+00 2.348516474231921893e+04 1.916444512574179936e-03
3.172662051747265899e+00 8.550053987572178826e+00 1.203502871601925150e+00 2.871867782612796786e-03 4.262543208815738893e+01 1.549994700000000059e+01 7.954442999999999930e-01 3.681439999999999824e+00 2.348516474231921893e+04 1.916444512574179936e-03
3.172662051747265899e+00 8.550053860166448416e+00 1.203502889535515541e+00 2.871867782612796786e-03 4.262543208815738893e+01 1.549994700000000059e+01 7.954442999999999930e-01 3.681439999999999824e+00 2.348516474231921893e+04 1.916444512574179936e-03
3.172662051747265899e+00 8.550053860166448416e+00 1.203502871601925150e+00 2.871882683773990634e-03 4.262543208815738893e+01 1.549994700000000059e+01 7.954442999999999930e-01 3.681439999999999824e+00 2.348516474231921893e+04 1.916444512574179936e-03
3.172662051747265899e+00 8.550053860166448416e+00 1.203502871601925150e+00 2.871867782612796786e-03 4.262543272332582234e+01 1.549994700000000059e+01 7.954442999999999930e-01 3.681439999999999824e+00 2.348516474231921893e+04 1.916444512574179936e-03
3.172662051747265899e+00 8.550053860166448416e+00 1.203502871601925150e+00 2.871867782612796786e-03 4.262543208815738893e+01 1.549994700000000059e+01 7.954442999999999930e-01 3.681439999999999824e+00 2.348516509227544520e+04 1.916444512574179936e-03
3.172662051747265899e+00 8.550053860166448416e+00 1.203502871601925150e+00 2.871867782612796786e-03 4.262543208815738893e+01 1.549994700000000059e+01 7.954442999999999930e-01 3.681439999999999824e+00 2.348516474231921893e+04 1.916459413735373783e-03
3.172015229334056219e+00 8.559551883176355958e+00 1.202338757955580650e+00 2.727518556925556410e-03 4.261649080624635388e+01 1.549994700000000059e+01 7.954442999999999930e-01 3.681439999999999824e+00 2.347217262640783156e+04 1.908766343625500992e-03
3.172015276600766320e+00 8.559551883176355958e+00 1.202338757955580650e+00 2.727518556925556410e-03 4.261649080624635388e+01 1.549994700000000059e+01 7.954442999999999930e-01 3.681439999999999824e+00 2.347217262640783156e+04 1.908766343625500992e-03
3.172015229334056219e+00 8.559552010723617599e+00 1.202338757955580650e+00 2.727518556925556410e-03 4.261649080624635388e+01 1.549994700000000059e+01 7.954442999999999930e-01 3.681439999999999824e+00 2.347217262640783156e+04 1.908766343625500992e-03
3.172015229334056219e+00 8.559551883176355958e+00 1.202338775871824250e+00 2.727518556925556410e-03 4.261649080624635388e+01 1.549994700000000059e+01 7.954442999999999930e-01 3.681439999999999824e+00 2.347217262640783156e+04 1.908766343625500992e-03
3.172015229334056219e+00 8.559551883176355958e+00 1.202338757955580650e+00 2.727533458086750257e-03 4.261649080624635388e+01 1.549994700000000059e+01 7.954442999999999930e-01 3.681439999999999824e+00 2.347217262640783156e+04 1.908766343625500992e-03
3.172015229334056219e+00 8.559551883176355958e+00 1.202338757955580650e+00 2.727518556925556410e-03 4.261649144128155342e+01 1.549994700000000059e+01 7.954442999999999930e-01 3.681439999999999824e+00 2.347217262640783156e+04 1.908766343625500992e-03
3.172015229334056219e+00 8.559551883176355958e+00 1.202338757955580650e+00 2.727518556925556410e-03 4.261649080624635388e+01 1.549994700000000059e+01 7.954442999999999930e-01 3.681439999999999824e+00 2.347217297617045915e+04 1.908766343625500992e-03
3.172015229334056219e+00 8.559551883176355958e+00 1.202338757955580650e+00 2.727518556925556410e-03 4.261649080624635388e+01 1.549994700000000059e+01 7.954442999999999930e-01 3.681439999999999824e+00 2.347217262640783156e+04 1.908781244786694840e-03
3.155619946962961997e+00 9.201239280316327651e+00 1.154205765944513296e+00 1.187649729393620195e-03 4.238146400518598256e+01 1.549994700000000059e+01 7.954442999999999930e-01 3.681439999999999824e+00 2.069337973769664313e+04 1.047922688174508874e-03
3.167705329940305958e+00 8.719599293818742325e+00 1.190234832908648510e+00 1.561730698985972507e-03 4.258005207443465423e+01 1.549994700000000059e+01 7.954442999999999930e-01 3.681439999999999824e+00 2.277747906814318412e+04 1.693530034734756686e-03
3.167705377142793655e+00 8.719599293818742325e+00 1.190234832908648510e+00 1.561730698985972507e-03 4.258005207443465423e+01 1.549994700000000059e+01 7.954442999999999930e-01 3.681439999999999824e+00 2.277747906814318412e+04 1.693530034734756686e-03
3.167705329940305958e+00 8.719599423750896250e+00 1.190234832908648510e+00 1.561730698985972507e-03 4.258005207443465423e+01 1.549994700000000059e+01 7.954442999999999930e-01 3.681439999999999824e+00 2.277747906814318412e+04 1.693530034734756686e-03
3.167705329940305958e+00 8.719599293818742325e+00 1.190234850644529718e+00 1.561730698985972507e-03 4.258005207443465423e+01 1.549994700000000059e+01 7.954442999999999930e-01 3.681439999999999824e+00 2.277747906814318412e+04 1.693530034734756686e-03
3.167705329940305958e+00 8.719599293818742325e+00 1.190234832908648510e+00 1.561745600147166355e-03 4.258005207443465423e+01 1.549994700000000059e+01 7.954442999999999930e-01 3.681439999999999824e+00 2.277747906814318412e+04 1.693530034734756686e-03
3.167705329940305958e+00 8.719599293818742325e+00 1.190234832908648510e+00 1.561730698985972507e-03 4.258005270892687122e+01 1.549994700000000059e+01 7.954442999999999930e-01 3.681439999999999824e+00 2.277747906814318412e+04 1.693530034734756686e-03
3.167705329940305958e+00 8.719599293818742325e+00 1.190234832908648510e+00 1.561730698985972507e-03 4.258005207443465423e+01 1.549994700000000059e+01 7.954442999999999930e-01 3.681439999999999824e+00 2.277747940755407035e+04 1.693530034734756686e-03
3.167705329940305958e+00 8.719599293818742325e+00 1.190234832908648510e+00 1.561730698985972507e-03 4.258005207443465423e+01 1.549994700000000059e+01 7.954442999999999930e-01 3.681439999999999824e+00 2.277747906814318412e+04 1.693544935895950534e-03
3.167172133137952539e+00 8.729588136081812166e+00 1.189676889734881282e+00 1.448024582762872043e-03 4.257259350645530560e+01 1.549994700000000059e+01 7.954442999999999930e-01 3.681439999999999824e+00 2.277294181756389662e+04 1.688123555531001333e-03
3.167172180332495035e+00 8.729588136081812166e+00 1.189676889734881282e+00 1.448024582762872043e-03 4.257259350645530560e+01 1.549994700000000059e+01 7.954442999999999930e-01 3.681439999999999824e+00 2.277294181756389662e+04 1.688123555531001333e-03
3.167172133137952539e+00 8.729588266162812360e+00 1.189676889734881282e+00 1.448024582762872043e-03 4.257259350645530560e+01 1.549994700000000059e+01 7.954442999999999930e-01 3.681439999999999824e+00 2.277294181756389662e+04 1.688123555531001333e-03
3.167172133137952539e+00 8.729588136081812166e+00 1.189676907462448474e+00 1.448024582762872043e-03 4.257259350645530560e+01 1.549994700000000059e+01 7.954442999999999930e-01 3.681439999999999824e+00 2.277294181756389662e+04 1.688123555531001333e-03
3.167172133137952539e+00 8.729588136081812166e+00 1.189676889734881282e+00 1.448039483924065890e-03 4.257259350645530560e+01 1.549994700000000059e+01 7.954442999999999930e-01 3.681439999999999824e+00 2.277294181756389662e+04 1.688123555531001333e-03
3.167172133137952539e+00 8.729588136081812166e+00 1.189676889734881282e+00 1.448024582762872043e-03 4.257259414083638660e+01 1.549994700000000059e+01 7.954442999999999930e-01 3.681439999999999824e+00 2.277294181756389662e+04 1.688123555531001333e-03
3.167172133137952539e+00 8.729588136081812166e+00 1.189676889734881282e+00 1.448024582762872043e-03 4.257259350645530560e+01 1.549994700000000059e+01 7.954442999999999930e-01 3.681439999999999824e+00 2.277294215690717465e+04 1.688123555531001333e-03
3.167172133137952539e+00 8.729588136081812166e+00 1.189676889734881282e+00 1.448024582762872043e-03 4.257259350645530560e+01 1.549994700000000059e+01 7.954442999999999930e-01 3.681439999999999824e+00 2.277294181756389662e+04 1.688138456692195180e-03
3.159237724839598194e+00 9.075493873024214508e+00 1.165408693746301960e+00 4.614201194361163081e-04 4.247454807469730298e+01 1.549994700000000059e+01 7.954442999999999930e-01 3.681439999999999824e+00 2.140453884730922437e+04 1.244499994851031889e-03
3.164954601453793703e+00 8.815394373436976849e+00 1.183601455482135467e+00 6.151807225434267846e-04 4.257343310854506058e+01 1.549994700000000059e+01 7.954442999999999930e-01 3.681439999999999824e+00 2.243085132130267084e+04 1.577111980367062669e-03
3.164954648615292410e+00 8.815394373436976849e+00 1.183601455482135467e+00 6.151807225434267846e-04 4.257343310854506058e+01 1.549994700000000059e+01 7.954442999999999930e-01 3.681439999999999824e+00 2.243085132130267084e+04 1.577111980367062669e-03
3.164954601453793703e+00 8.815394504796589814e+00 1.183601455482135467e+00 6.151807225434267846e-04 4.257343310854506058e+01 1.549994700000000059e+01 7.954442999999999930e-01 3.681439999999999824e+00 2.243085132130267084e+04 1.577111980367062669e-03
3.164954601453793703e+00 8.815394373436976849e+00 1.183601473119171521e+00 6.151807225434267846e-04 4.257343310854506058e+01 1.549994700000000059e+01 7.954442999999999930e-01 3.681439999999999824e+00 2.243085132130267084e+04 1.577111980367062669e-03
3.164954601453793703e+00 8.815394373436976849e+00 1.183601455482135467e+00 6.151956237046206323e-04 4.257343310854506058e+01 1.549994700000000059e+01 7.954442999999999930e-01 3.681439999999999824e+00 2.243085132130267084e+04 1.577111980367062669e-03
3.164954601453793703e+00 8.815394373436976849e+00 1.183601455482135467e+00 6.151807225434267846e-04 4.257343374293864713e+01 1.549994700000000059e+01 7.954442999999999930e-01 3.681439999999999824e+00 2.243085132130267084e+04 1.577111980367062669e-03
3.164954601453793703e+00 8.815394373436976849e+00 1.183601455482135467e+00 6.151807225434267846e-04 4.257343310854506058e+01 1.549994700000000059e+01 7.954442999999999930e-01 3.681439999999999824e+00 2.243085165554840205e+04 1.577111980367062669e-03
3.164954601453793703e+00 8.815394373436976849e+00 1.183601455482135467e+00 6.151807225434267846e-04 4.257343310854506058e+01 1.549994700000000059e+01 7.954442999999999930e-01 3.681439999999999824e+00 2.243085132130267084e+04 1.577126881528256516e-03
3.164609347502176373e+00 8.817263208121300266e+00 1.183151854205616749e+00 5.128409891876290275e-04 4.256810248333415103e+01 1.549994700000000059e+01 7.954442999999999930e-01 3.681439999999999824e+00 2.242631406099061860e+04 1.573812087934284591e-03
3.164609394658530306e+00 8.817263208121300266e+00 1.183151854205616749e+00 5.128409891876290275e-04 4.256810248333415103e+01 1.549994700000000059e+01 7.954442999999999930e-01 3.681439999999999824e+00 2.242631406099061860e+04 1.573812087934284591e-03
3.164609347502176373e+00 8.817263339508761177e+00 1.183151854205616749e+00 5.128409891876290275e-04 4.256810248333415103e+01 1.549994700000000059e+01 7.954442999999999930e-01 3.681439999999999824e+00 2.242631406099061860e+04 1.573812087934284591e-03
3.164609347502176373e+00 8.817263208121300266e+00 1.183151871835953273e+00 5.128409891876290275e-04 4.256810248333415103e+01 1.549994700000000059e+01 7.954442999999999930e-01 3.681439999999999824e+00 2.242631406099061860e+04 1.573812087934284591e-03
3.164609347502176373e+00 8.817263208121300266e+00 1.183151854205616749e+00 5.128558903488228751e-04 4.256810248333415103e+01 1.549994700000000059e+01 7.954442999999999930e-01 3.681439999999999824e+00 2.242631406099061860e+04 1.573812087934284591e-03
3.164609347502176373e+00 8.817263208121300266e+00 1.183151854205616749e+00 5.128409891876290275e-04 4.256810311764830601e+01 1.549994700000000059e+01 7.954442999999999930e-01 3.681439999999999824e+00 2.242631406099061860e+04 1.573812087934284591e-03
3.164609347502176373e+00 8.817263208121300266e+00 1.183151854205616749e+00 5.128409891876290275e-04 4.256810248333415103e+01 1.549994700000000059e+01 7.954442999999999930e-01 3.681439999999999824e+00 2.242631439516873797e+04 1.573812087934284591e-03
3.164609347502176373e+00 8.817263208121300266e+00 1.183151854205616749e+00 5.128409891876290275e-04 4.256810248333415103e+01 1.549994700000000059e+01 7.954442999999999930e-01 3.681439999999999824e+00 2.242631406099061860e+04 1.573826989095478439e-03
3.112864503098260016e+00 9.032160660310262656e+00 1.161768725310331041e+00 7.634588501716265199e-04 4.679358165108557444e+01 1.549994700000000059e+01 7.954442999999999930e-01 3.681439999999999824e+00 2.122376058208902396e+04 1.174605780433869012e-03
3.161899852925829091e+00 8.906365195545156155e+00 1.177269713819686370e+00 5.020339859557550102e-04 4.257193854324683713e+01 1.549994700000000059e+01 7.954442999999999930e-01 3.681439999999999824e+00 2.208660863631301618e+04 1.460935557998289513e-03
3.161899900041808653e+00 8.906365195545156155e+00 1.177269713819686370e+00 5.020339859557550102e-04 4.257193854324683713e+01 1.549994700000000059e+01 7.954442999999999930e-01 3.681439999999999824e+00 2.208660863631301618e+04 1.460935557998289513e-03
3.161899852925829091e+00 8.906365328260338998e+00 1.177269713819686370e+00 5.020339859557550102e-04 4.257193854324683713e+01 1.549994700000000059e+01 7.954442999999999930e-01 3.681439999999999824e+00 2.208660863631301618e+04 1.460935557998289513e-03
3.161899852925829091e+00 8.906365195545156155e+00 1.177269731362372118e+00 5.020339859557550102e-04 4.257193854324683713e+01 1.549994700000000059e+01 7.954442999999999930e-01 3.681439999999999824e+00 2.208660863631301618e+04 1.460935557998289513e-03
3.161899852925829091e+00 8.906365195545156155e+00 1.177269713819686370e+00 5.020488871169488578e-04 4.257193854324683713e+01 1.549994700000000059e+01 7.954442999999999930e-01 3.681439999999999824e+00 2.208660863631301618e+04 1.460935557998289513e-03
3.161899852925829091e+00 8.906365195545156155e+00 1.177269713819686370e+00 5.020339859557550102e-04 4.257193917761815527e+01 1.549994700000000059e+01 7.954442999999999930e-01 3.681439999999999824e+00 2.208660863631301618e+04 1.460935557998289513e-03
3.161899852925829091e+00 8.906365195545156155e+00 1.177269713819686370e+00 5.020339859557550102e-04 4.257193854324683713e+01 1.549994700000000059e+01 7.954442999999999930e-01 3.681439999999999824e+00 2.208660896542913179e+04 1.460935557998289513e-03
3.161899852925829091e+00 8.906365195545156155e+00 1.177269713819686370e+00 5.020339859557550102e-04 4.257193854324683713e+01 1.549994700000000059e+01 7.954442999999999930e-01 3.681439999999999824e+00 2.208660863631301618e+04 1.460950459159483360e-03
3.156803101746839424e+00 9.087451347780113764e+00 1.164969160151505312e+00 1.138327888662706315e-03 4.271210892415243165e+01 1.549994700000000059e+01 7.954442999999999930e-01 3.681439999999999824e+00 2.141269874213799631e+04 1.229346835845798042e-03
3.160982290620039770e+00 8.951784961989687872e+00 1.174137293064123622e+00 7.184729174992931762e-04 4.257351417933742965e+01 1.549994700000000059e+01 7.954442999999999930e-01 3.681439999999999824e+00 2.191805373541150766e+04 1.401107603915826595e-03
3.160982337722346269e+00 8.951784961989687872e+00 1.174137293064123622e+00 7.184729174992931762e-04 4.257351417933742965e+01 1.549994700000000059e+01 7.954442999999999930e-01 3.681439999999999824e+00 2.191805373541150766e+04 1.401107603915826595e-03
3.160982290620039770e+00 8.951785095381678659e+00 1.174137293064123622e+00 7.184729174992931762e-04 4.257351417933742965e+01 1.549994700000000059e+01 7.954442999999999930e-01 3.681439999999999824e+00 2.191805373541150766e+04 1.401107603915826595e-03
3.160982290620039770e+00 8.951784961989687872e+00 1.174137310560132708e+00 7.184729174992931762e-04 4.257351417933742965e+01 1.549994700000000059e+01 7.954442999999999930e-01 3.681439999999999824e+00 2.191805373541150766e+04 1.401107603915826595e-03
3.160982290620039770e+00 8.951784961989687872e+00 1.174137293064123622e+00 7.184878186604870239e-04 4.257351417933742965e+01 1.549994700000000059e+01 7.954442999999999930e-01 3.681439999999999824e+00 2.191805373541150766e+04 1.401107603915826595e-03
3.160982290620039770e+00 8.951784961989687872e+00 1.174137293064123622e+00 7.184729174992931762e-04 4.257351481373222413e+01 1.549994700000000059e+01 7.954442999999999930e-01 3.681439999999999824e+00 2.191805373541150766e+04 1.401107603915826595e-03
3.160982290620039770e+00 8.951784961989687872e+00 1.174137293064123622e+00 7.184729174992931762e-04 4.257351417933742965e+01 1.549994700000000059e+01 7.954442999999999930e-01 3.681439999999999824e+00 2.191805406201595906e+04 1.401107603915826595e-03
3.160982290620039770e+00 8.951784961989687872e+00 1.174137293064123622e+00 7.184729174992931762e-04 4.257351417933742965e+01 1.549994700000000059e+01 7.954442999999999930e-01 3.681439999999999824e+00 2.191805373541150766e+04 1.401122505077020443e-03
3.160776946710179391e+00 8.950966161440785385e+00 1.174054962229861054e+00 4.798915993893031412e-04 4.257010733198640651e+01 1.549994700000000059e+01 7.954442999999999930e-01 3.681439999999999824e+00 2.191578512174982825e+04 1.399106450635174796e-03
3.160776993809426116e+00 8.950966161440785385e+00 1.174054962229861054e+00 4.798915993893031412e-04 4.257010733198640651e+01 1.549994700000000059e+01 7.954442999999999930e-01 3.681439999999999824e+00 2.191578512174982825e+04 1.399106450635174796e-03
3.160776946710179391e+00 8.950966294820574376e+00 1.174054962229861054e+00 4.798915993893031412e-04 4.257010733198640651e+01 1.549994700000000059e+01 7.954442999999999930e-01 3.681439999999999824e+00 2.191578512174982825e+04 1.399106450635174796e-03
3.160776946710179391e+00 8.950966161440785385e+00 1.174054979724643344e+00 4.798915993893031412e-04 4.257010733198640651e+01 1.549994700000000059e+01 7.954442999999999930e-01 3.681439999999999824e+00 2.191578512174982825e+04 1.399106450635174796e-03
3.160776946710179391e+00 8.950966161440785385e+00 1.174054962229861054e+00 4.799065005504969889e-04 4.257010733198640651e+01 1.549994700000000059e+01 7.954442999999999930e-01 3.681439999999999824e+00 2.191578512174982825e+04 1.399106450635174796e-03
3.160776946710179391e+00 8.950966161440785385e+00 1.174054962229861054e+00 4.798915993893031412e-04 4.257010796633043981e+01 1.549994700000000059e+01 7.954442999999999930e-01 3.681439999999999824e+00 2.191578512174982825e+04 1.399106450635174796e-03
3.160776946710179391e+00 8.950966161440785385e+00 1.174054962229861054e+00 4.798915993893031412e-04 4.257010733198640651e+01 1.549994700000000059e+01 7.954442999999999930e-01 3.681439999999999824e+00 2.191578544832047555e+04 1.399106450635174796e-03
3.160776946710179391e+00 8.950966161440785385e+00 1.174054962229861054e+00 4.798915993893031412e-04 4.257010733198640651e+01 1.549994700000000059e+01 7.954442999999999930e-01 3.681439999999999824e+00 2.191578512174982825e+04 1.399121351796368644e-03
3.156665973863256092e+00 9.125010557280482715e+00 1.162870996026298842e+00 3.083709678341882031e-05 4.251534851709826768e+01 1.549994700000000059e+01 7.954442999999999930e-01 3.681439999999999824e+00 2.130251138083227124e+04 1.188659407538828752e-03
3.156666020901244707e+00 9.125010557280482715e+00 1.162870996026298842e+00 3.083709678341882031e-05 4.251534851709826768e+01 1.549994700000000059e+01 7.954442999999999930e-01 3.681439999999999824e+00 2.130251138083227124e+04 1.188659407538828752e-03
3.156665973863256092e+00 9.125010693253736704e+00 1.162870996026298842e+00 3.083709678341882031e-05 4.251534851709826768e+01 1.549994700000000059e+01 7.954442999999999930e-01 3.681439999999999824e+00 2.130251138083227124e+04 1.188659407538828752e-03
3.156665973863256092e+00 9.125010557280482715e+00 1.162871013354427108e+00 3.083709678341882031e-05 4.251534851709826768e+01 1.549994700000000059e+01 7.954442999999999930e-01 3.681439999999999824e+00 2.130251138083227124e+04 1.188659407538828752e-03
3.156665973863256092e+00 9.125010557280482715e+00 1.162870996026298842e+00 3.085199794461266796e-05 4.251534851709826768e+01 1.549994700000000059e+01 7.954442999999999930e-01 3.681439999999999824e+00 2.130251138083227124e+04 1.188659407538828752e-03
3.156665973863256092e+00 9.125010557280482715e+00 1.162870996026298842e+00 3.083709678341882031e-05 4.251534915062632791e+01 1.549994700000000059e+01 7.954442999999999930e-01 3.681439999999999824e+00 2.130251138083227124e+04 1.188659407538828752e-03
3.156665973863256092e+00 9.125010557280482715e+00 1.162870996026298842e+00 3.083709678341882031e-05 4.251534851709826768e+01 1.549994700000000059e+01 7.954442999999999930e-01 3.681439999999999824e+00 2.130251169826442856e+04 1.188659407538828752e-03
3.156665973863256092e+00 9.125010557280482715e+00 1.162870996026298842e+00 3.083709678341882031e-05 4.251534851709826768e+01 1.549994700000000059e+01 7.954442999999999930e-01 3.681439999999999824e+00 2.130251138083227124e+04 1.188674308700022600e-03
3.156615807010576980e+00 9.118957733907111063e+00 1.162997617483592316e+00 1.013409989979215860e-05 4.252080135092289481e+01 1.549994700000000059e+01 7.954442999999999930e-01 3.681439999999999824e+00 2.130704863785416455e+04 1.180388408617362916e-03
3.156615854047817749e+00 9.118957733907111063e+00 1.162997617483592316e+00 1.013409989979215860e-05 4.252080135092289481e+01 1.549994700000000059e+01 7.954442999999999930e-01 3.681439999999999824e+00 2.130704863785416455e+04 1.180388408617362916e-03
3.156615807010576980e+00 9.118957869790170534e+00 1.162997617483592316e+00 1.013409989979215860e-05 4.252080135092289481e+01 1.549994700000000059e+01 7.954442999999999930e-01 3.681439999999999824e+00 2.130704863785416455e+04 1.180388408617362916e-03
3.156615807010576980e+00 9.118957733907111063e+00 1.162997634813607295e+00 1.013409989979215860e-05 4.252080135092289481e+01 1.549994700000000059e+01 7.954442999999999930e-01 3.681439999999999824e+00 2.130704863785416455e+04 1.180388408617362916e-03
3.156615807010576980e+00 9.118957733907111063e+00 1.162997617483592316e+00 1.014900106098600625e-05 4.252080135092289481e+01 1.549994700000000059e+01 7.954442999999999930e-01 3.681439999999999824e+00 2.130704863785416455e+04 1.180388408617362916e-03
3.156615807010576980e+00 9.118957733907111063e+00 1.162997617483592316e+00 1.013409989979215860e-05 4.252080198453221271e+01 1.549994700000000059e+01 7.954442999999999930e-01 3.681439999999999824e+00 2.130704863785416455e+04 1.180388408617362916e-03
3.156615807010576980e+00 9.118957733907111063e+00 1.162997617483592316e+00 1.013409989979215860e-05 4.252080135092289481e+01 1.549994700000000059e+01 7.954442999999999930e-01 3.681439999999999824e+00 2.130704895535393007e+04 1.180388408617362916e-03
3.156615807010576980e+00 9.118957733907111063e+00 1.162997617483592316e+00 1.013409989979215860e-05 4.252080135092289481e+01 1.549994700000000059e+01 7.954442999999999930e-01 3.681439999999999824e+00 2.130704863785416455e+04 1.180403309778556764e-03
3.156658365770830255e+00 9.116685534446920869e+00 1.163183222302147435e+00 1.834211331887188948e-06 4.252461488047480742e+01 1.549994700000000059e+01 7.954442999999999930e-01 3.681439999999999824e+00 2.131612316251378434e+04 1.183776972654999394e-03
3.156658412808705183e+00 9.116685534446920869e+00 1.163183222302147435e+00 1.834211331887188948e-06 4.252461488047480742e+01 1.549994700000000059e+01 7.954442999999999930e-01 3.681439999999999824e+00 2.131612316251378434e+04 1.183776972654999394e-03
3.156658365770830255e+00 9.116685670296121202e+00 1.163183222302147435e+00 1.834211331887188948e-06 4.252461488047480742e+01 1.549994700000000059e+01 7.954442999999999930e-01 3.681439999999999824e+00 2.131612316251378434e+04 1.183776972654999394e-03
3.156658365770830255e+00 9.116685534446920869e+00 1.163183239634928201e+00 1.834211331887188948e-06 4.252461488047480742e+01 1.549994700000000059e+01 7.954442999999999930e-01 3.681439999999999824e+00 2.131612316251378434e+04 1.183776972654999394e-03
3.156658365770830255e+00 9.116685534446920869e+00 1.163183222302147435e+00 1.849112493081036604e-06 4.252461488047480742e+01 1.549994700000000059e+01 7.954442999999999930e-01 3.681439999999999824e+00 2.131612316251378434e+04 1.183776972654999394e-03
3.156658365770830255e+00 9.116685534446920869e+00 1.163183222302147435e+00 1.834211331887188948e-06 4.252461551414094743e+01 1.549994700000000059e+01 7.954442999999999930e-01 3.681439999999999824e+00 2.131612316251378434e+04 1.183776972654999394e-03
3.156658365770830255e+00 9.116685534446920869e+00 1.163183222302147435e+00 1.834211331887188948e-06 4.252461488047480742e+01 1.549994700000000059e+01 7.954442999999999930e-01 3.681439999999999824e+00 2.131612348014876989e+04 1.183776972654999394e-03
3.156658365770830255e+00 9.116685534446920869e+00 1.163183222302147435e+00 1.834211331887188948e-06 4.252461488047480742e+01 1.549994700000000059e+01 7.954442999999999930e-01 3.681439999999999824e+00 2.131612316251378434e+04 1.183791873816193241e-03
3.156723017521059660e+00 9.111386956620425082e+00 1.163426533917641059e+00 3.665016283751216522e-07 4.253245568196982873e+01 1.549994700000000059e+01 7.954442999999999930e-01 3.681439999999999824e+00 2.133427221234500394e+04 1.190361428922790754e-03
3.156723064559898262e+00 9.111386956620425082e+00 1.163426533917641059e+00 3.665016283751216522e-07 4.253245568196982873e+01 1.549994700000000059e+01 7.954442999999999930e-01 3.681439999999999824e+00 2.133427221234500394e+04 1.190361428922790754e-03
3.156723017521059660e+00 9.111387092390671683e+00 1.163426533917641059e+00 3.665016283751216522e-07 4.253245568196982873e+01 1.549994700000000059e+01 7.954442999999999930e-01 3.681439999999999824e+00 2.133427221234500394e+04 1.190361428922790754e-03
3.156723017521059660e+00 9.111386956620425082e+00 1.163426551254047370e+00 3.665016283751216522e-07 4.253245568196982873e+01 1.549994700000000059e+01 7.954442999999999930e-01 3.681439999999999824e+00 2.133427221234500394e+04 1.190361428922790754e-03
3.156723017521059660e+00 9.111386956620425082e+00 1.163426533917641059e+00 3.814027895689693085e-07 4.253245568196982873e+01 1.549994700000000059e+01 7.954442999999999930e-01 3.681439999999999824e+00 2.133427221234500394e+04 1.190361428922790754e-03
3.156723017521059660e+00 9.111386956620425082e+00 1.163426533917641059e+00 3.665016283751216522e-07 4.253245631575280328e+01 1.549994700000000059e+01 7.954442999999999930e-01 3.681439999999999824e+00 2.133427221234500394e+04 1.190361428922790754e-03
3.156723017521059660e+00 9.111386956620425082e+00 1.163426533917641059e+00 3.665016283751216522e-07 4.253245568196982873e+01 1.549994700000000059e+01 7.954442999999999930e-01 3.681439999999999824e+00 2.133427253025043319e+04 1.190361428922790754e-03
3.156723017521059660e+00 9.111386956620425082e+00 1.163426533917641059e+00 3.665016283751216522e-07 4.253245568196982873e+01 1.549994700000000059e+01 7.954442999999999930e-01 3.681439999999999824e+00 2.133427221234500394e+04 1.190376330083984602e-03
3.184355620438122259e+00 9.170479577188215714e+00 1.164090844255520674e+00 1.921956554927401901e-08 3.970427777660749769e+01 1.549994700000000059e+01 7.954442999999999930e-01 3.681439999999999824e+00 2.137045995093486272e+04 1.203434326135770054e-03
3.168426804801961261e+00 9.138455783139256994e+00 1.163586141461382617e+00 2.049782077762514669e-08 4.133036675679996108e+01 1.549994700000000059e+01 7.954442999999999930e-01 3.681439999999999824e+00 2.134326675372285536e+04 1.193735875888244985e-03
3.160350235341054859e+00 9.119943080498329024e+00 1.163460692348105008e+00 2.078099539888577559e-08 4.216019719959321321e+01 1.549994700000000059e+01 7.954442999999999930e-01 3.681439999999999824e+00 2.133651008862326125e+04 1.191328587824078003e-03
3.157695562606239736e+00 9.113682983967077433e+00 1.163429503334176607e+00 2.071139304514145842e-08 4.243336348756961485e+01 1.549994700000000059e+01 7.954442999999999930e-01 3.681439999999999824e+00 2.133483064487865704e+04 1.190730618784949148e-03
3.156977552794528297e+00 9.111978378498795550e+00 1.163421723308886602e+00 2.013548050305999647e-08 4.250727364319224932e+01 1.549994700000000059e+01 7.954442999999999930e-01 3.681439999999999824e+00 2.133441174615777345e+04 1.190581502996396288e-03
3.156794339199541000e+00 9.111542694428623079e+00 1.163419779274150523e+00 1.778218771062224509e-08 4.252613491516166278e+01 1.549994700000000059e+01 7.954442999999999930e-01 3.681439999999999824e+00 2.133430708674779453e+04 1.190544253908083988e-03
3.156748276109789142e+00 9.111433107858065483e+00 1.163419291691945245e+00 8.637798119634042881e-09 4.253087725550442855e+01 1.549994700000000059e+01 7.954442999999999930e-01 3.681439999999999824e+00 2.133428091237055924e+04 1.190534969621718456e-03
3.156748323149003888e+00 9.111433107858065483e+00 1.163419291691945245e+00 8.637798119634042881e-09 4.253087725550442855e+01 1.549994700000000059e+01 7.954442999999999930e-01 3.681439999999999824e+00 2.133428091237055924e+04 1.190534969621718456e-03
3.156748276109789142e+00 9.111433243628999534e+00 1.163419291691945245e+00 8.637798119634042881e-09 4.253087725550442855e+01 1.549994700000000059e+01 7.954442999999999930e-01 3.681439999999999824e+00 2.133428091237055924e+04 1.190534969621718456e-03
3.156748276109789142e+00 9.111433107858065483e+00 1.163419309028243642e+00 8.637798119634042881e-09 4.253087725550442855e+01 1.549994700000000059e+01 7.954442999999999930e-01 3.681439999999999824e+00 2.133428091237055924e+04 1.190534969621718456e-03
3.156748276109789142e+00 9.111433107858065483e+00 1.163419291691945245e+00 2.353895931348169913e-08 4.253087725550442855e+01 1.549994700000000059e+01 7.954442999999999930e-01 3.681439999999999824e+00 2.133428091237055924e+04 1.190534969621718456e-03
3.156748276109789142e+00 9.111433107858065483e+00 1.163419291691945245e+00 8.637798119634042881e-09 4.253087788926388413e+01 1.549994700000000059e+01 7.954442999999999930e-01 3.681439999999999824e+00 2.133428091237055924e+04 1.190534969621718456e-03
3.156748276109789142e+00 9.111433107858065483e+00 1.163419291691945245e+00 8.637798119634042881e-09 4.253087725550442855e+01 1.549994700000000059e+01 7.954442999999999930e-01 3.681439999999999824e+00 2.133428123027611946e+04 1.190534969621718456e-03
3.156748276109789142e+00 9.111433107858065483e+00 1.163419291691945245e+00 8.637798119634042881e-09 4.253087725550442855e+01 1.549994700000000059e+01 7.954442999999999930e-01 3.681439999999999824e+00 2.133428091237055924e+04 1.190549870782912304e-03
3.156824684970392259e+00 9.111633851669161288e+00 1.163418614091494385e+00 5.064445336848665768e-10 4.252236946025066544e+01 1.549994700000000059e+01 7.954442999999999930e-01 3.681439999999999824e+00 2.133428967482129883e+04 1.190535793835727349e-03
3.156776704296560432e+00 9.111512974280142174e+00 1.163418488540681528e+00 1.177082114197403035e-09 4.252740301016100233e+01 1.549994700000000059e+01 7.954442999999999930e-01 3.681439999999999824e+00 2.133428305978348362e+04 1.190533391318371065e-03
3.156776751336198839e+00 9.111512974280142174e+00 1.163418488540681528e+00 1.177082114197403035e-09 4.252740301016100233e+01 1.549994700000000059e+01 7.954442999999999930e-01 3.681439999999999824e+00 2.133428305978348362e+04 1.190533391318371065e-03
3.156776704296560432e+00 9.111513110052266384e+00 1.163418488540681528e+00 1.177082114197403035e-09 4.252740301016100233e+01 1.549994700000000059e+01 7.954442999999999930e-01 3.681439999999999824e+00 2.133428305978348362e+04 1.190533391318371065e-03
3.156776704296560432e+00 9.111512974280142174e+00 1.163418505876967934e+00 1.177082114197403035e-09 4.252740301016100233e+01 1.549994700000000059e+01 7.954442999999999930e-01 3.681439999999999824e+00 2.133428305978348362e+04 1.190533391318371065e-03
3.156776704296560432e+00 9.111512974280142174e+00 1.163418488540681528e+00 1.607824330804505928e-08 4.252740301016100233e+01 1.549994700000000059e+01 7.954442999999999930e-01 3.681439999999999824e+00 2.133428305978348362e+04 1.190533391318371065e-03
3.156776704296560432e+00 9.111512974280142174e+00 1.163418488540681528e+00 1.177082114197403035e-09 4.252740364386868777e+01 1.549994700000000059e+01 7.954442999999999930e-01 3.681439999999999824e+00 2.133428305978348362e+04 1.190533391318371065e-03
3.156776704296560432e+00 9.111512974280142174e+00 1.163418488540681528e+00 1.177082114197403035e-09 4.252740301016100233e+01 1.549994700000000059e+01 7.954442999999999930e-01 3.681439999999999824e+00 2.133428337768907295e+04 1.190533391318371065e-03
3.156776704296560432e+00 9.111512974280142174e+00 1.163418488540681528e+00 1.177082114197403035e-09 4.252740301016100233e+01 1.549994700000000059e+01 7.954442999999999930e-01 3.681439999999999824e+00 2.133428305978348362e+04 1.190548292479564913e-03
3.156780356273684252e+00 9.111529384268894916e+00 1.163418426612574663e+00 2.611843178460997848e-10 4.252641500209367820e+01 1.549994700000000059e+01 7.954442999999999930e-01 3.681439999999999824e+00 2.133428359159798492e+04 1.190529662511389999e-03
3.156780403313377281e+00 9.111529384268894916e+00 1.163418426612574663e+00 2.611843178460997848e-10 4.252641500209367820e+01 1.549994700000000059e+01 7.954442999999999930e-01 3.681439999999999824e+00 2.133428359159798492e+04 1.190529662511389999e-03
3.156780356273684252e+00 9.111529520041262487e+00 1.163418426612574663e+00 2.611843178460997848e-10 4.252641500209367820e+01 1.549994700000000059e+01 7.954442999999999930e-01 3.681439999999999824e+00 2.133428359159798492e+04 1.190529662511389999e-03
3.156780356273684252e+00 9.111529384268894916e+00 1.163418443948860181e+00 2.611843178460997848e-10 4.252641500209367820e+01 1.549994700000000059e+01 7.954442999999999930e-01 3.681439999999999824e+00 2.133428359159798492e+04 1.190529662511389999e-03
3.156780356273684252e+00 9.111529384268894916e+00 1.163418426612574663e+00 1.516234551169375603e-08 4.252641500209367820e+01 1.549994700000000059e+01 7.954442999999999930e-01 3.681439999999999824e+00 2.133428359159798492e+04 1.190529662511389999e-03
3.156780356273684252e+00 9.111529384268894916e+00 1.163418426612574663e+00 2.611843178460997848e-10 4.252641563578664119e+01 1.549994700000000059e+01 7.954442999999999930e-01 3.681439999999999824e+00 2.133428359159798492e+04 1.190529662511389999e-03
3.156780356273684252e+00 9.111529384268894916e+00 1.163418426612574663e+00 2.611843178460997848e-10 4.252641500209367820e+01 1.549994700000000059e+01 7.954442999999999930e-01 3.681439999999999824e+00 2.133428390950358516e+04 1.190529662511389999e-03
3.156780356273684252e+00 9.111529384268894916e+00 1.163418426612574663e+00 2.611843178460997848e-10 4.252641500209367820e+01 1.549994700000000059e+01 7.954442999999999930e-01 3.681439999999999824e+00 2.133428359159798492e+04 1.190544563672583846e-03
3.156778830338188069e+00 9.111526252408523874e+00 1.163419343122818583e+00 2.845617155975691157e-11 4.252658352281844145e+01 1.549994700000000059e+01 7.954442999999999930e-01 3.681439999999999824e+00 2.133428468633778175e+04 1.190531121625571474e-03
3.156778877377858450e+00 9.111526252408523874e+00 1.163419343122818583e+00 2.845617155975691157e-11 4.252658352281844145e+01 1.549994700000000059e+01 7.954442999999999930e-01 3.681439999999999824e+00 2.133428468633778175e+04 1.190531121625571474e-03
3.156778830338188069e+00 9.111526388180845260e+00 1.163419343122818583e+00 2.845617155975691157e-11 4.252658352281844145e+01 1.549994700000000059e+01 7.954442999999999930e-01 3.681439999999999824e+00 2.133428468633778175e+04 1.190531121625571474e-03
3.156778830338188069e+00 9.111526252408523874e+00 1.163419360459117646e+00 2.845617155975691157e-11 4.252658352281844145e+01 1.549994700000000059e+01 7.954442999999999930e-01 3.681439999999999824e+00 2.133428468633778175e+04 1.190531121625571474e-03
3.156778830338188069e+00 9.111526252408523874e+00 1.163419343122818583e+00 1.492961736540741182e-08 4.252658352281844145e+01 1.549994700000000059e+01 7.954442999999999930e-01 3.681439999999999824e+00 2.133428468633778175e+04 1.190531121625571474e-03
3.156778830338188069e+00 9.111526252408523874e+00 1.163419343122818583e+00 2.845617155975691157e-11 4.252658415651391977e+01 1.549994700000000059e+01 7.954442999999999930e-01 3.681439999999999824e+00 2.133428468633778175e+04 1.190531121625571474e-03
3.156778830338188069e+00 9.111526252408523874e+00 1.163419343122818583e+00 2.845617155975691157e-11 4.252658352281844145e+01 1.549994700000000059e+01 7.954442999999999930e-01 3.681439999999999824e+00 2.133428500424339654e+04 1.190531121625571474e-03
3.156778830338188069e+00 9.111526252408523874e+00 1.163419343122818583e+00 2.845617155975691157e-11 4.252658352281844145e+01 1.549994700000000059e+01 7.954442999999999930e-01 3.681439999999999824e+00 2.133428468633778175e+04 1.190546022786765322e-03
