3.205843000000000220e+00 7.511125999999999969e+00 1.235333999999999932e+00 1.528337999999999867e-05 3.753042800000000057e+01 1.549994700000000059e+01 7.954442999999999930e-01 3.681439999999999824e+00 2.571453499999999985e+04 0.000000000000000000e+00
3.205843047770783549e+00 7.511125999999999969e+00 1.235333999999999932e+00 1.528337999999999867e-05 3.753042800000000057e+01 1.549994700000000059e+01 7.954442999999999930e-01 3.681439999999999824e+00 2.571453499999999985e+04 0.000000000000000000e+00
3.205843000000000220e+00 7.511126111924498971e+00 1.235333999999999932e+00 1.528337999999999867e-05 3.753042800000000057e+01 1.549994700000000059e+01 7.954442999999999930e-01 3.681439999999999824e+00 2.571453499999999985e+04 0.000000000000000000e+00
3.205843000000000220e+00 7.511125999999999969e+00 1.235334018407910905e+00 1.528337999999999867e-05 3.753042800000000057e+01 1.549994700000000059e+01 7.954442999999999930e-01 3.681439999999999824e+00 2.571453499999999985e+04 0.000000000000000000e+00
3.205843000000000220e+00 7.511125999999999969e+00 1.235333999999999932e+00 1.529828116119384633e-05 3.753042800000000057e+01 1.549994700000000059e+01 7.954442999999999930e-01 3.681439999999999824e+00 2.571453499999999985e+04 0.000000000000000000e+00
3.205843000000000220e+00 7.511125999999999969e+00 1.235333999999999932e+00 1.528337999999999867e-05 3.753042855924695687e+01 1.549994700000000059e+01 7.954442999999999930e-01 3.681439999999999824e+00 2.571453499999999985e+04 0.000000000000000000e+00
3.205843000000000220e+00 7.511125999999999969e+00 1.235333999999999932e+00 1.528337999999999867e-05 3.753042800000000057e+01 1.549994700000000059e+01 7.954442999999999930e-01 3.681439999999999824e+00 2.571453538317642960e+04 0.000000000000000000e+00
3.205843000000000220e+00 7.511125999999999969e+00 1.235333999999999932e+00 1.528337999999999867e-05 3.753042800000000057e+01 1.549994700000000059e+01 7.954442999999999930e-01 3.681439999999999824e+00 2.571453499999999985e+04 1.490116119384765625e-08
3.193962669855458625e+00 7.511125585154856843e+00 1.257169654622981581e+00 1.081086994327653761e+00 4.015594809116161912e+01 1.549994700000000059e+01 7.954442999999999930e-01 3.681439999999999824e+00 2.570264473229832947e+04 2.033446610689775501e-04
3.193962717449211119e+00 7.511125585154856843e+00 1.257169654622981581e+00 1.081086994327653761e+00 4.015594809116161912e+01 1.549994700000000059e+01 7.954442999999999930e-01 3.681439999999999824e+00 2.570264473229832947e+04 2.033446610689775501e-04
3.193962669855458625e+00 7.511125697079349628e+00 1.257169654622981581e+00 1.081086994327653761e+00 4.015594809116161912e+01 1.549994700000000059e+01 7.954442999999999930e-01 3.681439999999999824e+00 2.570264473229832947e+04 2.033446610689775501e-04
3.193962669855458625e+00 7.511125585154856843e+00 1.257169673356269168e+00 1.081086994327653761e+00 4.015594809116161912e+01 1.549994700000000059e+01 7.954442999999999930e-01 3.681439999999999824e+00 2.570264473229832947e+04 2.033446610689775501e-04
3.193962669855458625e+00 7.511125585154856843e+00 1.257169654622981581e+00 1.081087010437105311e+00 4.015594809116161912e+01 1.549994700000000059e+01 7.954442999999999930e-01 3.681439999999999824e+00 2.570264473229832947e+04 2.033446610689775501e-04
3.193962669855458625e+00 7.511125585154856843e+00 1.257169654622981581e+00 1.081086994327653761e+00 4.015594868953187557e+01 1.549994700000000059e+01 7.954442999999999930e-01 3.681439999999999824e+00 2.570264473229832947e+04 2.033446610689775501e-04
3.193962669855458625e+00 7.511125585154856843e+00 1.257169654622981581e+00 1.081086994327653761e+00 4.015594809116161912e+01 1.549994700000000059e+01 7.954442999999999930e-01 3.681439999999999824e+00 2.570264511529758238e+04 2.033446610689775501e-04
3.193962669855458625e+00 7.511125585154856843e+00 1.257169654622981581e+00 1.081086994327653761e+00 4.015594809116161912e+01 1.549994700000000059e+01 7.954442999999999930e-01 3.681439999999999824e+00 2.570264473229832947e+04 2.033595622301713978e-04
3.193993662174651860e+00 7.511116757904402697e+00 1.257181403774615402e+00 1.081087503254287263e+00 4.015594836348466856e+01 1.549994700000000059e+01 7.954442999999999930e-01 3.681439999999999824e+00 2.570264471156646323e+04 9.189500494611773165e-04
3.193993709768866207e+00 7.511116757904402697e+00 1.257181403774615402e+00 1.081087503254287263e+00 4.015594836348466856e+01 1.549994700000000059e+01 7.954442999999999930e-01 3.681439999999999824e+00 2.570264471156646323e+04 9.189500494611773165e-04
3.193993662174651860e+00 7.511116869828764031e+00 1.257181403774615402e+00 1.081087503254287263e+00 4.015594836348466856e+01 1.549994700000000059e+01 7.954442999999999930e-01 3.681439999999999824e+00 2.570264471156646323e+04 9.189500494611773165e-04
3.193993662174651860e+00 7.511116757904402697e+00 1.257181422508078183e+00 1.081087503254287263e+00 4.015594836348466856e+01 1.549994700000000059e+01 7.954442999999999930e-01 3.681439999999999824e+00 2.570264471156646323e+04 9.189500494611773165e-04
3.193993662174651860e+00 7.511116757904402697e+00 1.257181403774615402e+00 1.081087519363746363e+00 4.015594836348466856e+01 1.549994700000000059e+01 7.954442999999999930e-01 3.681439999999999824e+00 2.570264471156646323e+04 9.189500494611773165e-04
3.193993662174651860e+00 7.511116757904402697e+00 1.257181403774615402e+00 1.081087503254287263e+00 4.015594896185492502e+01 1.549994700000000059e+01 7.954442999999999930e-01 3.681439999999999824e+00 2.570264471156646323e+04 9.189500494611773165e-04
3.193993662174651860e+00 7.511116757904402697e+00 1.257181403774615402e+00 1.081087503254287263e+00 4.015594836348466856e+01 1.549994700000000059e+01 7.954442999999999930e-01 3.681439999999999824e+00 2.570264509456571614e+04 9.189500494611773165e-04
3.193993662174651860e+00 7.511116757904402697e+00 1.257181403774615402e+00 1.081087503254287263e+00 4.015594836348466856e+01 1.549994700000000059e+01 7.954442999999999930e-01 3.681439999999999824e+00 2.570264471156646323e+04 9.189649506223711642e-04
3.201633188416102893e+00 8.084811393274687674e+00 1.226096397728859255e+00 1.057983210690453868e+00 4.031404760145323252e+01 1.549994700000000059e+01 7.954442999999999930e-01 3.681439999999999824e+00 2.553789626210301503e+04 2.348752002438627383e-03
3.201633236124155069e+00 8.084811393274687674e+00 1.226096397728859255e+00 1.057983210690453868e+00 4.031404760145323252e+01 1.549994700000000059e+01 7.954442999999999930e-01 3.681439999999999824e+00 2.553789626210301503e+04 2.348752002438627383e-03
3.201633188416102893e+00 8.084811513747766298e+00 1.226096397728859255e+00 1.057983210690453868e+00 4.031404760145323252e+01 1.549994700000000059e+01 7.954442999999999930e-01 3.681439999999999824e+00 2.553789626210301503e+04 2.348752002438627383e-03
3.201633188416102893e+00 8.084811393274687674e+00 1.226096415999119227e+00 1.057983210690453868e+00 4.031404760145323252e+01 1.549994700000000059e+01 7.954442999999999930e-01 3.681439999999999824e+00 2.553789626210301503e+04 2.348752002438627383e-03
3.201633188416102893e+00 8.084811393274687674e+00 1.226096397728859255e+00 1.057983226455632142e+00 4.031404760145323252e+01 1.549994700000000059e+01 7.954442999999999930e-01 3.681439999999999824e+00 2.553789626210301503e+04 2.348752002438627383e-03
3.201633188416102893e+00 8.084811393274687674e+00 1.226096397728859255e+00 1.057983210690453868e+00 4.031404820217935736e+01 1.549994700000000059e+01 7.954442999999999930e-01 3.681439999999999824e+00 2.553789626210301503e+04 2.348752002438627383e-03
3.201633188416102893e+00 8.084811393274687674e+00 1.226096397728859255e+00 1.057983210690453868e+00 4.031404760145323252e+01 1.549994700000000059e+01 7.954442999999999930e-01 3.681439999999999824e+00 2.553789664264732346e+04 2.348752002438627383e-03
3.201633188416102893e+00 8.084811393274687674e+00 1.226096397728859255e+00 1.057983210690453868e+00 4.031404760145323252e+01 1.549994700000000059e+01 7.954442999999999930e-01 3.681439999999999824e+00 2.553789626210301503e+04 2.348766903599821231e-03
3.200649970251820964e+00 8.187665460968926112e+00 1.215903174405508880e+00 1.029926358813041842e+00 4.034438178640817796e+01 1.549994700000000059e+01 7.954442999999999930e-01 3.681439999999999824e+00 2.520839737121823418e+04 2.260949030057482923e-03
3.200650017945222192e+00 8.187665460968926112e+00 1.215903174405508880e+00 1.029926358813041842e+00 4.034438178640817796e+01 1.549994700000000059e+01 7.954442999999999930e-01 3.681439999999999824e+00 2.520839737121823418e+04 2.260949030057482923e-03
3.200649970251820964e+00 8.187665582974648970e+00 1.215903174405508880e+00 1.029926358813041842e+00 4.034438178640817796e+01 1.549994700000000059e+01 7.954442999999999930e-01 3.681439999999999824e+00 2.520839737121823418e+04 2.260949030057482923e-03
3.200649970251820964e+00 8.187665460968926112e+00 1.215903192523878129e+00 1.029926358813041842e+00 4.034438178640817796e+01 1.549994700000000059e+01 7.954442999999999930e-01 3.681439999999999824e+00 2.520839737121823418e+04 2.260949030057482923e-03
3.200649970251820964e+00 8.187665460968926112e+00 1.215903174405508880e+00 1.029926374160140545e+00 4.034438178640817796e+01 1.549994700000000059e+01 7.954442999999999930e-01 3.681439999999999824e+00 2.520839737121823418e+04 2.260949030057482923e-03
3.200649970251820964e+00 8.187665460968926112e+00 1.215903174405508880e+00 1.029926358813041842e+00 4.034438238758631456e+01 1.549994700000000059e+01 7.954442999999999930e-01 3.681439999999999824e+00 2.520839737121823418e+04 2.260949030057482923e-03
3.200649970251820964e+00 8.187665460968926112e+00 1.215903174405508880e+00 1.029926358813041842e+00 4.034438178640817796e+01 1.549994700000000059e+01 7.954442999999999930e-01 3.681439999999999824e+00 2.520839774685262819e+04 2.260949030057482923e-03
3.200649970251820964e+00 8.187665460968926112e+00 1.215903174405508880e+00 1.029926358813041842e+00 4.034438178640817796e+01 1.549994700000000059e+01 7.954442999999999930e-01 3.681439999999999824e+00 2.520839737121823418e+04 2.260963931218676771e-03
3.195333293945568087e+00 8.321552620104965214e+00 1.205058327522508188e+00 9.433657837287159342e-01 4.041310449393973414e+01 1.549994700000000059e+01 7.954442999999999930e-01 3.681439999999999824e+00 2.454939957404643064e+04 2.095199929730151220e-03
3.195333341559744689e+00 8.321552620104965214e+00 1.205058327522508188e+00 9.433657837287159342e-01 4.041310449393973414e+01 1.549994700000000059e+01 7.954442999999999930e-01 3.681439999999999824e+00 2.454939957404643064e+04 2.095199929730151220e-03
3.195333293945568087e+00 8.321552744105762400e+00 1.205058327522508188e+00 9.433657837287159342e-01 4.041310449393973414e+01 1.549994700000000059e+01 7.954442999999999930e-01 3.681439999999999824e+00 2.454939957404643064e+04 2.095199929730151220e-03
3.195333293945568087e+00 8.321552620104965214e+00 1.205058345479276483e+00 9.433657837287159342e-01 4.041310449393973414e+01 1.549994700000000059e+01 7.954442999999999930e-01 3.681439999999999824e+00 2.454939957404643064e+04 2.095199929730151220e-03
3.195333293945568087e+00 8.321552620104965214e+00 1.205058327522508188e+00 9.433657986298771281e-01 4.041310449393973414e+01 1.549994700000000059e+01 7.954442999999999930e-01 3.681439999999999824e+00 2.454939957404643064e+04 2.095199929730151220e-03
3.195333293945568087e+00 8.321552620104965214e+00 1.205058327522508188e+00 9.433657837287159342e-01 4.041310509614191915e+01 1.549994700000000059e+01 7.954442999999999930e-01 3.681439999999999824e+00 2.454939957404643064e+04 2.095199929730151220e-03
3.195333293945568087e+00 8.321552620104965214e+00 1.205058327522508188e+00 9.433657837287159342e-01 4.041310449393973414e+01 1.549994700000000059e+01 7.954442999999999930e-01 3.681439999999999824e+00 2.454939993986099216e+04 2.095199929730151220e-03
3.195333293945568087e+00 8.321552620104965214e+00 1.205058327522508188e+00 9.433657837287159342e-01 4.041310449393973414e+01 1.549994700000000059e+01 7.954442999999999930e-01 3.681439999999999824e+00 2.454939957404643064e+04 2.095214830891345067e-03
3.185407753117559082e+00 8.608823528283918947e+00 1.186349078571890869e+00 8.084946107613454336e-01 4.050615800208368000e+01 1.549994700000000059e+01 7.954442999999999930e-01 3.681439999999999824e+00 2.323140397994894374e+04 1.743863106017976092e-03
3.185407800583833549e+00 8.608823528283918947e+00 1.186349078571890869e+00 8.084946107613454336e-01 4.050615800208368000e+01 1.549994700000000059e+01 7.954442999999999930e-01 3.681439999999999824e+00 2.323140397994894374e+04 1.743863106017976092e-03
3.185407753117559082e+00 8.608823656565386173e+00 1.186349078571890869e+00 8.084946107613454336e-01 4.050615800208368000e+01 1.549994700000000059e+01 7.954442999999999930e-01 3.681439999999999824e+00 2.323140397994894374e+04 1.743863106017976092e-03
3.185407753117559082e+00 8.608823528283918947e+00 1.186349096249869728e+00 8.084946107613454336e-01 4.050615800208368000e+01 1.549994700000000059e+01 7.954442999999999930e-01 3.681439999999999824e+00 2.323140397994894374e+04 1.743863106017976092e-03
3.185407753117559082e+00 8.608823528283918947e+00 1.186349078571890869e+00 8.084946256625066274e-01 4.050615800208368000e+01 1.549994700000000059e+01 7.954442999999999930e-01 3.681439999999999824e+00 2.323140397994894374e+04 1.743863106017976092e-03
3.185407753117559082e+00 8.608823528283918947e+00 1.186349078571890869e+00 8.084946107613454336e-01 4.050615860567246784e+01 1.549994700000000059e+01 7.954442999999999930e-01 3.681439999999999824e+00 2.323140397994894374e+04 1.743863106017976092e-03
3.185407753117559082e+00 8.608823528283918947e+00 1.186349078571890869e+00 8.084946107613454336e-01 4.050615800208368000e+01 1.549994700000000059e+01 7.954442999999999930e-01 3.681439999999999824e+00 2.323140432612384029e+04 1.743863106017976092e-03
3.185407753117559082e+00 8.608823528283918947e+00 1.186349078571890869e+00 8.084946107613454336e-01 4.050615800208368000e+01 1.549994700000000059e+01 7.954442999999999930e-01 3.681439999999999824e+00 2.323140397994894374e+04 1.743878007179169940e-03
3.174967384690801087e+00 8.930701280130456610e+00 1.165099030538582880e+00 7.697515018487577354e-01 4.041875385816923227e+01 1.549994700000000059e+01 7.954442999999999930e-01 3.681439999999999824e+00 2.191340838726380389e+04 1.351182945552114071e-03
3.174967432001501777e+00 8.930701280130456610e+00 1.165099030538582880e+00 7.697515018487577354e-01 4.041875385816923227e+01 1.549994700000000059e+01 7.954442999999999930e-01 3.681439999999999824e+00 2.191340838726380389e+04 1.351182945552114071e-03
3.174967384690801087e+00 8.930701413208275596e+00 1.165099030538582880e+00 7.697515018487577354e-01 4.041875385816923227e+01 1.549994700000000059e+01 7.954442999999999930e-01 3.681439999999999824e+00 2.191340838726380389e+04 1.351182945552114071e-03
3.174967384690801087e+00 8.930701280130456610e+00 1.165099047899911255e+00 7.697515018487577354e-01 4.041875385816923227e+01 1.549994700000000059e+01 7.954442999999999930e-01 3.681439999999999824e+00 2.191340838726380389e+04 1.351182945552114071e-03
3.174967384690801087e+00 8.930701280130456610e+00 1.165099030538582880e+00 7.697515167499189292e-01 4.041875385816923227e+01 1.549994700000000059e+01 7.954442999999999930e-01 3.681439999999999824e+00 2.191340838726380389e+04 1.351182945552114071e-03
3.174967384690801087e+00 8.930701280130456610e+00 1.165099030538582880e+00 7.697515018487577354e-01 4.041875446045559528e+01 1.549994700000000059e+01 7.954442999999999930e-01 3.681439999999999824e+00 2.191340838726380389e+04 1.351182945552114071e-03
3.174967384690801087e+00 8.930701280130456610e+00 1.165099030538582880e+00 7.697515018487577354e-01 4.041875385816923227e+01 1.549994700000000059e+01 7.954442999999999930e-01 3.681439999999999824e+00 2.191340871379903547e+04 1.351182945552114071e-03
3.174967384690801087e+00 8.930701280130456610e+00 1.165099030538582880e+00 7.697515018487577354e-01 4.041875385816923227e+01 1.549994700000000059e+01 7.954442999999999930e-01 3.681439999999999824e+00 2.191340838726380389e+04 1.351197846713307919e-03
3.168187165376841197e+00 9.206135360193945516e+00 1.149098755530740812e+00 7.287137585705998344e-01 4.038686432928737702e+01 1.549994700000000059e+01 7.954442999999999930e-01 3.681439999999999824e+00 2.103176856707504703e+04 1.054187842854667836e-03
3.168187212586508927e+00 9.206135360193945516e+00 1.149098755530740812e+00 7.287137585705998344e-01 4.038686432928737702e+01 1.549994700000000059e+01 7.954442999999999930e-01 3.681439999999999824e+00 2.103176856707504703e+04 1.054187842854667836e-03
3.168187165376841197e+00 9.206135497376052967e+00 1.149098755530740812e+00 7.287137585705998344e-01 4.038686432928737702e+01 1.549994700000000059e+01 7.954442999999999930e-01 3.681439999999999824e+00 2.103176856707504703e+04 1.054187842854667836e-03
3.168187165376841197e+00 9.206135360193945516e+00 1.149098772653646572e+00 7.287137585705998344e-01 4.038686432928737702e+01 1.549994700000000059e+01 7.954442999999999930e-01 3.681439999999999824e+00 2.103176856707504703e+04 1.054187842854667836e-03
3.168187165376841197e+00 9.206135360193945516e+00 1.149098755530740812e+00 7.287137734717610282e-01 4.038686432928737702e+01 1.549994700000000059e+01 7.954442999999999930e-01 3.681439999999999824e+00 2.103176856707504703e+04 1.054187842854667836e-03
3.168187165376841197e+00 9.206135360193945516e+00 1.149098755530740812e+00 7.287137585705998344e-01 4.038686493109855036e+01 1.549994700000000059e+01 7.954442999999999930e-01 3.681439999999999824e+00 2.103176856707504703e+04 1.054187842854667836e-03
3.168187165376841197e+00 9.206135360193945516e+00 1.149098755530740812e+00 7.287137585705998344e-01 4.038686432928737702e+01 1.549994700000000059e+01 7.954442999999999930e-01 3.681439999999999824e+00 2.103176888047282046e+04 1.054187842854667836e-03
3.168187165376841197e+00 9.206135360193945516e+00 1.149098755530740812e+00 7.287137585705998344e-01 4.038686432928737702e+01 1.549994700000000059e+01 7.954442999999999930e-01 3.681439999999999824e+00 2.103176856707504703e+04 1.054202744015861684e-03
3.167999924035585835e+00 9.171438190402058765e+00 1.150055984310489388e+00 6.698067245271249748e-01 4.048074068141784210e+01 1.549994700000000059e+01 7.954442999999999930e-01 3.681439999999999824e+00 2.115946556309752123e+04 1.082679426938395898e-03
3.167999971242463353e+00 9.171438190402058765e+00 1.150055984310489388e+00 6.698067245271249748e-01 4.048074068141784210e+01 1.549994700000000059e+01 7.954442999999999930e-01 3.681439999999999824e+00 2.115946556309752123e+04 1.082679426938395898e-03
3.167999924035585835e+00 9.171438327067138019e+00 1.150055984310489388e+00 6.698067245271249748e-01 4.048074068141784210e+01 1.549994700000000059e+01 7.954442999999999930e-01 3.681439999999999824e+00 2.115946556309752123e+04 1.082679426938395898e-03
3.167999924035585835e+00 9.171438190402058765e+00 1.150056001447659071e+00 6.698067245271249748e-01 4.048074068141784210e+01 1.549994700000000059e+01 7.954442999999999930e-01 3.681439999999999824e+00 2.115946556309752123e+04 1.082679426938395898e-03
3.167999924035585835e+00 9.171438190402058765e+00 1.150055984310489388e+00 6.698067394282861686e-01 4.048074068141784210e+01 1.549994700000000059e+01 7.954442999999999930e-01 3.681439999999999824e+00 2.115946556309752123e+04 1.082679426938395898e-03
3.167999924035585835e+00 9.171438190402058765e+00 1.150055984310489388e+00 6.698067245271249748e-01 4.048074128462788224e+01 1.549994700000000059e+01 7.954442999999999930e-01 3.681439999999999824e+00 2.115946556309752123e+04 1.082679426938395898e-03
3.167999924035585835e+00 9.171438190402058765e+00 1.150055984310489388e+00 6.698067245271249748e-01 4.048074068141784210e+01 1.549994700000000059e+01 7.954442999999999930e-01 3.681439999999999824e+00 2.115946587839812855e+04 1.082679426938395898e-03
3.167999924035585835e+00 9.171438190402058765e+00 1.150055984310489388e+00 6.698067245271249748e-01 4.048074068141784210e+01 1.549994700000000059e+01 7.954442999999999930e-01 3.681439999999999824e+00 2.115946556309752123e+04 1.082694328099589745e-03
2.852894365913844599e+00 8.263433613790095222e+00 1.166703610611466546e+00 2.224031611301802158e-03 8.087990960302357735e+01 1.549994700000000059e+01 7.954442999999999930e-01 3.681439999999999824e+00 2.100053709077509484e+04 1.036906848852914157e-03
3.151822472613168280e+00 9.136920140638533638e+00 1.160455905733956072e+00 1.066055939155763355e-03 4.316592150194715316e+01 1.549994700000000059e+01 7.954442999999999930e-01 3.681439999999999824e+00 2.108374937124116695e+04 1.060534404571544147e-03
3.172890138582245001e+00 9.178243488120259030e+00 1.159579854998619153e+00 8.600930093806191667e-02 4.049453877467036733e+01 1.549994700000000059e+01 7.954442999999999930e-01 3.681439999999999824e+00 2.115746345743144047e+04 1.085086051211310446e-03
3.172890185861992229e+00 9.178243488120259030e+00 1.159579854998619153e+00 8.600930093806191667e-02 4.049453877467036733e+01 1.549994700000000059e+01 7.954442999999999930e-01 3.681439999999999824e+00 2.115746345743144047e+04 1.085086051211310446e-03
3.172890138582245001e+00 9.178243624886745167e+00 1.159579854998619153e+00 8.600930093806191667e-02 4.049453877467036733e+01 1.549994700000000059e+01 7.954442999999999930e-01 3.681439999999999824e+00 2.115746345743144047e+04 1.085086051211310446e-03
3.172890138582245001e+00 9.178243488120259030e+00 1.159579872277705537e+00 8.600930093806191667e-02 4.049453877467036733e+01 1.549994700000000059e+01 7.954442999999999930e-01 3.681439999999999824e+00 2.115746345743144047e+04 1.085086051211310446e-03
3.172890138582245001e+00 9.178243488120259030e+00 1.159579854998619153e+00 8.600931583922311052e-02 4.049453877467036733e+01 1.549994700000000059e+01 7.954442999999999930e-01 3.681439999999999824e+00 2.115746345743144047e+04 1.085086051211310446e-03
3.172890138582245001e+00 9.178243488120259030e+00 1.159579854998619153e+00 8.600930093806191667e-02 4.049453937808601722e+01 1.549994700000000059e+01 7.954442999999999930e-01 3.681439999999999824e+00 2.115746345743144047e+04 1.085086051211310446e-03
3.172890138582245001e+00 9.178243488120259030e+00 1.159579854998619153e+00 8.600930093806191667e-02 4.049453877467036733e+01 1.549994700000000059e+01 7.954442999999999930e-01 3.681439999999999824e+00 2.115746377270221274e+04 1.085086051211310446e-03
3.172890138582245001e+00 9.178243488120259030e+00 1.159579854998619153e+00 8.600930093806191667e-02 4.049453877467036733e+01 1.549994700000000059e+01 7.954442999999999930e-01 3.681439999999999824e+00 2.115746345743144047e+04 1.085100952372504294e-03
3.172378032380929636e+00 9.178763743709106748e+00 1.157630657554834075e+00 7.801679087533899826e-02 4.050067612582586918e+01 1.549994700000000059e+01 7.954442999999999930e-01 3.681439999999999824e+00 2.115728714527391276e+04 1.085558543839230516e-03
3.172378079653046079e+00 9.178763743709106748e+00 1.157630657554834075e+00 7.801679087533899826e-02 4.050067612582586918e+01 1.549994700000000059e+01 7.954442999999999930e-01 3.681439999999999824e+00 2.115728714527391276e+04 1.085558543839230516e-03
3.172378032380929636e+00 9.178763880483344906e+00 1.157630657554834075e+00 7.801679087533899826e-02 4.050067612582586918e+01 1.549994700000000059e+01 7.954442999999999930e-01 3.681439999999999824e+00 2.115728714527391276e+04 1.085558543839230516e-03
3.172378032380929636e+00 9.178763743709106748e+00 1.157630674804875026e+00 7.801679087533899826e-02 4.050067612582586918e+01 1.549994700000000059e+01 7.954442999999999930e-01 3.681439999999999824e+00 2.115728714527391276e+04 1.085558543839230516e-03
3.172378032380929636e+00 9.178763743709106748e+00 1.157630657554834075e+00 7.801680577650019210e-02 4.050067612582586918e+01 1.549994700000000059e+01 7.954442999999999930e-01 3.681439999999999824e+00 2.115728714527391276e+04 1.085558543839230516e-03
3.172378032380929636e+00 9.178763743709106748e+00 1.157630657554834075e+00 7.801679087533899826e-02 4.050067672933297303e+01 1.549994700000000059e+01 7.954442999999999930e-01 3.681439999999999824e+00 2.115728714527391276e+04 1.085558543839230516e-03
3.172378032380929636e+00 9.178763743709106748e+00 1.157630657554834075e+00 7.801679087533899826e-02 4.050067612582586918e+01 1.549994700000000059e+01 7.954442999999999930e-01 3.681439999999999824e+00 2.115728746054205840e+04 1.085558543839230516e-03
3.172378032380929636e+00 9.178763743709106748e+00 1.157630657554834075e+00 7.801679087533899826e-02 4.050067612582586918e+01 1.549994700000000059e+01 7.954442999999999930e-01 3.681439999999999824e+00 2.115728714527391276e+04 1.085573445000424363e-03
3.171872422753234666e+00 9.176680917194493858e+00 1.158367985949229517e+00 4.216201700956773851e-02 4.059166229198364562e+01 1.549994700000000059e+01 7.954442999999999930e-01 3.681439999999999824e+00 2.115695451085850800e+04 1.085219895672262383e-03
3.171872470017817136e+00 9.176680917194493858e+00 1.158367985949229517e+00 4.216201700956773851e-02 4.059166229198364562e+01 1.549994700000000059e+01 7.954442999999999930e-01 3.681439999999999824e+00 2.115695451085850800e+04 1.085219895672262383e-03
3.171872422753234666e+00 9.176681053937695509e+00 1.158367985949229517e+00 4.216201700956773851e-02 4.059166229198364562e+01 1.549994700000000059e+01 7.954442999999999930e-01 3.681439999999999824e+00 2.115695451085850800e+04 1.085219895672262383e-03
3.171872422753234666e+00 9.176680917194493858e+00 1.158368003210257680e+00 4.216201700956773851e-02 4.059166229198364562e+01 1.549994700000000059e+01 7.954442999999999930e-01 3.681439999999999824e+00 2.115695451085850800e+04 1.085219895672262383e-03
3.171872422753234666e+00 9.176680917194493858e+00 1.158367985949229517e+00 4.216203191072893236e-02 4.059166229198364562e+01 1.549994700000000059e+01 7.954442999999999930e-01 3.681439999999999824e+00 2.115695451085850800e+04 1.085219895672262383e-03
3.171872422753234666e+00 9.176680917194493858e+00 1.158367985949229517e+00 4.216201700956773851e-02 4.059166289684655027e+01 1.549994700000000059e+01 7.954442999999999930e-01 3.681439999999999824e+00 2.115695451085850800e+04 1.085219895672262383e-03
3.171872422753234666e+00 9.176680917194493858e+00 1.158367985949229517e+00 4.216201700956773851e-02 4.059166229198364562e+01 1.549994700000000059e+01 7.954442999999999930e-01 3.681439999999999824e+00 2.115695482612169872e+04 1.085219895672262383e-03
3.171872422753234666e+00 9.176680917194493858e+00 1.158367985949229517e+00 4.216201700956773851e-02 4.059166229198364562e+01 1.549994700000000059e+01 7.954442999999999930e-01 3.681439999999999824e+00 2.115695451085850800e+04 1.085234796833456231e-03
3.171614077607032733e+00 9.176110403077766264e+00 1.157620733758097931e+00 2.795248615179519655e-02 4.062062963944678984e+01 1.549994700000000059e+01 7.954442999999999930e-01 3.681439999999999824e+00 2.115660447861288048e+04 1.085197064492947209e-03
3.171614124867765394e+00 9.176110403077766264e+00 1.157620733758097931e+00 2.795248615179519655e-02 4.062062963944678984e+01 1.549994700000000059e+01 7.954442999999999930e-01 3.681439999999999824e+00 2.115660447861288048e+04 1.085197064492947209e-03
3.171614077607032733e+00 9.176110539812466271e+00 1.157620733758097931e+00 2.795248615179519655e-02 4.062062963944678984e+01 1.549994700000000059e+01 7.954442999999999930e-01 3.681439999999999824e+00 2.115660447861288048e+04 1.085197064492947209e-03
3.171614077607032733e+00 9.176110403077766264e+00 1.157620751007991000e+00 2.795248615179519655e-02 4.062062963944678984e+01 1.549994700000000059e+01 7.954442999999999930e-01 3.681439999999999824e+00 2.115660447861288048e+04 1.085197064492947209e-03
3.171614077607032733e+00 9.176110403077766264e+00 1.157620733758097931e+00 2.795250105295639040e-02 4.062062963944678984e+01 1.549994700000000059e+01 7.954442999999999930e-01 3.681439999999999824e+00 2.115660447861288048e+04 1.085197064492947209e-03
3.171614077607032733e+00 9.176110403077766264e+00 1.157620733758097931e+00 2.795248615179519655e-02 4.062063024474134210e+01 1.549994700000000059e+01 7.954442999999999930e-01 3.681439999999999824e+00 2.115660447861288048e+04 1.085197064492947209e-03
3.171614077607032733e+00 9.176110403077766264e+00 1.157620733758097931e+00 2.795248615179519655e-02 4.062062963944678984e+01 1.549994700000000059e+01 7.954442999999999930e-01 3.681439999999999824e+00 2.115660479387085434e+04 1.085197064492947209e-03
3.171614077607032733e+00 9.176110403077766264e+00 1.157620733758097931e+00 2.795248615179519655e-02 4.062062963944678984e+01 1.549994700000000059e+01 7.954442999999999930e-01 3.681439999999999824e+00 2.115660447861288048e+04 1.085211965654141056e-03
3.171781330004723287e+00 9.176338889752228667e+00 1.157914392883705013e+00 4.862457115624968518e-03 4.062066835217037664e+01 1.549994700000000059e+01 7.954442999999999930e-01 3.681439999999999824e+00 2.115639961595294517e+04 1.085190126884838123e-03
3.171781377267948177e+00 9.176338889752228667e+00 1.157914392883705013e+00 4.862457115624968518e-03 4.062066835217037664e+01 1.549994700000000059e+01 7.954442999999999930e-01 3.681439999999999824e+00 2.115639961595294517e+04 1.085190126884838123e-03
3.171781330004723287e+00 9.176339026490333950e+00 1.157914392883705013e+00 4.862457115624968518e-03 4.062066835217037664e+01 1.549994700000000059e+01 7.954442999999999930e-01 3.681439999999999824e+00 2.115639961595294517e+04 1.085190126884838123e-03
3.171781330004723287e+00 9.176338889752228667e+00 1.157914410137974137e+00 4.862457115624968518e-03 4.062066835217037664e+01 1.549994700000000059e+01 7.954442999999999930e-01 3.681439999999999824e+00 2.115639961595294517e+04 1.085190126884838123e-03
3.171781330004723287e+00 9.176338889752228667e+00 1.157914392883705013e+00 4.862472016786162365e-03 4.062066835217037664e+01 1.549994700000000059e+01 7.954442999999999930e-01 3.681439999999999824e+00 2.115639961595294517e+04 1.085190126884838123e-03
3.171781330004723287e+00 9.176338889752228667e+00 1.157914392883705013e+00 4.862457115624968518e-03 4.062066895746550443e+01 1.549994700000000059e+01 7.954442999999999930e-01 3.681439999999999824e+00 2.115639961595294517e+04 1.085190126884838123e-03
3.171781330004723287e+00 9.176338889752228667e+00 1.157914392883705013e+00 4.862457115624968518e-03 4.062066835217037664e+01 1.549994700000000059e+01 7.954442999999999930e-01 3.681439999999999824e+00 2.115639993120786676e+04 1.085190126884838123e-03
3.171781330004723287e+00 9.176338889752228667e+00 1.157914392883705013e+00 4.862457115624968518e-03 4.062066835217037664e+01 1.549994700000000059e+01 7.954442999999999930e-01 3.681439999999999824e+00 2.115639961595294517e+04 1.085205028046031970e-03
3.171821492978997181e+00 9.176409304891564034e+00 1.158002563464219259e+00 4.981996047601997685e-03 4.062067097018316986e+01 1.549994700000000059e+01 7.954442999999999930e-01 3.681439999999999824e+00 2.115633658763883795e+04 1.085188403713423753e-03
3.171821540242820703e+00 9.176409304891564034e+00 1.158002563464219259e+00 4.981996047601997685e-03 4.062067097018316986e+01 1.549994700000000059e+01 7.954442999999999930e-01 3.681439999999999824e+00 2.115633658763883795e+04 1.085188403713423753e-03
3.171821492978997181e+00 9.176409441630719144e+00 1.158002563464219259e+00 4.981996047601997685e-03 4.062067097018316986e+01 1.549994700000000059e+01 7.954442999999999930e-01 3.681439999999999824e+00 2.115633658763883795e+04 1.085188403713423753e-03
3.171821492978997181e+00 9.176409304891564034e+00 1.158002580719802221e+00 4.981996047601997685e-03 4.062067097018316986e+01 1.549994700000000059e+01 7.954442999999999930e-01 3.681439999999999824e+00 2.115633658763883795e+04 1.085188403713423753e-03
3.171821492978997181e+00 9.176409304891564034e+00 1.158002563464219259e+00 4.982010948763191532e-03 4.062067097018316986e+01 1.549994700000000059e+01 7.954442999999999930e-01 3.681439999999999824e+00 2.115633658763883795e+04 1.085188403713423753e-03
3.171821492978997181e+00 9.176409304891564034e+00 1.158002563464219259e+00 4.981996047601997685e-03 4.062067157547833318e+01 1.549994700000000059e+01 7.954442999999999930e-01 3.681439999999999824e+00 2.115633658763883795e+04 1.085188403713423753e-03
3.171821492978997181e+00 9.176409304891564034e+00 1.158002563464219259e+00 4.981996047601997685e-03 4.062067097018316986e+01 1.549994700000000059e+01 7.954442999999999930e-01 3.681439999999999824e+00 2.115633690289282094e+04 1.085188403713423753e-03
3.171821492978997181e+00 9.176409304891564034e+00 1.158002563464219259e+00 4.981996047601997685e-03 4.062067097018316986e+01 1.549994700000000059e+01 7.954442999999999930e-01 3.681439999999999824e+00 2.115633658763883795e+04 1.085203304874617601e-03
3.170052780487141675e+00 9.189561747990417473e+00 1.157201004899236940e+00 1.902763146675812578e-03 4.078761987266402400e+01 1.549994700000000059e+01 7.954442999999999930e-01 3.681439999999999824e+00 2.109715697376494427e+04 1.065166780627095069e-03
3.170052827724608946e+00 9.189561747990417473e+00 1.157201004899236940e+00 1.902763146675812578e-03 4.078761987266402400e+01 1.549994700000000059e+01 7.954442999999999930e-01 3.681439999999999824e+00 2.109715697376494427e+04 1.065166780627095069e-03
3.170052780487141675e+00 9.189561884925558033e+00 1.157201004899236940e+00 1.902763146675812578e-03 4.078761987266402400e+01 1.549994700000000059e+01 7.954442999999999930e-01 3.681439999999999824e+00 2.109715697376494427e+04 1.065166780627095069e-03
3.170052780487141675e+00 9.189561747990417473e+00 1.157201022142875679e+00 1.902763146675812578e-03 4.078761987266402400e+01 1.549994700000000059e+01 7.954442999999999930e-01 3.681439999999999824e+00 2.109715697376494427e+04 1.065166780627095069e-03
3.170052780487141675e+00 9.189561747990417473e+00 1.157201004899236940e+00 1.902778047837006426e-03 4.078761987266402400e+01 1.549994700000000059e+01 7.954442999999999930e-01 3.681439999999999824e+00 2.109715697376494427e+04 1.065166780627095069e-03
3.170052780487141675e+00 9.189561747990417473e+00 1.157201004899236940e+00 1.902763146675812578e-03 4.078762048044692534e+01 1.549994700000000059e+01 7.954442999999999930e-01 3.681439999999999824e+00 2.109715697376494427e+04 1.065166780627095069e-03
3.170052780487141675e+00 9.189561747990417473e+00 1.157201004899236940e+00 1.902763146675812578e-03 4.078761987266402400e+01 1.549994700000000059e+01 7.954442999999999930e-01 3.681439999999999824e+00 2.109715728813708120e+04 1.065166780627095069e-03
3.170052780487141675e+00 9.189561747990417473e+00 1.157201004899236940e+00 1.902763146675812578e-03 4.078761987266402400e+01 1.549994700000000059e+01 7.954442999999999930e-01 3.681439999999999824e+00 2.109715697376494427e+04 1.065181681788288917e-03
3.169883636620171252e+00 9.189662238961114227e+00 1.157309436679951231e+00 8.786008046808315135e-04 4.078929599398998818e+01 1.549994700000000059e+01 7.954442999999999930e-01 3.681439999999999824e+00 2.109644368515358292e+04 1.064383769848586264e-03
3.169883683855118317e+00 9.189662238961114227e+00 1.157309436679951231e+00 8.786008046808315135e-04 4.078929599398998818e+01 1.549994700000000059e+01 7.954442999999999930e-01 3.681439999999999824e+00 2.109644368515358292e+04 1.064383769848586264e-03
3.169883636620171252e+00 9.189662375897752256e+00 1.157309436679951231e+00 8.786008046808315135e-04 4.078929599398998818e+01 1.549994700000000059e+01 7.954442999999999930e-01 3.681439999999999824e+00 2.109644368515358292e+04 1.064383769848586264e-03
3.169883636620171252e+00 9.189662238961114227e+00 1.157309453925205789e+00 8.786008046808315135e-04 4.078929599398998818e+01 1.549994700000000059e+01 7.954442999999999930e-01 3.681439999999999824e+00 2.109644368515358292e+04 1.064383769848586264e-03
3.169883636620171252e+00 9.189662238961114227e+00 1.157309436679951231e+00 8.786157058420253612e-04 4.078929599398998818e+01 1.549994700000000059e+01 7.954442999999999930e-01 3.681439999999999824e+00 2.109644368515358292e+04 1.064383769848586264e-03
3.169883636620171252e+00 9.189662238961114227e+00 1.157309436679951231e+00 8.786008046808315135e-04 4.078929660179786509e+01 1.549994700000000059e+01 7.954442999999999930e-01 3.681439999999999824e+00 2.109644368515358292e+04 1.064383769848586264e-03
3.169883636620171252e+00 9.189662238961114227e+00 1.157309436679951231e+00 8.786008046808315135e-04 4.078929599398998818e+01 1.549994700000000059e+01 7.954442999999999930e-01 3.681439999999999824e+00 2.109644399951508967e+04 1.064383769848586264e-03
3.169883636620171252e+00 9.189662238961114227e+00 1.157309436679951231e+00 8.786008046808315135e-04 4.078929599398998818e+01 1.549994700000000059e+01 7.954442999999999930e-01 3.681439999999999824e+00 2.109644368515358292e+04 1.064398671009780112e-03
3.170072420500703814e+00 9.190586517520024756e+00 1.157292492667897132e+00 4.194641182877947416e-05 4.076905712341597621e+01 1.549994700000000059e+01 7.954442999999999930e-01 3.681439999999999824e+00 2.109501661810252335e+04 1.063917328477641299e-03
3.170072467738463740e+00 9.190586517520024756e+00 1.157292492667897132e+00 4.194641182877947416e-05 4.076905712341597621e+01 1.549994700000000059e+01 7.954442999999999930e-01 3.681439999999999824e+00 2.109501661810252335e+04 1.063917328477641299e-03
3.170072420500703814e+00 9.190586654470436656e+00 1.157292492667897132e+00 4.194641182877947416e-05 4.076905712341597621e+01 1.549994700000000059e+01 7.954442999999999930e-01 3.681439999999999824e+00 2.109501661810252335e+04 1.063917328477641299e-03
3.170072420500703814e+00 9.190586517520024756e+00 1.157292509912899003e+00 4.194641182877947416e-05 4.076905712341597621e+01 1.549994700000000059e+01 7.954442999999999930e-01 3.681439999999999824e+00 2.109501661810252335e+04 1.063917328477641299e-03
3.170072420500703814e+00 9.190586517520024756e+00 1.157292492667897132e+00 4.196131298997332181e-05 4.076905712341597621e+01 1.549994700000000059e+01 7.954442999999999930e-01 3.681439999999999824e+00 2.109501661810252335e+04 1.063917328477641299e-03
3.170072420500703814e+00 9.190586517520024756e+00 1.157292492667897132e+00 4.194641182877947416e-05 4.076905773092227037e+01 1.549994700000000059e+01 7.954442999999999930e-01 3.681439999999999824e+00 2.109501661810252335e+04 1.063917328477641299e-03
3.170072420500703814e+00 9.190586517520024756e+00 1.157292492667897132e+00 4.194641182877947416e-05 4.076905712341597621e+01 1.549994700000000059e+01 7.954442999999999930e-01 3.681439999999999824e+00 2.109501693244276612e+04 1.063917328477641299e-03
3.170072420500703814e+00 9.190586517520024756e+00 1.157292492667897132e+00 4.194641182877947416e-05 4.076905712341597621e+01 1.549994700000000059e+01 7.954442999999999930e-01 3.681439999999999824e+00 2.109501661810252335e+04 1.063932229638835146e-03
3.170045074163410970e+00 9.191570085774200649e+00 1.157246991358582555e+00 7.066365723761126947e-06 4.076618978300648877e+01 1.549994700000000059e+01 7.954442999999999930e-01 3.681439999999999824e+00 2.109216192341275746e+04 1.062940721512611007e-03
3.170045121400763666e+00 9.191570085774200649e+00 1.157246991358582555e+00 7.066365723761126947e-06 4.076618978300648877e+01 1.549994700000000059e+01 7.954442999999999930e-01 3.681439999999999824e+00 2.109216192341275746e+04 1.062940721512611007e-03
3.170045074163410970e+00 9.191570222739267493e+00 1.157246991358582555e+00 7.066365723761126947e-06 4.076618978300648877e+01 1.549994700000000059e+01 7.954442999999999930e-01 3.681439999999999824e+00 2.109216192341275746e+04 1.062940721512611007e-03
3.170045074163410970e+00 9.191570085774200649e+00 1.157247008602906524e+00 7.066365723761126947e-06 4.076618978300648877e+01 1.549994700000000059e+01 7.954442999999999930e-01 3.681439999999999824e+00 2.109216192341275746e+04 1.062940721512611007e-03
3.170045074163410970e+00 9.191570085774200649e+00 1.157246991358582555e+00 7.081266884954974603e-06 4.076618978300648877e+01 1.549994700000000059e+01 7.954442999999999930e-01 3.681439999999999824e+00 2.109216192341275746e+04 1.062940721512611007e-03
3.170045074163410970e+00 9.191570085774200649e+00 1.157246991358582555e+00 7.066365723761126947e-06 4.076619039047005089e+01 1.549994700000000059e+01 7.954442999999999930e-01 3.681439999999999824e+00 2.109216192341275746e+04 1.062940721512611007e-03
3.170045074163410970e+00 9.191570085774200649e+00 1.157246991358582555e+00 7.066365723761126947e-06 4.076618978300648877e+01 1.549994700000000059e+01 7.954442999999999930e-01 3.681439999999999824e+00 2.109216223771046134e+04 1.062940721512611007e-03
3.170045074163410970e+00 9.191570085774200649e+00 1.157246991358582555e+00 7.066365723761126947e-06 4.076618978300648877e+01 1.549994700000000059e+01 7.954442999999999930e-01 3.681439999999999824e+00 2.109216192341275746e+04 1.062955622673804855e-03
3.169719180772731182e+00 9.192380653129887946e+00 1.157146298774396120e+00 1.365910062331478079e-07 4.080128900378220891e+01 1.549994700000000059e+01 7.954442999999999930e-01 3.681439999999999824e+00 2.108645252676576274e+04 1.060980621451255903e-03
3.169719228005227762e+00 9.192380653129887946e+00 1.157146298774396120e+00 1.365910062331478079e-07 4.080128900378220891e+01 1.549994700000000059e+01 7.954442999999999930e-01 3.681439999999999824e+00 2.108645252676576274e+04 1.060980621451255903e-03
3.169719180772731182e+00 9.192380790107034017e+00 1.157146298774396120e+00 1.365910062331478079e-07 4.080128900378220891e+01 1.549994700000000059e+01 7.954442999999999930e-01 3.681439999999999824e+00 2.108645252676576274e+04 1.060980621451255903e-03
3.169719180772731182e+00 9.192380653129887946e+00 1.157146316017219734e+00 1.365910062331478079e-07 4.080128900378220891e+01 1.549994700000000059e+01 7.954442999999999930e-01 3.681439999999999824e+00 2.108645252676576274e+04 1.060980621451255903e-03
3.169719180772731182e+00 9.192380653129887946e+00 1.157146298774396120e+00 1.514921674269954641e-07 4.080128900378220891e+01 1.549994700000000059e+01 7.954442999999999930e-01 3.681439999999999824e+00 2.108645252676576274e+04 1.060980621451255903e-03
3.169719180772731182e+00 9.192380653129887946e+00 1.157146298774396120e+00 1.365910062331478079e-07 4.080128961176879443e+01 1.549994700000000059e+01 7.954442999999999930e-01 3.681439999999999824e+00 2.108645252676576274e+04 1.060980621451255903e-03
3.169719180772731182e+00 9.192380653129887946e+00 1.157146298774396120e+00 1.365910062331478079e-07 4.080128900378220891e+01 1.549994700000000059e+01 7.954442999999999930e-01 3.681439999999999824e+00 2.108645284097839249e+04 1.060980621451255903e-03
3.169719180772731182e+00 9.192380653129887946e+00 1.157146298774396120e+00 1.365910062331478079e-07 4.080128900378220891e+01 1.549994700000000059e+01 7.954442999999999930e-01 3.681439999999999824e+00 2.108645252676576274e+04 1.060995522612449751e-03
3.169670201417747357e+00 9.192665176132031490e+00 1.157121541233096407e+00 1.773296039794099326e-08 4.080332047264248985e+01 1.549994700000000059e+01 7.954442999999999930e-01 3.681439999999999824e+00 2.108502517687876025e+04 1.060448528695409577e-03
3.169670248649513855e+00 9.192665176132031490e+00 1.157121541233096407e+00 1.773296039794099326e-08 4.080332047264248985e+01 1.549994700000000059e+01 7.954442999999999930e-01 3.681439999999999824e+00 2.108502517687876025e+04 1.060448528695409577e-03
3.169670201417747357e+00 9.192665313113417724e+00 1.157121541233096407e+00 1.773296039794099326e-08 4.080332047264248985e+01 1.549994700000000059e+01 7.954442999999999930e-01 3.681439999999999824e+00 2.108502517687876025e+04 1.060448528695409577e-03
3.169670201417747357e+00 9.192665176132031490e+00 1.157121558475550982e+00 1.773296039794099326e-08 4.080332047264248985e+01 1.549994700000000059e+01 7.954442999999999930e-01 3.681439999999999824e+00 2.108502517687876025e+04 1.060448528695409577e-03
3.169670201417747357e+00 9.192665176132031490e+00 1.157121541233096407e+00 3.263412159178864951e-08 4.080332047264248985e+01 1.549994700000000059e+01 7.954442999999999930e-01 3.681439999999999824e+00 2.108502517687876025e+04 1.060448528695409577e-03
3.169670201417747357e+00 9.192665176132031490e+00 1.157121541233096407e+00 1.773296039794099326e-08 4.080332108065934449e+01 1.549994700000000059e+01 7.954442999999999930e-01 3.681439999999999824e+00 2.108502517687876025e+04 1.060448528695409577e-03
3.169670201417747357e+00 9.192665176132031490e+00 1.157121541233096407e+00 1.773296039794099326e-08 4.080332047264248985e+01 1.549994700000000059e+01 7.954442999999999930e-01 3.681439999999999824e+00 2.108502549107011873e+04 1.060448528695409577e-03
3.169670201417747357e+00 9.192665176132031490e+00 1.157121541233096407e+00 1.773296039794099326e-08 4.080332047264248985e+01 1.549994700000000059e+01 7.954442999999999930e-01 3.681439999999999824e+00 2.108502517687876025e+04 1.060463429856603424e-03
3.169748115031854940e+00 9.193889448810365295e+00 1.157071041356289687e+00 4.922504106263682473e-10 4.079058764908116075e+01 1.549994700000000059e+01 7.954442999999999930e-01 3.681439999999999824e+00 2.108217047786591866e+04 1.059468165523011788e-03
3.169748162264782732e+00 9.193889448810365295e+00 1.157071041356289687e+00 4.922504106263682473e-10 4.079058764908116075e+01 1.549994700000000059e+01 7.954442999999999930e-01 3.681439999999999824e+00 2.108217047786591866e+04 1.059468165523011788e-03
3.169748115031854940e+00 9.193889585809994713e+00 1.157071041356289687e+00 4.922504106263682473e-10 4.079058764908116075e+01 1.549994700000000059e+01 7.954442999999999930e-01 3.681439999999999824e+00 2.108217047786591866e+04 1.059468165523011788e-03
3.169748115031854940e+00 9.193889448810365295e+00 1.157071058597991753e+00 4.922504106263682473e-10 4.079058764908116075e+01 1.549994700000000059e+01 7.954442999999999930e-01 3.681439999999999824e+00 2.108217047786591866e+04 1.059468165523011788e-03
3.169748115031854940e+00 9.193889448810365295e+00 1.157071041356289687e+00 1.539341160447402450e-08 4.079058764908116075e+01 1.549994700000000059e+01 7.954442999999999930e-01 3.681439999999999824e+00 2.108217047786591866e+04 1.059468165523011788e-03
3.169748115031854940e+00 9.193889448810365295e+00 1.157071041356289687e+00 4.922504106263682473e-10 4.079058825690827916e+01 1.549994700000000059e+01 7.954442999999999930e-01 3.681439999999999824e+00 2.108217047786591866e+04 1.059468165523011788e-03
3.169748115031854940e+00 9.193889448810365295e+00 1.157071041356289687e+00 4.922504106263682473e-10 4.079058764908116075e+01 1.549994700000000059e+01 7.954442999999999930e-01 3.681439999999999824e+00 2.108217079201473825e+04 1.059468165523011788e-03
3.169748115031854940e+00 9.193889448810365295e+00 1.157071041356289687e+00 4.922504106263682473e-10 4.079058764908116075e+01 1.549994700000000059e+01 7.954442999999999930e-01 3.681439999999999824e+00 2.108217047786591866e+04 1.059483066684205636e-03
3.113640988957120381e+00 9.061985447576535790e+00 1.156898108591161600e+00 9.485004493233397074e-12 4.638403755150083896e+01 1.549994700000000059e+01 7.954442999999999930e-01 3.681439999999999824e+00 2.107249111832957715e+04 1.056174796647909751e-03
3.155674758472256425e+00 9.162982725269921858e+00 1.156900536901871224e+00 9.471084713970812314e-12 4.218750009979110160e+01 1.549994700000000059e+01 7.954442999999999930e-01 3.681439999999999824e+00 2.107260067062910093e+04 1.056204292246035355e-03
3.166227115593861718e+00 9.188334026141250277e+00 1.156901346744658055e+00 9.452583534152037482e-12 4.113399113094244086e+01 1.549994700000000059e+01 7.954442999999999930e-01 3.681439999999999824e+00 2.107263940898143119e+04 1.056215500429113618e-03
3.169082779863403587e+00 9.195171388754671327e+00 1.156902878276411029e+00 9.343580420162167847e-12 4.084895571885348886e+01 1.549994700000000059e+01 7.954442999999999930e-01 3.681439999999999824e+00 2.107272353636804110e+04 1.056243463281691768e-03
3.169718942217127022e+00 9.194726170617379069e+00 1.157014700631052495e+00 1.406372197732849576e-11 4.079087117228835524e+01 1.549994700000000059e+01 7.954442999999999930e-01 3.681439999999999824e+00 2.107899806259318211e+04 1.058367359187390279e-03
3.169718989449620050e+00 9.194726170617379069e+00 1.157014700631052495e+00 1.406372197732849576e-11 4.079087117228835524e+01 1.549994700000000059e+01 7.954442999999999930e-01 3.681439999999999824e+00 2.107899806259318211e+04 1.058367359187390279e-03
3.169718942217127022e+00 9.194726307629476736e+00 1.157014700631052495e+00 1.406372197732849576e-11 4.079087117228835524e+01 1.549994700000000059e+01 7.954442999999999930e-01 3.681439999999999824e+00 2.107899806259318211e+04 1.058367359187390279e-03
3.169718942217127022e+00 9.194726170617379069e+00 1.157014717871915011e+00 1.406372197732849576e-11 4.079087117228835524e+01 1.549994700000000059e+01 7.954442999999999930e-01 3.681439999999999824e+00 2.107899806259318211e+04 1.058367359187390279e-03
3.169718942217127022e+00 9.194726170617379069e+00 1.157014700631052495e+00 1.491522491582498630e-08 4.079087117228835524e+01 1.549994700000000059e+01 7.954442999999999930e-01 3.681439999999999824e+00 2.107899806259318211e+04 1.058367359187390279e-03
3.169718942217127022e+00 9.194726170617379069e+00 1.157014700631052495e+00 1.406372197732849576e-11 4.079087178011970138e+01 1.549994700000000059e+01 7.954442999999999930e-01 3.681439999999999824e+00 2.107899806259318211e+04 1.058367359187390279e-03
3.169718942217127022e+00 9.194726170617379069e+00 1.157014700631052495e+00 1.406372197732849576e-11 4.079087117228835524e+01 1.549994700000000059e+01 7.954442999999999930e-01 3.681439999999999824e+00 2.107899837669472981e+04 1.058367359187390279e-03
3.169718942217127022e+00 9.194726170617379069e+00 1.157014700631052495e+00 1.406372197732849576e-11 4.079087117228835524e+01 1.549994700000000059e+01 7.954442999999999930e-01 3.681439999999999824e+00 2.107899806259318211e+04 1.058382260348584127e-03
3.169488925053976391e+00 9.195682258194372238e+00 1.156921032864812737e+00 5.014417306948728726e-14 4.081510222240502372e+01 1.549994700000000059e+01 7.954442999999999930e-01 3.681439999999999824e+00 2.107371747598660295e+04 1.056548248448413137e-03
3.169704461578282118e+00 9.195166423878012196e+00 1.156986911082722669e+00 1.429598849008373246e-12 4.079139864000266869e+01 1.549994700000000059e+01 7.954442999999999930e-01 3.681439999999999824e+00 2.107741370320037095e+04 1.057799667397139182e-03
3.169704508810559318e+00 9.195166423878012196e+00 1.156986911082722669e+00 1.429598849008373246e-12 4.079139864000266869e+01 1.549994700000000059e+01 7.954442999999999930e-01 3.681439999999999824e+00 2.107741370320037095e+04 1.057799667397139182e-03
3.169704461578282118e+00 9.195166560896669949e+00 1.156986911082722669e+00 1.429598849008373246e-12 4.079139864000266869e+01 1.549994700000000059e+01 7.954442999999999930e-01 3.681439999999999824e+00 2.107741370320037095e+04 1.057799667397139182e-03
3.169704461578282118e+00 9.195166423878012196e+00 1.156986928323171071e+00 1.429598849008373246e-12 4.079139864000266869e+01 1.549994700000000059e+01 7.954442999999999930e-01 3.681439999999999824e+00 2.107741370320037095e+04 1.057799667397139182e-03
3.169704461578282118e+00 9.195166423878012196e+00 1.156986911082722669e+00 1.490259079269666332e-08 4.079139864000266869e+01 1.549994700000000059e+01 7.954442999999999930e-01 3.681439999999999824e+00 2.107741370320037095e+04 1.057799667397139182e-03
3.169704461578282118e+00 9.195166423878012196e+00 1.156986911082722669e+00 1.429598849008373246e-12 4.079139924784187343e+01 1.549994700000000059e+01 7.954442999999999930e-01 3.681439999999999824e+00 2.107741370320037095e+04 1.057799667397139182e-03
3.169704461578282118e+00 9.195166423878012196e+00 1.156986911082722669e+00 1.429598849008373246e-12 4.079139864000266869e+01 1.549994700000000059e+01 7.954442999999999930e-01 3.681439999999999824e+00 2.107741401727831180e+04 1.057799667397139182e-03
3.169704461578282118e+00 9.195166423878012196e+00 1.156986911082722669e+00 1.429598849008373246e-12 4.079139864000266869e+01 1.549994700000000059e+01 7.954442999999999930e-01 3.681439999999999824e+00 2.107741370320037095e+04 1.057814568558333029e-03
3.169720650577798171e+00 9.195224182086382925e+00 1.156986138805967013e+00 2.493188540985681915e-14 4.078907613867146154e+01 1.549994700000000059e+01 7.954442999999999930e-01 3.681439999999999824e+00 2.107739185357919632e+04 1.057777820822921114e-03
3.169720697810316512e+00 9.195224182086382925e+00 1.156986138805967013e+00 2.493188540985681915e-14 4.078907613867146154e+01 1.549994700000000059e+01 7.954442999999999930e-01 3.681439999999999824e+00 2.107739185357919632e+04 1.057777820822921114e-03
3.169720650577798171e+00 9.195224319105900435e+00 1.156986138805967013e+00 2.493188540985681915e-14 4.078907613867146154e+01 1.549994700000000059e+01 7.954442999999999930e-01 3.681439999999999824e+00 2.107739185357919632e+04 1.057777820822921114e-03
3.169720650577798171e+00 9.195224182086382925e+00 1.156986156046403869e+00 2.493188540985681915e-14 4.078907613867146154e+01 1.549994700000000059e+01 7.954442999999999930e-01 3.681439999999999824e+00 2.107739185357919632e+04 1.057777820822921114e-03
3.169720650577798171e+00 9.195224182086382925e+00 1.156986138805967013e+00 1.490118612573306640e-08 4.078907613867146154e+01 1.549994700000000059e+01 7.954442999999999930e-01 3.681439999999999824e+00 2.107739185357919632e+04 1.057777820822921114e-03
3.169720650577798171e+00 9.195224182086382925e+00 1.156986138805967013e+00 2.493188540985681915e-14 4.078907674647606285e+01 1.549994700000000059e+01 7.954442999999999930e-01 3.681439999999999824e+00 2.107739185357919632e+04 1.057777820822921114e-03
3.169720650577798171e+00 9.195224182086382925e+00 1.156986138805967013e+00 2.493188540985681915e-14 4.078907613867146154e+01 1.549994700000000059e+01 7.954442999999999930e-01 3.681439999999999824e+00 2.107739216765680976e+04 1.057777820822921114e-03
3.169720650577798171e+00 9.195224182086382925e+00 1.156986138805967013e+00 2.493188540985681915e-14 4.078907613867146154e+01 1.549994700000000059e+01 7.954442999999999930e-01 3.681439999999999824e+00 2.107739185357919632e+04 1.057792721984114961e-03
3.169409012056051189e+00 9.195431411385657228e+00 1.156921526395634059e+00 1.360106417119215442e-16 4.082492921264957886e+01 1.549994700000000059e+01 7.954442999999999930e-01 3.681439999999999824e+00 2.107376345058821607e+04 1.056552780484822486e-03
3.169708721435111620e+00 9.195689031098732258e+00 1.156957934549347256e+00 1.327268561042528825e-15 4.078928995082486608e+01 1.549994700000000059e+01 7.954442999999999930e-01 3.681439999999999824e+00 2.107580602439301219e+04 1.057244383246085193e-03
3.169708768667452325e+00 9.195689031098732258e+00 1.156957934549347256e+00 1.327268561042528825e-15 4.078928995082486608e+01 1.549994700000000059e+01 7.954442999999999930e-01 3.681439999999999824e+00 2.107580602439301219e+04 1.057244383246085193e-03
3.169708721435111620e+00 9.195689168125177559e+00 1.156957934549347256e+00 1.327268561042528825e-15 4.078928995082486608e+01 1.549994700000000059e+01 7.954442999999999930e-01 3.681439999999999824e+00 2.107580602439301219e+04 1.057244383246085193e-03
3.169708721435111620e+00 9.195689031098732258e+00 1.156957951789364003e+00 1.327268561042528825e-15 4.078928995082486608e+01 1.549994700000000059e+01 7.954442999999999930e-01 3.681439999999999824e+00 2.107580602439301219e+04 1.057244383246085193e-03
3.169708721435111620e+00 9.195689031098732258e+00 1.156957934549347256e+00 1.490116252111621646e-08 4.078928995082486608e+01 1.549994700000000059e+01 7.954442999999999930e-01 3.681439999999999824e+00 2.107580602439301219e+04 1.057244383246085193e-03
3.169708721435111620e+00 9.195689031098732258e+00 1.156957934549347256e+00 1.327268561042528825e-15 4.078929055863265063e+01 1.549994700000000059e+01 7.954442999999999930e-01 3.681439999999999824e+00 2.107580602439301219e+04 1.057244383246085193e-03
3.169708721435111620e+00 9.195689031098732258e+00 1.156957934549347256e+00 1.327268561042528825e-15 4.078928995082486608e+01 1.549994700000000059e+01 7.954442999999999930e-01 3.681439999999999824e+00 2.107580633844699332e+04 1.057244383246085193e-03
3.169708721435111620e+00 9.195689031098732258e+00 1.156957934549347256e+00 1.327268561042528825e-15 4.078928995082486608e+01 1.549994700000000059e+01 7.954442999999999930e-01 3.681439999999999824e+00 2.107580602439301219e+04 1.057259284407279041e-03
3.169348309681070397e+00 9.194607994042053534e+00 1.156958003594817486e+00 2.232159015558708120e-17 4.083396699537600938e+01 1.549994700000000059e+01 7.954442999999999930e-01 3.681439999999999824e+00 2.107579770330984320e+04 1.057223424381861180e-03
3.169568421765946109e+00 9.195267114689800181e+00 1.156958155863356152e+00 5.979986009572268078e-17 4.080649978650897225e+01 1.549994700000000059e+01 7.954442999999999930e-01 3.681439999999999824e+00 2.107580589718332340e+04 1.057226302484604290e-03
3.169671857648835189e+00 9.195578037398732363e+00 1.156958160431710292e+00 2.155171896110869516e-16 4.079358907042400517e+01 1.549994700000000059e+01 7.954442999999999930e-01 3.681439999999999824e+00 2.107580600245714959e+04 1.057226395648599038e-03
3.169671904880626556e+00 9.195578037398732363e+00 1.156958160431710292e+00 2.155171896110869516e-16 4.079358907042400517e+01 1.549994700000000059e+01 7.954442999999999930e-01 3.681439999999999824e+00 2.107580600245714959e+04 1.057226395648599038e-03
3.169671857648835189e+00 9.195578174423522100e+00 1.156958160431710292e+00 2.155171896110869516e-16 4.079358907042400517e+01 1.549994700000000059e+01 7.954442999999999930e-01 3.681439999999999824e+00 2.107580600245714959e+04 1.057226395648599038e-03
3.169671857648835189e+00 9.195578037398732363e+00 1.156958177671730370e+00 2.155171896110869516e-16 4.079358907042400517e+01 1.549994700000000059e+01 7.954442999999999930e-01 3.681439999999999824e+00 2.107580600245714959e+04 1.057226395648599038e-03
3.169671857648835189e+00 9.195578037398732363e+00 1.156958160431710292e+00 1.490116140936484661e-08 4.079358907042400517e+01 1.549994700000000059e+01 7.954442999999999930e-01 3.681439999999999824e+00 2.107580600245714959e+04 1.057226395648599038e-03
3.169671857648835189e+00 9.195578037398732363e+00 1.156958160431710292e+00 2.155171896110869516e-16 4.079358967829585225e+01 1.549994700000000059e+01 7.954442999999999930e-01 3.681439999999999824e+00 2.107580600245714959e+04 1.057226395648599038e-03
3.169671857648835189e+00 9.195578037398732363e+00 1.156958160431710292e+00 2.155171896110869516e-16 4.079358907042400517e+01 1.549994700000000059e+01 7.954442999999999930e-01 3.681439999999999824e+00 2.107580631651113072e+04 1.057226395648599038e-03
3.169671857648835189e+00 9.195578037398732363e+00 1.156958160431710292e+00 2.155171896110869516e-16 4.079358907042400517e+01 1.549994700000000059e+01 7.954442999999999930e-01 3.681439999999999824e+00 2.107580600245714959e+04 1.057241296809792886e-03
3.169712554730529597e+00 9.195686847031756983e+00 1.156958146560719936e+00 5.144208409116683370e-17 4.078928637749121577e+01 1.549994700000000059e+01 7.954442999999999930e-01 3.681439999999999824e+00 2.107580598973861925e+04 1.057225655525087732e-03
3.169680267643010918e+00 9.195603240386535759e+00 1.156958145278765837e+00 1.201297861509866960e-16 4.079251120310765089e+01 1.549994700000000059e+01 7.954442999999999930e-01 3.681439999999999824e+00 2.107580599939018066e+04 1.057225670179880953e-03
3.169680314874927518e+00 9.195603240386535759e+00 1.156958145278765837e+00 1.201297861509866960e-16 4.079251120310765089e+01 1.549994700000000059e+01 7.954442999999999930e-01 3.681439999999999824e+00 2.107580599939018066e+04 1.057225670179880953e-03
3.169680267643010918e+00 9.195603377411702084e+00 1.156958145278765837e+00 1.201297861509866960e-16 4.079251120310765089e+01 1.549994700000000059e+01 7.954442999999999930e-01 3.681439999999999824e+00 2.107580599939018066e+04 1.057225670179880953e-03
3.169680267643010918e+00 9.195603240386535759e+00 1.156958162518785693e+00 1.201297861509866960e-16 4.079251120310765089e+01 1.549994700000000059e+01 7.954442999999999930e-01 3.681439999999999824e+00 2.107580599939018066e+04 1.057225670179880953e-03
3.169680267643010918e+00 9.195603240386535759e+00 1.156958145278765837e+00 1.490116131397744225e-08 4.079251120310765089e+01 1.549994700000000059e+01 7.954442999999999930e-01 3.681439999999999824e+00 2.107580599939018066e+04 1.057225670179880953e-03
3.169680267643010918e+00 9.195603240386535759e+00 1.156958145278765837e+00 1.201297861509866960e-16 4.079251181096343259e+01 1.549994700000000059e+01 7.954442999999999930e-01 3.681439999999999824e+00 2.107580599939018066e+04 1.057225670179880953e-03
3.169680267643010918e+00 9.195603240386535759e+00 1.156958145278765837e+00 1.201297861509866960e-16 4.079251120310765089e+01 1.549994700000000059e+01 7.954442999999999930e-01 3.681439999999999824e+00 2.107580631344416179e+04 1.057225670179880953e-03
3.169680267643010918e+00 9.195603240386535759e+00 1.156958145278765837e+00 1.201297861509866960e-16 4.079251120310765089e+01 1.549994700000000059e+01 7.954442999999999930e-01 3.681439999999999824e+00 2.107580599939018066e+04 1.057240571341074801e-03
3.169689619522706447e+00 9.195625593465946324e+00 1.156957541271015355e+00 2.609786601709969877e-17 4.079143462049913893e+01 1.549994700000000059e+01 7.954442999999999930e-01 3.681439999999999824e+00 2.107580598502206703e+04 1.057222596947377836e-03
3.169681553559485110e+00 9.195606213308900934e+00 1.156957540139686991e+00 6.338850233727569927e-17 4.079224024191849196e+01 1.549994700000000059e+01 7.954442999999999930e-01 3.681439999999999824e+00 2.107580599590294514e+04 1.057222626312096393e-03
3.169681600791420806e+00 9.195606213308900934e+00 1.156957540139686991e+00 6.338850233727569927e-17 4.079224024191849196e+01 1.549994700000000059e+01 7.954442999999999930e-01 3.681439999999999824e+00 2.107580599590294514e+04 1.057222626312096393e-03
3.169681553559485110e+00 9.195606350334111667e+00 1.156957540139686991e+00 6.338850233727569927e-17 4.079224024191849196e+01 1.549994700000000059e+01 7.954442999999999930e-01 3.681439999999999824e+00 2.107580599590294514e+04 1.057222626312096393e-03
3.169681553559485110e+00 9.195606213308900934e+00 1.156957557379697743e+00 6.338850233727569927e-17 4.079224024191849196e+01 1.549994700000000059e+01 7.954442999999999930e-01 3.681439999999999824e+00 2.107580599590294514e+04 1.057222626312096393e-03
3.169681553559485110e+00 9.195606213308900934e+00 1.156957540139686991e+00 1.490116125723615764e-08 4.079224024191849196e+01 1.549994700000000059e+01 7.954442999999999930e-01 3.681439999999999824e+00 2.107580599590294514e+04 1.057222626312096393e-03
3.169681553559485110e+00 9.195606213308900934e+00 1.156957540139686991e+00 6.338850233727569927e-17 4.079224084977023779e+01 1.549994700000000059e+01 7.954442999999999930e-01 3.681439999999999824e+00 2.107580599590294514e+04 1.057222626312096393e-03
3.169681553559485110e+00 9.195606213308900934e+00 1.156957540139686991e+00 6.338850233727569927e-17 4.079224024191849196e+01 1.549994700000000059e+01 7.954442999999999930e-01 3.681439999999999824e+00 2.107580630995692627e+04 1.057222626312096393e-03
3.169681553559485110e+00 9.195606213308900934e+00 1.156957540139686991e+00 6.338850233727569927e-17 4.079224024191849196e+01 1.549994700000000059e+01 7.954442999999999930e-01 3.681439999999999824e+00 2.107580599590294514e+04 1.057237527473290240e-03
3.169681253101275686e+00 9.195612976117244486e+00 1.156958100430412584e+00 5.506651679276463307e-17 4.079221754628049013e+01 1.549994700000000059e+01 7.954442999999999930e-01 3.681439999999999824e+00 2.107579365342135134e+04 1.057222228370154190e-03
3.169681300333206941e+00 9.195612976117244486e+00 1.156958100430412584e+00 5.506651679276463307e-17 4.079221754628049013e+01 1.549994700000000059e+01 7.954442999999999930e-01 3.681439999999999824e+00 2.107579365342135134e+04 1.057222228370154190e-03
3.169681253101275686e+00 9.195613113142556472e+00 1.156958100430412584e+00 5.506651679276463307e-17 4.079221754628049013e+01 1.549994700000000059e+01 7.954442999999999930e-01 3.681439999999999824e+00 2.107579365342135134e+04 1.057222228370154190e-03
3.169681253101275686e+00 9.195612976117244486e+00 1.156958117670431774e+00 5.506651679276463307e-17 4.079221754628049013e+01 1.549994700000000059e+01 7.954442999999999930e-01 3.681439999999999824e+00 2.107579365342135134e+04 1.057222228370154190e-03
3.169681253101275686e+00 9.195612976117244486e+00 1.156958100430412584e+00 1.490116124891417143e-08 4.079221754628049013e+01 1.549994700000000059e+01 7.954442999999999930e-01 3.681439999999999824e+00 2.107579365342135134e+04 1.057222228370154190e-03
3.169681253101275686e+00 9.195612976117244486e+00 1.156958100430412584e+00 5.506651679276463307e-17 4.079221815413190200e+01 1.549994700000000059e+01 7.954442999999999930e-01 3.681439999999999824e+00 2.107579365342135134e+04 1.057222228370154190e-03
3.169681253101275686e+00 9.195612976117244486e+00 1.156958100430412584e+00 5.506651679276463307e-17 4.079221754628049013e+01 1.549994700000000059e+01 7.954442999999999930e-01 3.681439999999999824e+00 2.107579396747515057e+04 1.057222228370154190e-03
3.169681253101275686e+00 9.195612976117244486e+00 1.156958100430412584e+00 5.506651679276463307e-17 4.079221754628049013e+01 1.549994700000000059e+01 7.954442999999999930e-01 3.681439999999999824e+00 2.107579365342135134e+04 1.057237129531348038e-03
