3.038879474697275818e+00 1.266809656727399336e+01 2.096949233840005977e+00 2.507432676935219096e+00 1.271739728911235368e+01 1.530525399999999969e+01 7.001581000000000055e-01 3.097326999999999941e+00 7.589115121752717641e+03 3.167329562094641560e+00 1.010777571747380144e+01 1.416838867536027280e+00 1.201294962039499192e-04 3.264860574453624764e+01 1.500000000000000000e+01 7.234983000000000386e-01 3.013116999999999823e+00 3.060153305266859024e+04 3.735822804949902602e-04
3.038879519980108856e+00 1.266809656727399336e+01 2.096949233840005977e+00 2.507432676935219096e+00 1.271739728911235368e+01 1.530525399999999969e+01 7.001581000000000055e-01 3.097326999999999941e+00 7.589115121752717641e+03 3.167329562094641560e+00 1.010777571747380144e+01 1.416838867536027280e+00 1.201294962039499192e-04 3.264860574453624764e+01 1.500000000000000000e+01 7.234983000000000386e-01 3.013116999999999823e+00 3.060153305266859024e+04 3.735822804949902602e-04
3.038879474697275818e+00 1.266809675604334195e+01 2.096949233840005977e+00 2.507432676935219096e+00 1.271739728911235368e+01 1.530525399999999969e+01 7.001581000000000055e-01 3.097326999999999941e+00 7.589115121752717641e+03 3.167329562094641560e+00 1.010777571747380144e+01 1.416838867536027280e+00 1.201294962039499192e-04 3.264860574453624764e+01 1.500000000000000000e+01 7.234983000000000386e-01 3.013116999999999823e+00 3.060153305266859024e+04 3.735822804949902602e-04
3.038879474697275818e+00 1.266809656727399336e+01 2.096949265086984315e+00 2.507432676935219096e+00 1.271739728911235368e+01 1.530525399999999969e+01 7.001581000000000055e-01 3.097326999999999941e+00 7.589115121752717641e+03 3.167329562094641560e+00 1.010777571747380144e+01 1.416838867536027280e+00 1.201294962039499192e-04 3.264860574453624764e+01 1.500000000000000000e+01 7.234983000000000386e-01 3.013116999999999823e+00 3.060153305266859024e+04 3.735822804949902602e-04
3.038879474697275818e+00 1.266809656727399336e+01 2.096949233840005977e+00 2.507432714298877485e+00 1.271739728911235368e+01 1.530525399999999969e+01 7.001581000000000055e-01 3.097326999999999941e+00 7.589115121752717641e+03 3.167329562094641560e+00 1.010777571747380144e+01 1.416838867536027280e+00 1.201294962039499192e-04 3.264860574453624764e+01 1.500000000000000000e+01 7.234983000000000386e-01 3.013116999999999823e+00 3.060153305266859024e+04 3.735822804949902602e-04
3.038879474697275818e+00 1.266809656727399336e+01 2.096949233840005977e+00 2.507432676935219096e+00 1.271739747861634129e+01 1.530525399999999969e+01 7.001581000000000055e-01 3.097326999999999941e+00 7.589115121752717641e+03 3.167329562094641560e+00 1.010777571747380144e+01 1.416838867536027280e+00 1.201294962039499192e-04 3.264860574453624764e+01 1.500000000000000000e+01 7.234983000000000386e-01 3.013116999999999823e+00 3.060153305266859024e+04 3.735822804949902602e-04
3.038879474697275818e+00 1.266809656727399336e+01 2.096949233840005977e+00 2.507432676935219096e+00 1.271739728911235368e+01 1.530525422806605640e+01 7.001581000000000055e-01 3.097326999999999941e+00 7.589115121752717641e+03 3.167329562094641560e+00 1.010777571747380144e+01 1.416838867536027280e+00 1.201294962039499192e-04 3.264860574453624764e+01 1.500000000000000000e+01 7.234983000000000386e-01 3.013116999999999823e+00 3.060153305266859024e+04 3.735822804949902602e-04
3.038879474697275818e+00 1.266809656727399336e+01 2.096949233840005977e+00 2.507432676935219096e+00 1.271739728911235368e+01 1.530525399999999969e+01 7.001581149011611993e-01 3.097326999999999941e+00 7.589115121752717641e+03 3.167329562094641560e+00 1.010777571747380144e+01 1.416838867536027280e+00 1.201294962039499192e-04 3.264860574453624764e+01 1.500000000000000000e+01 7.234983000000000386e-01 3.013116999999999823e+00 3.060153305266859024e+04 3.735822804949902602e-04
3.038879474697275818e+00 1.266809656727399336e+01 2.096949233840005977e+00 2.507432676935219096e+00 1.271739728911235368e+01 1.530525399999999969e+01 7.001581000000000055e-01 3.097326999999999941e+00 7.589115234839345248e+03 3.167329562094641560e+00 1.010777571747380144e+01 1.416838867536027280e+00 1.201294962039499192e-04 3.264860574453624764e+01 1.500000000000000000e+01 7.234983000000000386e-01 3.013116999999999823e+00 3.060153305266859024e+04 3.735822804949902602e-04
3.038879474697275818e+00 1.266809656727399336e+01 2.096949233840005977e+00 2.507432676935219096e+00 1.271739728911235368e+01 1.530525399999999969e+01 7.001581000000000055e-01 3.097326999999999941e+00 7.589115121752717641e+03 3.167329609291529735e+00 1.010777571747380144e+01 1.416838867536027280e+00 1.201294962039499192e-04 3.264860574453624764e+01 1.500000000000000000e+01 7.234983000000000386e-01 3.013116999999999823e+00 3.060153305266859024e+04 3.735822804949902602e-04
3.038879474697275818e+00 1.266809656727399336e+01 2.096949233840005977e+00 2.507432676935219096e+00 1.271739728911235368e+01 1.530525399999999969e+01 7.001581000000000055e-01 3.097326999999999941e+00 7.589115121752717641e+03 3.167329562094641560e+00 1.010777586809139628e+01 1.416838867536027280e+00 1.201294962039499192e-04 3.264860574453624764e+01 1.500000000000000000e+01 7.234983000000000386e-01 3.013116999999999823e+00 3.060153305266859024e+04 3.735822804949902602e-04
3.038879474697275818e+00 1.266809656727399336e+01 2.096949233840005977e+00 2.507432676935219096e+00 1.271739728911235368e+01 1.530525399999999969e+01 7.001581000000000055e-01 3.097326999999999941e+00 7.589115121752717641e+03 3.167329562094641560e+00 1.010777571747380144e+01 1.416838888648571659e+00 1.201294962039499192e-04 3.264860574453624764e+01 1.500000000000000000e+01 7.234983000000000386e-01 3.013116999999999823e+00 3.060153305266859024e+04 3.735822804949902602e-04
3.038879474697275818e+00 1.266809656727399336e+01 2.096949233840005977e+00 2.507432676935219096e+00 1.271739728911235368e+01 1.530525399999999969e+01 7.001581000000000055e-01 3.097326999999999941e+00 7.589115121752717641e+03 3.167329562094641560e+00 1.010777571747380144e+01 1.416838867536027280e+00 1.201443973651437669e-04 3.264860574453624764e+01 1.500000000000000000e+01 7.234983000000000386e-01 3.013116999999999823e+00 3.060153305266859024e+04 3.735822804949902602e-04
3.038879474697275818e+00 1.266809656727399336e+01 2.096949233840005977e+00 2.507432676935219096e+00 1.271739728911235368e+01 1.530525399999999969e+01 7.001581000000000055e-01 3.097326999999999941e+00 7.589115121752717641e+03 3.167329562094641560e+00 1.010777571747380144e+01 1.416838867536027280e+00 1.201294962039499192e-04 3.264860623103838577e+01 1.500000000000000000e+01 7.234983000000000386e-01 3.013116999999999823e+00 3.060153305266859024e+04 3.735822804949902602e-04
3.038879474697275818e+00 1.266809656727399336e+01 2.096949233840005977e+00 2.507432676935219096e+00 1.271739728911235368e+01 1.530525399999999969e+01 7.001581000000000055e-01 3.097326999999999941e+00 7.589115121752717641e+03 3.167329562094641560e+00 1.010777571747380144e+01 1.416838867536027280e+00 1.201294962039499192e-04 3.264860574453624764e+01 1.500000022351741791e+01 7.234983000000000386e-01 3.013116999999999823e+00 3.060153305266859024e+04 3.735822804949902602e-04
3.038879474697275818e+00 1.266809656727399336e+01 2.096949233840005977e+00 2.507432676935219096e+00 1.271739728911235368e+01 1.530525399999999969e+01 7.001581000000000055e-01 3.097326999999999941e+00 7.589115121752717641e+03 3.167329562094641560e+00 1.010777571747380144e+01 1.416838867536027280e+00 1.201294962039499192e-04 3.264860574453624764e+01 1.500000000000000000e+01 7.234983149011612324e-01 3.013116999999999823e+00 3.060153305266859024e+04 3.735822804949902602e-04
3.038879474697275818e+00 1.266809656727399336e+01 2.096949233840005977e+00 2.507432676935219096e+00 1.271739728911235368e+01 1.530525399999999969e+01 7.001581000000000055e-01 3.097326999999999941e+00 7.589115121752717641e+03 3.167329562094641560e+00 1.010777571747380144e+01 1.416838867536027280e+00 1.201294962039499192e-04 3.264860574453624764e+01 1.500000000000000000e+01 7.234983000000000386e-01 3.013116999999999823e+00 3.060153350866696564e+04 3.735822804949902602e-04
3.038879474697275818e+00 1.266809656727399336e+01 2.096949233840005977e+00 2.507432676935219096e+00 1.271739728911235368e+01 1.530525399999999969e+01 7.001581000000000055e-01 3.097326999999999941e+00 7.589115121752717641e+03 3.167329562094641560e+00 1.010777571747380144e+01 1.416838867536027280e+00 1.201294962039499192e-04 3.264860574453624764e+01 1.500000000000000000e+01 7.234983000000000386e-01 3.013116999999999823e+00 3.060153305266859024e+04 3.735971816561841079e-04
3.038879564239409081e+00 1.266809656756097446e+01 2.096949238587098918e+00 2.507432677551427957e+00 1.271739729051688350e+01 1.530525400001194924e+01 7.001580956821549240e-01 3.097326999999999941e+00 7.589115121735975663e+03 3.167329693828676351e+00 1.010777571847159173e+01 1.416838902475168860e+00 1.201296338139354054e-04 3.264860574576905350e+01 1.499999999972707876e+01 7.234983034215302089e-01 3.013116999999999823e+00 3.060153305260414709e+04 3.747449161470677568e-04
3.038879609522243452e+00 1.266809656756097446e+01 2.096949238587098918e+00 2.507432677551427957e+00 1.271739729051688350e+01 1.530525400001194924e+01 7.001580956821549240e-01 3.097326999999999941e+00 7.589115121735975663e+03 3.167329693828676351e+00 1.010777571847159173e+01 1.416838902475168860e+00 1.201296338139354054e-04 3.264860574576905350e+01 1.499999999972707876e+01 7.234983034215302089e-01 3.013116999999999823e+00 3.060153305260414709e+04 3.747449161470677568e-04
3.038879564239409081e+00 1.266809675633032306e+01 2.096949238587098918e+00 2.507432677551427957e+00 1.271739729051688350e+01 1.530525400001194924e+01 7.001580956821549240e-01 3.097326999999999941e+00 7.589115121735975663e+03 3.167329693828676351e+00 1.010777571847159173e+01 1.416838902475168860e+00 1.201296338139354054e-04 3.264860574576905350e+01 1.499999999972707876e+01 7.234983034215302089e-01 3.013116999999999823e+00 3.060153305260414709e+04 3.747449161470677568e-04
3.038879564239409081e+00 1.266809656756097446e+01 2.096949269834077700e+00 2.507432677551427957e+00 1.271739729051688350e+01 1.530525400001194924e+01 7.001580956821549240e-01 3.097326999999999941e+00 7.589115121735975663e+03 3.167329693828676351e+00 1.010777571847159173e+01 1.416838902475168860e+00 1.201296338139354054e-04 3.264860574576905350e+01 1.499999999972707876e+01 7.234983034215302089e-01 3.013116999999999823e+00 3.060153305260414709e+04 3.747449161470677568e-04
3.038879564239409081e+00 1.266809656756097446e+01 2.096949238587098918e+00 2.507432714915086347e+00 1.271739729051688350e+01 1.530525400001194924e+01 7.001580956821549240e-01 3.097326999999999941e+00 7.589115121735975663e+03 3.167329693828676351e+00 1.010777571847159173e+01 1.416838902475168860e+00 1.201296338139354054e-04 3.264860574576905350e+01 1.499999999972707876e+01 7.234983034215302089e-01 3.013116999999999823e+00 3.060153305260414709e+04 3.747449161470677568e-04
3.038879564239409081e+00 1.266809656756097446e+01 2.096949238587098918e+00 2.507432677551427957e+00 1.271739748002087111e+01 1.530525400001194924e+01 7.001580956821549240e-01 3.097326999999999941e+00 7.589115121735975663e+03 3.167329693828676351e+00 1.010777571847159173e+01 1.416838902475168860e+00 1.201296338139354054e-04 3.264860574576905350e+01 1.499999999972707876e+01 7.234983034215302089e-01 3.013116999999999823e+00 3.060153305260414709e+04 3.747449161470677568e-04
3.038879564239409081e+00 1.266809656756097446e+01 2.096949238587098918e+00 2.507432677551427957e+00 1.271739729051688350e+01 1.530525422807800595e+01 7.001580956821549240e-01 3.097326999999999941e+00 7.589115121735975663e+03 3.167329693828676351e+00 1.010777571847159173e+01 1.416838902475168860e+00 1.201296338139354054e-04 3.264860574576905350e+01 1.499999999972707876e+01 7.234983034215302089e-01 3.013116999999999823e+00 3.060153305260414709e+04 3.747449161470677568e-04
3.038879564239409081e+00 1.266809656756097446e+01 2.096949238587098918e+00 2.507432677551427957e+00 1.271739729051688350e+01 1.530525400001194924e+01 7.001581105833161178e-01 3.097326999999999941e+00 7.589115121735975663e+03 3.167329693828676351e+00 1.010777571847159173e+01 1.416838902475168860e+00 1.201296338139354054e-04 3.264860574576905350e+01 1.499999999972707876e+01 7.234983034215302089e-01 3.013116999999999823e+00 3.060153305260414709e+04 3.747449161470677568e-04
3.038879564239409081e+00 1.266809656756097446e+01 2.096949238587098918e+00 2.507432677551427957e+00 1.271739729051688350e+01 1.530525400001194924e+01 7.001580956821549240e-01 3.097326999999999941e+00 7.589115234822603270e+03 3.167329693828676351e+00 1.010777571847159173e+01 1.416838902475168860e+00 1.201296338139354054e-04 3.264860574576905350e+01 1.499999999972707876e+01 7.234983034215302089e-01 3.013116999999999823e+00 3.060153305260414709e+04 3.747449161470677568e-04
3.038879564239409081e+00 1.266809656756097446e+01 2.096949238587098918e+00 2.507432677551427957e+00 1.271739729051688350e+01 1.530525400001194924e+01 7.001580956821549240e-01 3.097326999999999941e+00 7.589115121735975663e+03 3.167329741025566747e+00 1.010777571847159173e+01 1.416838902475168860e+00 1.201296338139354054e-04 3.264860574576905350e+01 1.499999999972707876e+01 7.234983034215302089e-01 3.013116999999999823e+00 3.060153305260414709e+04 3.747449161470677568e-04
3.038879564239409081e+00 1.266809656756097446e+01 2.096949238587098918e+00 2.507432677551427957e+00 1.271739729051688350e+01 1.530525400001194924e+01 7.001580956821549240e-01 3.097326999999999941e+00 7.589115121735975663e+03 3.167329693828676351e+00 1.010777586908918657e+01 1.416838902475168860e+00 1.201296338139354054e-04 3.264860574576905350e+01 1.499999999972707876e+01 7.234983034215302089e-01 3.013116999999999823e+00 3.060153305260414709e+04 3.747449161470677568e-04
3.038879564239409081e+00 1.266809656756097446e+01 2.096949238587098918e+00 2.507432677551427957e+00 1.271739729051688350e+01 1.530525400001194924e+01 7.001580956821549240e-01 3.097326999999999941e+00 7.589115121735975663e+03 3.167329693828676351e+00 1.010777571847159173e+01 1.416838923587713683e+00 1.201296338139354054e-04 3.264860574576905350e+01 1.499999999972707876e+01 7.234983034215302089e-01 3.013116999999999823e+00 3.060153305260414709e+04 3.747449161470677568e-04
3.038879564239409081e+00 1.266809656756097446e+01 2.096949238587098918e+00 2.507432677551427957e+00 1.271739729051688350e+01 1.530525400001194924e+01 7.001580956821549240e-01 3.097326999999999941e+00 7.589115121735975663e+03 3.167329693828676351e+00 1.010777571847159173e+01 1.416838902475168860e+00 1.201445349751292530e-04 3.264860574576905350e+01 1.499999999972707876e+01 7.234983034215302089e-01 3.013116999999999823e+00 3.060153305260414709e+04 3.747449161470677568e-04
3.038879564239409081e+00 1.266809656756097446e+01 2.096949238587098918e+00 2.507432677551427957e+00 1.271739729051688350e+01 1.530525400001194924e+01 7.001580956821549240e-01 3.097326999999999941e+00 7.589115121735975663e+03 3.167329693828676351e+00 1.010777571847159173e+01 1.416838902475168860e+00 1.201296338139354054e-04 3.264860623227119163e+01 1.499999999972707876e+01 7.234983034215302089e-01 3.013116999999999823e+00 3.060153305260414709e+04 3.747449161470677568e-04
3.038879564239409081e+00 1.266809656756097446e+01 2.096949238587098918e+00 2.507432677551427957e+00 1.271739729051688350e+01 1.530525400001194924e+01 7.001580956821549240e-01 3.097326999999999941e+00 7.589115121735975663e+03 3.167329693828676351e+00 1.010777571847159173e+01 1.416838902475168860e+00 1.201296338139354054e-04 3.264860574576905350e+01 1.500000022324449667e+01 7.234983034215302089e-01 3.013116999999999823e+00 3.060153305260414709e+04 3.747449161470677568e-04
3.038879564239409081e+00 1.266809656756097446e+01 2.096949238587098918e+00 2.507432677551427957e+00 1.271739729051688350e+01 1.530525400001194924e+01 7.001580956821549240e-01 3.097326999999999941e+00 7.589115121735975663e+03 3.167329693828676351e+00 1.010777571847159173e+01 1.416838902475168860e+00 1.201296338139354054e-04 3.264860574576905350e+01 1.499999999972707876e+01 7.234983183226914027e-01 3.013116999999999823e+00 3.060153305260414709e+04 3.747449161470677568e-04
3.038879564239409081e+00 1.266809656756097446e+01 2.096949238587098918e+00 2.507432677551427957e+00 1.271739729051688350e+01 1.530525400001194924e+01 7.001580956821549240e-01 3.097326999999999941e+00 7.589115121735975663e+03 3.167329693828676351e+00 1.010777571847159173e+01 1.416838902475168860e+00 1.201296338139354054e-04 3.264860574576905350e+01 1.499999999972707876e+01 7.234983034215302089e-01 3.013116999999999823e+00 3.060153350860252249e+04 3.747449161470677568e-04
3.038879564239409081e+00 1.266809656756097446e+01 2.096949238587098918e+00 2.507432677551427957e+00 1.271739729051688350e+01 1.530525400001194924e+01 7.001580956821549240e-01 3.097326999999999941e+00 7.589115121735975663e+03 3.167329693828676351e+00 1.010777571847159173e+01 1.416838902475168860e+00 1.201296338139354054e-04 3.264860574576905350e+01 1.499999999972707876e+01 7.234983034215302089e-01 3.013116999999999823e+00 3.060153305260414709e+04 3.747598173082616045e-04
