3.158788432689884740e+00 8.958576024375252800e+00 1.230579737070931934e+00 4.861651282396443123e-09 4.769341552318232402e+01 1.549994700000000059e+01 7.954442999999999930e-01 3.681439999999999824e+00 2.579586611868888212e+04 4.751814144434802697e-03
3.158788479759500500e+00 8.958576024375252800e+00 1.230579737070931934e+00 4.861651282396443123e-09 4.769341552318232402e+01 1.549994700000000059e+01 7.954442999999999930e-01 3.681439999999999824e+00 2.579586611868888212e+04 4.751814144434802697e-03
3.158788432689884740e+00 8.958576157868439083e+00 1.230579737070931934e+00 4.861651282396443123e-09 4.769341552318232402e+01 1.549994700000000059e+01 7.954442999999999930e-01 3.681439999999999824e+00 2.579586611868888212e+04 4.751814144434802697e-03
3.158788432689884740e+00 8.958576024375252800e+00 1.230579755407998910e+00 4.861651282396443123e-09 4.769341552318232402e+01 1.549994700000000059e+01 7.954442999999999930e-01 3.681439999999999824e+00 2.579586611868888212e+04 4.751814144434802697e-03
3.158788432689884740e+00 8.958576024375252800e+00 1.230579737070931934e+00 1.976281247624409855e-08 4.769341552318232402e+01 1.549994700000000059e+01 7.954442999999999930e-01 3.681439999999999824e+00 2.579586611868888212e+04 4.751814144434802697e-03
3.158788432689884740e+00 8.958576024375252800e+00 1.230579737070931934e+00 4.861651282396443123e-09 4.769341623386959839e+01 1.549994700000000059e+01 7.954442999999999930e-01 3.681439999999999824e+00 2.579586611868888212e+04 4.751814144434802697e-03
3.158788432689884740e+00 8.958576024375252800e+00 1.230579737070931934e+00 4.861651282396443123e-09 4.769341552318232402e+01 1.549994723096720861e+01 7.954442999999999930e-01 3.681439999999999824e+00 2.579586611868888212e+04 4.751814144434802697e-03
3.158788432689884740e+00 8.958576024375252800e+00 1.230579737070931934e+00 4.861651282396443123e-09 4.769341552318232402e+01 1.549994700000000059e+01 7.954443149011611869e-01 3.681439999999999824e+00 2.579586611868888212e+04 4.751814144434802697e-03
3.158788432689884740e+00 8.958576024375252800e+00 1.230579737070931934e+00 4.861651282396443123e-09 4.769341552318232402e+01 1.549994700000000059e+01 7.954442999999999930e-01 3.681439999999999824e+00 2.579586650307724267e+04 4.751814144434802697e-03
3.158788432689884740e+00 8.958576024375252800e+00 1.230579737070931934e+00 4.861651282396443123e-09 4.769341552318232402e+01 1.549994700000000059e+01 7.954442999999999930e-01 3.681439999999999824e+00 2.579586611868888212e+04 4.751829045595996545e-03
3.256884006464868087e+00 9.145668482364690988e+00 1.393557447481328815e+00 3.709760014031996420e-09 4.529576951862119927e+01 1.541611025514974287e+01 6.310488294697675915e-01 3.681439999999999824e+00 3.347353922207104915e+04 1.035270572135623887e-02
3.234173622088681199e+00 9.146797782413694122e+00 1.270092611046955255e+00 3.170226665296562916e-11 3.968981469604037216e+01 1.487626066457999841e+01 7.515325305056481664e-01 3.681439999999999824e+00 2.771526773127973138e+04 6.161068095657168397e-03
3.211833053041191821e+00 9.099778660065309666e+00 1.239236097023100225e+00 9.676720253478965045e-10 4.068813092961084976e+01 1.474178390588284060e+01 7.815857697122128300e-01 3.681439999999999824e+00 2.627566916913096793e+04 5.113741162180366999e-03
3.184128919166195004e+00 9.025235551395324407e+00 1.231535929389966588e+00 1.202391045855554173e-09 4.412337848170309940e+01 1.470885428381185989e+01 7.890082645105518377e-01 3.681439999999999824e+00 2.591577488887275831e+04 4.852716813313716696e-03
3.166612530779157275e+00 8.976546212049310469e+00 1.229618597874785335e+00 1.261164141742379087e-09 4.650757359472118679e+01 1.470116807421089078e+01 7.908199287572981184e-01 3.681439999999999824e+00 2.582582647587327665e+04 4.787867046464541754e-03
3.160372997664412154e+00 8.959134251914923297e+00 1.229142652147847903e+00 1.274833545167711080e-09 4.737192332859238064e+01 1.470027397897544219e+01 7.912654239046025273e-01 3.681439999999999824e+00 2.580332843368997055e+04 4.771729201402032799e-03
3.158628567850623181e+00 8.954437824342148744e+00 1.229032690519219040e+00 1.273559145972893969e-09 4.761607253874839074e+01 1.470425581048456998e+01 7.913776440065862783e-01 3.681439999999999824e+00 2.579762262952786114e+04 4.767707246028990084e-03
3.158628614917856403e+00 8.954437824342148744e+00 1.229032690519219040e+00 1.273559145972893969e-09 4.761607253874839074e+01 1.470425581048456998e+01 7.913776440065862783e-01 3.681439999999999824e+00 2.579762262952786114e+04 4.767707246028990084e-03
3.158628567850623181e+00 8.954437957773670576e+00 1.229032690519219040e+00 1.273559145972893969e-09 4.761607253874839074e+01 1.470425581048456998e+01 7.913776440065862783e-01 3.681439999999999824e+00 2.579762262952786114e+04 4.767707246028990084e-03
3.158628567850623181e+00 8.954437824342148744e+00 1.229032708833233345e+00 1.273559145972893969e-09 4.761607253874839074e+01 1.470425581048456998e+01 7.913776440065862783e-01 3.681439999999999824e+00 2.579762262952786114e+04 4.767707246028990084e-03
3.158628567850623181e+00 8.954437824342148744e+00 1.229032690519219040e+00 1.617472033982055022e-08 4.761607253874839074e+01 1.470425581048456998e+01 7.913776440065862783e-01 3.681439999999999824e+00 2.579762262952786114e+04 4.767707246028990084e-03
3.158628567850623181e+00 8.954437824342148744e+00 1.229032690519219040e+00 1.273559145972893969e-09 4.761607324828316479e+01 1.470425581048456998e+01 7.913776440065862783e-01 3.681439999999999824e+00 2.579762262952786114e+04 4.767707246028990084e-03
3.158628567850623181e+00 8.954437824342148744e+00 1.229032690519219040e+00 1.273559145972893969e-09 4.761607253874839074e+01 1.470425602959505618e+01 7.913776440065862783e-01 3.681439999999999824e+00 2.579762262952786114e+04 4.767707246028990084e-03
3.158628567850623181e+00 8.954437824342148744e+00 1.229032690519219040e+00 1.273559145972893969e-09 4.761607253874839074e+01 1.470425581048456998e+01 7.913776589077474721e-01 3.681439999999999824e+00 2.579762262952786114e+04 4.767707246028990084e-03
3.158628567850623181e+00 8.954437824342148744e+00 1.229032690519219040e+00 1.273559145972893969e-09 4.761607253874839074e+01 1.470425581048456998e+01 7.913776440065862783e-01 3.681439999999999824e+00 2.579762301394239330e+04 4.767707246028990084e-03
3.158628567850623181e+00 8.954437824342148744e+00 1.229032690519219040e+00 1.273559145972893969e-09 4.761607253874839074e+01 1.470425581048456998e+01 7.913776440065862783e-01 3.681439999999999824e+00 2.579762262952786114e+04 4.767722147190183932e-03
3.158685104652175557e+00 8.954686008586541845e+00 1.229119170521544957e+00 5.216211832078151284e-03 4.761608712128638388e+01 1.470418958087305050e+01 7.913675715455882331e-01 3.681439999999999824e+00 2.579782429146642244e+04 4.768083724583074313e-03
3.158685151720251660e+00 8.954686008586541845e+00 1.229119170521544957e+00 5.216211832078151284e-03 4.761608712128638388e+01 1.470418958087305050e+01 7.913675715455882331e-01 3.681439999999999824e+00 2.579782429146642244e+04 4.768083724583074313e-03
3.158685104652175557e+00 8.954686142021762052e+00 1.229119170521544957e+00 5.216211832078151284e-03 4.761608712128638388e+01 1.470418958087305050e+01 7.913675715455882331e-01 3.681439999999999824e+00 2.579782429146642244e+04 4.768083724583074313e-03
3.158685104652175557e+00 8.954686008586541845e+00 1.229119188836847787e+00 5.216211832078151284e-03 4.761608712128638388e+01 1.470418958087305050e+01 7.913675715455882331e-01 3.681439999999999824e+00 2.579782429146642244e+04 4.768083724583074313e-03
3.158685104652175557e+00 8.954686008586541845e+00 1.229119170521544957e+00 5.216226733239345131e-03 4.761608712128638388e+01 1.470418958087305050e+01 7.913675715455882331e-01 3.681439999999999824e+00 2.579782429146642244e+04 4.768083724583074313e-03
3.158685104652175557e+00 8.954686008586541845e+00 1.229119170521544957e+00 5.216211832078151284e-03 4.761608783082137109e+01 1.470418958087305050e+01 7.913675715455882331e-01 3.681439999999999824e+00 2.579782429146642244e+04 4.768083724583074313e-03
3.158685104652175557e+00 8.954686008586541845e+00 1.229119170521544957e+00 5.216211832078151284e-03 4.761608712128638388e+01 1.470418979998254905e+01 7.913675715455882331e-01 3.681439999999999824e+00 2.579782429146642244e+04 4.768083724583074313e-03
3.158685104652175557e+00 8.954686008586541845e+00 1.229119170521544957e+00 5.216211832078151284e-03 4.761608712128638388e+01 1.470418958087305050e+01 7.913675864467494270e-01 3.681439999999999824e+00 2.579782429146642244e+04 4.768083724583074313e-03
3.158685104652175557e+00 8.954686008586541845e+00 1.229119170521544957e+00 5.216211832078151284e-03 4.761608712128638388e+01 1.470418958087305050e+01 7.913675715455882331e-01 3.681439999999999824e+00 2.579782467588395957e+04 4.768083724583074313e-03
3.158685104652175557e+00 8.954686008586541845e+00 1.229119170521544957e+00 5.216211832078151284e-03 4.761608712128638388e+01 1.470418958087305050e+01 7.913675715455882331e-01 3.681439999999999824e+00 2.579782429146642244e+04 4.768098625744268161e-03
3.159029020051696168e+00 8.964561674960805249e+00 1.229332516623507399e+00 8.231153596010747434e-04 4.761142600261350566e+01 1.467647589651493867e+01 7.909533341736043610e-01 3.681439999999999824e+00 2.579836867355402137e+04 4.777404186354450820e-03
3.159029067124896617e+00 8.964561674960805249e+00 1.229332516623507399e+00 8.231153596010747434e-04 4.761142600261350566e+01 1.467647589651493867e+01 7.909533341736043610e-01 3.681439999999999824e+00 2.579836867355402137e+04 4.777404186354450820e-03
3.159029020051696168e+00 8.964561808543184185e+00 1.229332516623507399e+00 8.231153596010747434e-04 4.761142600261350566e+01 1.467647589651493867e+01 7.909533341736043610e-01 3.681439999999999824e+00 2.579836867355402137e+04 4.777404186354450820e-03
3.159029020051696168e+00 8.964561674960805249e+00 1.229332534941989463e+00 8.231153596010747434e-04 4.761142600261350566e+01 1.467647589651493867e+01 7.909533341736043610e-01 3.681439999999999824e+00 2.579836867355402137e+04 4.777404186354450820e-03
3.159029020051696168e+00 8.964561674960805249e+00 1.229332516623507399e+00 8.231302607622685910e-04 4.761142600261350566e+01 1.467647589651493867e+01 7.909533341736043610e-01 3.681439999999999824e+00 2.579836867355402137e+04 4.777404186354450820e-03
3.159029020051696168e+00 8.964561674960805249e+00 1.229332516623507399e+00 8.231153596010747434e-04 4.761142671207903732e+01 1.467647589651493867e+01 7.909533341736043610e-01 3.681439999999999824e+00 2.579836867355402137e+04 4.777404186354450820e-03
3.159029020051696168e+00 8.964561674960805249e+00 1.229332516623507399e+00 8.231153596010747434e-04 4.761142600261350566e+01 1.467647611521147155e+01 7.909533341736043610e-01 3.681439999999999824e+00 2.579836867355402137e+04 4.777404186354450820e-03
3.159029020051696168e+00 8.964561674960805249e+00 1.229332516623507399e+00 8.231153596010747434e-04 4.761142600261350566e+01 1.467647589651493867e+01 7.909533490747655549e-01 3.681439999999999824e+00 2.579836867355402137e+04 4.777404186354450820e-03
3.159029020051696168e+00 8.964561674960805249e+00 1.229332516623507399e+00 8.231153596010747434e-04 4.761142600261350566e+01 1.467647589651493867e+01 7.909533341736043610e-01 3.681439999999999824e+00 2.579836905797967120e+04 4.777404186354450820e-03
3.159029020051696168e+00 8.964561674960805249e+00 1.229332516623507399e+00 8.231153596010747434e-04 4.761142600261350566e+01 1.467647589651493867e+01 7.909533341736043610e-01 3.681439999999999824e+00 2.579836867355402137e+04 4.777419087515644668e-03
3.158957337858488312e+00 8.979907177905968041e+00 1.227995427650545590e+00 1.771579207471701833e-04 4.762307430036245393e+01 1.414330294634336838e+01 7.886880837537991740e-01 3.681439999999999824e+00 2.580012722327851952e+04 4.809749507281629345e-03
3.158957384930620726e+00 8.979907177905968041e+00 1.227995427650545590e+00 1.771579207471701833e-04 4.762307430036245393e+01 1.414330294634336838e+01 7.886880837537991740e-01 3.681439999999999824e+00 2.580012722327851952e+04 4.809749507281629345e-03
3.158957337858488312e+00 8.979907311717012064e+00 1.227995427650545590e+00 1.771579207471701833e-04 4.762307430036245393e+01 1.414330294634336838e+01 7.886880837537991740e-01 3.681439999999999824e+00 2.580012722327851952e+04 4.809749507281629345e-03
3.158957337858488312e+00 8.979907177905968041e+00 1.227995445949103370e+00 1.771579207471701833e-04 4.762307430036245393e+01 1.414330294634336838e+01 7.886880837537991740e-01 3.681439999999999824e+00 2.580012722327851952e+04 4.809749507281629345e-03
3.158957337858488312e+00 8.979907177905968041e+00 1.227995427650545590e+00 1.771728219083640310e-04 4.762307430036245393e+01 1.414330294634336838e+01 7.886880837537991740e-01 3.681439999999999824e+00 2.580012722327851952e+04 4.809749507281629345e-03
3.158957337858488312e+00 8.979907177905968041e+00 1.227995427650545590e+00 1.771579207471701833e-04 4.762307501000156407e+01 1.414330294634336838e+01 7.886880837537991740e-01 3.681439999999999824e+00 2.580012722327851952e+04 4.809749507281629345e-03
3.158957337858488312e+00 8.979907177905968041e+00 1.227995427650545590e+00 1.771579207471701833e-04 4.762307430036245393e+01 1.414330315709500496e+01 7.886880837537991740e-01 3.681439999999999824e+00 2.580012722327851952e+04 4.809749507281629345e-03
3.158957337858488312e+00 8.979907177905968041e+00 1.227995427650545590e+00 1.771579207471701833e-04 4.762307430036245393e+01 1.414330294634336838e+01 7.886880986549603678e-01 3.681439999999999824e+00 2.580012722327851952e+04 4.809749507281629345e-03
3.158957337858488312e+00 8.979907177905968041e+00 1.227995427650545590e+00 1.771579207471701833e-04 4.762307430036245393e+01 1.414330294634336838e+01 7.886880837537991740e-01 3.681439999999999824e+00 2.580012760773037371e+04 4.809749507281629345e-03
3.158957337858488312e+00 8.979907177905968041e+00 1.227995427650545590e+00 1.771579207471701833e-04 4.762307430036245393e+01 1.414330294634336838e+01 7.886880837537991740e-01 3.681439999999999824e+00 2.580012722327851952e+04 4.809764408442823193e-03
3.160291792745877792e+00 9.019152346482394833e+00 1.229687940901527554e+00 7.217644558702450734e-05 4.764958278142260184e+01 1.404959047780935499e+01 7.851931504288316432e-01 3.681439999999999824e+00 2.580387523820652495e+04 4.843802539502142096e-03
3.160255058994066335e+00 9.019037140331214175e+00 1.229626280506045388e+00 7.229431330647181323e-05 4.764904845245771980e+01 1.405020293913403862e+01 7.852328784113502547e-01 3.681439999999999824e+00 2.580106107568118750e+04 4.841698482672809022e-03
3.160242919349962154e+00 9.018902180216624487e+00 1.229613876071717682e+00 7.293360144165006518e-05 4.764906035660082750e+01 1.405275175823941325e+01 7.852564579439529346e-01 3.681439999999999824e+00 2.580034828545291748e+04 4.840993927932550275e-03
3.160138724079470496e+00 9.015938865597268759e+00 1.229621647988468514e+00 8.441465978973731229e-05 4.765022633509124006e+01 1.408438313986535206e+01 7.855309754301035285e-01 3.681439999999999824e+00 2.580014078268362573e+04 4.837293290464020346e-03
3.159263794612555021e+00 8.992449382598458385e+00 1.229274023614197464e+00 1.457697683429148654e-04 4.763559085446915731e+01 1.413435469762804431e+01 7.870960647128061316e-01 3.681439999999999824e+00 2.580012799054770221e+04 4.816091369911030401e-03
3.158918138491400462e+00 8.982876750809277056e+00 1.229096764695042809e+00 1.695603215111211350e-04 4.762617924841722328e+01 1.414147007566058001e+01 7.876995528219363774e-01 3.681439999999999824e+00 2.580012736362014039e+04 4.807920723006381576e-03
3.158918185562948899e+00 8.982876750809277056e+00 1.229096764695042809e+00 1.695603215111211350e-04 4.762617924841722328e+01 1.414147007566058001e+01 7.876995528219363774e-01 3.681439999999999824e+00 2.580012736362014039e+04 4.807920723006381576e-03
3.158918138491400462e+00 8.982876884664571904e+00 1.229096764695042809e+00 1.695603215111211350e-04 4.762617924841722328e+01 1.414147007566058001e+01 7.876995528219363774e-01 3.681439999999999824e+00 2.580012736362014039e+04 4.807920723006381576e-03
3.158918138491400462e+00 8.982876750809277056e+00 1.229096783010011906e+00 1.695603215111211350e-04 4.762617924841722328e+01 1.414147007566058001e+01 7.876995528219363774e-01 3.681439999999999824e+00 2.580012736362014039e+04 4.807920723006381576e-03
3.158918138491400462e+00 8.982876750809277056e+00 1.229096764695042809e+00 1.695752226723149826e-04 4.762617924841722328e+01 1.414147007566058001e+01 7.876995528219363774e-01 3.681439999999999824e+00 2.580012736362014039e+04 4.807920723006381576e-03
3.158918138491400462e+00 8.982876750809277056e+00 1.229096764695042809e+00 1.695603215111211350e-04 4.762617995810259686e+01 1.414147007566058001e+01 7.876995528219363774e-01 3.681439999999999824e+00 2.580012736362014039e+04 4.807920723006381576e-03
3.158918138491400462e+00 8.982876750809277056e+00 1.229096764695042809e+00 1.695603215111211350e-04 4.762617924841722328e+01 1.414147028638490511e+01 7.876995528219363774e-01 3.681439999999999824e+00 2.580012736362014039e+04 4.807920723006381576e-03
3.158918138491400462e+00 8.982876750809277056e+00 1.229096764695042809e+00 1.695603215111211350e-04 4.762617924841722328e+01 1.414147007566058001e+01 7.876995677230975712e-01 3.681439999999999824e+00 2.580012736362014039e+04 4.807920723006381576e-03
3.158918138491400462e+00 8.982876750809277056e+00 1.229096764695042809e+00 1.695603215111211350e-04 4.762617924841722328e+01 1.414147007566058001e+01 7.876995528219363774e-01 3.681439999999999824e+00 2.580012774807199821e+04 4.807920723006381576e-03
3.158918138491400462e+00 8.982876750809277056e+00 1.229096764695042809e+00 1.695603215111211350e-04 4.762617924841722328e+01 1.414147007566058001e+01 7.876995528219363774e-01 3.681439999999999824e+00 2.580012736362014039e+04 4.807935624167575424e-03
3.159095260021597795e+00 8.986191074151637537e+00 1.229072852663632531e+00 1.596515318352069164e-04 4.762974537192533120e+01 1.413993874643649740e+01 7.872217423866509911e-01 3.681439999999999824e+00 2.580012746430854531e+04 4.810321687595563167e-03
3.159095307095785454e+00 8.986191074151637537e+00 1.229072852663632531e+00 1.596515318352069164e-04 4.762974537192533120e+01 1.413993874643649740e+01 7.872217423866509911e-01 3.681439999999999824e+00 2.580012746430854531e+04 4.810321687595563167e-03
3.159095260021597795e+00 8.986191208056318658e+00 1.229072852663632531e+00 1.596515318352069164e-04 4.762974537192533120e+01 1.413993874643649740e+01 7.872217423866509911e-01 3.681439999999999824e+00 2.580012746430854531e+04 4.810321687595563167e-03
3.159095260021597795e+00 8.986191074151637537e+00 1.229072870978245247e+00 1.596515318352069164e-04 4.762974537192533120e+01 1.413993874643649740e+01 7.872217423866509911e-01 3.681439999999999824e+00 2.580012746430854531e+04 4.810321687595563167e-03
3.159095260021597795e+00 8.986191074151637537e+00 1.229072852663632531e+00 1.596664329964007640e-04 4.762974537192533120e+01 1.413993874643649740e+01 7.872217423866509911e-01 3.681439999999999824e+00 2.580012746430854531e+04 4.810321687595563167e-03
3.159095260021597795e+00 8.986191074151637537e+00 1.229072852663632531e+00 1.596515318352069164e-04 4.762974608166384627e+01 1.413993874643649740e+01 7.872217423866509911e-01 3.681439999999999824e+00 2.580012746430854531e+04 4.810321687595563167e-03
3.159095260021597795e+00 8.986191074151637537e+00 1.229072852663632531e+00 1.596515318352069164e-04 4.762974537192533120e+01 1.413993895713800342e+01 7.872217423866509911e-01 3.681439999999999824e+00 2.580012746430854531e+04 4.810321687595563167e-03
3.159095260021597795e+00 8.986191074151637537e+00 1.229072852663632531e+00 1.596515318352069164e-04 4.762974537192533120e+01 1.413993874643649740e+01 7.872217572878121850e-01 3.681439999999999824e+00 2.580012746430854531e+04 4.810321687595563167e-03
3.159095260021597795e+00 8.986191074151637537e+00 1.229072852663632531e+00 1.596515318352069164e-04 4.762974537192533120e+01 1.413993874643649740e+01 7.872217423866509911e-01 3.681439999999999824e+00 2.580012784876040314e+04 4.810321687595563167e-03
3.159095260021597795e+00 8.986191074151637537e+00 1.229072852663632531e+00 1.596515318352069164e-04 4.762974537192533120e+01 1.413993874643649740e+01 7.872217423866509911e-01 3.681439999999999824e+00 2.580012746430854531e+04 4.810336588756757015e-03
3.159218554008678570e+00 8.989581825105576129e+00 1.229183663447533048e+00 1.512054715543497535e-04 4.763286275657489455e+01 1.413854788542010965e+01 7.868327344821881564e-01 3.681439999999999824e+00 2.580012755272268623e+04 4.812956391375233615e-03
3.159218601084703426e+00 8.989581825105576129e+00 1.229183663447533048e+00 1.512054715543497535e-04 4.763286275657489455e+01 1.413854788542010965e+01 7.868327344821881564e-01 3.681439999999999824e+00 2.580012755272268623e+04 4.812956391375233615e-03
3.159218554008678570e+00 8.989581959060783944e+00 1.229183663447533048e+00 1.512054715543497535e-04 4.763286275657489455e+01 1.413854788542010965e+01 7.868327344821881564e-01 3.681439999999999824e+00 2.580012755272268623e+04 4.812956391375233615e-03
3.159218554008678570e+00 8.989581825105576129e+00 1.229183681763796887e+00 1.512054715543497535e-04 4.763286275657489455e+01 1.413854788542010965e+01 7.868327344821881564e-01 3.681439999999999824e+00 2.580012755272268623e+04 4.812956391375233615e-03
3.159218554008678570e+00 8.989581825105576129e+00 1.229183663447533048e+00 1.512203727155436012e-04 4.763286275657489455e+01 1.413854788542010965e+01 7.868327344821881564e-01 3.681439999999999824e+00 2.580012755272268623e+04 4.812956391375233615e-03
3.159218554008678570e+00 8.989581825105576129e+00 1.229183663447533048e+00 1.512054715543497535e-04 4.763286346635985780e+01 1.413854788542010965e+01 7.868327344821881564e-01 3.681439999999999824e+00 2.580012755272268623e+04 4.812956391375233615e-03
3.159218554008678570e+00 8.989581825105576129e+00 1.229183663447533048e+00 1.512054715543497535e-04 4.763286275657489455e+01 1.413854809610089092e+01 7.868327344821881564e-01 3.681439999999999824e+00 2.580012755272268623e+04 4.812956391375233615e-03
3.159218554008678570e+00 8.989581825105576129e+00 1.229183663447533048e+00 1.512054715543497535e-04 4.763286275657489455e+01 1.413854788542010965e+01 7.868327493833493502e-01 3.681439999999999824e+00 2.580012755272268623e+04 4.812956391375233615e-03
3.159218554008678570e+00 8.989581825105576129e+00 1.229183663447533048e+00 1.512054715543497535e-04 4.763286275657489455e+01 1.413854788542010965e+01 7.868327344821881564e-01 3.681439999999999824e+00 2.580012793717454406e+04 4.812956391375233615e-03
3.159218554008678570e+00 8.989581825105576129e+00 1.229183663447533048e+00 1.512054715543497535e-04 4.763286275657489455e+01 1.413854788542010965e+01 7.868327344821881564e-01 3.681439999999999824e+00 2.580012755272268623e+04 4.812971292536427463e-03
3.159323487665748775e+00 8.993011254816494215e+00 1.229269741859688736e+00 1.469398327205908975e-04 4.763643427480911896e+01 1.413711752766310070e+01 7.865044585950704548e-01 3.681439999999999824e+00 2.580012764339909700e+04 4.815359860277039668e-03
3.159323534743337270e+00 8.993011254816494215e+00 1.229269741859688736e+00 1.469398327205908975e-04 4.763643427480911896e+01 1.413711752766310070e+01 7.865044585950704548e-01 3.681439999999999824e+00 2.580012764339909700e+04 4.815359860277039668e-03
3.159323487665748775e+00 8.993011388822804264e+00 1.229269741859688736e+00 1.469398327205908975e-04 4.763643427480911896e+01 1.413711752766310070e+01 7.865044585950704548e-01 3.681439999999999824e+00 2.580012764339909700e+04 4.815359860277039668e-03
3.159323487665748775e+00 8.993011254816494215e+00 1.229269760177235327e+00 1.469398327205908975e-04 4.763643427480911896e+01 1.413711752766310070e+01 7.865044585950704548e-01 3.681439999999999824e+00 2.580012764339909700e+04 4.815359860277039668e-03
3.159323487665748775e+00 8.993011254816494215e+00 1.229269741859688736e+00 1.469547338817847452e-04 4.763643427480911896e+01 1.413711752766310070e+01 7.865044585950704548e-01 3.681439999999999824e+00 2.580012764339909700e+04 4.815359860277039668e-03
3.159323487665748775e+00 8.993011254816494215e+00 1.229269741859688736e+00 1.469398327205908975e-04 4.763643498464730186e+01 1.413711752766310070e+01 7.865044585950704548e-01 3.681439999999999824e+00 2.580012764339909700e+04 4.815359860277039668e-03
3.159323487665748775e+00 8.993011254816494215e+00 1.229269741859688736e+00 1.469398327205908975e-04 4.763643427480911896e+01 1.413711773832256746e+01 7.865044585950704548e-01 3.681439999999999824e+00 2.580012764339909700e+04 4.815359860277039668e-03
3.159323487665748775e+00 8.993011254816494215e+00 1.229269741859688736e+00 1.469398327205908975e-04 4.763643427480911896e+01 1.413711752766310070e+01 7.865044734962316486e-01 3.681439999999999824e+00 2.580012764339909700e+04 4.815359860277039668e-03
3.159323487665748775e+00 8.993011254816494215e+00 1.229269741859688736e+00 1.469398327205908975e-04 4.763643427480911896e+01 1.413711752766310070e+01 7.865044585950704548e-01 3.681439999999999824e+00 2.580012802785095846e+04 4.815359860277039668e-03
3.159323487665748775e+00 8.993011254816494215e+00 1.229269741859688736e+00 1.469398327205908975e-04 4.763643427480911896e+01 1.413711752766310070e+01 7.865044585950704548e-01 3.681439999999999824e+00 2.580012764339909700e+04 4.815374761438233515e-03
3.159610906935891084e+00 8.999820337319436092e+00 1.229427661276410566e+00 1.391647938502592081e-04 4.764296939103605411e+01 1.413431381290213551e+01 7.853675120360902318e-01 3.681439999999999824e+00 2.580012781784321851e+04 4.821384866309967945e-03
3.159404434886139423e+00 8.994682413165142165e+00 1.229323751848961921e+00 1.450384786486358390e-04 4.763804612296460306e+01 1.413645464577925814e+01 7.860728434331313297e-01 3.681439999999999824e+00 2.580012768378430337e+04 4.816765895277417935e-03
3.159347430933123313e+00 8.993367762537376464e+00 1.229289798593383720e+00 1.465111916044190650e-04 4.763677931106860086e+01 1.413697114826561929e+01 7.862757924236655205e-01 3.681439999999999824e+00 2.580012765237950589e+04 4.815796529509296445e-03
3.159347478011068855e+00 8.993367762537376464e+00 1.229289798593383720e+00 1.465111916044190650e-04 4.763677931106860086e+01 1.413697114826561929e+01 7.862757924236655205e-01 3.681439999999999824e+00 2.580012765237950589e+04 4.815796529509296445e-03
3.159347430933123313e+00 8.993367896548999596e+00 1.229289798593383720e+00 1.465111916044190650e-04 4.763677931106860086e+01 1.413697114826561929e+01 7.862757924236655205e-01 3.681439999999999824e+00 2.580012765237950589e+04 4.815796529509296445e-03
3.159347430933123313e+00 8.993367762537376464e+00 1.229289816911229183e+00 1.465111916044190650e-04 4.763677931106860086e+01 1.413697114826561929e+01 7.862757924236655205e-01 3.681439999999999824e+00 2.580012765237950589e+04 4.815796529509296445e-03
3.159347430933123313e+00 8.993367762537376464e+00 1.229289798593383720e+00 1.465260927656129126e-04 4.763677931106860086e+01 1.413697114826561929e+01 7.862757924236655205e-01 3.681439999999999824e+00 2.580012765237950589e+04 4.815796529509296445e-03
3.159347430933123313e+00 8.993367762537376464e+00 1.229289798593383720e+00 1.465111916044190650e-04 4.763678002091192809e+01 1.413697114826561929e+01 7.862757924236655205e-01 3.681439999999999824e+00 2.580012765237950589e+04 4.815796529509296445e-03
3.159347430933123313e+00 8.993367762537376464e+00 1.229289798593383720e+00 1.465111916044190650e-04 4.763677931106860086e+01 1.413697135892290468e+01 7.862757924236655205e-01 3.681439999999999824e+00 2.580012765237950589e+04 4.815796529509296445e-03
3.159347430933123313e+00 8.993367762537376464e+00 1.229289798593383720e+00 1.465111916044190650e-04 4.763677931106860086e+01 1.413697114826561929e+01 7.862758073248267143e-01 3.681439999999999824e+00 2.580012765237950589e+04 4.815796529509296445e-03
3.159347430933123313e+00 8.993367762537376464e+00 1.229289798593383720e+00 1.465111916044190650e-04 4.763677931106860086e+01 1.413697114826561929e+01 7.862757924236655205e-01 3.681439999999999824e+00 2.580012803683136735e+04 4.815796529509296445e-03
3.159347430933123313e+00 8.993367762537376464e+00 1.229289798593383720e+00 1.465111916044190650e-04 4.763677931106860086e+01 1.413697114826561929e+01 7.862757924236655205e-01 3.681439999999999824e+00 2.580012765237950589e+04 4.815811430670490292e-03
3.159397860927751989e+00 8.994697740671034225e+00 1.229324435501700563e+00 1.461721716351524025e-04 4.763678272995121432e+01 1.413696683417849265e+01 7.862343159654774372e-01 3.681439999999999824e+00 2.580012765594738812e+04 4.816748558515070167e-03
3.159397908006448930e+00 8.994697740671034225e+00 1.229324435501700563e+00 1.461721716351524025e-04 4.763678272995121432e+01 1.413696683417849265e+01 7.862343159654774372e-01 3.681439999999999824e+00 2.580012765594738812e+04 4.816748558515070167e-03
3.159397860927751989e+00 8.994697874702474394e+00 1.229324435501700563e+00 1.461721716351524025e-04 4.763678272995121432e+01 1.413696683417849265e+01 7.862343159654774372e-01 3.681439999999999824e+00 2.580012765594738812e+04 4.816748558515070167e-03
3.159397860927751989e+00 8.994697740671034225e+00 1.229324453820062057e+00 1.461721716351524025e-04 4.763678272995121432e+01 1.413696683417849265e+01 7.862343159654774372e-01 3.681439999999999824e+00 2.580012765594738812e+04 4.816748558515070167e-03
3.159397860927751989e+00 8.994697740671034225e+00 1.229324435501700563e+00 1.461870727963462502e-04 4.763678272995121432e+01 1.413696683417849265e+01 7.862343159654774372e-01 3.681439999999999824e+00 2.580012765594738812e+04 4.816748558515070167e-03
3.159397860927751989e+00 8.994697740671034225e+00 1.229324435501700563e+00 1.461721716351524025e-04 4.763678343979459129e+01 1.413696683417849265e+01 7.862343159654774372e-01 3.681439999999999824e+00 2.580012765594738812e+04 4.816748558515070167e-03
3.159397860927751989e+00 8.994697740671034225e+00 1.229324435501700563e+00 1.461721716351524025e-04 4.763678272995121432e+01 1.413696704483571409e+01 7.862343159654774372e-01 3.681439999999999824e+00 2.580012765594738812e+04 4.816748558515070167e-03
3.159397860927751989e+00 8.994697740671034225e+00 1.229324435501700563e+00 1.461721716351524025e-04 4.763678272995121432e+01 1.413696683417849265e+01 7.862343308666386310e-01 3.681439999999999824e+00 2.580012765594738812e+04 4.816748558515070167e-03
3.159397860927751989e+00 8.994697740671034225e+00 1.229324435501700563e+00 1.461721716351524025e-04 4.763678272995121432e+01 1.413696683417849265e+01 7.862343159654774372e-01 3.681439999999999824e+00 2.580012804039924958e+04 4.816748558515070167e-03
3.159397860927751989e+00 8.994697740671034225e+00 1.229324435501700563e+00 1.461721716351524025e-04 4.763678272995121432e+01 1.413696683417849265e+01 7.862343159654774372e-01 3.681439999999999824e+00 2.580012765594738812e+04 4.816763459676264014e-03
3.159429864473135119e+00 8.995567159782646982e+00 1.229381462847206397e+00 1.441857294405884330e-04 4.763763385253531624e+01 1.413694097291452501e+01 7.860774541845263474e-01 3.681439999999999824e+00 2.580012767698413518e+04 4.817092647677098834e-03
3.159429911552309012e+00 8.995567159782646982e+00 1.229381462847206397e+00 1.441857294405884330e-04 4.763763385253531624e+01 1.413694097291452501e+01 7.860774541845263474e-01 3.681439999999999824e+00 2.580012767698413518e+04 4.817092647677098834e-03
3.159429864473135119e+00 8.995567293827043898e+00 1.229381462847206397e+00 1.441857294405884330e-04 4.763763385253531624e+01 1.413694097291452501e+01 7.860774541845263474e-01 3.681439999999999824e+00 2.580012767698413518e+04 4.817092647677098834e-03
3.159429864473135119e+00 8.995567159782646982e+00 1.229381481166417656e+00 1.441857294405884330e-04 4.763763385253531624e+01 1.413694097291452501e+01 7.860774541845263474e-01 3.681439999999999824e+00 2.580012767698413518e+04 4.817092647677098834e-03
3.159429864473135119e+00 8.995567159782646982e+00 1.229381462847206397e+00 1.442006306017822807e-04 4.763763385253531624e+01 1.413694097291452501e+01 7.860774541845263474e-01 3.681439999999999824e+00 2.580012767698413518e+04 4.817092647677098834e-03
3.159429864473135119e+00 8.995567159782646982e+00 1.229381462847206397e+00 1.441857294405884330e-04 4.763763456239137639e+01 1.413694097291452501e+01 7.860774541845263474e-01 3.681439999999999824e+00 2.580012767698413518e+04 4.817092647677098834e-03
3.159429864473135119e+00 8.995567159782646982e+00 1.229381462847206397e+00 1.441857294405884330e-04 4.763763385253531624e+01 1.413694118357136098e+01 7.860774541845263474e-01 3.681439999999999824e+00 2.580012767698413518e+04 4.817092647677098834e-03
3.159429864473135119e+00 8.995567159782646982e+00 1.229381462847206397e+00 1.441857294405884330e-04 4.763763385253531624e+01 1.413694097291452501e+01 7.860774690856875413e-01 3.681439999999999824e+00 2.580012767698413518e+04 4.817092647677098834e-03
3.159429864473135119e+00 8.995567159782646982e+00 1.229381462847206397e+00 1.441857294405884330e-04 4.763763385253531624e+01 1.413694097291452501e+01 7.860774541845263474e-01 3.681439999999999824e+00 2.580012806143599664e+04 4.817092647677098834e-03
3.159429864473135119e+00 8.995567159782646982e+00 1.229381462847206397e+00 1.441857294405884330e-04 4.763763385253531624e+01 1.413694097291452501e+01 7.860774541845263474e-01 3.681439999999999824e+00 2.580012767698413518e+04 4.817107548838292681e-03
3.159521088347805762e+00 8.998196073040988452e+00 1.229403761989304344e+00 1.438250747855149248e-04 4.763764094428282903e+01 1.413693161476563809e+01 7.859651862143761658e-01 3.681439999999999824e+00 2.580012768466791022e+04 4.819489134075404142e-03
3.159521135428339011e+00 8.998196073040988452e+00 1.229403761989304344e+00 1.438250747855149248e-04 4.763764094428282903e+01 1.413693161476563809e+01 7.859651862143761658e-01 3.681439999999999824e+00 2.580012768466791022e+04 4.819489134075404142e-03
3.159521088347805762e+00 8.998196207124559365e+00 1.229403761989304344e+00 1.438250747855149248e-04 4.763764094428282903e+01 1.413693161476563809e+01 7.859651862143761658e-01 3.681439999999999824e+00 2.580012768466791022e+04 4.819489134075404142e-03
3.159521088347805762e+00 8.998196073040988452e+00 1.229403780308848004e+00 1.438250747855149248e-04 4.763764094428282903e+01 1.413693161476563809e+01 7.859651862143761658e-01 3.681439999999999824e+00 2.580012768466791022e+04 4.819489134075404142e-03
3.159521088347805762e+00 8.998196073040988452e+00 1.229403761989304344e+00 1.438399759467087725e-04 4.763764094428282903e+01 1.413693161476563809e+01 7.859651862143761658e-01 3.681439999999999824e+00 2.580012768466791022e+04 4.819489134075404142e-03
3.159521088347805762e+00 8.998196073040988452e+00 1.229403761989304344e+00 1.438250747855149248e-04 4.763764165413899576e+01 1.413693161476563809e+01 7.859651862143761658e-01 3.681439999999999824e+00 2.580012768466791022e+04 4.819489134075404142e-03
3.159521088347805762e+00 8.998196073040988452e+00 1.229403761989304344e+00 1.438250747855149248e-04 4.763764094428282903e+01 1.413693182542233551e+01 7.859651862143761658e-01 3.681439999999999824e+00 2.580012768466791022e+04 4.819489134075404142e-03
3.159521088347805762e+00 8.998196073040988452e+00 1.229403761989304344e+00 1.438250747855149248e-04 4.763764094428282903e+01 1.413693161476563809e+01 7.859652011155373597e-01 3.681439999999999824e+00 2.580012768466791022e+04 4.819489134075404142e-03
3.159521088347805762e+00 8.998196073040988452e+00 1.229403761989304344e+00 1.438250747855149248e-04 4.763764094428282903e+01 1.413693161476563809e+01 7.859651862143761658e-01 3.681439999999999824e+00 2.580012806911977168e+04 4.819489134075404142e-03
3.159521088347805762e+00 8.998196073040988452e+00 1.229403761989304344e+00 1.438250747855149248e-04 4.763764094428282903e+01 1.413693161476563809e+01 7.859651862143761658e-01 3.681439999999999824e+00 2.580012768466791022e+04 4.819504035236597990e-03
3.159709992621343222e+00 9.003101123740011147e+00 1.229513320518720754e+00 1.431202288317868782e-04 4.763765337880806783e+01 1.413691320042744159e+01 7.852654920292325702e-01 3.681439999999999824e+00 2.580012769975979609e+04 4.824021804964205053e-03
3.159566170911633165e+00 8.999386875868268021e+00 1.229432973419406050e+00 1.436559818158716245e-04 4.763764395467851642e+01 1.413692718754141886e+01 7.857697825832574701e-01 3.681439999999999824e+00 2.580012768827563559e+04 4.820894972558526816e-03
3.159528631053217129e+00 8.998476619319241365e+00 1.229409384839794672e+00 1.437837793870528366e-04 4.763764163230872128e+01 1.413693054398438242e+01 7.859075175773652111e-01 3.681439999999999824e+00 2.580012768554796639e+04 4.820259337530809207e-03
3.159528678133862734e+00 8.998476619319241365e+00 1.229409384839794672e+00 1.437837793870528366e-04 4.763764163230872128e+01 1.413693054398438242e+01 7.859075175773652111e-01 3.681439999999999824e+00 2.580012768554796639e+04 4.820259337530809207e-03
3.159528631053217129e+00 8.998476753406992046e+00 1.229409384839794672e+00 1.437837793870528366e-04 4.763764163230872128e+01 1.413693054398438242e+01 7.859075175773652111e-01 3.681439999999999824e+00 2.580012768554796639e+04 4.820259337530809207e-03
3.159528631053217129e+00 8.998476619319241365e+00 1.229409403159422043e+00 1.437837793870528366e-04 4.763764163230872128e+01 1.413693054398438242e+01 7.859075175773652111e-01 3.681439999999999824e+00 2.580012768554796639e+04 4.820259337530809207e-03
3.159528631053217129e+00 8.998476619319241365e+00 1.229409384839794672e+00 1.437986805482466843e-04 4.763764163230872128e+01 1.413693054398438242e+01 7.859075175773652111e-01 3.681439999999999824e+00 2.580012768554796639e+04 4.820259337530809207e-03
3.159528631053217129e+00 8.998476619319241365e+00 1.229409384839794672e+00 1.437837793870528366e-04 4.763764234216489513e+01 1.413693054398438242e+01 7.859075175773652111e-01 3.681439999999999824e+00 2.580012768554796639e+04 4.820259337530809207e-03
3.159528631053217129e+00 8.998476619319241365e+00 1.229409384839794672e+00 1.437837793870528366e-04 4.763764163230872128e+01 1.413693075464106386e+01 7.859075175773652111e-01 3.681439999999999824e+00 2.580012768554796639e+04 4.820259337530809207e-03
3.159528631053217129e+00 8.998476619319241365e+00 1.229409384839794672e+00 1.437837793870528366e-04 4.763764163230872128e+01 1.413693054398438242e+01 7.859075324785264050e-01 3.681439999999999824e+00 2.580012768554796639e+04 4.820259337530809207e-03
3.159528631053217129e+00 8.998476619319241365e+00 1.229409384839794672e+00 1.437837793870528366e-04 4.763764163230872128e+01 1.413693054398438242e+01 7.859075175773652111e-01 3.681439999999999824e+00 2.580012806999982786e+04 4.820259337530809207e-03
3.159528631053217129e+00 8.998476619319241365e+00 1.229409384839794672e+00 1.437837793870528366e-04 4.763764163230872128e+01 1.413693054398438242e+01 7.859075175773652111e-01 3.681439999999999824e+00 2.580012768554796639e+04 4.820274238692003055e-03
3.159541133682869152e+00 8.998795633128356286e+00 1.229418337298086472e+00 1.436856435725915174e-04 4.763764255483988563e+01 1.413692931946090248e+01 7.858898211769826947e-01 3.681439999999999824e+00 2.580012768659715584e+04 4.820432567775220431e-03
3.159541180763700829e+00 8.998795633128356286e+00 1.229418337298086472e+00 1.436856435725915174e-04 4.763764255483988563e+01 1.413692931946090248e+01 7.858898211769826947e-01 3.681439999999999824e+00 2.580012768659715584e+04 4.820432567775220431e-03
3.159541133682869152e+00 8.998795767220860498e+00 1.229418337298086472e+00 1.436856435725915174e-04 4.763764255483988563e+01 1.413692931946090248e+01 7.858898211769826947e-01 3.681439999999999824e+00 2.580012768659715584e+04 4.820432567775220431e-03
3.159541133682869152e+00 8.998795633128356286e+00 1.229418355617847292e+00 1.436856435725915174e-04 4.763764255483988563e+01 1.413692931946090248e+01 7.858898211769826947e-01 3.681439999999999824e+00 2.580012768659715584e+04 4.820432567775220431e-03
3.159541133682869152e+00 8.998795633128356286e+00 1.229418337298086472e+00 1.437005447337853651e-04 4.763764255483988563e+01 1.413692931946090248e+01 7.858898211769826947e-01 3.681439999999999824e+00 2.580012768659715584e+04 4.820432567775220431e-03
3.159541133682869152e+00 8.998795633128356286e+00 1.229418337298086472e+00 1.436856435725915174e-04 4.763764326469607369e+01 1.413692931946090248e+01 7.858898211769826947e-01 3.681439999999999824e+00 2.580012768659715584e+04 4.820432567775220431e-03
3.159541133682869152e+00 8.998795633128356286e+00 1.229418337298086472e+00 1.436856435725915174e-04 4.763764255483988563e+01 1.413692953011756437e+01 7.858898211769826947e-01 3.681439999999999824e+00 2.580012768659715584e+04 4.820432567775220431e-03
3.159541133682869152e+00 8.998795633128356286e+00 1.229418337298086472e+00 1.436856435725915174e-04 4.763764255483988563e+01 1.413692931946090248e+01 7.858898360781438885e-01 3.681439999999999824e+00 2.580012768659715584e+04 4.820432567775220431e-03
3.159541133682869152e+00 8.998795633128356286e+00 1.229418337298086472e+00 1.436856435725915174e-04 4.763764255483988563e+01 1.413692931946090248e+01 7.858898211769826947e-01 3.681439999999999824e+00 2.580012807104901731e+04 4.820432567775220431e-03
3.159541133682869152e+00 8.998795633128356286e+00 1.229418337298086472e+00 1.436856435725915174e-04 4.763764255483988563e+01 1.413692931946090248e+01 7.858898211769826947e-01 3.681439999999999824e+00 2.580012768659715584e+04 4.820447468936414279e-03
3.159568996963325382e+00 8.999400107393931592e+00 1.229437673974549172e+00 1.436030888688370809e-04 4.763764411626529238e+01 1.413692719037958589e+01 7.858423738513593548e-01 3.681439999999999824e+00 2.580012768836946634e+04 4.820761649070753538e-03
3.159569044044572284e+00 8.999400107393931592e+00 1.229437673974549172e+00 1.436030888688370809e-04 4.763764411626529238e+01 1.413692719037958589e+01 7.858423738513593548e-01 3.681439999999999824e+00 2.580012768836946634e+04 4.820761649070753538e-03
3.159568996963325382e+00 8.999400241495443709e+00 1.229437673974549172e+00 1.436030888688370809e-04 4.763764411626529238e+01 1.413692719037958589e+01 7.858423738513593548e-01 3.681439999999999824e+00 2.580012768836946634e+04 4.820761649070753538e-03
3.159568996963325382e+00 8.999400107393931592e+00 1.229437692294598206e+00 1.436030888688370809e-04 4.763764411626529238e+01 1.413692719037958589e+01 7.858423738513593548e-01 3.681439999999999824e+00 2.580012768836946634e+04 4.820761649070753538e-03
3.159568996963325382e+00 8.999400107393931592e+00 1.229437673974549172e+00 1.436179900300309285e-04 4.763764411626529238e+01 1.413692719037958589e+01 7.858423738513593548e-01 3.681439999999999824e+00 2.580012768836946634e+04 4.820761649070753538e-03
3.159568996963325382e+00 8.999400107393931592e+00 1.229437673974549172e+00 1.436030888688370809e-04 4.763764482612150886e+01 1.413692719037958589e+01 7.858423738513593548e-01 3.681439999999999824e+00 2.580012768836946634e+04 4.820761649070753538e-03
3.159568996963325382e+00 8.999400107393931592e+00 1.229437673974549172e+00 1.436030888688370809e-04 4.763764411626529238e+01 1.413692740103621759e+01 7.858423738513593548e-01 3.681439999999999824e+00 2.580012768836946634e+04 4.820761649070753538e-03
3.159568996963325382e+00 8.999400107393931592e+00 1.229437673974549172e+00 1.436030888688370809e-04 4.763764411626529238e+01 1.413692719037958589e+01 7.858423887525205487e-01 3.681439999999999824e+00 2.580012768836946634e+04 4.820761649070753538e-03
3.159568996963325382e+00 8.999400107393931592e+00 1.229437673974549172e+00 1.436030888688370809e-04 4.763764411626529238e+01 1.413692719037958589e+01 7.858423738513593548e-01 3.681439999999999824e+00 2.580012807282132781e+04 4.820761649070753538e-03
3.159568996963325382e+00 8.999400107393931592e+00 1.229437673974549172e+00 1.436030888688370809e-04 4.763764411626529238e+01 1.413692719037958589e+01 7.858423738513593548e-01 3.681439999999999824e+00 2.580012768836946634e+04 4.820776550231947385e-03
3.159602494817564278e+00 8.999833901154156379e+00 1.229473577073630031e+00 1.426582155090486104e-04 4.763807731723228756e+01 1.413691464623146921e+01 7.857609736857867899e-01 3.681439999999999824e+00 2.580012769849137840e+04 4.820283460823363703e-03
3.159588799209390508e+00 8.999492669386386368e+00 1.229458834853434102e+00 1.433944116691038652e-04 4.763773809349009269e+01 1.413692444779891844e+01 7.857900503372629020e-01 3.681439999999999824e+00 2.580012769059225684e+04 4.820134240871958020e-03
