3.120285382639094607e+00 8.045419642076817368e+00 1.144212636152137863e+00 6.085846730883959594e-08 3.658004896171876652e+01 1.549994700000000059e+01 7.954442999999999930e-01 3.681439999999999824e+00 2.082664793319806995e+04 5.280953657848950133e-04
3.120285429134970201e+00 8.045419642076817368e+00 1.144212636152137863e+00 6.085846730883959594e-08 3.658004896171876652e+01 1.549994700000000059e+01 7.954442999999999930e-01 3.681439999999999824e+00 2.082664793319806995e+04 5.280953657848950133e-04
3.120285382639094607e+00 8.045419761962913086e+00 1.144212636152137863e+00 6.085846730883959594e-08 3.658004896171876652e+01 1.549994700000000059e+01 7.954442999999999930e-01 3.681439999999999824e+00 2.082664793319806995e+04 5.280953657848950133e-04
3.120285382639094607e+00 8.045419642076817368e+00 1.144212653202234753e+00 6.085846730883959594e-08 3.658004896171876652e+01 1.549994700000000059e+01 7.954442999999999930e-01 3.681439999999999824e+00 2.082664793319806995e+04 5.280953657848950133e-04
3.120285382639094607e+00 8.045419642076817368e+00 1.144212636152137863e+00 7.575962850268725219e-08 3.658004896171876652e+01 1.549994700000000059e+01 7.954442999999999930e-01 3.681439999999999824e+00 2.082664793319806995e+04 5.280953657848950133e-04
3.120285382639094607e+00 8.045419642076817368e+00 1.144212636152137863e+00 6.085846730883959594e-08 3.658004950680397371e+01 1.549994700000000059e+01 7.954442999999999930e-01 3.681439999999999824e+00 2.082664793319806995e+04 5.280953657848950133e-04
3.120285382639094607e+00 8.045419642076817368e+00 1.144212636152137863e+00 6.085846730883959594e-08 3.658004896171876652e+01 1.549994723096720861e+01 7.954442999999999930e-01 3.681439999999999824e+00 2.082664793319806995e+04 5.280953657848950133e-04
3.120285382639094607e+00 8.045419642076817368e+00 1.144212636152137863e+00 6.085846730883959594e-08 3.658004896171876652e+01 1.549994700000000059e+01 7.954443149011611869e-01 3.681439999999999824e+00 2.082664793319806995e+04 5.280953657848950133e-04
3.120285382639094607e+00 8.045419642076817368e+00 1.144212636152137863e+00 6.085846730883959594e-08 3.658004896171876652e+01 1.549994700000000059e+01 7.954442999999999930e-01 3.681439999999999824e+00 2.082664824353930817e+04 5.280953657848950133e-04
3.120285382639094607e+00 8.045419642076817368e+00 1.144212636152137863e+00 6.085846730883959594e-08 3.658004896171876652e+01 1.549994700000000059e+01 7.954442999999999930e-01 3.681439999999999824e+00 2.082664793319806995e+04 5.281102669460888610e-04
3.122956630632778730e+00 8.141049571994665612e+00 1.153977042878410408e+00 1.792023305467157199e-10 3.678826633861461914e+01 1.598899521748130326e+01 7.860662238037680050e-01 3.681439999999999824e+00 2.084479303964357314e+04 5.694221086315694354e-04
3.122860030135321541e+00 8.144675766187519983e+00 1.153406582551605997e+00 5.563311333293169204e-11 3.678718371870980519e+01 1.598835891274943322e+01 7.860421484829744898e-01 3.681439999999999824e+00 2.083113347692788375e+04 5.644327874129495331e-04
3.122848894052994151e+00 8.145668315902689471e+00 1.153256537057103515e+00 2.342542933743567247e-11 3.678546309708861628e+01 1.598818175149428455e+01 7.860358183202038607e-01 3.681439999999999824e+00 2.082754232585375576e+04 5.631212342310397065e-04
3.122839090734598866e+00 8.124842980164791229e+00 1.150351720601126893e+00 2.083845396436822584e-08 3.666053905766094090e+01 1.569218024556084146e+01 7.873802385055780340e-01 3.681439999999999824e+00 2.082664795420660812e+04 5.599001760204323904e-04
3.121675055328323012e+00 8.086784714287295728e+00 1.147523113306734954e+00 4.800897483229004924e-08 3.662193160197313802e+01 1.554014500137080290e+01 7.905027937077198086e-01 3.681439999999999824e+00 2.082664794278955014e+04 5.407946168387887465e-04
3.120914005314373796e+00 8.058280588075252382e+00 1.145838047065290022e+00 5.787726028638762266e-08 3.659309176627099447e+01 1.550816498260083698e+01 7.930994633095431734e-01 3.681439999999999824e+00 2.082664793625726088e+04 5.228999692945362999e-04
3.120914051819616564e+00 8.058280588075252382e+00 1.145838047065290022e+00 5.787726028638762266e-08 3.659309176627099447e+01 1.550816498260083698e+01 7.930994633095431734e-01 3.681439999999999824e+00 2.082664793625726088e+04 5.228999692945362999e-04
3.120914005314373796e+00 8.058280708152990357e+00 1.145838047065290022e+00 5.787726028638762266e-08 3.659309176627099447e+01 1.550816498260083698e+01 7.930994633095431734e-01 3.681439999999999824e+00 2.082664793625726088e+04 5.228999692945362999e-04
3.120914005314373796e+00 8.058280588075252382e+00 1.145838064139607537e+00 5.787726028638762266e-08 3.659309176627099447e+01 1.550816498260083698e+01 7.930994633095431734e-01 3.681439999999999824e+00 2.082664793625726088e+04 5.228999692945362999e-04
3.120914005314373796e+00 8.058280588075252382e+00 1.145838047065290022e+00 7.277842148023527891e-08 3.659309176627099447e+01 1.550816498260083698e+01 7.930994633095431734e-01 3.681439999999999824e+00 2.082664793625726088e+04 5.228999692945362999e-04
3.120914005314373796e+00 8.058280588075252382e+00 1.145838047065290022e+00 5.787726028638762266e-08 3.659309231155055642e+01 1.550816498260083698e+01 7.930994633095431734e-01 3.681439999999999824e+00 2.082664793625726088e+04 5.228999692945362999e-04
3.120914005314373796e+00 8.058280588075252382e+00 1.145838047065290022e+00 5.787726028638762266e-08 3.659309176627099447e+01 1.550816521369050349e+01 7.930994633095431734e-01 3.681439999999999824e+00 2.082664793625726088e+04 5.228999692945362999e-04
3.120914005314373796e+00 8.058280588075252382e+00 1.145838047065290022e+00 5.787726028638762266e-08 3.659309176627099447e+01 1.550816498260083698e+01 7.930994782107043672e-01 3.681439999999999824e+00 2.082664793625726088e+04 5.228999692945362999e-04
3.120914005314373796e+00 8.058280588075252382e+00 1.145838047065290022e+00 5.787726028638762266e-08 3.659309176627099447e+01 1.550816498260083698e+01 7.930994633095431734e-01 3.681439999999999824e+00 2.082664824659849910e+04 5.228999692945362999e-04
3.120914005314373796e+00 8.058280588075252382e+00 1.145838047065290022e+00 5.787726028638762266e-08 3.659309176627099447e+01 1.550816498260083698e+01 7.930994633095431734e-01 3.681439999999999824e+00 2.082664793625726088e+04 5.229148704557301476e-04
3.120979232462157249e+00 8.060694658443567917e+00 1.144454597995216982e+00 5.745247623043912833e-08 3.659315775683879224e+01 1.551037166024864433e+01 7.937425173780646714e-01 3.681439999999999824e+00 2.082665727146287099e+04 5.287310641462722276e-04
3.120965629695867882e+00 8.058512517548674481e+00 1.145280203256982654e+00 5.785568182378089985e-08 3.659309866731754113e+01 1.550827405563810402e+01 7.935154479918290482e-01 3.681439999999999824e+00 2.082664939245002097e+04 5.197779702330090814e-04
3.120965676201879813e+00 8.058512517548674481e+00 1.145280203256982654e+00 5.785568182378089985e-08 3.659309866731754113e+01 1.550827405563810402e+01 7.935154479918290482e-01 3.681439999999999824e+00 2.082664939245002097e+04 5.197779702330090814e-04
3.120965629695867882e+00 8.058512637629869246e+00 1.145280203256982654e+00 5.785568182378089985e-08 3.659309866731754113e+01 1.550827405563810402e+01 7.935154479918290482e-01 3.681439999999999824e+00 2.082664939245002097e+04 5.197779702330090814e-04
3.120965629695867882e+00 8.058512517548674481e+00 1.145280220322987486e+00 5.785568182378089985e-08 3.659309866731754113e+01 1.550827405563810402e+01 7.935154479918290482e-01 3.681439999999999824e+00 2.082664939245002097e+04 5.197779702330090814e-04
3.120965629695867882e+00 8.058512517548674481e+00 1.145280203256982654e+00 7.275684301762856272e-08 3.659309866731754113e+01 1.550827405563810402e+01 7.935154479918290482e-01 3.681439999999999824e+00 2.082664939245002097e+04 5.197779702330090814e-04
3.120965629695867882e+00 8.058512517548674481e+00 1.145280203256982654e+00 5.785568182378089985e-08 3.659309921259720255e+01 1.550827405563810402e+01 7.935154479918290482e-01 3.681439999999999824e+00 2.082664939245002097e+04 5.197779702330090814e-04
3.120965629695867882e+00 8.058512517548674481e+00 1.145280203256982654e+00 5.785568182378089985e-08 3.659309866731754113e+01 1.550827428672939590e+01 7.935154479918290482e-01 3.681439999999999824e+00 2.082664939245002097e+04 5.197779702330090814e-04
3.120965629695867882e+00 8.058512517548674481e+00 1.145280203256982654e+00 5.785568182378089985e-08 3.659309866731754113e+01 1.550827405563810402e+01 7.935154628929902421e-01 3.681439999999999824e+00 2.082664939245002097e+04 5.197779702330090814e-04
3.120965629695867882e+00 8.058512517548674481e+00 1.145280203256982654e+00 5.785568182378089985e-08 3.659309866731754113e+01 1.550827405563810402e+01 7.935154479918290482e-01 3.681439999999999824e+00 2.082664970279128102e+04 5.197779702330090814e-04
3.120965629695867882e+00 8.058512517548674481e+00 1.145280203256982654e+00 5.785568182378089985e-08 3.659309866731754113e+01 1.550827405563810402e+01 7.935154479918290482e-01 3.681439999999999824e+00 2.082664939245002097e+04 5.197928713942029291e-04
3.121077998022222744e+00 8.058980237744334474e+00 1.145312980244621359e+00 8.201493254506467896e-05 3.659310133338210846e+01 1.550829858981571263e+01 7.935914488873812012e-01 3.681439999999999824e+00 2.082664962012827891e+04 5.195452299450502515e-04
3.121078044529908890e+00 8.058980237744334474e+00 1.145312980244621359e+00 8.201493254506467896e-05 3.659310133338210846e+01 1.550829858981571263e+01 7.935914488873812012e-01 3.681439999999999824e+00 2.082664962012827891e+04 5.195452299450502515e-04
3.121077998022222744e+00 8.058980357832497887e+00 1.145312980244621359e+00 8.201493254506467896e-05 3.659310133338210846e+01 1.550829858981571263e+01 7.935914488873812012e-01 3.681439999999999824e+00 2.082664962012827891e+04 5.195452299450502515e-04
3.121077998022222744e+00 8.058980237744334474e+00 1.145312997311114689e+00 8.201493254506467896e-05 3.659310133338210846e+01 1.550829858981571263e+01 7.935914488873812012e-01 3.681439999999999824e+00 2.082664962012827891e+04 5.195452299450502515e-04
3.121077998022222744e+00 8.058980237744334474e+00 1.145312980244621359e+00 8.202983370625852662e-05 3.659310133338210846e+01 1.550829858981571263e+01 7.935914488873812012e-01 3.681439999999999824e+00 2.082664962012827891e+04 5.195452299450502515e-04
3.121077998022222744e+00 8.058980237744334474e+00 1.145312980244621359e+00 8.201493254506467896e-05 3.659310187866181252e+01 1.550829858981571263e+01 7.935914488873812012e-01 3.681439999999999824e+00 2.082664962012827891e+04 5.195452299450502515e-04
3.121077998022222744e+00 8.058980237744334474e+00 1.145312980244621359e+00 8.201493254506467896e-05 3.659310133338210846e+01 1.550829882090737044e+01 7.935914488873812012e-01 3.681439999999999824e+00 2.082664962012827891e+04 5.195452299450502515e-04
3.121077998022222744e+00 8.058980237744334474e+00 1.145312980244621359e+00 8.201493254506467896e-05 3.659310133338210846e+01 1.550829858981571263e+01 7.935914637885423950e-01 3.681439999999999824e+00 2.082664962012827891e+04 5.195452299450502515e-04
3.121077998022222744e+00 8.058980237744334474e+00 1.145312980244621359e+00 8.201493254506467896e-05 3.659310133338210846e+01 1.550829858981571263e+01 7.935914488873812012e-01 3.681439999999999824e+00 2.082664993046954260e+04 5.195452299450502515e-04
3.121077998022222744e+00 8.058980237744334474e+00 1.145312980244621359e+00 8.201493254506467896e-05 3.659310133338210846e+01 1.550829858981571263e+01 7.935914488873812012e-01 3.681439999999999824e+00 2.082664962012827891e+04 5.195601311062440992e-04
3.121027311554121386e+00 8.059223890011855573e+00 1.145218238783621389e+00 8.194538782630443922e-05 3.659310742613426015e+01 1.550842605918088779e+01 7.937961600406272522e-01 3.681439999999999824e+00 2.082664962018195729e+04 5.223384380408000426e-04
3.121027358061052581e+00 8.059223890011855573e+00 1.145218238783621389e+00 8.194538782630443922e-05 3.659310742613426015e+01 1.550842605918088779e+01 7.937961600406272522e-01 3.681439999999999824e+00 2.082664962018195729e+04 5.223384380408000426e-04
3.121027311554121386e+00 8.059224010103649860e+00 1.145218238783621389e+00 8.194538782630443922e-05 3.659310742613426015e+01 1.550842605918088779e+01 7.937961600406272522e-01 3.681439999999999824e+00 2.082664962018195729e+04 5.223384380408000426e-04
3.121027311554121386e+00 8.059223890011855573e+00 1.145218255848702960e+00 8.194538782630443922e-05 3.659310742613426015e+01 1.550842605918088779e+01 7.937961600406272522e-01 3.681439999999999824e+00 2.082664962018195729e+04 5.223384380408000426e-04
3.121027311554121386e+00 8.059223890011855573e+00 1.145218238783621389e+00 8.196028898749828687e-05 3.659310742613426015e+01 1.550842605918088779e+01 7.937961600406272522e-01 3.681439999999999824e+00 2.082664962018195729e+04 5.223384380408000426e-04
3.121027311554121386e+00 8.059223890011855573e+00 1.145218238783621389e+00 8.194538782630443922e-05 3.659310797141404947e+01 1.550842605918088779e+01 7.937961600406272522e-01 3.681439999999999824e+00 2.082664962018195729e+04 5.223384380408000426e-04
3.121027311554121386e+00 8.059223890011855573e+00 1.145218238783621389e+00 8.194538782630443922e-05 3.659310742613426015e+01 1.550842629027444453e+01 7.937961600406272522e-01 3.681439999999999824e+00 2.082664962018195729e+04 5.223384380408000426e-04
3.121027311554121386e+00 8.059223890011855573e+00 1.145218238783621389e+00 8.194538782630443922e-05 3.659310742613426015e+01 1.550842605918088779e+01 7.937961749417884461e-01 3.681439999999999824e+00 2.082664962018195729e+04 5.223384380408000426e-04
3.121027311554121386e+00 8.059223890011855573e+00 1.145218238783621389e+00 8.194538782630443922e-05 3.659310742613426015e+01 1.550842605918088779e+01 7.937961600406272522e-01 3.681439999999999824e+00 2.082664993052322097e+04 5.223384380408000426e-04
3.121027311554121386e+00 8.059223890011855573e+00 1.145218238783621389e+00 8.194538782630443922e-05 3.659310742613426015e+01 1.550842605918088779e+01 7.937961600406272522e-01 3.681439999999999824e+00 2.082664962018195729e+04 5.223533392019938902e-04
3.120958859377868322e+00 8.059920899479001477e+00 1.145071555716357992e+00 8.179399689368066332e-05 3.659378937230671625e+01 1.550899079401765057e+01 7.940152072602539857e-01 3.681439999999999824e+00 2.082664962032069525e+04 5.272468995310993336e-04
3.120958905883779444e+00 8.059920899479001477e+00 1.145071555716357992e+00 8.179399689368066332e-05 3.659378937230671625e+01 1.550899079401765057e+01 7.940152072602539857e-01 3.681439999999999824e+00 2.082664962032069525e+04 5.272468995310993336e-04
3.120958859377868322e+00 8.059921019581182122e+00 1.145071555716357992e+00 8.179399689368066332e-05 3.659378937230671625e+01 1.550899079401765057e+01 7.940152072602539857e-01 3.681439999999999824e+00 2.082664962032069525e+04 5.272468995310993336e-04
3.120958859377868322e+00 8.059920899479001477e+00 1.145071572779253755e+00 8.179399689368066332e-05 3.659378937230671625e+01 1.550899079401765057e+01 7.940152072602539857e-01 3.681439999999999824e+00 2.082664962032069525e+04 5.272468995310993336e-04
3.120958859377868322e+00 8.059920899479001477e+00 1.145071555716357992e+00 8.180889805487451098e-05 3.659378937230671625e+01 1.550899079401765057e+01 7.940152072602539857e-01 3.681439999999999824e+00 2.082664962032069525e+04 5.272468995310993336e-04
3.120958859377868322e+00 8.059920899479001477e+00 1.145071555716357992e+00 8.179399689368066332e-05 3.659378991759667343e+01 1.550899079401765057e+01 7.940152072602539857e-01 3.681439999999999824e+00 2.082664962032069525e+04 5.272468995310993336e-04
3.120958859377868322e+00 8.059920899479001477e+00 1.145071555716357992e+00 8.179399689368066332e-05 3.659378937230671625e+01 1.550899102511962191e+01 7.940152072602539857e-01 3.681439999999999824e+00 2.082664962032069525e+04 5.272468995310993336e-04
3.120958859377868322e+00 8.059920899479001477e+00 1.145071555716357992e+00 8.179399689368066332e-05 3.659378937230671625e+01 1.550899079401765057e+01 7.940152221614151795e-01 3.681439999999999824e+00 2.082664962032069525e+04 5.272468995310993336e-04
3.120958859377868322e+00 8.059920899479001477e+00 1.145071555716357992e+00 8.179399689368066332e-05 3.659378937230671625e+01 1.550899079401765057e+01 7.940152072602539857e-01 3.681439999999999824e+00 2.082664993066195893e+04 5.272468995310993336e-04
3.120958859377868322e+00 8.059920899479001477e+00 1.145071555716357992e+00 8.179399689368066332e-05 3.659378937230671625e+01 1.550899079401765057e+01 7.940152072602539857e-01 3.681439999999999824e+00 2.082664962032069525e+04 5.272618006922931812e-04
3.120967358764309640e+00 8.060600983878693171e+00 1.145063506651983198e+00 8.149162424429213180e-05 3.659447698106474434e+01 1.550958547458778725e+01 7.938571081550898079e-01 3.681439999999999824e+00 2.082664962045580251e+04 5.278300019397562642e-04
3.120967405270347328e+00 8.060600983878693171e+00 1.145063506651983198e+00 8.149162424429213180e-05 3.659447698106474434e+01 1.550958547458778725e+01 7.938571081550898079e-01 3.681439999999999824e+00 2.082664962045580251e+04 5.278300019397562642e-04
3.120967358764309640e+00 8.060601103991007932e+00 1.145063506651983198e+00 8.149162424429213180e-05 3.659447698106474434e+01 1.550958547458778725e+01 7.938571081550898079e-01 3.681439999999999824e+00 2.082664962045580251e+04 5.278300019397562642e-04
3.120967358764309640e+00 8.060600983878693171e+00 1.145063523714759057e+00 8.149162424429213180e-05 3.659447698106474434e+01 1.550958547458778725e+01 7.938571081550898079e-01 3.681439999999999824e+00 2.082664962045580251e+04 5.278300019397562642e-04
3.120967358764309640e+00 8.060600983878693171e+00 1.145063506651983198e+00 8.150652540548597945e-05 3.659447698106474434e+01 1.550958547458778725e+01 7.938571081550898079e-01 3.681439999999999824e+00 2.082664962045580251e+04 5.278300019397562642e-04
3.120967358764309640e+00 8.060600983878693171e+00 1.145063506651983198e+00 8.149162424429213180e-05 3.659447752636494755e+01 1.550958547458778725e+01 7.938571081550898079e-01 3.681439999999999824e+00 2.082664962045580251e+04 5.278300019397562642e-04
3.120967358764309640e+00 8.060600983878693171e+00 1.145063506651983198e+00 8.149162424429213180e-05 3.659447698106474434e+01 1.550958570569862083e+01 7.938571081550898079e-01 3.681439999999999824e+00 2.082664962045580251e+04 5.278300019397562642e-04
3.120967358764309640e+00 8.060600983878693171e+00 1.145063506651983198e+00 8.149162424429213180e-05 3.659447698106474434e+01 1.550958547458778725e+01 7.938571230562510017e-01 3.681439999999999824e+00 2.082664962045580251e+04 5.278300019397562642e-04
3.120967358764309640e+00 8.060600983878693171e+00 1.145063506651983198e+00 8.149162424429213180e-05 3.659447698106474434e+01 1.550958547458778725e+01 7.938571081550898079e-01 3.681439999999999824e+00 2.082664993079706619e+04 5.278300019397562642e-04
3.120967358764309640e+00 8.060600983878693171e+00 1.145063506651983198e+00 8.149162424429213180e-05 3.659447698106474434e+01 1.550958547458778725e+01 7.938571081550898079e-01 3.681439999999999824e+00 2.082664962045580251e+04 5.278449031009501118e-04
3.121116445828772790e+00 8.065771248087525436e+00 1.145217767201465398e+00 8.110456303287203557e-05 3.659449618146270922e+01 1.551034741992337018e+01 7.935828895066763256e-01 3.681439999999999824e+00 2.082665184006648997e+04 5.327299237181014812e-04
3.121116492337032255e+00 8.065771248087525436e+00 1.145217767201465398e+00 8.110456303287203557e-05 3.659449618146270922e+01 1.551034741992337018e+01 7.935828895066763256e-01 3.681439999999999824e+00 2.082665184006648997e+04 5.327299237181014812e-04
3.121116445828772790e+00 8.065771368276882569e+00 1.145217767201465398e+00 8.110456303287203557e-05 3.659449618146270922e+01 1.551034741992337018e+01 7.935828895066763256e-01 3.681439999999999824e+00 2.082665184006648997e+04 5.327299237181014812e-04
3.121116445828772790e+00 8.065771248087525436e+00 1.145217784266539862e+00 8.110456303287203557e-05 3.659449618146270922e+01 1.551034741992337018e+01 7.935828895066763256e-01 3.681439999999999824e+00 2.082665184006648997e+04 5.327299237181014812e-04
3.121116445828772790e+00 8.065771248087525436e+00 1.145217767201465398e+00 8.111946419406588322e-05 3.659449618146270922e+01 1.551034741992337018e+01 7.935828895066763256e-01 3.681439999999999824e+00 2.082665184006648997e+04 5.327299237181014812e-04
3.121116445828772790e+00 8.065771248087525436e+00 1.145217767201465398e+00 8.110456303287203557e-05 3.659449672676319665e+01 1.551034741992337018e+01 7.935828895066763256e-01 3.681439999999999824e+00 2.082665184006648997e+04 5.327299237181014812e-04
3.121116445828772790e+00 8.065771248087525436e+00 1.145217767201465398e+00 8.110456303287203557e-05 3.659449618146270922e+01 1.551034765104555646e+01 7.935828895066763256e-01 3.681439999999999824e+00 2.082665184006648997e+04 5.327299237181014812e-04
3.121116445828772790e+00 8.065771248087525436e+00 1.145217767201465398e+00 8.110456303287203557e-05 3.659449618146270922e+01 1.551034741992337018e+01 7.935829044078375194e-01 3.681439999999999824e+00 2.082665184006648997e+04 5.327299237181014812e-04
3.121116445828772790e+00 8.065771248087525436e+00 1.145217767201465398e+00 8.110456303287203557e-05 3.659449618146270922e+01 1.551034741992337018e+01 7.935828895066763256e-01 3.681439999999999824e+00 2.082665215040778639e+04 5.327299237181014812e-04
3.121116445828772790e+00 8.065771248087525436e+00 1.145217767201465398e+00 8.110456303287203557e-05 3.659449618146270922e+01 1.551034741992337018e+01 7.935828895066763256e-01 3.681439999999999824e+00 2.082665184006648997e+04 5.327448248792953289e-04
3.121504071753038012e+00 8.074926910980462225e+00 1.145528597354748657e+00 8.013419120353068527e-05 3.659453241374600907e+01 1.551218559450080647e+01 7.929244834091153660e-01 3.681439999999999824e+00 2.082665437698689857e+04 5.394117285451886443e-04
3.121504118267073302e+00 8.074926910980462225e+00 1.145528597354748657e+00 8.013419120353068527e-05 3.659453241374600907e+01 1.551218559450080647e+01 7.929244834091153660e-01 3.681439999999999824e+00 2.082665437698689857e+04 5.394117285451886443e-04
3.121504071753038012e+00 8.074927031306248892e+00 1.145528597354748657e+00 8.013419120353068527e-05 3.659453241374600907e+01 1.551218559450080647e+01 7.929244834091153660e-01 3.681439999999999824e+00 2.082665437698689857e+04 5.394117285451886443e-04
3.121504071753038012e+00 8.074926910980462225e+00 1.145528614424454972e+00 8.013419120353068527e-05 3.659453241374600907e+01 1.551218559450080647e+01 7.929244834091153660e-01 3.681439999999999824e+00 2.082665437698689857e+04 5.394117285451886443e-04
3.121504071753038012e+00 8.074926910980462225e+00 1.145528597354748657e+00 8.014909236472453292e-05 3.659453241374600907e+01 1.551218559450080647e+01 7.929244834091153660e-01 3.681439999999999824e+00 2.082665437698689857e+04 5.394117285451886443e-04
3.121504071753038012e+00 8.074926910980462225e+00 1.145528597354748657e+00 8.013419120353068527e-05 3.659453295904703651e+01 1.551218559450080647e+01 7.929244834091153660e-01 3.681439999999999824e+00 2.082665437698689857e+04 5.394117285451886443e-04
3.121504071753038012e+00 8.074926910980462225e+00 1.145528597354748657e+00 8.013419120353068527e-05 3.659453241374600907e+01 1.551218582565038417e+01 7.929244834091153660e-01 3.681439999999999824e+00 2.082665437698689857e+04 5.394117285451886443e-04
3.121504071753038012e+00 8.074926910980462225e+00 1.145528597354748657e+00 8.013419120353068527e-05 3.659453241374600907e+01 1.551218559450080647e+01 7.929244983102765598e-01 3.681439999999999824e+00 2.082665437698689857e+04 5.394117285451886443e-04
3.121504071753038012e+00 8.074926910980462225e+00 1.145528597354748657e+00 8.013419120353068527e-05 3.659453241374600907e+01 1.551218559450080647e+01 7.929244834091153660e-01 3.681439999999999824e+00 2.082665468732823138e+04 5.394117285451886443e-04
3.121504071753038012e+00 8.074926910980462225e+00 1.145528597354748657e+00 8.013419120353068527e-05 3.659453241374600907e+01 1.551218559450080647e+01 7.929244834091153660e-01 3.681439999999999824e+00 2.082665437698689857e+04 5.394266297063824919e-04
3.121499122804402671e+00 8.076633140700854696e+00 1.145395164660010456e+00 7.869263615359219078e-05 3.659625887537605848e+01 1.551503207919692784e+01 7.930124331326420251e-01 3.681439999999999824e+00 2.082665437713496431e+04 5.405752406960367311e-04
3.121499169318364242e+00 8.076633140700854696e+00 1.145395164660010456e+00 7.869263615359219078e-05 3.659625887537605848e+01 1.551503207919692784e+01 7.930124331326420251e-01 3.681439999999999824e+00 2.082665437713496431e+04 5.405752406960367311e-04
3.121499122804402671e+00 8.076633261052066359e+00 1.145395164660010456e+00 7.869263615359219078e-05 3.659625887537605848e+01 1.551503207919692784e+01 7.930124331326420251e-01 3.681439999999999824e+00 2.082665437713496431e+04 5.405752406960367311e-04
3.121499122804402671e+00 8.076633140700854696e+00 1.145395181727728362e+00 7.869263615359219078e-05 3.659625887537605848e+01 1.551503207919692784e+01 7.930124331326420251e-01 3.681439999999999824e+00 2.082665437713496431e+04 5.405752406960367311e-04
3.121499122804402671e+00 8.076633140700854696e+00 1.145395164660010456e+00 7.870753731478603843e-05 3.659625887537605848e+01 1.551503207919692784e+01 7.930124331326420251e-01 3.681439999999999824e+00 2.082665437713496431e+04 5.405752406960367311e-04
3.121499122804402671e+00 8.076633140700854696e+00 1.145395164660010456e+00 7.869263615359219078e-05 3.659625942070280757e+01 1.551503207919692784e+01 7.930124331326420251e-01 3.681439999999999824e+00 2.082665437713496431e+04 5.405752406960367311e-04
3.121499122804402671e+00 8.076633140700854696e+00 1.145395164660010456e+00 7.869263615359219078e-05 3.659625887537605848e+01 1.551503231038892139e+01 7.930124331326420251e-01 3.681439999999999824e+00 2.082665437713496431e+04 5.405752406960367311e-04
3.121499122804402671e+00 8.076633140700854696e+00 1.145395164660010456e+00 7.869263615359219078e-05 3.659625887537605848e+01 1.551503207919692784e+01 7.930124480338032189e-01 3.681439999999999824e+00 2.082665437713496431e+04 5.405752406960367311e-04
3.121499122804402671e+00 8.076633140700854696e+00 1.145395164660010456e+00 7.869263615359219078e-05 3.659625887537605848e+01 1.551503207919692784e+01 7.930124331326420251e-01 3.681439999999999824e+00 2.082665468747629711e+04 5.405752406960367311e-04
3.121499122804402671e+00 8.076633140700854696e+00 1.145395164660010456e+00 7.869263615359219078e-05 3.659625887537605848e+01 1.551503207919692784e+01 7.930124331326420251e-01 3.681439999999999824e+00 2.082665437713496431e+04 5.405901418572305788e-04
3.121930313062802220e+00 8.089483680632129747e+00 1.145771783691823531e+00 7.597730543299606877e-05 3.659630721198120540e+01 1.552025420698430125e+01 7.924529508305850900e-01 3.681439999999999824e+00 2.082665110969361922e+04 5.492003704081576104e-04
3.121930359583188874e+00 8.089483680632129747e+00 1.145771783691823531e+00 7.597730543299606877e-05 3.659630721198120540e+01 1.552025420698430125e+01 7.924529508305850900e-01 3.681439999999999824e+00 2.082665110969361922e+04 5.492003704081576104e-04
3.121930313062802220e+00 8.089483801174830901e+00 1.145771783691823531e+00 7.597730543299606877e-05 3.659630721198120540e+01 1.552025420698430125e+01 7.924529508305850900e-01 3.681439999999999824e+00 2.082665110969361922e+04 5.492003704081576104e-04
3.121930313062802220e+00 8.089483680632129747e+00 1.145771800765153614e+00 7.597730543299606877e-05 3.659630721198120540e+01 1.552025420698430125e+01 7.924529508305850900e-01 3.681439999999999824e+00 2.082665110969361922e+04 5.492003704081576104e-04
3.121930313062802220e+00 8.089483680632129747e+00 1.145771783691823531e+00 7.599220659418991642e-05 3.659630721198120540e+01 1.552025420698430125e+01 7.924529508305850900e-01 3.681439999999999824e+00 2.082665110969361922e+04 5.492003704081576104e-04
3.121930313062802220e+00 8.089483680632129747e+00 1.145771783691823531e+00 7.597730543299606877e-05 3.659630775730867924e+01 1.552025420698430125e+01 7.924529508305850900e-01 3.681439999999999824e+00 2.082665110969361922e+04 5.492003704081576104e-04
3.121930313062802220e+00 8.089483680632129747e+00 1.145771783691823531e+00 7.597730543299606877e-05 3.659630721198120540e+01 1.552025443825411166e+01 7.924529508305850900e-01 3.681439999999999824e+00 2.082665110969361922e+04 5.492003704081576104e-04
3.121930313062802220e+00 8.089483680632129747e+00 1.145771783691823531e+00 7.597730543299606877e-05 3.659630721198120540e+01 1.552025420698430125e+01 7.924529657317462839e-01 3.681439999999999824e+00 2.082665110969361922e+04 5.492003704081576104e-04
3.121930313062802220e+00 8.089483680632129747e+00 1.145771783691823531e+00 7.597730543299606877e-05 3.659630721198120540e+01 1.552025420698430125e+01 7.924529508305850900e-01 3.681439999999999824e+00 2.082665142003490473e+04 5.492003704081576104e-04
3.121930313062802220e+00 8.089483680632129747e+00 1.145771783691823531e+00 7.597730543299606877e-05 3.659630721198120540e+01 1.552025420698430125e+01 7.924529508305850900e-01 3.681439999999999824e+00 2.082665110969361922e+04 5.492152715693514580e-04
3.122166114829925121e+00 8.095987331947153365e+00 1.145965865367908787e+00 7.285527539310757594e-05 3.659715196616005528e+01 1.553242668828632489e+01 7.920734416199317618e-01 3.681439999999999824e+00 2.082665110816822198e+04 5.543011591623692559e-04
3.122166161353825853e+00 8.095987331947153365e+00 1.145965865367908787e+00 7.285527539310757594e-05 3.659715196616005528e+01 1.553242668828632489e+01 7.920734416199317618e-01 3.681439999999999824e+00 2.082665110816822198e+04 5.543011591623692559e-04
3.122166114829925121e+00 8.095987452586765443e+00 1.145965865367908787e+00 7.285527539310757594e-05 3.659715196616005528e+01 1.553242668828632489e+01 7.920734416199317618e-01 3.681439999999999824e+00 2.082665110816822198e+04 5.543011591623692559e-04
3.122166114829925121e+00 8.095987331947153365e+00 1.145965882444130779e+00 7.285527539310757594e-05 3.659715196616005528e+01 1.553242668828632489e+01 7.920734416199317618e-01 3.681439999999999824e+00 2.082665110816822198e+04 5.543011591623692559e-04
3.122166114829925121e+00 8.095987331947153365e+00 1.145965865367908787e+00 7.287017655430142360e-05 3.659715196616005528e+01 1.553242668828632489e+01 7.920734416199317618e-01 3.681439999999999824e+00 2.082665110816822198e+04 5.543011591623692559e-04
3.122166114829925121e+00 8.095987331947153365e+00 1.145965865367908787e+00 7.285527539310757594e-05 3.659715251150011284e+01 1.553242668828632489e+01 7.920734416199317618e-01 3.681439999999999824e+00 2.082665110816822198e+04 5.543011591623692559e-04
3.122166114829925121e+00 8.095987331947153365e+00 1.145965865367908787e+00 7.285527539310757594e-05 3.659715196616005528e+01 1.553242691973751910e+01 7.920734416199317618e-01 3.681439999999999824e+00 2.082665110816822198e+04 5.543011591623692559e-04
3.122166114829925121e+00 8.095987331947153365e+00 1.145965865367908787e+00 7.285527539310757594e-05 3.659715196616005528e+01 1.553242668828632489e+01 7.920734565210929556e-01 3.681439999999999824e+00 2.082665110816822198e+04 5.543011591623692559e-04
3.122166114829925121e+00 8.095987331947153365e+00 1.145965865367908787e+00 7.285527539310757594e-05 3.659715196616005528e+01 1.553242668828632489e+01 7.920734416199317618e-01 3.681439999999999824e+00 2.082665141850950749e+04 5.543011591623692559e-04
3.122166114829925121e+00 8.095987331947153365e+00 1.145965865367908787e+00 7.285527539310757594e-05 3.659715196616005528e+01 1.553242668828632489e+01 7.920734416199317618e-01 3.681439999999999824e+00 2.082665110816822198e+04 5.543160603235631036e-04
3.122179151261638363e+00 8.095386525978872427e+00 1.146029786667821959e+00 6.677974191120082854e-05 3.659662651766694097e+01 1.555666959741103916e+01 7.920907866504564021e-01 3.681439999999999824e+00 2.082665110410821217e+04 5.539560948691464809e-04
3.122179197785733162e+00 8.095386525978872427e+00 1.146029786667821959e+00 6.677974191120082854e-05 3.659662651766694097e+01 1.555666959741103916e+01 7.920907866504564021e-01 3.681439999999999824e+00 2.082665110410821217e+04 5.539560948691464809e-04
3.122179151261638363e+00 8.095386646609531667e+00 1.146029786667821959e+00 6.677974191120082854e-05 3.659662651766694097e+01 1.555666959741103916e+01 7.920907866504564021e-01 3.681439999999999824e+00 2.082665110410821217e+04 5.539560948691464809e-04
3.122179151261638363e+00 8.095386525978872427e+00 1.146029803744996522e+00 6.677974191120082854e-05 3.659662651766694097e+01 1.555666959741103916e+01 7.920907866504564021e-01 3.681439999999999824e+00 2.082665110410821217e+04 5.539560948691464809e-04
3.122179151261638363e+00 8.095386525978872427e+00 1.146029786667821959e+00 6.679464307239467620e-05 3.659662651766694097e+01 1.555666959741103916e+01 7.920907866504564021e-01 3.681439999999999824e+00 2.082665110410821217e+04 5.539560948691464809e-04
3.122179151261638363e+00 8.095386525978872427e+00 1.146029786667821959e+00 6.677974191120082854e-05 3.659662706299916834e+01 1.555666959741103916e+01 7.920907866504564021e-01 3.681439999999999824e+00 2.082665110410821217e+04 5.539560948691464809e-04
3.122179151261638363e+00 8.095386525978872427e+00 1.146029786667821959e+00 6.677974191120082854e-05 3.659662651766694097e+01 1.555666982922348041e+01 7.920907866504564021e-01 3.681439999999999824e+00 2.082665110410821217e+04 5.539560948691464809e-04
3.122179151261638363e+00 8.095386525978872427e+00 1.146029786667821959e+00 6.677974191120082854e-05 3.659662651766694097e+01 1.555666959741103916e+01 7.920908015516175960e-01 3.681439999999999824e+00 2.082665110410821217e+04 5.539560948691464809e-04
3.122179151261638363e+00 8.095386525978872427e+00 1.146029786667821959e+00 6.677974191120082854e-05 3.659662651766694097e+01 1.555666959741103916e+01 7.920907866504564021e-01 3.681439999999999824e+00 2.082665141444949768e+04 5.539560948691464809e-04
3.122179151261638363e+00 8.095386525978872427e+00 1.146029786667821959e+00 6.677974191120082854e-05 3.659662651766694097e+01 1.555666959741103916e+01 7.920907866504564021e-01 3.681439999999999824e+00 2.082665110410821217e+04 5.539709960303403286e-04
3.122190913476503127e+00 8.093817830053374962e+00 1.146098224009529432e+00 5.567577005122174697e-05 3.659503241234899207e+01 1.560387686908404525e+01 7.924593058729354489e-01 3.681439999999999824e+00 2.082665109584202219e+04 5.514537309532220296e-04
3.122190960000773341e+00 8.093817830053374962e+00 1.146098224009529432e+00 5.567577005122174697e-05 3.659503241234899207e+01 1.560387686908404525e+01 7.924593058729354489e-01 3.681439999999999824e+00 2.082665109584202219e+04 5.514537309532220296e-04
3.122190913476503127e+00 8.093817950660659122e+00 1.146098224009529432e+00 5.567577005122174697e-05 3.659503241234899207e+01 1.560387686908404525e+01 7.924593058729354489e-01 3.681439999999999824e+00 2.082665109584202219e+04 5.514537309532220296e-04
3.122190913476503127e+00 8.093817830053374962e+00 1.146098241087723846e+00 5.567577005122174697e-05 3.659503241234899207e+01 1.560387686908404525e+01 7.924593058729354489e-01 3.681439999999999824e+00 2.082665109584202219e+04 5.514537309532220296e-04
3.122190913476503127e+00 8.093817830053374962e+00 1.146098224009529432e+00 5.569067121241559463e-05 3.659503241234899207e+01 1.560387686908404525e+01 7.924593058729354489e-01 3.681439999999999824e+00 2.082665109584202219e+04 5.514537309532220296e-04
3.122190913476503127e+00 8.093817830053374962e+00 1.146098224009529432e+00 5.567577005122174697e-05 3.659503295765746600e+01 1.560387686908404525e+01 7.924593058729354489e-01 3.681439999999999824e+00 2.082665109584202219e+04 5.514537309532220296e-04
3.122190913476503127e+00 8.093817830053374962e+00 1.146098224009529432e+00 5.567577005122174697e-05 3.659503241234899207e+01 1.560387710159992913e+01 7.924593058729354489e-01 3.681439999999999824e+00 2.082665109584202219e+04 5.514537309532220296e-04
3.122190913476503127e+00 8.093817830053374962e+00 1.146098224009529432e+00 5.567577005122174697e-05 3.659503241234899207e+01 1.560387686908404525e+01 7.924593207740966427e-01 3.681439999999999824e+00 2.082665109584202219e+04 5.514537309532220296e-04
3.122190913476503127e+00 8.093817830053374962e+00 1.146098224009529432e+00 5.567577005122174697e-05 3.659503241234899207e+01 1.560387686908404525e+01 7.924593058729354489e-01 3.681439999999999824e+00 2.082665140618330770e+04 5.514537309532220296e-04
3.122190913476503127e+00 8.093817830053374962e+00 1.146098224009529432e+00 5.567577005122174697e-05 3.659503241234899207e+01 1.560387686908404525e+01 7.924593058729354489e-01 3.681439999999999824e+00 2.082665109584202219e+04 5.514686321144158772e-04
3.122272405040632748e+00 8.092991693167970624e+00 1.146255318808637513e+00 3.912114356660269146e-05 3.659447091114219575e+01 1.569315090908421162e+01 7.926980209672942479e-01 3.681439999999999824e+00 2.082665107864189849e+04 5.476525877157816750e-04
3.122272451566117102e+00 8.092991693167970624e+00 1.146255318808637513e+00 3.912114356660269146e-05 3.659447091114219575e+01 1.569315090908421162e+01 7.926980209672942479e-01 3.681439999999999824e+00 2.082665107864189849e+04 5.476525877157816750e-04
3.122272405040632748e+00 8.092991813762944631e+00 1.146255318808637513e+00 3.912114356660269146e-05 3.659447091114219575e+01 1.569315090908421162e+01 7.926980209672942479e-01 3.681439999999999824e+00 2.082665107864189849e+04 5.476525877157816750e-04
3.122272405040632748e+00 8.092991693167970624e+00 1.146255335889172722e+00 3.912114356660269146e-05 3.659447091114219575e+01 1.569315090908421162e+01 7.926980209672942479e-01 3.681439999999999824e+00 2.082665107864189849e+04 5.476525877157816750e-04
3.122272405040632748e+00 8.092991693167970624e+00 1.146255318808637513e+00 3.913604472779653911e-05 3.659447091114219575e+01 1.569315090908421162e+01 7.926980209672942479e-01 3.681439999999999824e+00 2.082665107864189849e+04 5.476525877157816750e-04
3.122272405040632748e+00 8.092991693167970624e+00 1.146255318808637513e+00 3.912114356660269146e-05 3.659447145644230659e+01 1.569315090908421162e+01 7.926980209672942479e-01 3.681439999999999824e+00 2.082665107864189849e+04 5.476525877157816750e-04
3.122272405040632748e+00 8.092991693167970624e+00 1.146255318808637513e+00 3.912114356660269146e-05 3.659447091114219575e+01 1.569315114293038249e+01 7.926980209672942479e-01 3.681439999999999824e+00 2.082665107864189849e+04 5.476525877157816750e-04
3.122272405040632748e+00 8.092991693167970624e+00 1.146255318808637513e+00 3.912114356660269146e-05 3.659447091114219575e+01 1.569315090908421162e+01 7.926980358684554417e-01 3.681439999999999824e+00 2.082665107864189849e+04 5.476525877157816750e-04
3.122272405040632748e+00 8.092991693167970624e+00 1.146255318808637513e+00 3.912114356660269146e-05 3.659447091114219575e+01 1.569315090908421162e+01 7.926980209672942479e-01 3.681439999999999824e+00 2.082665138898318401e+04 5.476525877157816750e-04
3.122272405040632748e+00 8.092991693167970624e+00 1.146255318808637513e+00 3.912114356660269146e-05 3.659447091114219575e+01 1.569315090908421162e+01 7.926980209672942479e-01 3.681439999999999824e+00 2.082665107864189849e+04 5.476674888769755226e-04
3.122321488276015966e+00 8.088393921647385909e+00 1.146485387316528604e+00 9.969377759021884051e-06 3.659172827386115756e+01 1.585027651104793911e+01 7.931901959021122606e-01 3.681439999999999824e+00 2.082665103911664482e+04 5.396887821221355843e-04
3.122321534802231735e+00 8.088393921647385909e+00 1.146485387316528604e+00 9.969377759021884051e-06 3.659172827386115756e+01 1.585027651104793911e+01 7.931901959021122606e-01 3.681439999999999824e+00 2.082665103911664482e+04 5.396887821221355843e-04
3.122321488276015966e+00 8.088394042173847609e+00 1.146485387316528604e+00 9.969377759021884051e-06 3.659172827386115756e+01 1.585027651104793911e+01 7.931901959021122606e-01 3.681439999999999824e+00 2.082665103911664482e+04 5.396887821221355843e-04
3.122321488276015966e+00 8.088393921647385909e+00 1.146485404400492181e+00 9.969377759021884051e-06 3.659172827386115756e+01 1.585027651104793911e+01 7.931901959021122606e-01 3.681439999999999824e+00 2.082665103911664482e+04 5.396887821221355843e-04
3.122321488276015966e+00 8.088393921647385909e+00 1.146485387316528604e+00 9.984278920215731708e-06 3.659172827386115756e+01 1.585027651104793911e+01 7.931901959021122606e-01 3.681439999999999824e+00 2.082665103911664482e+04 5.396887821221355843e-04
3.122321488276015966e+00 8.088393921647385909e+00 1.146485387316528604e+00 9.969377759021884051e-06 3.659172881912039799e+01 1.585027651104793911e+01 7.931901959021122606e-01 3.681439999999999824e+00 2.082665103911664482e+04 5.396887821221355843e-04
3.122321488276015966e+00 8.088393921647385909e+00 1.146485387316528604e+00 9.969377759021884051e-06 3.659172827386115756e+01 1.585027674723546376e+01 7.931901959021122606e-01 3.681439999999999824e+00 2.082665103911664482e+04 5.396887821221355843e-04
3.122321488276015966e+00 8.088393921647385909e+00 1.146485387316528604e+00 9.969377759021884051e-06 3.659172827386115756e+01 1.585027651104793911e+01 7.931902108032734544e-01 3.681439999999999824e+00 2.082665103911664482e+04 5.396887821221355843e-04
3.122321488276015966e+00 8.088393921647385909e+00 1.146485387316528604e+00 9.969377759021884051e-06 3.659172827386115756e+01 1.585027651104793911e+01 7.931901959021122606e-01 3.681439999999999824e+00 2.082665134945793034e+04 5.396887821221355843e-04
3.122321488276015966e+00 8.088393921647385909e+00 1.146485387316528604e+00 9.969377759021884051e-06 3.659172827386115756e+01 1.585027651104793911e+01 7.931901959021122606e-01 3.681439999999999824e+00 2.082665103911664482e+04 5.397036832833294320e-04
3.123354299297484982e+00 8.085598779168799766e+00 1.146898088463722098e+00 9.652996238869309767e-06 3.650633518709960867e+01 1.599996398350318927e+01 7.944913505467966486e-01 3.681439999999999824e+00 2.082657293163412032e+04 5.313831775362135587e-04
3.123354345839090662e+00 8.085598779168799766e+00 1.146898088463722098e+00 9.652996238869309767e-06 3.650633518709960867e+01 1.599996398350318927e+01 7.944913505467966486e-01 3.681439999999999824e+00 2.082657293163412032e+04 5.313831775362135587e-04
3.123354299297484982e+00 8.085598899653611227e+00 1.146898088463722098e+00 9.652996238869309767e-06 3.650633518709960867e+01 1.599996398350318927e+01 7.944913505467966486e-01 3.681439999999999824e+00 2.082657293163412032e+04 5.313831775362135587e-04
3.123354299297484982e+00 8.085598779168799766e+00 1.146898105553835423e+00 9.652996238869309767e-06 3.650633518709960867e+01 1.599996398350318927e+01 7.944913505467966486e-01 3.681439999999999824e+00 2.082657293163412032e+04 5.313831775362135587e-04
3.123354299297484982e+00 8.085598779168799766e+00 1.146898088463722098e+00 9.667897400063157423e-06 3.650633518709960867e+01 1.599996398350318927e+01 7.944913505467966486e-01 3.681439999999999824e+00 2.082657293163412032e+04 5.313831775362135587e-04
3.123354299297484982e+00 8.085598779168799766e+00 1.146898088463722098e+00 9.652996238869309767e-06 3.650633573108639496e+01 1.599996398350318927e+01 7.944913505467966486e-01 3.681439999999999824e+00 2.082657293163412032e+04 5.313831775362135587e-04
3.123354299297484982e+00 8.085598779168799766e+00 1.146898088463722098e+00 9.652996238869309767e-06 3.650633518709960867e+01 1.599996422192123191e+01 7.944913505467966486e-01 3.681439999999999824e+00 2.082657293163412032e+04 5.313831775362135587e-04
3.123354299297484982e+00 8.085598779168799766e+00 1.146898088463722098e+00 9.652996238869309767e-06 3.650633518709960867e+01 1.599996398350318927e+01 7.944913654479578424e-01 3.681439999999999824e+00 2.082657293163412032e+04 5.313831775362135587e-04
3.123354299297484982e+00 8.085598779168799766e+00 1.146898088463722098e+00 9.652996238869309767e-06 3.650633518709960867e+01 1.599996398350318927e+01 7.944913505467966486e-01 3.681439999999999824e+00 2.082657324197424168e+04 5.313831775362135587e-04
3.123354299297484982e+00 8.085598779168799766e+00 1.146898088463722098e+00 9.652996238869309767e-06 3.650633518709960867e+01 1.599996398350318927e+01 7.944913505467966486e-01 3.681439999999999824e+00 2.082657293163412032e+04 5.313980786974074064e-04
3.122749866737315028e+00 8.070184332190315502e+00 1.146310877723570210e+00 7.471838669027830709e-06 3.649829195235912493e+01 1.599997811123064118e+01 7.949986471044448999e-01 3.681439999999999824e+00 2.082714017004344350e+04 5.231201665447873664e-04
3.122749913269914135e+00 8.070184332190315502e+00 1.146310877723570210e+00 7.471838669027830709e-06 3.649829195235912493e+01 1.599997811123064118e+01 7.949986471044448999e-01 3.681439999999999824e+00 2.082714017004344350e+04 5.231201665447873664e-04
3.122749866737315028e+00 8.070184452445433365e+00 1.146310877723570210e+00 7.471838669027830709e-06 3.649829195235912493e+01 1.599997811123064118e+01 7.949986471044448999e-01 3.681439999999999824e+00 2.082714017004344350e+04 5.231201665447873664e-04
3.122749866737315028e+00 8.070184332190315502e+00 1.146310894804933422e+00 7.471838669027830709e-06 3.649829195235912493e+01 1.599997811123064118e+01 7.949986471044448999e-01 3.681439999999999824e+00 2.082714017004344350e+04 5.231201665447873664e-04
3.122749866737315028e+00 8.070184332190315502e+00 1.146310877723570210e+00 7.486739830221678365e-06 3.649829195235912493e+01 1.599997811123064118e+01 7.949986471044448999e-01 3.681439999999999824e+00 2.082714017004344350e+04 5.231201665447873664e-04
3.122749866737315028e+00 8.070184332190315502e+00 1.146310877723570210e+00 7.471838669027830709e-06 3.649829249622605687e+01 1.599997811123064118e+01 7.949986471044448999e-01 3.681439999999999824e+00 2.082714017004344350e+04 5.231201665447873664e-04
3.122749866737315028e+00 8.070184332190315502e+00 1.146310877723570210e+00 7.471838669027830709e-06 3.649829195235912493e+01 1.599997834964889343e+01 7.949986471044448999e-01 3.681439999999999824e+00 2.082714017004344350e+04 5.231201665447873664e-04
3.122749866737315028e+00 8.070184332190315502e+00 1.146310877723570210e+00 7.471838669027830709e-06 3.649829195235912493e+01 1.599997811123064118e+01 7.949986620056060938e-01 3.681439999999999824e+00 2.082714017004344350e+04 5.231201665447873664e-04
3.122749866737315028e+00 8.070184332190315502e+00 1.146310877723570210e+00 7.471838669027830709e-06 3.649829195235912493e+01 1.599997811123064118e+01 7.949986471044448999e-01 3.681439999999999824e+00 2.082714048039201589e+04 5.231201665447873664e-04
3.122749866737315028e+00 8.070184332190315502e+00 1.146310877723570210e+00 7.471838669027830709e-06 3.649829195235912493e+01 1.599997811123064118e+01 7.949986471044448999e-01 3.681439999999999824e+00 2.082714017004344350e+04 5.231350677059812141e-04
3.122781232327619172e+00 8.072089922517966087e+00 1.146386990047608467e+00 1.634555440177331134e-06 3.650064345573945701e+01 1.599999830607712070e+01 7.949822789383763633e-01 3.681439999999999824e+00 2.082827506884291870e+04 5.242122851773478023e-04
3.122781278860685905e+00 8.072089922517966087e+00 1.146386990047608467e+00 1.634555440177331134e-06 3.650064345573945701e+01 1.599999830607712070e+01 7.949822789383763633e-01 3.681439999999999824e+00 2.082827506884291870e+04 5.242122851773478023e-04
3.122781232327619172e+00 8.072090042801479015e+00 1.146386990047608467e+00 1.634555440177331134e-06 3.650064345573945701e+01 1.599999830607712070e+01 7.949822789383763633e-01 3.681439999999999824e+00 2.082827506884291870e+04 5.242122851773478023e-04
3.122781232327619172e+00 8.072089922517966087e+00 1.146387007130105884e+00 1.634555440177331134e-06 3.650064345573945701e+01 1.599999830607712070e+01 7.949822789383763633e-01 3.681439999999999824e+00 2.082827506884291870e+04 5.242122851773478023e-04
3.122781232327619172e+00 8.072089922517966087e+00 1.146386990047608467e+00 1.649456601371178791e-06 3.650064345573945701e+01 1.599999830607712070e+01 7.949822789383763633e-01 3.681439999999999824e+00 2.082827506884291870e+04 5.242122851773478023e-04
3.122781232327619172e+00 8.072089922517966087e+00 1.146386990047608467e+00 1.634555440177331134e-06 3.650064399964142581e+01 1.599999830607712070e+01 7.949822789383763633e-01 3.681439999999999824e+00 2.082827506884291870e+04 5.242122851773478023e-04
3.122781232327619172e+00 8.072089922517966087e+00 1.146386990047608467e+00 1.634555440177331134e-06 3.650064345573945701e+01 1.599999854449567493e+01 7.949822789383763633e-01 3.681439999999999824e+00 2.082827506884291870e+04 5.242122851773478023e-04
3.122781232327619172e+00 8.072089922517966087e+00 1.146386990047608467e+00 1.634555440177331134e-06 3.650064345573945701e+01 1.599999830607712070e+01 7.949822938395375571e-01 3.681439999999999824e+00 2.082827506884291870e+04 5.242122851773478023e-04
3.122781232327619172e+00 8.072089922517966087e+00 1.146386990047608467e+00 1.634555440177331134e-06 3.650064345573945701e+01 1.599999830607712070e+01 7.949822789383763633e-01 3.681439999999999824e+00 2.082827537920840405e+04 5.242122851773478023e-04
3.122781232327619172e+00 8.072089922517966087e+00 1.146386990047608467e+00 1.634555440177331134e-06 3.650064345573945701e+01 1.599999830607712070e+01 7.949822789383763633e-01 3.681439999999999824e+00 2.082827506884291870e+04 5.242271863385416500e-04
3.122770880730909138e+00 8.071462959967570683e+00 1.146403165584342299e+00 2.054077060008059264e-07 3.650327844498518459e+01 1.599999990449588516e+01 7.949953570495981170e-01 3.681439999999999824e+00 2.083054488947939171e+04 5.251463785710732421e-04
3.122770927263821328e+00 8.071462959967570683e+00 1.146403165584342299e+00 2.054077060008059264e-07 3.650327844498518459e+01 1.599999990449588516e+01 7.949953570495981170e-01 3.681439999999999824e+00 2.083054488947939171e+04 5.251463785710732421e-04
3.122770880730909138e+00 8.071463080241741750e+00 1.146403165584342299e+00 2.054077060008059264e-07 3.650327844498518459e+01 1.599999990449588516e+01 7.949953570495981170e-01 3.681439999999999824e+00 2.083054488947939171e+04 5.251463785710732421e-04
3.122770880730909138e+00 8.071462959967570683e+00 1.146403182667080634e+00 2.054077060008059264e-07 3.650327844498518459e+01 1.599999990449588516e+01 7.949953570495981170e-01 3.681439999999999824e+00 2.083054488947939171e+04 5.251463785710732421e-04
3.122770880730909138e+00 8.071462959967570683e+00 1.146403165584342299e+00 2.203088671946535826e-07 3.650327844498518459e+01 1.599999990449588516e+01 7.949953570495981170e-01 3.681439999999999824e+00 2.083054488947939171e+04 5.251463785710732421e-04
3.122770880730909138e+00 8.071462959967570683e+00 1.146403165584342299e+00 2.054077060008059264e-07 3.650327898892641798e+01 1.599999990449588516e+01 7.949953570495981170e-01 3.681439999999999824e+00 2.083054488947939171e+04 5.251463785710732421e-04
3.122770880730909138e+00 8.071462959967570683e+00 1.146403165584342299e+00 2.054077060008059264e-07 3.650327844498518459e+01 1.599999966607730784e+01 7.949953570495981170e-01 3.681439999999999824e+00 2.083054488947939171e+04 5.251463785710732421e-04
3.122770880730909138e+00 8.071462959967570683e+00 1.146403165584342299e+00 2.054077060008059264e-07 3.650327844498518459e+01 1.599999990449588516e+01 7.949953719507593108e-01 3.681439999999999824e+00 2.083054488947939171e+04 5.251463785710732421e-04
3.122770880730909138e+00 8.071462959967570683e+00 1.146403165584342299e+00 2.054077060008059264e-07 3.650327844498518459e+01 1.599999990449588516e+01 7.949953570495981170e-01 3.681439999999999824e+00 2.083054519987869935e+04 5.251463785710732421e-04
3.122770880730909138e+00 8.071462959967570683e+00 1.146403165584342299e+00 2.054077060008059264e-07 3.650327844498518459e+01 1.599999990449588516e+01 7.949953570495981170e-01 3.681439999999999824e+00 2.083054488947939171e+04 5.251612797322670898e-04
3.122951390298691621e+00 8.070674200605678195e+00 1.146584628820968010e+00 2.898528941961901757e-09 3.648839156971114761e+01 1.599999999941125317e+01 7.950003895513861885e-01 3.681439999999999824e+00 2.083489075946766752e+04 5.266925122876425823e-04
3.122929519704096712e+00 8.071568723695982328e+00 1.146450623942739666e+00 2.800750825513115153e-09 3.648811076721457880e+01 1.599999999937756812e+01 7.949922195824206117e-01 3.681439999999999824e+00 2.083163135413303098e+04 5.255108423536109918e-04
3.122923927737389693e+00 8.071792010635000736e+00 1.146417122339263406e+00 2.778663384329126002e-09 3.648805302329431299e+01 1.599999999936708406e+01 7.949901771014471485e-01 3.681439999999999824e+00 2.083081649395881323e+04 5.252154213458539236e-04
3.122922034267615388e+00 8.071846461950009655e+00 1.146408745415034458e+00 2.782578350858156471e-09 3.648808823448326422e+01 1.599999999935621098e+01 7.949896665264768458e-01 3.681439999999999824e+00 2.083061274384484568e+04 5.251415521077091794e-04
3.122919585455237179e+00 8.071854610002997532e+00 1.146406645250032996e+00 2.821869215915843429e-09 3.648829498051198783e+01 1.599999999931999461e+01 7.949895390709590393e-01 3.681439999999999824e+00 2.083056166987911274e+04 5.251230302699106626e-04
3.122909686163712895e+00 8.071830920269889020e+00 1.146406097301045923e+00 3.034060665844187580e-09 3.648927734750345309e+01 1.599999999913685222e+01 7.949895085717276766e-01 3.681439999999999824e+00 2.083054838328117694e+04 5.251181892731761076e-04
3.122823986025442533e+00 8.071593119711533149e+00 1.146405948520749840e+00 7.904131523387734153e-09 3.649786676435551414e+01 1.599999999497358161e+01 7.949895195231200251e-01 3.681439999999999824e+00 2.083054506246204983e+04 5.251167952411105438e-04
3.122772610170772900e+00 8.071451800155731604e+00 1.146406020231596434e+00 9.883636354238544346e-08 3.650302365128510473e+01 1.599999993984610391e+01 7.949893587891491142e-01 3.681439999999999824e+00 2.083054489446190928e+04 5.251180151938819422e-04
3.122772656703710847e+00 8.071451800155731604e+00 1.146406020231596434e+00 9.883636354238544346e-08 3.650302365128510473e+01 1.599999993984610391e+01 7.949893587891491142e-01 3.681439999999999824e+00 2.083054489446190928e+04 5.251180151938819422e-04
3.122772610170772900e+00 8.071451920429735694e+00 1.146406020231596434e+00 9.883636354238544346e-08 3.650302365128510473e+01 1.599999993984610391e+01 7.949893587891491142e-01 3.681439999999999824e+00 2.083054489446190928e+04 5.251180151938819422e-04
3.122772610170772900e+00 8.071451800155731604e+00 1.146406037314377402e+00 9.883636354238544346e-08 3.650302365128510473e+01 1.599999993984610391e+01 7.949893587891491142e-01 3.681439999999999824e+00 2.083054489446190928e+04 5.251180151938819422e-04
3.122772610170772900e+00 8.071451800155731604e+00 1.146406020231596434e+00 1.137375247362330997e-07 3.650302365128510473e+01 1.599999993984610391e+01 7.949893587891491142e-01 3.681439999999999824e+00 2.083054489446190928e+04 5.251180151938819422e-04
3.122772610170772900e+00 8.071451800155731604e+00 1.146406020231596434e+00 9.883636354238544346e-08 3.650302419522254382e+01 1.599999993984610391e+01 7.949893587891491142e-01 3.681439999999999824e+00 2.083054489446190928e+04 5.251180151938819422e-04
3.122772610170772900e+00 8.071451800155731604e+00 1.146406020231596434e+00 9.883636354238544346e-08 3.650302365128510473e+01 1.599999970142752659e+01 7.949893587891491142e-01 3.681439999999999824e+00 2.083054489446190928e+04 5.251180151938819422e-04
3.122772610170772900e+00 8.071451800155731604e+00 1.146406020231596434e+00 9.883636354238544346e-08 3.650302365128510473e+01 1.599999993984610391e+01 7.949893736903103081e-01 3.681439999999999824e+00 2.083054489446190928e+04 5.251180151938819422e-04
3.122772610170772900e+00 8.071451800155731604e+00 1.146406020231596434e+00 9.883636354238544346e-08 3.650302365128510473e+01 1.599999993984610391e+01 7.949893587891491142e-01 3.681439999999999824e+00 2.083054520486121692e+04 5.251180151938819422e-04
3.122772610170772900e+00 8.071451800155731604e+00 1.146406020231596434e+00 9.883636354238544346e-08 3.650302365128510473e+01 1.599999993984610391e+01 7.949893587891491142e-01 3.681439999999999824e+00 2.083054489446190928e+04 5.251329163550757899e-04
3.122771161892119007e+00 8.071372319381023175e+00 1.146404462227958110e+00 5.490348452984345487e-08 3.650302332670431582e+01 1.599999995849284318e+01 7.949988553544885539e-01 3.681439999999999824e+00 2.083061776170039593e+04 5.251150290935705867e-04
3.122770931545501227e+00 8.071393241927859563e+00 1.146403457464652886e+00 8.346985637430977480e-08 3.650302342473853656e+01 1.599999994548726079e+01 7.949981758901198958e-01 3.681439999999999824e+00 2.083056188469017798e+04 5.250984581664521443e-04
3.122771479495916491e+00 8.071416082692758565e+00 1.146403668095924200e+00 9.533621006050562304e-08 3.650302351549616020e+01 1.599999994106277867e+01 7.949963197019096484e-01 3.681439999999999824e+00 2.083054827785890302e+04 5.251056375705424710e-04
3.122772657315123990e+00 8.071449732090774987e+00 1.146404611719630040e+00 9.844903122934354435e-08 3.650302364446736902e+01 1.599999993997889192e+01 7.949928078186048186e-01 3.681439999999999824e+00 2.083054525834600645e+04 5.251209223794634038e-04
3.122773250593430028e+00 8.071453701413535242e+00 1.146405733974456886e+00 9.881424990741636822e-08 3.650302366420249456e+01 1.599999993985367297e+01 7.949901843894480180e-01 3.681439999999999824e+00 2.083054491640733249e+04 5.250977067073507110e-04
3.122773297126377745e+00 8.071453701413535242e+00 1.146405733974456886e+00 9.881424990741636822e-08 3.650302366420249456e+01 1.599999993985367297e+01 7.949901843894480180e-01 3.681439999999999824e+00 2.083054491640733249e+04 5.250977067073507110e-04
3.122773250593430028e+00 8.071453821687567753e+00 1.146405733974456886e+00 9.881424990741636822e-08 3.650302366420249456e+01 1.599999993985367297e+01 7.949901843894480180e-01 3.681439999999999824e+00 2.083054491640733249e+04 5.250977067073507110e-04
3.122773250593430028e+00 8.071453701413535242e+00 1.146405751057233413e+00 9.881424990741636822e-08 3.650302366420249456e+01 1.599999993985367297e+01 7.949901843894480180e-01 3.681439999999999824e+00 2.083054491640733249e+04 5.250977067073507110e-04
3.122773250593430028e+00 8.071453701413535242e+00 1.146405733974456886e+00 1.137154111012640245e-07 3.650302366420249456e+01 1.599999993985367297e+01 7.949901843894480180e-01 3.681439999999999824e+00 2.083054491640733249e+04 5.250977067073507110e-04
3.122773250593430028e+00 8.071453701413535242e+00 1.146405733974456886e+00 9.881424990741636822e-08 3.650302420813993365e+01 1.599999993985367297e+01 7.949901843894480180e-01 3.681439999999999824e+00 2.083054491640733249e+04 5.250977067073507110e-04
3.122773250593430028e+00 8.071453701413535242e+00 1.146405733974456886e+00 9.881424990741636822e-08 3.650302366420249456e+01 1.599999970143509564e+01 7.949901843894480180e-01 3.681439999999999824e+00 2.083054491640733249e+04 5.250977067073507110e-04
3.122773250593430028e+00 8.071453701413535242e+00 1.146405733974456886e+00 9.881424990741636822e-08 3.650302366420249456e+01 1.599999993985367297e+01 7.949901992906092119e-01 3.681439999999999824e+00 2.083054491640733249e+04 5.250977067073507110e-04
3.122773250593430028e+00 8.071453701413535242e+00 1.146405733974456886e+00 9.881424990741636822e-08 3.650302366420249456e+01 1.599999993985367297e+01 7.949901843894480180e-01 3.681439999999999824e+00 2.083054522680664013e+04 5.250977067073507110e-04
3.122773250593430028e+00 8.071453701413535242e+00 1.146405733974456886e+00 9.881424990741636822e-08 3.650302366420249456e+01 1.599999993985367297e+01 7.949901843894480180e-01 3.681439999999999824e+00 2.083054491640733249e+04 5.251126078685445587e-04
