3.198004323658865111e+00 7.497493503771708312e+00 1.424097495889150355e+00 3.084844280068617384e-02 3.751381198154182073e+01 1.549994700000000059e+01 7.954442999999999930e-01 3.681439999999999824e+00 2.571443534558326064e+04 -3.027084603163783332e-04
3.198004371312843208e+00 7.497493503771708312e+00 1.424097495889150355e+00 3.084844280068617384e-02 3.751381198154182073e+01 1.549994700000000059e+01 7.954442999999999930e-01 3.681439999999999824e+00 2.571443534558326064e+04 -3.027084603163783332e-04
3.198004323658865111e+00 7.497493615493067587e+00 1.424097495889150355e+00 3.084844280068617384e-02 3.751381198154182073e+01 1.549994700000000059e+01 7.954442999999999930e-01 3.681439999999999824e+00 2.571443534558326064e+04 -3.027084603163783332e-04
3.198004323658865111e+00 7.497493503771708312e+00 1.424097517109856659e+00 3.084844280068617384e-02 3.751381198154182073e+01 1.549994700000000059e+01 7.954442999999999930e-01 3.681439999999999824e+00 2.571443534558326064e+04 -3.027084603163783332e-04
3.198004323658865111e+00 7.497493503771708312e+00 1.424097495889150355e+00 3.084845770184736768e-02 3.751381198154182073e+01 1.549994700000000059e+01 7.954442999999999930e-01 3.681439999999999824e+00 2.571443534558326064e+04 -3.027084603163783332e-04
3.198004323658865111e+00 7.497493503771708312e+00 1.424097495889150355e+00 3.084844280068617384e-02 3.751381254054118131e+01 1.549994700000000059e+01 7.954442999999999930e-01 3.681439999999999824e+00 2.571443534558326064e+04 -3.027084603163783332e-04
3.198004323658865111e+00 7.497493503771708312e+00 1.424097495889150355e+00 3.084844280068617384e-02 3.751381198154182073e+01 1.549994723096720861e+01 7.954442999999999930e-01 3.681439999999999824e+00 2.571443534558326064e+04 -3.027084603163783332e-04
3.198004323658865111e+00 7.497493503771708312e+00 1.424097495889150355e+00 3.084844280068617384e-02 3.751381198154182073e+01 1.549994700000000059e+01 7.954443149011611869e-01 3.681439999999999824e+00 2.571443534558326064e+04 -3.027084603163783332e-04
3.198004323658865111e+00 7.497493503771708312e+00 1.424097495889150355e+00 3.084844280068617384e-02 3.751381198154182073e+01 1.549994700000000059e+01 7.954442999999999930e-01 3.681439999999999824e+00 2.571443572875820610e+04 -3.027084603163783332e-04
3.198004323658865111e+00 7.497493503771708312e+00 1.424097495889150355e+00 3.084844280068617384e-02 3.751381198154182073e+01 1.549994700000000059e+01 7.954442999999999930e-01 3.681439999999999824e+00 2.571443534558326064e+04 -3.027233614775721809e-04
3.197715418659503150e+00 7.497490931224962907e+00 1.424840679891826056e+00 1.341805404612393671e-04 3.757397309797836016e+01 1.550024159693025361e+01 7.953005220511303319e-01 3.681439999999999824e+00 2.571353866518554059e+04 -3.011078944141114071e-04
3.199947290346883744e+00 7.465851303707125908e+00 1.417232410270470977e+00 2.098804012813331593e-02 3.751371329227899309e+01 1.549906439441286388e+01 7.962081119111594774e-01 3.681439999999999824e+00 2.571466821149803945e+04 -4.049253736780366914e-04
3.199209998128965893e+00 7.492280875511108995e+00 1.420908207378024146e+00 3.044833566566435001e-02 3.751380793103142963e+01 1.549996850165950235e+01 7.947241527804098649e-01 3.681439999999999824e+00 2.571444344117684886e+04 -3.315977037445453756e-04
3.198316663685731420e+00 7.496304245160453128e+00 1.423279698351954226e+00 3.077672240190768710e-02 3.751381147140770622e+01 1.549995491812656212e+01 7.952625538111247616e-01 3.681439999999999824e+00 2.571443670537322760e+04 -3.095156158570533497e-04
3.198084721374577555e+00 7.497201144978736131e+00 1.423892697669530305e+00 3.083161332164904497e-02 3.751381189566154717e+01 1.549994905736993545e+01 7.953990445819073551e-01 3.681439999999999824e+00 2.571443566009306232e+04 -3.042565459922723717e-04
3.198084769029753360e+00 7.497201144978736131e+00 1.423892697669530305e+00 3.083161332164904497e-02 3.751381189566154717e+01 1.549994905736993545e+01 7.953990445819073551e-01 3.681439999999999824e+00 2.571443566009306232e+04 -3.042565459922723717e-04
3.198084721374577555e+00 7.497201256695738891e+00 1.423892697669530305e+00 3.083161332164904497e-02 3.751381189566154717e+01 1.549994905736993545e+01 7.953990445819073551e-01 3.681439999999999824e+00 2.571443566009306232e+04 -3.042565459922723717e-04
3.198084721374577555e+00 7.497201144978736131e+00 1.423892718887184827e+00 3.083161332164904497e-02 3.751381189566154717e+01 1.549994905736993545e+01 7.953990445819073551e-01 3.681439999999999824e+00 2.571443566009306232e+04 -3.042565459922723717e-04
3.198084721374577555e+00 7.497201144978736131e+00 1.423892697669530305e+00 3.083162822281023882e-02 3.751381189566154717e+01 1.549994905736993545e+01 7.953990445819073551e-01 3.681439999999999824e+00 2.571443566009306232e+04 -3.042565459922723717e-04
3.198084721374577555e+00 7.497201144978736131e+00 1.423892697669530305e+00 3.083161332164904497e-02 3.751381245466090775e+01 1.549994905736993545e+01 7.953990445819073551e-01 3.681439999999999824e+00 2.571443566009306232e+04 -3.042565459922723717e-04
3.198084721374577555e+00 7.497201144978736131e+00 1.423892697669530305e+00 3.083161332164904497e-02 3.751381189566154717e+01 1.549994928833717545e+01 7.953990445819073551e-01 3.681439999999999824e+00 2.571443566009306232e+04 -3.042565459922723717e-04
3.198084721374577555e+00 7.497201144978736131e+00 1.423892697669530305e+00 3.083161332164904497e-02 3.751381189566154717e+01 1.549994905736993545e+01 7.953990594830685490e-01 3.681439999999999824e+00 2.571443566009306232e+04 -3.042565459922723717e-04
3.198084721374577555e+00 7.497201144978736131e+00 1.423892697669530305e+00 3.083161332164904497e-02 3.751381189566154717e+01 1.549994905736993545e+01 7.953990445819073551e-01 3.681439999999999824e+00 2.571443604326801142e+04 -3.042565459922723717e-04
3.198084721374577555e+00 7.497201144978736131e+00 1.423892697669530305e+00 3.083161332164904497e-02 3.751381189566154717e+01 1.549994905736993545e+01 7.953990445819073551e-01 3.681439999999999824e+00 2.571443566009306232e+04 -3.042714471534662193e-04
3.198182140746038904e+00 7.496952711326284380e+00 1.423729476806820271e+00 3.081754610900428251e-02 3.751381213336652110e+01 1.549995059588472834e+01 7.953267590396374542e-01 3.681439999999999824e+00 2.571443592444764363e+04 -3.067634166426845901e-04
3.198182188402666437e+00 7.496952711326284380e+00 1.423729476806820271e+00 3.081754610900428251e-02 3.751381213336652110e+01 1.549995059588472834e+01 7.953267590396374542e-01 3.681439999999999824e+00 2.571443592444764363e+04 -3.067634166426845901e-04
3.198182140746038904e+00 7.496952823039585212e+00 1.423729476806820271e+00 3.081754610900428251e-02 3.751381213336652110e+01 1.549995059588472834e+01 7.953267590396374542e-01 3.681439999999999824e+00 2.571443592444764363e+04 -3.067634166426845901e-04
3.198182140746038904e+00 7.496952711326284380e+00 1.423729498022042739e+00 3.081754610900428251e-02 3.751381213336652110e+01 1.549995059588472834e+01 7.953267590396374542e-01 3.681439999999999824e+00 2.571443592444764363e+04 -3.067634166426845901e-04
3.198182140746038904e+00 7.496952711326284380e+00 1.423729476806820271e+00 3.081756101016547636e-02 3.751381213336652110e+01 1.549995059588472834e+01 7.953267590396374542e-01 3.681439999999999824e+00 2.571443592444764363e+04 -3.067634166426845901e-04
3.198182140746038904e+00 7.496952711326284380e+00 1.423729476806820271e+00 3.081754610900428251e-02 3.751381269236588167e+01 1.549995059588472834e+01 7.953267590396374542e-01 3.681439999999999824e+00 2.571443592444764363e+04 -3.067634166426845901e-04
3.198182140746038904e+00 7.496952711326284380e+00 1.423729476806820271e+00 3.081754610900428251e-02 3.751381213336652110e+01 1.549995082685199144e+01 7.953267590396374542e-01 3.681439999999999824e+00 2.571443592444764363e+04 -3.067634166426845901e-04
3.198182140746038904e+00 7.496952711326284380e+00 1.423729476806820271e+00 3.081754610900428251e-02 3.751381213336652110e+01 1.549995059588472834e+01 7.953267739407986481e-01 3.681439999999999824e+00 2.571443592444764363e+04 -3.067634166426845901e-04
3.198182140746038904e+00 7.496952711326284380e+00 1.423729476806820271e+00 3.081754610900428251e-02 3.751381213336652110e+01 1.549995059588472834e+01 7.953267590396374542e-01 3.681439999999999824e+00 2.571443630762260000e+04 -3.067634166426845901e-04
3.198182140746038904e+00 7.496952711326284380e+00 1.423729476806820271e+00 3.081754610900428251e-02 3.751381213336652110e+01 1.549995059588472834e+01 7.953267590396374542e-01 3.681439999999999824e+00 2.571443592444764363e+04 -3.067783178038784378e-04
3.198342066490666102e+00 7.496400080141558675e+00 1.423313729271960870e+00 3.079923967566055784e-02 3.751381189470284028e+01 1.549995456605863531e+01 7.952352527112644953e-01 3.681439999999999824e+00 2.571443662238657635e+04 -3.097500328848520890e-04
3.198342114149676618e+00 7.496400080141558675e+00 1.423313729271960870e+00 3.079923967566055784e-02 3.751381189470284028e+01 1.549995456605863531e+01 7.952352527112644953e-01 3.681439999999999824e+00 2.571443662238657635e+04 -3.097500328848520890e-04
3.198342066490666102e+00 7.496400191846624317e+00 1.423313729271960870e+00 3.079923967566055784e-02 3.751381189470284028e+01 1.549995456605863531e+01 7.952352527112644953e-01 3.681439999999999824e+00 2.571443662238657635e+04 -3.097500328848520890e-04
3.198342066490666102e+00 7.496400080141558675e+00 1.423313750480988071e+00 3.079923967566055784e-02 3.751381189470284028e+01 1.549995456605863531e+01 7.952352527112644953e-01 3.681439999999999824e+00 2.571443662238657635e+04 -3.097500328848520890e-04
3.198342066490666102e+00 7.496400080141558675e+00 1.423313729271960870e+00 3.079925457682175169e-02 3.751381189470284028e+01 1.549995456605863531e+01 7.952352527112644953e-01 3.681439999999999824e+00 2.571443662238657635e+04 -3.097500328848520890e-04
3.198342066490666102e+00 7.496400080141558675e+00 1.423313729271960870e+00 3.079923967566055784e-02 3.751381245370220086e+01 1.549995456605863531e+01 7.952352527112644953e-01 3.681439999999999824e+00 2.571443662238657635e+04 -3.097500328848520890e-04
3.198342066490666102e+00 7.496400080141558675e+00 1.423313729271960870e+00 3.079923967566055784e-02 3.751381189470284028e+01 1.549995479702595702e+01 7.952352527112644953e-01 3.681439999999999824e+00 2.571443662238657635e+04 -3.097500328848520890e-04
3.198342066490666102e+00 7.496400080141558675e+00 1.423313729271960870e+00 3.079923967566055784e-02 3.751381189470284028e+01 1.549995456605863531e+01 7.952352676124256892e-01 3.681439999999999824e+00 2.571443662238657635e+04 -3.097500328848520890e-04
3.198342066490666102e+00 7.496400080141558675e+00 1.423313729271960870e+00 3.079923967566055784e-02 3.751381189470284028e+01 1.549995456605863531e+01 7.952352527112644953e-01 3.681439999999999824e+00 2.571443700556153999e+04 -3.097500328848520890e-04
3.198342066490666102e+00 7.496400080141558675e+00 1.423313729271960870e+00 3.079923967566055784e-02 3.751381189470284028e+01 1.549995456605863531e+01 7.952352527112644953e-01 3.681439999999999824e+00 2.571443662238657635e+04 -3.097649340460459366e-04
3.198576553081346585e+00 7.495907828832580222e+00 1.423000474631170853e+00 3.078376500404879368e-02 3.751381331101230643e+01 1.549995702629494154e+01 7.950959826427891342e-01 3.681439999999999824e+00 2.571443722559216258e+04 -3.146252694061228618e-04
3.198414276482202556e+00 7.496276740193822619e+00 1.423244399326587750e+00 3.079580271337794065e-02 3.751381243223535478e+01 1.549995514426323595e+01 7.952018068932278361e-01 3.681439999999999824e+00 2.571443675343262657e+04 -3.109768275630050744e-04
3.198414324142289100e+00 7.496276740193822619e+00 1.423244399326587750e+00 3.079580271337794065e-02 3.751381243223535478e+01 1.549995514426323595e+01 7.952018068932278361e-01 3.681439999999999824e+00 2.571443675343262657e+04 -3.109768275630050744e-04
3.198414276482202556e+00 7.496276851897050619e+00 1.423244399326587750e+00 3.079580271337794065e-02 3.751381243223535478e+01 1.549995514426323595e+01 7.952018068932278361e-01 3.681439999999999824e+00 2.571443675343262657e+04 -3.109768275630050744e-04
3.198414276482202556e+00 7.496276740193822619e+00 1.423244420534582000e+00 3.079580271337794065e-02 3.751381243223535478e+01 1.549995514426323595e+01 7.952018068932278361e-01 3.681439999999999824e+00 2.571443675343262657e+04 -3.109768275630050744e-04
3.198414276482202556e+00 7.496276740193822619e+00 1.423244399326587750e+00 3.079581761453913449e-02 3.751381243223535478e+01 1.549995514426323595e+01 7.952018068932278361e-01 3.681439999999999824e+00 2.571443675343262657e+04 -3.109768275630050744e-04
3.198414276482202556e+00 7.496276740193822619e+00 1.423244399326587750e+00 3.079580271337794065e-02 3.751381299123472246e+01 1.549995514426323595e+01 7.952018068932278361e-01 3.681439999999999824e+00 2.571443675343262657e+04 -3.109768275630050744e-04
3.198414276482202556e+00 7.496276740193822619e+00 1.423244399326587750e+00 3.079580271337794065e-02 3.751381243223535478e+01 1.549995537523056655e+01 7.952018068932278361e-01 3.681439999999999824e+00 2.571443675343262657e+04 -3.109768275630050744e-04
3.198414276482202556e+00 7.496276740193822619e+00 1.423244399326587750e+00 3.079580271337794065e-02 3.751381243223535478e+01 1.549995514426323595e+01 7.952018217943890299e-01 3.681439999999999824e+00 2.571443675343262657e+04 -3.109768275630050744e-04
3.198414276482202556e+00 7.496276740193822619e+00 1.423244399326587750e+00 3.079580271337794065e-02 3.751381243223535478e+01 1.549995514426323595e+01 7.952018068932278361e-01 3.681439999999999824e+00 2.571443713660759386e+04 -3.109768275630050744e-04
3.198414276482202556e+00 7.496276740193822619e+00 1.423244399326587750e+00 3.079580271337794065e-02 3.751381243223535478e+01 1.549995514426323595e+01 7.952018068932278361e-01 3.681439999999999824e+00 2.571443675343262657e+04 -3.109917287241989220e-04
