3.303726375899425971e+00 7.499653668330919842e+00 2.926799333173699225e+00 1.672032061544138060e+01 3.571810041551166659e-01 1.530525399999999969e+01 7.001581000000000055e-01 3.097326999999999941e+00 3.526453770957593952e+04 3.253650933454331984e+00 1.265500889724011380e+01 1.059580044033891832e+00 1.834525557124558759e+01 2.191419170868274335e+01 1.500000000000000000e+01 7.234983000000000386e-01 3.013116999999999823e+00 2.404742537907488077e+04 1.035878082722318724e-02
3.303726425128785227e+00 7.499653668330919842e+00 2.926799333173699225e+00 1.672032061544138060e+01 3.571810041551166659e-01 1.530525399999999969e+01 7.001581000000000055e-01 3.097326999999999941e+00 3.526453770957593952e+04 3.253650933454331984e+00 1.265500889724011380e+01 1.059580044033891832e+00 1.834525557124558759e+01 2.191419170868274335e+01 1.500000000000000000e+01 7.234983000000000386e-01 3.013116999999999823e+00 2.404742537907488077e+04 1.035878082722318724e-02
3.303726375899425971e+00 7.499653780084468480e+00 2.926799333173699225e+00 1.672032061544138060e+01 3.571810041551166659e-01 1.530525399999999969e+01 7.001581000000000055e-01 3.097326999999999941e+00 3.526453770957593952e+04 3.253650933454331984e+00 1.265500889724011380e+01 1.059580044033891832e+00 1.834525557124558759e+01 2.191419170868274335e+01 1.500000000000000000e+01 7.234983000000000386e-01 3.013116999999999823e+00 2.404742537907488077e+04 1.035878082722318724e-02
3.303726375899425971e+00 7.499653668330919842e+00 2.926799376786407780e+00 1.672032061544138060e+01 3.571810041551166659e-01 1.530525399999999969e+01 7.001581000000000055e-01 3.097326999999999941e+00 3.526453770957593952e+04 3.253650933454331984e+00 1.265500889724011380e+01 1.059580044033891832e+00 1.834525557124558759e+01 2.191419170868274335e+01 1.500000000000000000e+01 7.234983000000000386e-01 3.013116999999999823e+00 2.404742537907488077e+04 1.035878082722318724e-02
3.303726375899425971e+00 7.499653668330919842e+00 2.926799333173699225e+00 1.672032086459357458e+01 3.571810041551166659e-01 1.530525399999999969e+01 7.001581000000000055e-01 3.097326999999999941e+00 3.526453770957593952e+04 3.253650933454331984e+00 1.265500889724011380e+01 1.059580044033891832e+00 1.834525557124558759e+01 2.191419170868274335e+01 1.500000000000000000e+01 7.234983000000000386e-01 3.013116999999999823e+00 2.404742537907488077e+04 1.035878082722318724e-02
3.303726375899425971e+00 7.499653668330919842e+00 2.926799333173699225e+00 1.672032061544138060e+01 3.571810190562778597e-01 1.530525399999999969e+01 7.001581000000000055e-01 3.097326999999999941e+00 3.526453770957593952e+04 3.253650933454331984e+00 1.265500889724011380e+01 1.059580044033891832e+00 1.834525557124558759e+01 2.191419170868274335e+01 1.500000000000000000e+01 7.234983000000000386e-01 3.013116999999999823e+00 2.404742537907488077e+04 1.035878082722318724e-02
3.303726375899425971e+00 7.499653668330919842e+00 2.926799333173699225e+00 1.672032061544138060e+01 3.571810041551166659e-01 1.530525422806605640e+01 7.001581000000000055e-01 3.097326999999999941e+00 3.526453770957593952e+04 3.253650933454331984e+00 1.265500889724011380e+01 1.059580044033891832e+00 1.834525557124558759e+01 2.191419170868274335e+01 1.500000000000000000e+01 7.234983000000000386e-01 3.013116999999999823e+00 2.404742537907488077e+04 1.035878082722318724e-02
3.303726375899425971e+00 7.499653668330919842e+00 2.926799333173699225e+00 1.672032061544138060e+01 3.571810041551166659e-01 1.530525399999999969e+01 7.001581149011611993e-01 3.097326999999999941e+00 3.526453770957593952e+04 3.253650933454331984e+00 1.265500889724011380e+01 1.059580044033891832e+00 1.834525557124558759e+01 2.191419170868274335e+01 1.500000000000000000e+01 7.234983000000000386e-01 3.013116999999999823e+00 2.404742537907488077e+04 1.035878082722318724e-02
3.303726375899425971e+00 7.499653668330919842e+00 2.926799333173699225e+00 1.672032061544138060e+01 3.571810041551166659e-01 1.530525399999999969e+01 7.001581000000000055e-01 3.097326999999999941e+00 3.526453823505849869e+04 3.253650933454331984e+00 1.265500889724011380e+01 1.059580044033891832e+00 1.834525557124558759e+01 2.191419170868274335e+01 1.500000000000000000e+01 7.234983000000000386e-01 3.013116999999999823e+00 2.404742537907488077e+04 1.035878082722318724e-02
3.303726375899425971e+00 7.499653668330919842e+00 2.926799333173699225e+00 1.672032061544138060e+01 3.571810041551166659e-01 1.530525399999999969e+01 7.001581000000000055e-01 3.097326999999999941e+00 3.526453770957593952e+04 3.253650981937509012e+00 1.265500889724011380e+01 1.059580044033891832e+00 1.834525557124558759e+01 2.191419170868274335e+01 1.500000000000000000e+01 7.234983000000000386e-01 3.013116999999999823e+00 2.404742537907488077e+04 1.035878082722318724e-02
3.303726375899425971e+00 7.499653668330919842e+00 2.926799333173699225e+00 1.672032061544138060e+01 3.571810041551166659e-01 1.530525399999999969e+01 7.001581000000000055e-01 3.097326999999999941e+00 3.526453770957593952e+04 3.253650933454331984e+00 1.265500908581444151e+01 1.059580044033891832e+00 1.834525557124558759e+01 2.191419170868274335e+01 1.500000000000000000e+01 7.234983000000000386e-01 3.013116999999999823e+00 2.404742537907488077e+04 1.035878082722318724e-02
3.303726375899425971e+00 7.499653668330919842e+00 2.926799333173699225e+00 1.672032061544138060e+01 3.571810041551166659e-01 1.530525399999999969e+01 7.001581000000000055e-01 3.097326999999999941e+00 3.526453770957593952e+04 3.253650933454331984e+00 1.265500889724011380e+01 1.059580059822864850e+00 1.834525557124558759e+01 2.191419170868274335e+01 1.500000000000000000e+01 7.234983000000000386e-01 3.013116999999999823e+00 2.404742537907488077e+04 1.035878082722318724e-02
3.303726375899425971e+00 7.499653668330919842e+00 2.926799333173699225e+00 1.672032061544138060e+01 3.571810041551166659e-01 1.530525399999999969e+01 7.001581000000000055e-01 3.097326999999999941e+00 3.526453770957593952e+04 3.253650933454331984e+00 1.265500889724011380e+01 1.059580044033891832e+00 1.834525584461119863e+01 2.191419170868274335e+01 1.500000000000000000e+01 7.234983000000000386e-01 3.013116999999999823e+00 2.404742537907488077e+04 1.035878082722318724e-02
3.303726375899425971e+00 7.499653668330919842e+00 2.926799333173699225e+00 1.672032061544138060e+01 3.571810041551166659e-01 1.530525399999999969e+01 7.001581000000000055e-01 3.097326999999999941e+00 3.526453770957593952e+04 3.253650933454331984e+00 1.265500889724011380e+01 1.059580044033891832e+00 1.834525557124558759e+01 2.191419203522964665e+01 1.500000000000000000e+01 7.234983000000000386e-01 3.013116999999999823e+00 2.404742537907488077e+04 1.035878082722318724e-02
3.303726375899425971e+00 7.499653668330919842e+00 2.926799333173699225e+00 1.672032061544138060e+01 3.571810041551166659e-01 1.530525399999999969e+01 7.001581000000000055e-01 3.097326999999999941e+00 3.526453770957593952e+04 3.253650933454331984e+00 1.265500889724011380e+01 1.059580044033891832e+00 1.834525557124558759e+01 2.191419170868274335e+01 1.500000022351741791e+01 7.234983000000000386e-01 3.013116999999999823e+00 2.404742537907488077e+04 1.035878082722318724e-02
3.303726375899425971e+00 7.499653668330919842e+00 2.926799333173699225e+00 1.672032061544138060e+01 3.571810041551166659e-01 1.530525399999999969e+01 7.001581000000000055e-01 3.097326999999999941e+00 3.526453770957593952e+04 3.253650933454331984e+00 1.265500889724011380e+01 1.059580044033891832e+00 1.834525557124558759e+01 2.191419170868274335e+01 1.500000000000000000e+01 7.234983149011612324e-01 3.013116999999999823e+00 2.404742537907488077e+04 1.035878082722318724e-02
3.303726375899425971e+00 7.499653668330919842e+00 2.926799333173699225e+00 1.672032061544138060e+01 3.571810041551166659e-01 1.530525399999999969e+01 7.001581000000000055e-01 3.097326999999999941e+00 3.526453770957593952e+04 3.253650933454331984e+00 1.265500889724011380e+01 1.059580044033891832e+00 1.834525557124558759e+01 2.191419170868274335e+01 1.500000000000000000e+01 7.234983000000000386e-01 3.013116999999999823e+00 2.404742573740944135e+04 1.035878082722318724e-02
3.303726375899425971e+00 7.499653668330919842e+00 2.926799333173699225e+00 1.672032061544138060e+01 3.571810041551166659e-01 1.530525399999999969e+01 7.001581000000000055e-01 3.097326999999999941e+00 3.526453770957593952e+04 3.253650933454331984e+00 1.265500889724011380e+01 1.059580044033891832e+00 1.834525557124558759e+01 2.191419170868274335e+01 1.500000000000000000e+01 7.234983000000000386e-01 3.013116999999999823e+00 2.404742537907488077e+04 1.035879572838438109e-02
3.303193541329555227e+00 7.471502492179410204e+00 2.925923682786715663e+00 1.671550041389432906e+01 3.570671150404977623e-01 1.530230599783120660e+01 7.045819868101009797e-01 3.097326999999999941e+00 5.840446079780458240e+04 3.251902000273623194e+00 1.281332264522016118e+01 1.059072482252814584e+00 1.833638024508800868e+01 2.190349863477207393e+01 1.499675600876359916e+01 7.264375388576926884e-01 3.013116999999999823e+00 5.004919825296383351e-03 9.760415851594993891e-03
3.303001667606400904e+00 7.455191409052396523e+00 2.925582154853044958e+00 1.671327808670879378e+01 3.570130393636764543e-01 1.530189953328320840e+01 7.053682068501477831e-01 3.097326999999999941e+00 4.082750627012659243e+04 3.250765504294446551e+00 1.275881337359975198e+01 1.058682790047937416e+00 1.832967378936881531e+01 2.189541196874029438e+01 1.499639790546270035e+01 7.268321033526223829e-01 3.013116999999999823e+00 1.782956521725037965e+04 9.880554323222903029e-03
3.302999631190910446e+00 7.453650360661025154e+00 2.925569521466335310e+00 1.671314668950927640e+01 3.570095786207818644e-01 1.530197502968461620e+01 7.052867887701970151e-01 3.097326999999999941e+00 3.643184583930473309e+04 3.250651976717138680e+00 1.274064165195059140e+01 1.058639019733949915e+00 1.832892794103962686e+01 2.189451173560573949e+01 1.499649698731166758e+01 7.267549164946570661e-01 3.013116999999999823e+00 2.231886615483066271e+04 9.933648426976002949e-03
3.303034420326057319e+00 7.453273234255673785e+00 2.925597154346281759e+00 1.671328681555847950e+01 3.570123762458207728e-01 1.530199166118870480e+01 7.052681599256070966e-01 3.097326999999999941e+00 3.525650312762620888e+04 3.250652306896861354e+00 1.273503985255559456e+01 1.058636984210375553e+00 1.832889645432268466e+01 2.189447090307563215e+01 1.499651773553856060e+01 7.267380673530069446e-01 3.013116999999999823e+00 2.352603946299839299e+04 9.951379935144742672e-03
3.304820453809908187e+00 7.455006390927760407e+00 2.927164432686397699e+00 1.672214323878664999e+01 3.572004959130308244e-01 1.530181311817635326e+01 7.054258064316215604e-01 3.097326999999999941e+00 3.517365789348087128e+04 3.252201123684423045e+00 1.269714885018630213e+01 1.059124812107803626e+00 1.833737073940248408e+01 2.190455632953947074e+01 1.499622893112806032e+01 7.269284248528393722e-01 3.013116999999999823e+00 2.395396363379639661e+04 1.013103629523907402e-02
3.305547272465899855e+00 7.455747332560394014e+00 2.927802480979452948e+00 1.672575013093662832e+01 3.572771255743436014e-01 1.530173872532787271e+01 7.054918365281979131e-01 3.097326999999999941e+00 3.524165630675732245e+04 3.252833995492047325e+00 1.268215069823811270e+01 1.059324331950223019e+00 1.834083635569099968e+01 2.190868112450738892e+01 1.499610913608910856e+01 7.270076686907036567e-01 3.013116999999999823e+00 2.402421803217818524e+04 1.020291362069901571e-02
3.305729011469476841e+00 7.455932662145431600e+00 2.927962022649402751e+00 1.672665202811770513e+01 3.572962867192667202e-01 1.530172014009139403e+01 7.055083494852538717e-01 3.097326999999999941e+00 3.525881065419375227e+04 3.252992247256922376e+00 1.267840107492318324e+01 1.059374222851605873e+00 1.834170294956628666e+01 2.190971255035426424e+01 1.499607924209034238e+01 7.270274847255951967e-01 3.013116999999999823e+00 2.404163019241130678e+04 1.022088453218627027e-02
3.305774447555818618e+00 7.455979022554926061e+00 2.928001905563577978e+00 1.672687750741034662e+01 3.573010771397657215e-01 1.530171556988547543e+01 7.055124760123947514e-01 3.097326999999999941e+00 3.526310562355481670e+04 3.253031811757564729e+00 1.267746364895417344e+01 1.059386696103046477e+00 1.834191960819988054e+01 2.190997042200631739e+01 1.499607202352574120e+01 7.270324337015875438e-01 3.013116999999999823e+00 2.404597702759071399e+04 1.022537740229316310e-02
3.305785807343581517e+00 7.455990713872561848e+00 2.928011862217529515e+00 1.672693387401497844e+01 3.573022747862477644e-01 1.530171473306924490e+01 7.055134996552806514e-01 3.097326999999999941e+00 3.526417991754628747e+04 3.253041704635045051e+00 1.267722920117955532e+01 1.059389815061632545e+00 1.834197378826450020e+01 2.191003492057938828e+01 1.499607124074776188e+01 7.270336496964998618e-01 3.013116999999999823e+00 2.404706357046843550e+04 1.022650105149904877e-02
3.305788650648211036e+00 7.455994035422594202e+00 2.928014294232909265e+00 1.672694795278023605e+01 3.573025743646656149e-01 1.530171576492380403e+01 7.055137244916449557e-01 3.097326999999999941e+00 3.526444927798043500e+04 3.253044184502045244e+00 1.267717022479134137e+01 1.059390597274049828e+00 1.834198739327217353e+01 2.191005116663647101e+01 1.499607519101363806e+01 7.270338682349253290e-01 3.013116999999999823e+00 2.404733595765329301e+04 1.022678366870706339e-02
3.305789372346211064e+00 7.455997049458414239e+00 2.928014584497156125e+00 1.672695136672254534e+01 3.573026494217197424e-01 1.530172277432899186e+01 7.055136086140724183e-01 3.097326999999999941e+00 3.526452016346803430e+04 3.253044835157460124e+00 1.267715362097026599e+01 1.059390804556236576e+00 1.834199109114408444e+01 2.191005585389846999e+01 1.499609861755400608e+01 7.270334549370573995e-01 3.013116999999999823e+00 2.404740763672195681e+04 1.022686301324883182e-02
3.305488873116972037e+00 7.481198295352227134e+00 2.926912569840629086e+00 1.672336948936449375e+01 3.572519929663390825e-01 1.530518614688048551e+01 7.028438630675996057e-01 3.097326999999999941e+00 3.526453770884682308e+04 3.252999664993041051e+00 1.266287843939904434e+01 1.059398028918775214e+00 1.834351213831654803e+01 2.191307677277104204e+01 1.499997450494630691e+01 7.242520214226592090e-01 3.013116999999999823e+00 2.404742537833693132e+04 1.028398294566975138e-02
3.305345888905628637e+00 7.495464642671445077e+00 2.926817066268516232e+00 1.672114037742976933e+01 3.572074341964789346e-01 1.530524492352277655e+01 7.007602023276666703e-01 3.097326999999999941e+00 3.526453770947475277e+04 3.252964587690472253e+00 1.265579463682908923e+01 1.059398746243269462e+00 1.834474350397129783e+01 2.191396213104818713e+01 1.499999663665307459e+01 7.236181459286877837e-01 3.013116999999999823e+00 2.404742537897238435e+04 1.031699581562319293e-02
3.304488929257435981e+00 7.499412703621158194e+00 2.926801003943321877e+00 1.672040185645397870e+01 3.571842287621634915e-01 1.530525395517239673e+01 7.001643289903645151e-01 3.097326999999999941e+00 3.526453770956978406e+04 3.253248172182248599e+00 1.265470697247849152e+01 1.059501961958404070e+00 1.834520702194952690e+01 2.191417168183465236e+01 1.499999999104420922e+01 7.234988739925071188e-01 3.013116999999999823e+00 2.404742537906864163e+04 1.034852043484412072e-02
3.304488978498158147e+00 7.499412703621158194e+00 2.926801003943321877e+00 1.672040185645397870e+01 3.571842287621634915e-01 1.530525395517239673e+01 7.001643289903645151e-01 3.097326999999999941e+00 3.526453770956978406e+04 3.253248172182248599e+00 1.265470697247849152e+01 1.059501961958404070e+00 1.834520702194952690e+01 2.191417168183465236e+01 1.499999999104420922e+01 7.234988739925071188e-01 3.013116999999999823e+00 2.404742537906864163e+04 1.034852043484412072e-02
3.304488929257435981e+00 7.499412815371115926e+00 2.926801003943321877e+00 1.672040185645397870e+01 3.571842287621634915e-01 1.530525395517239673e+01 7.001643289903645151e-01 3.097326999999999941e+00 3.526453770956978406e+04 3.253248172182248599e+00 1.265470697247849152e+01 1.059501961958404070e+00 1.834520702194952690e+01 2.191417168183465236e+01 1.499999999104420922e+01 7.234988739925071188e-01 3.013116999999999823e+00 2.404742537906864163e+04 1.034852043484412072e-02
3.304488929257435981e+00 7.499412703621158194e+00 2.926801047556055302e+00 1.672040185645397870e+01 3.571842287621634915e-01 1.530525395517239673e+01 7.001643289903645151e-01 3.097326999999999941e+00 3.526453770956978406e+04 3.253248172182248599e+00 1.265470697247849152e+01 1.059501961958404070e+00 1.834520702194952690e+01 2.191417168183465236e+01 1.499999999104420922e+01 7.234988739925071188e-01 3.013116999999999823e+00 2.404742537906864163e+04 1.034852043484412072e-02
3.304488929257435981e+00 7.499412703621158194e+00 2.926801003943321877e+00 1.672040210560738061e+01 3.571842287621634915e-01 1.530525395517239673e+01 7.001643289903645151e-01 3.097326999999999941e+00 3.526453770956978406e+04 3.253248172182248599e+00 1.265470697247849152e+01 1.059501961958404070e+00 1.834520702194952690e+01 2.191417168183465236e+01 1.499999999104420922e+01 7.234988739925071188e-01 3.013116999999999823e+00 2.404742537906864163e+04 1.034852043484412072e-02
3.304488929257435981e+00 7.499412703621158194e+00 2.926801003943321877e+00 1.672040185645397870e+01 3.571842436633246853e-01 1.530525395517239673e+01 7.001643289903645151e-01 3.097326999999999941e+00 3.526453770956978406e+04 3.253248172182248599e+00 1.265470697247849152e+01 1.059501961958404070e+00 1.834520702194952690e+01 2.191417168183465236e+01 1.499999999104420922e+01 7.234988739925071188e-01 3.013116999999999823e+00 2.404742537906864163e+04 1.034852043484412072e-02
3.304488929257435981e+00 7.499412703621158194e+00 2.926801003943321877e+00 1.672040185645397870e+01 3.571842287621634915e-01 1.530525418323845344e+01 7.001643289903645151e-01 3.097326999999999941e+00 3.526453770956978406e+04 3.253248172182248599e+00 1.265470697247849152e+01 1.059501961958404070e+00 1.834520702194952690e+01 2.191417168183465236e+01 1.499999999104420922e+01 7.234988739925071188e-01 3.013116999999999823e+00 2.404742537906864163e+04 1.034852043484412072e-02
3.304488929257435981e+00 7.499412703621158194e+00 2.926801003943321877e+00 1.672040185645397870e+01 3.571842287621634915e-01 1.530525395517239673e+01 7.001643438915257089e-01 3.097326999999999941e+00 3.526453770956978406e+04 3.253248172182248599e+00 1.265470697247849152e+01 1.059501961958404070e+00 1.834520702194952690e+01 2.191417168183465236e+01 1.499999999104420922e+01 7.234988739925071188e-01 3.013116999999999823e+00 2.404742537906864163e+04 1.034852043484412072e-02
3.304488929257435981e+00 7.499412703621158194e+00 2.926801003943321877e+00 1.672040185645397870e+01 3.571842287621634915e-01 1.530525395517239673e+01 7.001643289903645151e-01 3.097326999999999941e+00 3.526453823505234323e+04 3.253248172182248599e+00 1.265470697247849152e+01 1.059501961958404070e+00 1.834520702194952690e+01 2.191417168183465236e+01 1.499999999104420922e+01 7.234988739925071188e-01 3.013116999999999823e+00 2.404742537906864163e+04 1.034852043484412072e-02
3.304488929257435981e+00 7.499412703621158194e+00 2.926801003943321877e+00 1.672040185645397870e+01 3.571842287621634915e-01 1.530525395517239673e+01 7.001643289903645151e-01 3.097326999999999941e+00 3.526453770956978406e+04 3.253248220659424206e+00 1.265470697247849152e+01 1.059501961958404070e+00 1.834520702194952690e+01 2.191417168183465236e+01 1.499999999104420922e+01 7.234988739925071188e-01 3.013116999999999823e+00 2.404742537906864163e+04 1.034852043484412072e-02
3.304488929257435981e+00 7.499412703621158194e+00 2.926801003943321877e+00 1.672040185645397870e+01 3.571842287621634915e-01 1.530525395517239673e+01 7.001643289903645151e-01 3.097326999999999941e+00 3.526453770956978406e+04 3.253248172182248599e+00 1.265470716104831972e+01 1.059501961958404070e+00 1.834520702194952690e+01 2.191417168183465236e+01 1.499999999104420922e+01 7.234988739925071188e-01 3.013116999999999823e+00 2.404742537906864163e+04 1.034852043484412072e-02
3.304488929257435981e+00 7.499412703621158194e+00 2.926801003943321877e+00 1.672040185645397870e+01 3.571842287621634915e-01 1.530525395517239673e+01 7.001643289903645151e-01 3.097326999999999941e+00 3.526453770956978406e+04 3.253248172182248599e+00 1.265470697247849152e+01 1.059501977746213575e+00 1.834520702194952690e+01 2.191417168183465236e+01 1.499999999104420922e+01 7.234988739925071188e-01 3.013116999999999823e+00 2.404742537906864163e+04 1.034852043484412072e-02
3.304488929257435981e+00 7.499412703621158194e+00 2.926801003943321877e+00 1.672040185645397870e+01 3.571842287621634915e-01 1.530525395517239673e+01 7.001643289903645151e-01 3.097326999999999941e+00 3.526453770956978406e+04 3.253248172182248599e+00 1.265470697247849152e+01 1.059501961958404070e+00 1.834520729531441319e+01 2.191417168183465236e+01 1.499999999104420922e+01 7.234988739925071188e-01 3.013116999999999823e+00 2.404742537906864163e+04 1.034852043484412072e-02
3.304488929257435981e+00 7.499412703621158194e+00 2.926801003943321877e+00 1.672040185645397870e+01 3.571842287621634915e-01 1.530525395517239673e+01 7.001643289903645151e-01 3.097326999999999941e+00 3.526453770956978406e+04 3.253248172182248599e+00 1.265470697247849152e+01 1.059501961958404070e+00 1.834520702194952690e+01 2.191417200838125723e+01 1.499999999104420922e+01 7.234988739925071188e-01 3.013116999999999823e+00 2.404742537906864163e+04 1.034852043484412072e-02
3.304488929257435981e+00 7.499412703621158194e+00 2.926801003943321877e+00 1.672040185645397870e+01 3.571842287621634915e-01 1.530525395517239673e+01 7.001643289903645151e-01 3.097326999999999941e+00 3.526453770956978406e+04 3.253248172182248599e+00 1.265470697247849152e+01 1.059501961958404070e+00 1.834520702194952690e+01 2.191417168183465236e+01 1.500000021456162713e+01 7.234988739925071188e-01 3.013116999999999823e+00 2.404742537906864163e+04 1.034852043484412072e-02
3.304488929257435981e+00 7.499412703621158194e+00 2.926801003943321877e+00 1.672040185645397870e+01 3.571842287621634915e-01 1.530525395517239673e+01 7.001643289903645151e-01 3.097326999999999941e+00 3.526453770956978406e+04 3.253248172182248599e+00 1.265470697247849152e+01 1.059501961958404070e+00 1.834520702194952690e+01 2.191417168183465236e+01 1.499999999104420922e+01 7.234988888936683127e-01 3.013116999999999823e+00 2.404742537906864163e+04 1.034852043484412072e-02
3.304488929257435981e+00 7.499412703621158194e+00 2.926801003943321877e+00 1.672040185645397870e+01 3.571842287621634915e-01 1.530525395517239673e+01 7.001643289903645151e-01 3.097326999999999941e+00 3.526453770956978406e+04 3.253248172182248599e+00 1.265470697247849152e+01 1.059501961958404070e+00 1.834520702194952690e+01 2.191417168183465236e+01 1.499999999104420922e+01 7.234988739925071188e-01 3.013116999999999823e+00 2.404742573740320222e+04 1.034852043484412072e-02
3.304488929257435981e+00 7.499412703621158194e+00 2.926801003943321877e+00 1.672040185645397870e+01 3.571842287621634915e-01 1.530525395517239673e+01 7.001643289903645151e-01 3.097326999999999941e+00 3.526453770956978406e+04 3.253248172182248599e+00 1.265470697247849152e+01 1.059501961958404070e+00 1.834520702194952690e+01 2.191417168183465236e+01 1.499999999104420922e+01 7.234988739925071188e-01 3.013116999999999823e+00 2.404742537906864163e+04 1.034853533600531457e-02
3.304850865414487249e+00 7.499064395831832819e+00 2.926818993357665821e+00 1.672093185774567914e+01 3.571952874505938680e-01 1.530525222500115490e+01 7.002981536338162005e-01 3.097326999999999941e+00 3.526453770950804028e+04 3.253110334397161907e+00 1.265454810500208893e+01 1.059437304068445274e+00 1.834491808432135684e+01 2.191403261677193015e+01 1.499999945196844386e+01 7.235449345511327790e-01 3.013116999999999823e+00 2.404742537900623211e+04 1.033794887562318639e-02
3.304850914660602879e+00 7.499064395831832819e+00 2.926818993357665821e+00 1.672093185774567914e+01 3.571952874505938680e-01 1.530525222500115490e+01 7.002981536338162005e-01 3.097326999999999941e+00 3.526453770950804028e+04 3.253110334397161907e+00 1.265454810500208893e+01 1.059437304068445274e+00 1.834491808432135684e+01 2.191403261677193015e+01 1.499999945196844386e+01 7.235449345511327790e-01 3.013116999999999823e+00 2.404742537900623211e+04 1.033794887562318639e-02
3.304850865414487249e+00 7.499064507576600036e+00 2.926818993357665821e+00 1.672093185774567914e+01 3.571952874505938680e-01 1.530525222500115490e+01 7.002981536338162005e-01 3.097326999999999941e+00 3.526453770950804028e+04 3.253110334397161907e+00 1.265454810500208893e+01 1.059437304068445274e+00 1.834491808432135684e+01 2.191403261677193015e+01 1.499999945196844386e+01 7.235449345511327790e-01 3.013116999999999823e+00 2.404742537900623211e+04 1.033794887562318639e-02
3.304850865414487249e+00 7.499064395831832819e+00 2.926819036970667476e+00 1.672093185774567914e+01 3.571952874505938680e-01 1.530525222500115490e+01 7.002981536338162005e-01 3.097326999999999941e+00 3.526453770950804028e+04 3.253110334397161907e+00 1.265454810500208893e+01 1.059437304068445274e+00 1.834491808432135684e+01 2.191403261677193015e+01 1.499999945196844386e+01 7.235449345511327790e-01 3.013116999999999823e+00 2.404742537900623211e+04 1.033794887562318639e-02
3.304850865414487249e+00 7.499064395831832819e+00 2.926818993357665821e+00 1.672093210690697873e+01 3.571952874505938680e-01 1.530525222500115490e+01 7.002981536338162005e-01 3.097326999999999941e+00 3.526453770950804028e+04 3.253110334397161907e+00 1.265454810500208893e+01 1.059437304068445274e+00 1.834491808432135684e+01 2.191403261677193015e+01 1.499999945196844386e+01 7.235449345511327790e-01 3.013116999999999823e+00 2.404742537900623211e+04 1.033794887562318639e-02
3.304850865414487249e+00 7.499064395831832819e+00 2.926818993357665821e+00 1.672093185774567914e+01 3.571953023517550618e-01 1.530525222500115490e+01 7.002981536338162005e-01 3.097326999999999941e+00 3.526453770950804028e+04 3.253110334397161907e+00 1.265454810500208893e+01 1.059437304068445274e+00 1.834491808432135684e+01 2.191403261677193015e+01 1.499999945196844386e+01 7.235449345511327790e-01 3.013116999999999823e+00 2.404742537900623211e+04 1.033794887562318639e-02
3.304850865414487249e+00 7.499064395831832819e+00 2.926818993357665821e+00 1.672093185774567914e+01 3.571952874505938680e-01 1.530525245306718496e+01 7.002981536338162005e-01 3.097326999999999941e+00 3.526453770950804028e+04 3.253110334397161907e+00 1.265454810500208893e+01 1.059437304068445274e+00 1.834491808432135684e+01 2.191403261677193015e+01 1.499999945196844386e+01 7.235449345511327790e-01 3.013116999999999823e+00 2.404742537900623211e+04 1.033794887562318639e-02
3.304850865414487249e+00 7.499064395831832819e+00 2.926818993357665821e+00 1.672093185774567914e+01 3.571952874505938680e-01 1.530525222500115490e+01 7.002981685349773944e-01 3.097326999999999941e+00 3.526453770950804028e+04 3.253110334397161907e+00 1.265454810500208893e+01 1.059437304068445274e+00 1.834491808432135684e+01 2.191403261677193015e+01 1.499999945196844386e+01 7.235449345511327790e-01 3.013116999999999823e+00 2.404742537900623211e+04 1.033794887562318639e-02
3.304850865414487249e+00 7.499064395831832819e+00 2.926818993357665821e+00 1.672093185774567914e+01 3.571952874505938680e-01 1.530525222500115490e+01 7.002981536338162005e-01 3.097326999999999941e+00 3.526453823499059945e+04 3.253110334397161907e+00 1.265454810500208893e+01 1.059437304068445274e+00 1.834491808432135684e+01 2.191403261677193015e+01 1.499999945196844386e+01 7.235449345511327790e-01 3.013116999999999823e+00 2.404742537900623211e+04 1.033794887562318639e-02
3.304850865414487249e+00 7.499064395831832819e+00 2.926818993357665821e+00 1.672093185774567914e+01 3.571952874505938680e-01 1.530525222500115490e+01 7.002981536338162005e-01 3.097326999999999941e+00 3.526453770950804028e+04 3.253110382872283601e+00 1.265454810500208893e+01 1.059437304068445274e+00 1.834491808432135684e+01 2.191403261677193015e+01 1.499999945196844386e+01 7.235449345511327790e-01 3.013116999999999823e+00 2.404742537900623211e+04 1.033794887562318639e-02
3.304850865414487249e+00 7.499064395831832819e+00 2.926818993357665821e+00 1.672093185774567914e+01 3.571952874505938680e-01 1.530525222500115490e+01 7.002981536338162005e-01 3.097326999999999941e+00 3.526453770950804028e+04 3.253110334397161907e+00 1.265454829356954924e+01 1.059437304068445274e+00 1.834491808432135684e+01 2.191403261677193015e+01 1.499999945196844386e+01 7.235449345511327790e-01 3.013116999999999823e+00 2.404742537900623211e+04 1.033794887562318639e-02
3.304850865414487249e+00 7.499064395831832819e+00 2.926818993357665821e+00 1.672093185774567914e+01 3.571952874505938680e-01 1.530525222500115490e+01 7.002981536338162005e-01 3.097326999999999941e+00 3.526453770950804028e+04 3.253110334397161907e+00 1.265454810500208893e+01 1.059437319855291326e+00 1.834491808432135684e+01 2.191403261677193015e+01 1.499999945196844386e+01 7.235449345511327790e-01 3.013116999999999823e+00 2.404742537900623211e+04 1.033794887562318639e-02
3.304850865414487249e+00 7.499064395831832819e+00 2.926818993357665821e+00 1.672093185774567914e+01 3.571952874505938680e-01 1.530525222500115490e+01 7.002981536338162005e-01 3.097326999999999941e+00 3.526453770950804028e+04 3.253110334397161907e+00 1.265454810500208893e+01 1.059437304068445274e+00 1.834491835768193724e+01 2.191403261677193015e+01 1.499999945196844386e+01 7.235449345511327790e-01 3.013116999999999823e+00 2.404742537900623211e+04 1.033794887562318639e-02
3.304850865414487249e+00 7.499064395831832819e+00 2.926818993357665821e+00 1.672093185774567914e+01 3.571952874505938680e-01 1.530525222500115490e+01 7.002981536338162005e-01 3.097326999999999941e+00 3.526453770950804028e+04 3.253110334397161907e+00 1.265454810500208893e+01 1.059437304068445274e+00 1.834491808432135684e+01 2.191403294331646379e+01 1.499999945196844386e+01 7.235449345511327790e-01 3.013116999999999823e+00 2.404742537900623211e+04 1.033794887562318639e-02
3.304850865414487249e+00 7.499064395831832819e+00 2.926818993357665821e+00 1.672093185774567914e+01 3.571952874505938680e-01 1.530525222500115490e+01 7.002981536338162005e-01 3.097326999999999941e+00 3.526453770950804028e+04 3.253110334397161907e+00 1.265454810500208893e+01 1.059437304068445274e+00 1.834491808432135684e+01 2.191403261677193015e+01 1.499999967548585289e+01 7.235449345511327790e-01 3.013116999999999823e+00 2.404742537900623211e+04 1.033794887562318639e-02
3.304850865414487249e+00 7.499064395831832819e+00 2.926818993357665821e+00 1.672093185774567914e+01 3.571952874505938680e-01 1.530525222500115490e+01 7.002981536338162005e-01 3.097326999999999941e+00 3.526453770950804028e+04 3.253110334397161907e+00 1.265454810500208893e+01 1.059437304068445274e+00 1.834491808432135684e+01 2.191403261677193015e+01 1.499999945196844386e+01 7.235449494522939728e-01 3.013116999999999823e+00 2.404742537900623211e+04 1.033794887562318639e-02
3.304850865414487249e+00 7.499064395831832819e+00 2.926818993357665821e+00 1.672093185774567914e+01 3.571952874505938680e-01 1.530525222500115490e+01 7.002981536338162005e-01 3.097326999999999941e+00 3.526453770950804028e+04 3.253110334397161907e+00 1.265454810500208893e+01 1.059437304068445274e+00 1.834491808432135684e+01 2.191403261677193015e+01 1.499999945196844386e+01 7.235449345511327790e-01 3.013116999999999823e+00 2.404742573734079269e+04 1.033794887562318639e-02
3.304850865414487249e+00 7.499064395831832819e+00 2.926818993357665821e+00 1.672093185774567914e+01 3.571952874505938680e-01 1.530525222500115490e+01 7.002981536338162005e-01 3.097326999999999941e+00 3.526453770950804028e+04 3.253110334397161907e+00 1.265454810500208893e+01 1.059437304068445274e+00 1.834491808432135684e+01 2.191403261677193015e+01 1.499999945196844386e+01 7.235449345511327790e-01 3.013116999999999823e+00 2.404742537900623211e+04 1.033796377678438023e-02
3.305446786919501445e+00 7.498627187408713368e+00 2.926843419707659155e+00 1.672165429240205370e+01 3.572089369949713045e-01 1.530524711643595914e+01 7.009528210299701412e-01 3.097326999999999941e+00 3.526453770942425035e+04 3.252921455709079535e+00 1.265449940942768237e+01 1.059368885373617175e+00 1.834466167790174396e+01 2.191391544652051948e+01 1.499999725971593811e+01 7.236779587812134373e-01 3.013116999999999823e+00 2.404742537892159817e+04 1.032472389552452526e-02
3.305248982271199232e+00 7.499024334186929153e+00 2.926821455798432225e+00 1.672103077857392250e+01 3.571971651853354524e-01 1.530525181916644861e+01 7.003599606436765601e-01 3.097326999999999941e+00 3.526453770950005855e+04 3.252984081142904937e+00 1.265453958181525351e+01 1.059405568710532597e+00 1.834488951169134552e+01 2.191402110411885218e+01 1.499999927845124859e+01 7.235560016005789796e-01 3.013116999999999823e+00 2.404742537899817762e+04 1.032985862695707732e-02
3.304954959150668614e+00 7.499059496381021539e+00 2.926819316336797261e+00 1.672094577639163049e+01 3.571955547817606824e-01 1.530525219214079158e+01 7.003035073378730546e-01 3.097326999999999941e+00 3.526453770950702165e+04 3.253072000067288361e+00 1.265454603262795708e+01 1.059430265897440604e+00 1.834491387029578391e+01 2.191403094373542260e+01 1.499999943808769487e+01 7.235458235516765146e-01 3.013116999999999823e+00 2.404742537900520620e+04 1.033603799050617986e-02
