3.303662000000000099e+00 1.054415000000000013e+01 2.926740999999999815e+00 1.671997199999999850e+01 3.571733999999999742e-01 1.530525399999999969e+01 7.001581000000000055e-01 3.097326999999999941e+00 3.016286899999999878e+04 3.253563999999999901e+00 8.825920999999999239e+00 1.059549999999999992e+00 1.834474000000000160e+01 2.191357299999999952e+01 1.500000000000000000e+01 7.234983000000000386e-01 3.013116999999999823e+00 1.906309500000000116e+04 0.000000000000000000e+00
3.303662049228400122e+00 1.054415000000000013e+01 2.926740999999999815e+00 1.671997199999999850e+01 3.571733999999999742e-01 1.530525399999999969e+01 7.001581000000000055e-01 3.097326999999999941e+00 3.016286899999999878e+04 3.253563999999999901e+00 8.825920999999999239e+00 1.059549999999999992e+00 1.834474000000000160e+01 2.191357299999999952e+01 1.500000000000000000e+01 7.234983000000000386e-01 3.013116999999999823e+00 1.906309500000000116e+04 0.000000000000000000e+00
3.303662000000000099e+00 1.054415015712007886e+01 2.926740999999999815e+00 1.671997199999999850e+01 3.571733999999999742e-01 1.530525399999999969e+01 7.001581000000000055e-01 3.097326999999999941e+00 3.016286899999999878e+04 3.253563999999999901e+00 8.825920999999999239e+00 1.059549999999999992e+00 1.834474000000000160e+01 2.191357299999999952e+01 1.500000000000000000e+01 7.234983000000000386e-01 3.013116999999999823e+00 1.906309500000000116e+04 0.000000000000000000e+00
3.303662000000000099e+00 1.054415000000000013e+01 2.926741043611839288e+00 1.671997199999999850e+01 3.571733999999999742e-01 1.530525399999999969e+01 7.001581000000000055e-01 3.097326999999999941e+00 3.016286899999999878e+04 3.253563999999999901e+00 8.825920999999999239e+00 1.059549999999999992e+00 1.834474000000000160e+01 2.191357299999999952e+01 1.500000000000000000e+01 7.234983000000000386e-01 3.013116999999999823e+00 1.906309500000000116e+04 0.000000000000000000e+00
3.303662000000000099e+00 1.054415000000000013e+01 2.926740999999999815e+00 1.671997224914699487e+01 3.571733999999999742e-01 1.530525399999999969e+01 7.001581000000000055e-01 3.097326999999999941e+00 3.016286899999999878e+04 3.253563999999999901e+00 8.825920999999999239e+00 1.059549999999999992e+00 1.834474000000000160e+01 2.191357299999999952e+01 1.500000000000000000e+01 7.234983000000000386e-01 3.013116999999999823e+00 1.906309500000000116e+04 0.000000000000000000e+00
3.303662000000000099e+00 1.054415000000000013e+01 2.926740999999999815e+00 1.671997199999999850e+01 3.571734149011611681e-01 1.530525399999999969e+01 7.001581000000000055e-01 3.097326999999999941e+00 3.016286899999999878e+04 3.253563999999999901e+00 8.825920999999999239e+00 1.059549999999999992e+00 1.834474000000000160e+01 2.191357299999999952e+01 1.500000000000000000e+01 7.234983000000000386e-01 3.013116999999999823e+00 1.906309500000000116e+04 0.000000000000000000e+00
3.303662000000000099e+00 1.054415000000000013e+01 2.926740999999999815e+00 1.671997199999999850e+01 3.571733999999999742e-01 1.530525399999999969e+01 7.001581000000000055e-01 3.097326999999999941e+00 3.016286944946177027e+04 3.253563999999999901e+00 8.825920999999999239e+00 1.059549999999999992e+00 1.834474000000000160e+01 2.191357299999999952e+01 1.500000000000000000e+01 7.234983000000000386e-01 3.013116999999999823e+00 1.906309500000000116e+04 0.000000000000000000e+00
3.303662000000000099e+00 1.054415000000000013e+01 2.926740999999999815e+00 1.671997199999999850e+01 3.571733999999999742e-01 1.530525399999999969e+01 7.001581000000000055e-01 3.097326999999999941e+00 3.016286899999999878e+04 3.253564048481881521e+00 8.825920999999999239e+00 1.059549999999999992e+00 1.834474000000000160e+01 2.191357299999999952e+01 1.500000000000000000e+01 7.234983000000000386e-01 3.013116999999999823e+00 1.906309500000000116e+04 0.000000000000000000e+00
3.303662000000000099e+00 1.054415000000000013e+01 2.926740999999999815e+00 1.671997199999999850e+01 3.571733999999999742e-01 1.530525399999999969e+01 7.001581000000000055e-01 3.097326999999999941e+00 3.016286899999999878e+04 3.253563999999999901e+00 8.825921131516471618e+00 1.059549999999999992e+00 1.834474000000000160e+01 2.191357299999999952e+01 1.500000000000000000e+01 7.234983000000000386e-01 3.013116999999999823e+00 1.906309500000000116e+04 0.000000000000000000e+00
3.303662000000000099e+00 1.054415000000000013e+01 2.926740999999999815e+00 1.671997199999999850e+01 3.571733999999999742e-01 1.530525399999999969e+01 7.001581000000000055e-01 3.097326999999999941e+00 3.016286899999999878e+04 3.253563999999999901e+00 8.825920999999999239e+00 1.059550015788525368e+00 1.834474000000000160e+01 2.191357299999999952e+01 1.500000000000000000e+01 7.234983000000000386e-01 3.013116999999999823e+00 1.906309500000000116e+04 0.000000000000000000e+00
3.303662000000000099e+00 1.054415000000000013e+01 2.926740999999999815e+00 1.671997199999999850e+01 3.571733999999999742e-01 1.530525399999999969e+01 7.001581000000000055e-01 3.097326999999999941e+00 3.016286899999999878e+04 3.253563999999999901e+00 8.825920999999999239e+00 1.059549999999999992e+00 1.834474027335792812e+01 2.191357299999999952e+01 1.500000000000000000e+01 7.234983000000000386e-01 3.013116999999999823e+00 1.906309500000000116e+04 0.000000000000000000e+00
3.303662000000000099e+00 1.054415000000000013e+01 2.926740999999999815e+00 1.671997199999999850e+01 3.571733999999999742e-01 1.530525399999999969e+01 7.001581000000000055e-01 3.097326999999999941e+00 3.016286899999999878e+04 3.253563999999999901e+00 8.825920999999999239e+00 1.059549999999999992e+00 1.834474000000000160e+01 2.191357332653768353e+01 1.500000000000000000e+01 7.234983000000000386e-01 3.013116999999999823e+00 1.906309500000000116e+04 0.000000000000000000e+00
3.303662000000000099e+00 1.054415000000000013e+01 2.926740999999999815e+00 1.671997199999999850e+01 3.571733999999999742e-01 1.530525399999999969e+01 7.001581000000000055e-01 3.097326999999999941e+00 3.016286899999999878e+04 3.253563999999999901e+00 8.825920999999999239e+00 1.059549999999999992e+00 1.834474000000000160e+01 2.191357299999999952e+01 1.500000000000000000e+01 7.234983000000000386e-01 3.013116999999999823e+00 1.906309528406225218e+04 0.000000000000000000e+00
3.303662000000000099e+00 1.054415000000000013e+01 2.926740999999999815e+00 1.671997199999999850e+01 3.571733999999999742e-01 1.530525399999999969e+01 7.001581000000000055e-01 3.097326999999999941e+00 3.016286899999999878e+04 3.253563999999999901e+00 8.825920999999999239e+00 1.059549999999999992e+00 1.834474000000000160e+01 2.191357299999999952e+01 1.500000000000000000e+01 7.234983000000000386e-01 3.013116999999999823e+00 1.906309500000000116e+04 1.490116119384765625e-08
3.302215696425329750e+00 1.054415425734264566e+01 2.926739567212922388e+00 1.671984507270817488e+01 3.571704645945888434e-01 1.530525399999999969e+01 7.001581000000000055e-01 3.097326999999999941e+00 3.016286900000929745e+04 3.251917177669822578e+00 8.825933792688374524e+00 1.059353315772083803e+00 1.834461669196425149e+01 2.191352940308922825e+01 1.500000000000000000e+01 7.234983000000000386e-01 3.013116999999999823e+00 1.906309500000920161e+04 -6.336101560133058225e-03
3.302215745632178123e+00 1.054415425734264566e+01 2.926739567212922388e+00 1.671984507270817488e+01 3.571704645945888434e-01 1.530525399999999969e+01 7.001581000000000055e-01 3.097326999999999941e+00 3.016286900000929745e+04 3.251917177669822578e+00 8.825933792688374524e+00 1.059353315772083803e+00 1.834461669196425149e+01 2.191352940308922825e+01 1.500000000000000000e+01 7.234983000000000386e-01 3.013116999999999823e+00 1.906309500000920161e+04 -6.336101560133058225e-03
3.302215696425329750e+00 1.054415441446278834e+01 2.926739567212922388e+00 1.671984507270817488e+01 3.571704645945888434e-01 1.530525399999999969e+01 7.001581000000000055e-01 3.097326999999999941e+00 3.016286900000929745e+04 3.251917177669822578e+00 8.825933792688374524e+00 1.059353315772083803e+00 1.834461669196425149e+01 2.191352940308922825e+01 1.500000000000000000e+01 7.234983000000000386e-01 3.013116999999999823e+00 1.906309500000920161e+04 -6.336101560133058225e-03
3.302215696425329750e+00 1.054415425734264566e+01 2.926739610824740545e+00 1.671984507270817488e+01 3.571704645945888434e-01 1.530525399999999969e+01 7.001581000000000055e-01 3.097326999999999941e+00 3.016286900000929745e+04 3.251917177669822578e+00 8.825933792688374524e+00 1.059353315772083803e+00 1.834461669196425149e+01 2.191352940308922825e+01 1.500000000000000000e+01 7.234983000000000386e-01 3.013116999999999823e+00 1.906309500000920161e+04 -6.336101560133058225e-03
3.302215696425329750e+00 1.054415425734264566e+01 2.926739567212922388e+00 1.671984532185328121e+01 3.571704645945888434e-01 1.530525399999999969e+01 7.001581000000000055e-01 3.097326999999999941e+00 3.016286900000929745e+04 3.251917177669822578e+00 8.825933792688374524e+00 1.059353315772083803e+00 1.834461669196425149e+01 2.191352940308922825e+01 1.500000000000000000e+01 7.234983000000000386e-01 3.013116999999999823e+00 1.906309500000920161e+04 -6.336101560133058225e-03
3.302215696425329750e+00 1.054415425734264566e+01 2.926739567212922388e+00 1.671984507270817488e+01 3.571704794957500373e-01 1.530525399999999969e+01 7.001581000000000055e-01 3.097326999999999941e+00 3.016286900000929745e+04 3.251917177669822578e+00 8.825933792688374524e+00 1.059353315772083803e+00 1.834461669196425149e+01 2.191352940308922825e+01 1.500000000000000000e+01 7.234983000000000386e-01 3.013116999999999823e+00 1.906309500000920161e+04 -6.336101560133058225e-03
3.302215696425329750e+00 1.054415425734264566e+01 2.926739567212922388e+00 1.671984507270817488e+01 3.571704645945888434e-01 1.530525399999999969e+01 7.001581000000000055e-01 3.097326999999999941e+00 3.016286944947106895e+04 3.251917177669822578e+00 8.825933792688374524e+00 1.059353315772083803e+00 1.834461669196425149e+01 2.191352940308922825e+01 1.500000000000000000e+01 7.234983000000000386e-01 3.013116999999999823e+00 1.906309500000920161e+04 -6.336101560133058225e-03
3.302215696425329750e+00 1.054415425734264566e+01 2.926739567212922388e+00 1.671984507270817488e+01 3.571704645945888434e-01 1.530525399999999969e+01 7.001581000000000055e-01 3.097326999999999941e+00 3.016286900000929745e+04 3.251917226127164717e+00 8.825933792688374524e+00 1.059353315772083803e+00 1.834461669196425149e+01 2.191352940308922825e+01 1.500000000000000000e+01 7.234983000000000386e-01 3.013116999999999823e+00 1.906309500000920161e+04 -6.336101560133058225e-03
3.302215696425329750e+00 1.054415425734264566e+01 2.926739567212922388e+00 1.671984507270817488e+01 3.571704645945888434e-01 1.530525399999999969e+01 7.001581000000000055e-01 3.097326999999999941e+00 3.016286900000929745e+04 3.251917177669822578e+00 8.825933924205036973e+00 1.059353315772083803e+00 1.834461669196425149e+01 2.191352940308922825e+01 1.500000000000000000e+01 7.234983000000000386e-01 3.013116999999999823e+00 1.906309500000920161e+04 -6.336101560133058225e-03
3.302215696425329750e+00 1.054415425734264566e+01 2.926739567212922388e+00 1.671984507270817488e+01 3.571704645945888434e-01 1.530525399999999969e+01 7.001581000000000055e-01 3.097326999999999941e+00 3.016286900000929745e+04 3.251917177669822578e+00 8.825933792688374524e+00 1.059353331557678413e+00 1.834461669196425149e+01 2.191352940308922825e+01 1.500000000000000000e+01 7.234983000000000386e-01 3.013116999999999823e+00 1.906309500000920161e+04 -6.336101560133058225e-03
3.302215696425329750e+00 1.054415425734264566e+01 2.926739567212922388e+00 1.671984507270817488e+01 3.571704645945888434e-01 1.530525399999999969e+01 7.001581000000000055e-01 3.097326999999999941e+00 3.016286900000929745e+04 3.251917177669822578e+00 8.825933792688374524e+00 1.059353315772083803e+00 1.834461696532034125e+01 2.191352940308922825e+01 1.500000000000000000e+01 7.234983000000000386e-01 3.013116999999999823e+00 1.906309500000920161e+04 -6.336101560133058225e-03
3.302215696425329750e+00 1.054415425734264566e+01 2.926739567212922388e+00 1.671984507270817488e+01 3.571704645945888434e-01 1.530525399999999969e+01 7.001581000000000055e-01 3.097326999999999941e+00 3.016286900000929745e+04 3.251917177669822578e+00 8.825933792688374524e+00 1.059353315772083803e+00 1.834461669196425149e+01 2.191352972962626211e+01 1.500000000000000000e+01 7.234983000000000386e-01 3.013116999999999823e+00 1.906309500000920161e+04 -6.336101560133058225e-03
3.302215696425329750e+00 1.054415425734264566e+01 2.926739567212922388e+00 1.671984507270817488e+01 3.571704645945888434e-01 1.530525399999999969e+01 7.001581000000000055e-01 3.097326999999999941e+00 3.016286900000929745e+04 3.251917177669822578e+00 8.825933792688374524e+00 1.059353315772083803e+00 1.834461669196425149e+01 2.191352940308922825e+01 1.500000000000000000e+01 7.234983000000000386e-01 3.013116999999999823e+00 1.906309528407145262e+04 -6.336101560133058225e-03
3.302215696425329750e+00 1.054415425734264566e+01 2.926739567212922388e+00 1.671984507270817488e+01 3.571704645945888434e-01 1.530525399999999969e+01 7.001581000000000055e-01 3.097326999999999941e+00 3.016286900000929745e+04 3.251917177669822578e+00 8.825933792688374524e+00 1.059353315772083803e+00 1.834461669196425149e+01 2.191352940308922825e+01 1.500000000000000000e+01 7.234983000000000386e-01 3.013116999999999823e+00 1.906309500000920161e+04 -6.336116461294252072e-03
3.302215693603693047e+00 1.054415435355531905e+01 2.926739564033645991e+00 1.671984506381493674e+01 3.571704644258215100e-01 1.530525399999999969e+01 7.001581000000000055e-01 3.097326999999999941e+00 1.265808132012569695e+04 3.251917174787185338e+00 9.922323600004867572e+00 1.059353314819493130e+00 1.834461667549635067e+01 2.191352938321657717e+01 1.500000000000000000e+01 7.234983000000000386e-01 3.013116999999999823e+00 5.015622802524160943e+04 1.529644578026532337e-02
3.302215742810541421e+00 1.054415435355531905e+01 2.926739564033645991e+00 1.671984506381493674e+01 3.571704644258215100e-01 1.530525399999999969e+01 7.001581000000000055e-01 3.097326999999999941e+00 1.265808132012569695e+04 3.251917174787185338e+00 9.922323600004867572e+00 1.059353314819493130e+00 1.834461667549635067e+01 2.191352938321657717e+01 1.500000000000000000e+01 7.234983000000000386e-01 3.013116999999999823e+00 5.015622802524160943e+04 1.529644578026532337e-02
3.302215693603693047e+00 1.054415451067546350e+01 2.926739564033645991e+00 1.671984506381493674e+01 3.571704644258215100e-01 1.530525399999999969e+01 7.001581000000000055e-01 3.097326999999999941e+00 1.265808132012569695e+04 3.251917174787185338e+00 9.922323600004867572e+00 1.059353314819493130e+00 1.834461667549635067e+01 2.191352938321657717e+01 1.500000000000000000e+01 7.234983000000000386e-01 3.013116999999999823e+00 5.015622802524160943e+04 1.529644578026532337e-02
3.302215693603693047e+00 1.054415435355531905e+01 2.926739607645464147e+00 1.671984506381493674e+01 3.571704644258215100e-01 1.530525399999999969e+01 7.001581000000000055e-01 3.097326999999999941e+00 1.265808132012569695e+04 3.251917174787185338e+00 9.922323600004867572e+00 1.059353314819493130e+00 1.834461667549635067e+01 2.191352938321657717e+01 1.500000000000000000e+01 7.234983000000000386e-01 3.013116999999999823e+00 5.015622802524160943e+04 1.529644578026532337e-02
3.302215693603693047e+00 1.054415435355531905e+01 2.926739564033645991e+00 1.671984531296004306e+01 3.571704644258215100e-01 1.530525399999999969e+01 7.001581000000000055e-01 3.097326999999999941e+00 1.265808132012569695e+04 3.251917174787185338e+00 9.922323600004867572e+00 1.059353314819493130e+00 1.834461667549635067e+01 2.191352938321657717e+01 1.500000000000000000e+01 7.234983000000000386e-01 3.013116999999999823e+00 5.015622802524160943e+04 1.529644578026532337e-02
3.302215693603693047e+00 1.054415435355531905e+01 2.926739564033645991e+00 1.671984506381493674e+01 3.571704793269827038e-01 1.530525399999999969e+01 7.001581000000000055e-01 3.097326999999999941e+00 1.265808132012569695e+04 3.251917174787185338e+00 9.922323600004867572e+00 1.059353314819493130e+00 1.834461667549635067e+01 2.191352938321657717e+01 1.500000000000000000e+01 7.234983000000000386e-01 3.013116999999999823e+00 5.015622802524160943e+04 1.529644578026532337e-02
3.302215693603693047e+00 1.054415435355531905e+01 2.926739564033645991e+00 1.671984506381493674e+01 3.571704644258215100e-01 1.530525399999999969e+01 7.001581000000000055e-01 3.097326999999999941e+00 1.265808150874580679e+04 3.251917174787185338e+00 9.922323600004867572e+00 1.059353314819493130e+00 1.834461667549635067e+01 2.191352938321657717e+01 1.500000000000000000e+01 7.234983000000000386e-01 3.013116999999999823e+00 5.015622802524160943e+04 1.529644578026532337e-02
3.302215693603693047e+00 1.054415435355531905e+01 2.926739564033645991e+00 1.671984506381493674e+01 3.571704644258215100e-01 1.530525399999999969e+01 7.001581000000000055e-01 3.097326999999999941e+00 1.265808132012569695e+04 3.251917223244527477e+00 9.922323600004867572e+00 1.059353314819493130e+00 1.834461667549635067e+01 2.191352938321657717e+01 1.500000000000000000e+01 7.234983000000000386e-01 3.013116999999999823e+00 5.015622802524160943e+04 1.529644578026532337e-02
3.302215693603693047e+00 1.054415435355531905e+01 2.926739564033645991e+00 1.671984506381493674e+01 3.571704644258215100e-01 1.530525399999999969e+01 7.001581000000000055e-01 3.097326999999999941e+00 1.265808132012569695e+04 3.251917174787185338e+00 9.922323747859010723e+00 1.059353314819493130e+00 1.834461667549635067e+01 2.191352938321657717e+01 1.500000000000000000e+01 7.234983000000000386e-01 3.013116999999999823e+00 5.015622802524160943e+04 1.529644578026532337e-02
3.302215693603693047e+00 1.054415435355531905e+01 2.926739564033645991e+00 1.671984506381493674e+01 3.571704644258215100e-01 1.530525399999999969e+01 7.001581000000000055e-01 3.097326999999999941e+00 1.265808132012569695e+04 3.251917174787185338e+00 9.922323600004867572e+00 1.059353330605087740e+00 1.834461667549635067e+01 2.191352938321657717e+01 1.500000000000000000e+01 7.234983000000000386e-01 3.013116999999999823e+00 5.015622802524160943e+04 1.529644578026532337e-02
3.302215693603693047e+00 1.054415435355531905e+01 2.926739564033645991e+00 1.671984506381493674e+01 3.571704644258215100e-01 1.530525399999999969e+01 7.001581000000000055e-01 3.097326999999999941e+00 1.265808132012569695e+04 3.251917174787185338e+00 9.922323600004867572e+00 1.059353314819493130e+00 1.834461694885244043e+01 2.191352938321657717e+01 1.500000000000000000e+01 7.234983000000000386e-01 3.013116999999999823e+00 5.015622802524160943e+04 1.529644578026532337e-02
3.302215693603693047e+00 1.054415435355531905e+01 2.926739564033645991e+00 1.671984506381493674e+01 3.571704644258215100e-01 1.530525399999999969e+01 7.001581000000000055e-01 3.097326999999999941e+00 1.265808132012569695e+04 3.251917174787185338e+00 9.922323600004867572e+00 1.059353314819493130e+00 1.834461667549635067e+01 2.191352970975361103e+01 1.500000000000000000e+01 7.234983000000000386e-01 3.013116999999999823e+00 5.015622802524160943e+04 1.529644578026532337e-02
3.302215693603693047e+00 1.054415435355531905e+01 2.926739564033645991e+00 1.671984506381493674e+01 3.571704644258215100e-01 1.530525399999999969e+01 7.001581000000000055e-01 3.097326999999999941e+00 1.265808132012569695e+04 3.251917174787185338e+00 9.922323600004867572e+00 1.059353314819493130e+00 1.834461667549635067e+01 2.191352938321657717e+01 1.500000000000000000e+01 7.234983000000000386e-01 3.013116999999999823e+00 5.015622877262764814e+04 1.529644578026532337e-02
3.302215693603693047e+00 1.054415435355531905e+01 2.926739564033645991e+00 1.671984506381493674e+01 3.571704644258215100e-01 1.530525399999999969e+01 7.001581000000000055e-01 3.097326999999999941e+00 1.265808132012569695e+04 3.251917174787185338e+00 9.922323600004867572e+00 1.059353314819493130e+00 1.834461667549635067e+01 2.191352938321657717e+01 1.500000000000000000e+01 7.234983000000000386e-01 3.013116999999999823e+00 5.015622802524160943e+04 1.529646068142651721e-02
3.302215693603454572e+00 1.941343263568064259e+01 2.926739564032622365e+00 1.671984506381594215e+01 3.571704644259514061e-01 1.530525399999999969e+01 7.001581000000000055e-01 3.097326999999999941e+00 3.359000173650340730e+04 3.251917174786993936e+00 3.417147368521789019e-02 1.059353314819412306e+00 1.834461667549627606e+01 2.191352938322175348e+01 1.500000000000000000e+01 7.234983000000000386e-01 3.013116999999999823e+00 3.658694026907319494e+04 1.517351007848480662e-02
3.302176293871245338e+00 1.054415447199206390e+01 2.926739515305383676e+00 1.671984160998504976e+01 3.571703046600496201e-01 1.530525399999999969e+01 7.001581000000000055e-01 3.097326999999999941e+00 1.265808132012595161e+04 3.251870975846415490e+00 9.922323898705373679e+00 1.059348244817638118e+00 1.834461360749439507e+01 2.191352825959545925e+01 1.500000000000000000e+01 7.234983000000000386e-01 3.013116999999999823e+00 5.015622802524186409e+04 1.512259309482889662e-02
3.302176343077506626e+00 1.054415447199206390e+01 2.926739515305383676e+00 1.671984160998504976e+01 3.571703046600496201e-01 1.530525399999999969e+01 7.001581000000000055e-01 3.097326999999999941e+00 1.265808132012595161e+04 3.251870975846415490e+00 9.922323898705373679e+00 1.059348244817638118e+00 1.834461360749439507e+01 2.191352825959545925e+01 1.500000000000000000e+01 7.234983000000000386e-01 3.013116999999999823e+00 5.015622802524186409e+04 1.512259309482889662e-02
3.302176293871245338e+00 1.054415462911221013e+01 2.926739515305383676e+00 1.671984160998504976e+01 3.571703046600496201e-01 1.530525399999999969e+01 7.001581000000000055e-01 3.097326999999999941e+00 1.265808132012595161e+04 3.251870975846415490e+00 9.922323898705373679e+00 1.059348244817638118e+00 1.834461360749439507e+01 2.191352825959545925e+01 1.500000000000000000e+01 7.234983000000000386e-01 3.013116999999999823e+00 5.015622802524186409e+04 1.512259309482889662e-02
3.302176293871245338e+00 1.054415447199206390e+01 2.926739558917200945e+00 1.671984160998504976e+01 3.571703046600496201e-01 1.530525399999999969e+01 7.001581000000000055e-01 3.097326999999999941e+00 1.265808132012595161e+04 3.251870975846415490e+00 9.922323898705373679e+00 1.059348244817638118e+00 1.834461360749439507e+01 2.191352825959545925e+01 1.500000000000000000e+01 7.234983000000000386e-01 3.013116999999999823e+00 5.015622802524186409e+04 1.512259309482889662e-02
3.302176293871245338e+00 1.054415447199206390e+01 2.926739515305383676e+00 1.671984185913010634e+01 3.571703046600496201e-01 1.530525399999999969e+01 7.001581000000000055e-01 3.097326999999999941e+00 1.265808132012595161e+04 3.251870975846415490e+00 9.922323898705373679e+00 1.059348244817638118e+00 1.834461360749439507e+01 2.191352825959545925e+01 1.500000000000000000e+01 7.234983000000000386e-01 3.013116999999999823e+00 5.015622802524186409e+04 1.512259309482889662e-02
3.302176293871245338e+00 1.054415447199206390e+01 2.926739515305383676e+00 1.671984160998504976e+01 3.571703195612108139e-01 1.530525399999999969e+01 7.001581000000000055e-01 3.097326999999999941e+00 1.265808132012595161e+04 3.251870975846415490e+00 9.922323898705373679e+00 1.059348244817638118e+00 1.834461360749439507e+01 2.191352825959545925e+01 1.500000000000000000e+01 7.234983000000000386e-01 3.013116999999999823e+00 5.015622802524186409e+04 1.512259309482889662e-02
3.302176293871245338e+00 1.054415447199206390e+01 2.926739515305383676e+00 1.671984160998504976e+01 3.571703046600496201e-01 1.530525399999999969e+01 7.001581000000000055e-01 3.097326999999999941e+00 1.265808150874606144e+04 3.251870975846415490e+00 9.922323898705373679e+00 1.059348244817638118e+00 1.834461360749439507e+01 2.191352825959545925e+01 1.500000000000000000e+01 7.234983000000000386e-01 3.013116999999999823e+00 5.015622802524186409e+04 1.512259309482889662e-02
3.302176293871245338e+00 1.054415447199206390e+01 2.926739515305383676e+00 1.671984160998504976e+01 3.571703046600496201e-01 1.530525399999999969e+01 7.001581000000000055e-01 3.097326999999999941e+00 1.265808132012595161e+04 3.251871024303069291e+00 9.922323898705373679e+00 1.059348244817638118e+00 1.834461360749439507e+01 2.191352825959545925e+01 1.500000000000000000e+01 7.234983000000000386e-01 3.013116999999999823e+00 5.015622802524186409e+04 1.512259309482889662e-02
3.302176293871245338e+00 1.054415447199206390e+01 2.926739515305383676e+00 1.671984160998504976e+01 3.571703046600496201e-01 1.530525399999999969e+01 7.001581000000000055e-01 3.097326999999999941e+00 1.265808132012595161e+04 3.251870975846415490e+00 9.922324046559522159e+00 1.059348244817638118e+00 1.834461360749439507e+01 2.191352825959545925e+01 1.500000000000000000e+01 7.234983000000000386e-01 3.013116999999999823e+00 5.015622802524186409e+04 1.512259309482889662e-02
3.302176293871245338e+00 1.054415447199206390e+01 2.926739515305383676e+00 1.671984160998504976e+01 3.571703046600496201e-01 1.530525399999999969e+01 7.001581000000000055e-01 3.097326999999999941e+00 1.265808132012595161e+04 3.251870975846415490e+00 9.922323898705373679e+00 1.059348260603157010e+00 1.834461360749439507e+01 2.191352825959545925e+01 1.500000000000000000e+01 7.234983000000000386e-01 3.013116999999999823e+00 5.015622802524186409e+04 1.512259309482889662e-02
3.302176293871245338e+00 1.054415447199206390e+01 2.926739515305383676e+00 1.671984160998504976e+01 3.571703046600496201e-01 1.530525399999999969e+01 7.001581000000000055e-01 3.097326999999999941e+00 1.265808132012595161e+04 3.251870975846415490e+00 9.922323898705373679e+00 1.059348244817638118e+00 1.834461388085043865e+01 2.191352825959545925e+01 1.500000000000000000e+01 7.234983000000000386e-01 3.013116999999999823e+00 5.015622802524186409e+04 1.512259309482889662e-02
3.302176293871245338e+00 1.054415447199206390e+01 2.926739515305383676e+00 1.671984160998504976e+01 3.571703046600496201e-01 1.530525399999999969e+01 7.001581000000000055e-01 3.097326999999999941e+00 1.265808132012595161e+04 3.251870975846415490e+00 9.922323898705373679e+00 1.059348244817638118e+00 1.834461360749439507e+01 2.191352858613247534e+01 1.500000000000000000e+01 7.234983000000000386e-01 3.013116999999999823e+00 5.015622802524186409e+04 1.512259309482889662e-02
3.302176293871245338e+00 1.054415447199206390e+01 2.926739515305383676e+00 1.671984160998504976e+01 3.571703046600496201e-01 1.530525399999999969e+01 7.001581000000000055e-01 3.097326999999999941e+00 1.265808132012595161e+04 3.251870975846415490e+00 9.922323898705373679e+00 1.059348244817638118e+00 1.834461360749439507e+01 2.191352825959545925e+01 1.500000000000000000e+01 7.234983000000000386e-01 3.013116999999999823e+00 5.015622877262790280e+04 1.512259309482889662e-02
3.302176293871245338e+00 1.054415447199206390e+01 2.926739515305383676e+00 1.671984160998504976e+01 3.571703046600496201e-01 1.530525399999999969e+01 7.001581000000000055e-01 3.097326999999999941e+00 1.265808132012595161e+04 3.251870975846415490e+00 9.922323898705373679e+00 1.059348244817638118e+00 1.834461360749439507e+01 2.191352825959545925e+01 1.500000000000000000e+01 7.234983000000000386e-01 3.013116999999999823e+00 5.015622802524186409e+04 1.512260799599009047e-02
