3.152032799993481849e+00 8.050807298535065826e+00 1.339835693542738237e+00 2.668670974797048388e-07 4.226535765510290332e+01 1.549994700000000059e+01 7.954442999999999930e-01 3.681439999999999824e+00 2.305063603836874245e+04 -7.976283786911740007e-04
3.152032846962430579e+00 8.050807298535065826e+00 1.339835693542738237e+00 2.668670974797048388e-07 4.226535765510290332e+01 1.549994700000000059e+01 7.954442999999999930e-01 3.681439999999999824e+00 2.305063603836874245e+04 -7.976283786911740007e-04
3.152032799993481849e+00 8.050807418501443991e+00 1.339835693542738237e+00 2.668670974797048388e-07 4.226535765510290332e+01 1.549994700000000059e+01 7.954442999999999930e-01 3.681439999999999824e+00 2.305063603836874245e+04 -7.976283786911740007e-04
3.152032799993481849e+00 8.050807298535065826e+00 1.339835713507845805e+00 2.668670974797048388e-07 4.226535765510290332e+01 1.549994700000000059e+01 7.954442999999999930e-01 3.681439999999999824e+00 2.305063603836874245e+04 -7.976283786911740007e-04
3.152032799993481849e+00 8.050807298535065826e+00 1.339835693542738237e+00 2.817682586735524950e-07 4.226535765510290332e+01 1.549994700000000059e+01 7.954442999999999930e-01 3.681439999999999824e+00 2.305063603836874245e+04 -7.976283786911740007e-04
3.152032799993481849e+00 8.050807298535065826e+00 1.339835693542738237e+00 2.668670974797048388e-07 4.226535828490580826e+01 1.549994700000000059e+01 7.954442999999999930e-01 3.681439999999999824e+00 2.305063603836874245e+04 -7.976283786911740007e-04
3.152032799993481849e+00 8.050807298535065826e+00 1.339835693542738237e+00 2.668670974797048388e-07 4.226535765510290332e+01 1.549994723096720861e+01 7.954442999999999930e-01 3.681439999999999824e+00 2.305063603836874245e+04 -7.976283786911740007e-04
3.152032799993481849e+00 8.050807298535065826e+00 1.339835693542738237e+00 2.668670974797048388e-07 4.226535765510290332e+01 1.549994700000000059e+01 7.954443149011611869e-01 3.681439999999999824e+00 2.305063603836874245e+04 -7.976283786911740007e-04
3.152032799993481849e+00 8.050807298535065826e+00 1.339835693542738237e+00 2.668670974797048388e-07 4.226535765510290332e+01 1.549994700000000059e+01 7.954442999999999930e-01 3.681439999999999824e+00 2.305063638184998490e+04 -7.976283786911740007e-04
3.152032799993481849e+00 8.050807298535065826e+00 1.339835693542738237e+00 2.668670974797048388e-07 4.226535765510290332e+01 1.549994700000000059e+01 7.954442999999999930e-01 3.681439999999999824e+00 2.305063603836874245e+04 -7.976432798523678484e-04
2.700975637128159246e+00 8.123600492565062225e+00 1.338861270824674987e+00 1.011656023771194825e-07 9.724424884098687016e+01 1.543238693994466004e+01 6.554577423703883410e-01 3.681439999999999824e+00 2.060482473144080359e+04 -8.744306996983006435e-04
3.172925965304204343e+00 9.339120611406306338e+00 1.343142857437377824e+00 9.036088776494778968e-08 4.232353342194776502e+01 1.563772340993957677e+01 6.585979079896935318e-01 3.681439999999999824e+00 2.087734360491489861e+04 -8.096343478586495940e-04
3.171078852723313801e+00 8.629452955803463610e+00 1.357784598959979494e+00 1.028255594728252381e-07 4.226798577953125147e+01 1.587357078489457685e+01 7.191625717408203222e-01 3.681439999999999824e+00 2.270775977235932078e+04 -5.505052794981115738e-04
3.181333502659338563e+00 8.789639898211621727e+00 1.370843862780942501e+00 1.803982516686623759e-07 4.226784014701570413e+01 1.580142476704246768e+01 6.850100395430094302e-01 3.681439999999999824e+00 2.298584318817007079e+04 -3.083662431483583490e-04
3.167473674468182843e+00 8.403069812434637242e+00 1.356720574317305195e+00 2.665828839587791168e-07 4.226650892089685385e+01 1.549820291434267716e+01 7.353505698588801431e-01 3.681439999999999824e+00 2.305068364516025031e+04 -6.100609401313469545e-04
3.167473721667218634e+00 8.403069812434637242e+00 1.356720574317305195e+00 2.665828839587791168e-07 4.226650892089685385e+01 1.549820291434267716e+01 7.353505698588801431e-01 3.681439999999999824e+00 2.305068364516025031e+04 -6.100609401313469545e-04
3.167473674468182843e+00 8.403069937650135657e+00 1.356720574317305195e+00 2.665828839587791168e-07 4.226650892089685385e+01 1.549820291434267716e+01 7.353505698588801431e-01 3.681439999999999824e+00 2.305068364516025031e+04 -6.100609401313469545e-04
3.167473674468182843e+00 8.403069812434637242e+00 1.356720594534017277e+00 2.665828839587791168e-07 4.226650892089685385e+01 1.549820291434267716e+01 7.353505698588801431e-01 3.681439999999999824e+00 2.305068364516025031e+04 -6.100609401313469545e-04
3.167473674468182843e+00 8.403069812434637242e+00 1.356720574317305195e+00 2.814840451526267731e-07 4.226650892089685385e+01 1.549820291434267716e+01 7.353505698588801431e-01 3.681439999999999824e+00 2.305068364516025031e+04 -6.100609401313469545e-04
3.167473674468182843e+00 8.403069812434637242e+00 1.356720574317305195e+00 2.665828839587791168e-07 4.226650955071691840e+01 1.549820291434267716e+01 7.353505698588801431e-01 3.681439999999999824e+00 2.305068364516025031e+04 -6.100609401313469545e-04
3.167473674468182843e+00 8.403069812434637242e+00 1.356720574317305195e+00 2.665828839587791168e-07 4.226650892089685385e+01 1.549820314528389709e+01 7.353505698588801431e-01 3.681439999999999824e+00 2.305068364516025031e+04 -6.100609401313469545e-04
3.167473674468182843e+00 8.403069812434637242e+00 1.356720574317305195e+00 2.665828839587791168e-07 4.226650892089685385e+01 1.549820291434267716e+01 7.353505847600413370e-01 3.681439999999999824e+00 2.305068364516025031e+04 -6.100609401313469545e-04
3.167473674468182843e+00 8.403069812434637242e+00 1.356720574317305195e+00 2.665828839587791168e-07 4.226650892089685385e+01 1.549820291434267716e+01 7.353505698588801431e-01 3.681439999999999824e+00 2.305068398864220217e+04 -6.100609401313469545e-04
3.167473674468182843e+00 8.403069812434637242e+00 1.356720574317305195e+00 2.665828839587791168e-07 4.226650892089685385e+01 1.549820291434267716e+01 7.353505698588801431e-01 3.681439999999999824e+00 2.305068364516025031e+04 -6.100758412925408021e-04
3.171753141649113594e+00 8.588217027516659385e+00 1.358664778521303296e+00 2.624228707509900238e-07 4.233056256032193687e+01 1.553211320643086424e+01 6.858350924752060207e-01 3.681439999999999824e+00 2.305047892669984140e+04 -3.231973471545032802e-04
3.171753188911918375e+00 8.588217027516659385e+00 1.358664778521303296e+00 2.624228707509900238e-07 4.233056256032193687e+01 1.553211320643086424e+01 6.858350924752060207e-01 3.681439999999999824e+00 2.305047892669984140e+04 -3.231973471545032802e-04
3.171753141649113594e+00 8.588217155491065569e+00 1.358664778521303296e+00 2.624228707509900238e-07 4.233056256032193687e+01 1.553211320643086424e+01 6.858350924752060207e-01 3.681439999999999824e+00 2.305047892669984140e+04 -3.231973471545032802e-04
3.171753141649113594e+00 8.588217027516659385e+00 1.358664798766986204e+00 2.624228707509900238e-07 4.233056256032193687e+01 1.553211320643086424e+01 6.858350924752060207e-01 3.681439999999999824e+00 2.305047892669984140e+04 -3.231973471545032802e-04
3.171753141649113594e+00 8.588217027516659385e+00 1.358664778521303296e+00 2.773240319448376800e-07 4.233056256032193687e+01 1.553211320643086424e+01 6.858350924752060207e-01 3.681439999999999824e+00 2.305047892669984140e+04 -3.231973471545032802e-04
3.171753141649113594e+00 8.588217027516659385e+00 1.358664778521303296e+00 2.624228707509900238e-07 4.233056319109647347e+01 1.553211320643086424e+01 6.858350924752060207e-01 3.681439999999999824e+00 2.305047892669984140e+04 -3.231973471545032802e-04
3.171753141649113594e+00 8.588217027516659385e+00 1.358664778521303296e+00 2.624228707509900238e-07 4.233056256032193687e+01 1.553211343787738663e+01 6.858350924752060207e-01 3.681439999999999824e+00 2.305047892669984140e+04 -3.231973471545032802e-04
3.171753141649113594e+00 8.588217027516659385e+00 1.358664778521303296e+00 2.624228707509900238e-07 4.233056256032193687e+01 1.553211320643086424e+01 6.858351073763672145e-01 3.681439999999999824e+00 2.305047892669984140e+04 -3.231973471545032802e-04
3.171753141649113594e+00 8.588217027516659385e+00 1.358664778521303296e+00 2.624228707509900238e-07 4.233056256032193687e+01 1.553211320643086424e+01 6.858350924752060207e-01 3.681439999999999824e+00 2.305047927017874463e+04 -3.231973471545032802e-04
3.171753141649113594e+00 8.588217027516659385e+00 1.358664778521303296e+00 2.624228707509900238e-07 4.233056256032193687e+01 1.553211320643086424e+01 6.858350924752060207e-01 3.681439999999999824e+00 2.305047892669984140e+04 -3.232122483156971279e-04
3.172307550822891731e+00 8.616593347220808496e+00 1.358619204673254144e+00 2.565924730488389346e-07 4.233882188955250570e+01 1.555058576899653744e+01 6.722186339279371259e-01 3.681439999999999824e+00 2.304990807132673945e+04 -2.942789127513900172e-04
3.172307598093957903e+00 8.616593347220808496e+00 1.358619204673254144e+00 2.565924730488389346e-07 4.233882188955250570e+01 1.555058576899653744e+01 6.722186339279371259e-01 3.681439999999999824e+00 2.304990807132673945e+04 -2.942789127513900172e-04
3.172307550822891731e+00 8.616593475618055109e+00 1.358619204673254144e+00 2.565924730488389346e-07 4.233882188955250570e+01 1.555058576899653744e+01 6.722186339279371259e-01 3.681439999999999824e+00 2.304990807132673945e+04 -2.942789127513900172e-04
3.172307550822891731e+00 8.616593347220808496e+00 1.358619224918257817e+00 2.565924730488389346e-07 4.233882188955250570e+01 1.555058576899653744e+01 6.722186339279371259e-01 3.681439999999999824e+00 2.304990807132673945e+04 -2.942789127513900172e-04
3.172307550822891731e+00 8.616593347220808496e+00 1.358619204673254144e+00 2.714936342426865909e-07 4.233882188955250570e+01 1.555058576899653744e+01 6.722186339279371259e-01 3.681439999999999824e+00 2.304990807132673945e+04 -2.942789127513900172e-04
3.172307550822891731e+00 8.616593347220808496e+00 1.358619204673254144e+00 2.565924730488389346e-07 4.233882252045011541e+01 1.555058576899653744e+01 6.722186339279371259e-01 3.681439999999999824e+00 2.304990807132673945e+04 -2.942789127513900172e-04
3.172307550822891731e+00 8.616593347220808496e+00 1.358619204673254144e+00 2.565924730488389346e-07 4.233882188955250570e+01 1.555058600071832231e+01 6.722186339279371259e-01 3.681439999999999824e+00 2.304990807132673945e+04 -2.942789127513900172e-04
3.172307550822891731e+00 8.616593347220808496e+00 1.358619204673254144e+00 2.565924730488389346e-07 4.233882188955250570e+01 1.555058576899653744e+01 6.722186488290983197e-01 3.681439999999999824e+00 2.304990807132673945e+04 -2.942789127513900172e-04
3.172307550822891731e+00 8.616593347220808496e+00 1.358619204673254144e+00 2.565924730488389346e-07 4.233882188955250570e+01 1.555058576899653744e+01 6.722186339279371259e-01 3.681439999999999824e+00 2.304990841479713345e+04 -2.942789127513900172e-04
3.172307550822891731e+00 8.616593347220808496e+00 1.358619204673254144e+00 2.565924730488389346e-07 4.233882188955250570e+01 1.555058576899653744e+01 6.722186339279371259e-01 3.681439999999999824e+00 2.304990807132673945e+04 -2.942938139125838648e-04
3.172403273531744894e+00 8.620542846330334186e+00 1.358623698532097857e+00 2.378329547418952753e-07 4.234041098339019271e+01 1.557610035250055169e+01 6.632239899366022540e-01 3.681439999999999824e+00 2.304876389250150169e+04 -2.903392979184378302e-04
3.172403320804237481e+00 8.620542846330334186e+00 1.358623698532097857e+00 2.378329547418952753e-07 4.234041098339019271e+01 1.557610035250055169e+01 6.632239899366022540e-01 3.681439999999999824e+00 2.304876389250150169e+04 -2.903392979184378302e-04
3.172403273531744894e+00 8.620542974786433277e+00 1.358623698532097857e+00 2.378329547418952753e-07 4.234041098339019271e+01 1.557610035250055169e+01 6.632239899366022540e-01 3.681439999999999824e+00 2.304876389250150169e+04 -2.903392979184378302e-04
3.172403273531744894e+00 8.620542846330334186e+00 1.358623718777168587e+00 2.378329547418952753e-07 4.234041098339019271e+01 1.557610035250055169e+01 6.632239899366022540e-01 3.681439999999999824e+00 2.304876389250150169e+04 -2.903392979184378302e-04
3.172403273531744894e+00 8.620542846330334186e+00 1.358623698532097857e+00 2.527341159357429316e-07 4.234041098339019271e+01 1.557610035250055169e+01 6.632239899366022540e-01 3.681439999999999824e+00 2.304876389250150169e+04 -2.903392979184378302e-04
3.172403273531744894e+00 8.620542846330334186e+00 1.358623698532097857e+00 2.378329547418952753e-07 4.234041161431148481e+01 1.557610035250055169e+01 6.632239899366022540e-01 3.681439999999999824e+00 2.304876389250150169e+04 -2.903392979184378302e-04
3.172403273531744894e+00 8.620542846330334186e+00 1.358623698532097857e+00 2.378329547418952753e-07 4.234041098339019271e+01 1.557610058460253377e+01 6.632239899366022540e-01 3.681439999999999824e+00 2.304876389250150169e+04 -2.903392979184378302e-04
3.172403273531744894e+00 8.620542846330334186e+00 1.358623698532097857e+00 2.378329547418952753e-07 4.234041098339019271e+01 1.557610035250055169e+01 6.632240048377634478e-01 3.681439999999999824e+00 2.304876389250150169e+04 -2.903392979184378302e-04
3.172403273531744894e+00 8.620542846330334186e+00 1.358623698532097857e+00 2.378329547418952753e-07 4.234041098339019271e+01 1.557610035250055169e+01 6.632239899366022540e-01 3.681439999999999824e+00 2.304876423595484812e+04 -2.903392979184378302e-04
3.172403273531744894e+00 8.620542846330334186e+00 1.358623698532097857e+00 2.378329547418952753e-07 4.234041098339019271e+01 1.557610035250055169e+01 6.632239899366022540e-01 3.681439999999999824e+00 2.304876389250150169e+04 -2.903541990796316779e-04
3.172409789001703118e+00 8.621762286793622110e+00 1.358592810920664640e+00 2.006346733450851680e-07 4.234032266569789016e+01 1.561735916640233235e+01 6.549518988537236241e-01 3.681439999999999824e+00 2.304647505032655681e+04 -2.902476417929399609e-04
3.172409836274292960e+00 8.621762286793622110e+00 1.358592810920664640e+00 2.006346733450851680e-07 4.234032266569789016e+01 1.561735916640233235e+01 6.549518988537236241e-01 3.681439999999999824e+00 2.304647505032655681e+04 -2.902476417929399609e-04
3.172409789001703118e+00 8.621762415267891555e+00 1.358592810920664640e+00 2.006346733450851680e-07 4.234032266569789016e+01 1.561735916640233235e+01 6.549518988537236241e-01 3.681439999999999824e+00 2.304647505032655681e+04 -2.902476417929399609e-04
3.172409789001703118e+00 8.621762286793622110e+00 1.358592831165275072e+00 2.006346733450851680e-07 4.234032266569789016e+01 1.561735916640233235e+01 6.549518988537236241e-01 3.681439999999999824e+00 2.304647505032655681e+04 -2.902476417929399609e-04
3.172409789001703118e+00 8.621762286793622110e+00 1.358592810920664640e+00 2.155358345389328242e-07 4.234032266569789016e+01 1.561735916640233235e+01 6.549518988537236241e-01 3.681439999999999824e+00 2.304647505032655681e+04 -2.902476417929399609e-04
3.172409789001703118e+00 8.621762286793622110e+00 1.358592810920664640e+00 2.006346733450851680e-07 4.234032329661786065e+01 1.561735916640233235e+01 6.549518988537236241e-01 3.681439999999999824e+00 2.304647505032655681e+04 -2.902476417929399609e-04
3.172409789001703118e+00 8.621762286793622110e+00 1.358592810920664640e+00 2.006346733450851680e-07 4.234032266569789016e+01 1.561735939911911863e+01 6.549518988537236241e-01 3.681439999999999824e+00 2.304647505032655681e+04 -2.902476417929399609e-04
3.172409789001703118e+00 8.621762286793622110e+00 1.358592810920664640e+00 2.006346733450851680e-07 4.234032266569789016e+01 1.561735916640233235e+01 6.549519137548848180e-01 3.681439999999999824e+00 2.304647505032655681e+04 -2.902476417929399609e-04
3.172409789001703118e+00 8.621762286793622110e+00 1.358592810920664640e+00 2.006346733450851680e-07 4.234032266569789016e+01 1.561735916640233235e+01 6.549518988537236241e-01 3.681439999999999824e+00 2.304647539374579719e+04 -2.902476417929399609e-04
3.172409789001703118e+00 8.621762286793622110e+00 1.358592810920664640e+00 2.006346733450851680e-07 4.234032266569789016e+01 1.561735916640233235e+01 6.549518988537236241e-01 3.681439999999999824e+00 2.304647505032655681e+04 -2.902625429541338085e-04
3.172414942592014953e+00 8.621787417659756869e+00 1.358604141819494515e+00 6.916172037078346197e-04 4.234032414843021996e+01 1.561737245337425328e+01 6.549410577339391804e-01 3.681439999999999824e+00 2.304639984247367829e+04 -2.902677403363286774e-04
3.172414989864681178e+00 8.621787417659756869e+00 1.358604141819494515e+00 6.916172037078346197e-04 4.234032414843021996e+01 1.561737245337425328e+01 6.549410577339391804e-01 3.681439999999999824e+00 2.304639984247367829e+04 -2.902677403363286774e-04
3.172414942592014953e+00 8.621787546134401126e+00 1.358604141819494515e+00 6.916172037078346197e-04 4.234032414843021996e+01 1.561737245337425328e+01 6.549410577339391804e-01 3.681439999999999824e+00 2.304639984247367829e+04 -2.902677403363286774e-04
3.172414942592014953e+00 8.621787417659756869e+00 1.358604162064273924e+00 6.916172037078346197e-04 4.234032414843021996e+01 1.561737245337425328e+01 6.549410577339391804e-01 3.681439999999999824e+00 2.304639984247367829e+04 -2.902677403363286774e-04
3.172414942592014953e+00 8.621787417659756869e+00 1.358604141819494515e+00 6.916321048690284674e-04 4.234032414843021996e+01 1.561737245337425328e+01 6.549410577339391804e-01 3.681439999999999824e+00 2.304639984247367829e+04 -2.902677403363286774e-04
3.172414942592014953e+00 8.621787417659756869e+00 1.358604141819494515e+00 6.916172037078346197e-04 4.234032477935021177e+01 1.561737245337425328e+01 6.549410577339391804e-01 3.681439999999999824e+00 2.304639984247367829e+04 -2.902677403363286774e-04
3.172414942592014953e+00 8.621787417659756869e+00 1.358604141819494515e+00 6.916172037078346197e-04 4.234032414843021996e+01 1.561737268609123852e+01 6.549410577339391804e-01 3.681439999999999824e+00 2.304639984247367829e+04 -2.902677403363286774e-04
3.172414942592014953e+00 8.621787417659756869e+00 1.358604141819494515e+00 6.916172037078346197e-04 4.234032414843021996e+01 1.561737245337425328e+01 6.549410726351003742e-01 3.681439999999999824e+00 2.304639984247367829e+04 -2.902677403363286774e-04
3.172414942592014953e+00 8.621787417659756869e+00 1.358604141819494515e+00 6.916172037078346197e-04 4.234032414843021996e+01 1.561737245337425328e+01 6.549410577339391804e-01 3.681439999999999824e+00 2.304640018589179817e+04 -2.902677403363286774e-04
3.172414942592014953e+00 8.621787417659756869e+00 1.358604141819494515e+00 6.916172037078346197e-04 4.234032414843021996e+01 1.561737245337425328e+01 6.549410577339391804e-01 3.681439999999999824e+00 2.304639984247367829e+04 -2.902826414975225250e-04
3.168883365035647603e+00 8.793077996980738220e+00 1.348285017058593382e+00 3.999495142391254867e-04 4.234406762828361792e+01 1.577295747325093700e+01 5.419671995325446856e-01 3.681439999999999824e+00 2.235253950905436432e+04 -4.802957949749668727e-04
3.171518113063481081e+00 8.664270140818581822e+00 1.356000808437711980e+00 2.348043162798926537e-04 4.234126058049971419e+01 1.563808168781506680e+01 6.295256992756934622e-01 3.681439999999999824e+00 2.287287864511321823e+04 -3.381310931618624802e-04
3.171518160322783775e+00 8.664270140818581822e+00 1.356000808437711980e+00 2.348043162798926537e-04 4.234126058049971419e+01 1.563808168781506680e+01 6.295256992756934622e-01 3.681439999999999824e+00 2.287287864511321823e+04 -3.381310931618624802e-04
3.171518113063481081e+00 8.664270269926268142e+00 1.356000808437711980e+00 2.348043162798926537e-04 4.234126058049971419e+01 1.563808168781506680e+01 6.295256992756934622e-01 3.681439999999999824e+00 2.287287864511321823e+04 -3.381310931618624802e-04
3.171518113063481081e+00 8.664270140818581822e+00 1.356000828643698641e+00 2.348043162798926537e-04 4.234126058049971419e+01 1.563808168781506680e+01 6.295256992756934622e-01 3.681439999999999824e+00 2.287287864511321823e+04 -3.381310931618624802e-04
3.171518113063481081e+00 8.664270140818581822e+00 1.356000808437711980e+00 2.348192174410865013e-04 4.234126058049971419e+01 1.563808168781506680e+01 6.295256992756934622e-01 3.681439999999999824e+00 2.287287864511321823e+04 -3.381310931618624802e-04
3.171518113063481081e+00 8.664270140818581822e+00 1.356000808437711980e+00 2.348043162798926537e-04 4.234126121143366106e+01 1.563808168781506680e+01 6.295256992756934622e-01 3.681439999999999824e+00 2.287287864511321823e+04 -3.381310931618624802e-04
3.171518113063481081e+00 8.664270140818581822e+00 1.356000808437711980e+00 2.348043162798926537e-04 4.234126058049971419e+01 1.563808192084064252e+01 6.295256992756934622e-01 3.681439999999999824e+00 2.287287864511321823e+04 -3.381310931618624802e-04
3.171518113063481081e+00 8.664270140818581822e+00 1.356000808437711980e+00 2.348043162798926537e-04 4.234126058049971419e+01 1.563808168781506680e+01 6.295257141768546560e-01 3.681439999999999824e+00 2.287287864511321823e+04 -3.381310931618624802e-04
3.171518113063481081e+00 8.664270140818581822e+00 1.356000808437711980e+00 2.348043162798926537e-04 4.234126058049971419e+01 1.563808168781506680e+01 6.295256992756934622e-01 3.681439999999999824e+00 2.287287898594567014e+04 -3.381310931618624802e-04
3.171518113063481081e+00 8.664270140818581822e+00 1.356000808437711980e+00 2.348043162798926537e-04 4.234126058049971419e+01 1.563808168781506680e+01 6.295256992756934622e-01 3.681439999999999824e+00 2.287287864511321823e+04 -3.381459943230563279e-04
3.171495711666256323e+00 8.667253362918225790e+00 1.355999718877490601e+00 2.047909900782689046e-04 4.234099035445212422e+01 1.566372168521241903e+01 6.271409303971445803e-01 3.681439999999999824e+00 2.287058930443863574e+04 -3.365248265790569829e-04
3.171495758925225061e+00 8.667253362918225790e+00 1.355999718877490601e+00 2.047909900782689046e-04 4.234099035445212422e+01 1.566372168521241903e+01 6.271409303971445803e-01 3.681439999999999824e+00 2.287058930443863574e+04 -3.365248265790569829e-04
3.171495711666256323e+00 8.667253492070365439e+00 1.355999718877490601e+00 2.047909900782689046e-04 4.234099035445212422e+01 1.566372168521241903e+01 6.271409303971445803e-01 3.681439999999999824e+00 2.287058930443863574e+04 -3.365248265790569829e-04
3.171495711666256323e+00 8.667253362918225790e+00 1.355999739083461053e+00 2.047909900782689046e-04 4.234099035445212422e+01 1.566372168521241903e+01 6.271409303971445803e-01 3.681439999999999824e+00 2.287058930443863574e+04 -3.365248265790569829e-04
3.171495711666256323e+00 8.667253362918225790e+00 1.355999718877490601e+00 2.048058912394627523e-04 4.234099035445212422e+01 1.566372168521241903e+01 6.271409303971445803e-01 3.681439999999999824e+00 2.287058930443863574e+04 -3.365248265790569829e-04
3.171495711666256323e+00 8.667253362918225790e+00 1.355999718877490601e+00 2.047909900782689046e-04 4.234099098538204942e+01 1.566372168521241903e+01 6.271409303971445803e-01 3.681439999999999824e+00 2.287058930443863574e+04 -3.365248265790569829e-04
3.171495711666256323e+00 8.667253362918225790e+00 1.355999718877490601e+00 2.047909900782689046e-04 4.234099035445212422e+01 1.566372191862006069e+01 6.271409303971445803e-01 3.681439999999999824e+00 2.287058930443863574e+04 -3.365248265790569829e-04
3.171495711666256323e+00 8.667253362918225790e+00 1.355999718877490601e+00 2.047909900782689046e-04 4.234099035445212422e+01 1.566372168521241903e+01 6.271409452983057742e-01 3.681439999999999824e+00 2.287058930443863574e+04 -3.365248265790569829e-04
3.171495711666256323e+00 8.667253362918225790e+00 1.355999718877490601e+00 2.047909900782689046e-04 4.234099035445212422e+01 1.566372168521241903e+01 6.271409303971445803e-01 3.681439999999999824e+00 2.287058964523697432e+04 -3.365248265790569829e-04
3.171495711666256323e+00 8.667253362918225790e+00 1.355999718877490601e+00 2.047909900782689046e-04 4.234099035445212422e+01 1.566372168521241903e+01 6.271409303971445803e-01 3.681439999999999824e+00 2.287058930443863574e+04 -3.365397277402508306e-04
3.167973911157905942e+00 8.841282692629000906e+00 1.345552372044752865e+00 9.004879708578346093e-07 4.234503687667222493e+01 1.567263740842388131e+01 4.939638244435224923e-01 3.681439999999999824e+00 2.217932899880241166e+04 -5.271645368370926794e-04
3.170602537790297770e+00 8.710253207882248105e+00 1.353376245215285989e+00 6.236003951330047453e-05 4.234199126051680651e+01 1.566497095436789344e+01 5.954889270377894395e-01 3.681439999999999824e+00 2.269775744411864798e+04 -3.848474355809650247e-04
3.170602585035957155e+00 8.710253207882248105e+00 1.353376245215285989e+00 6.236003951330047453e-05 4.234199126051680651e+01 1.566497095436789344e+01 5.954889270377894395e-01 3.681439999999999824e+00 2.269775744411864798e+04 -3.848474355809650247e-04
3.170602537790297770e+00 8.710253337675135654e+00 1.353376245215285989e+00 6.236003951330047453e-05 4.234199126051680651e+01 1.566497095436789344e+01 5.954889270377894395e-01 3.681439999999999824e+00 2.269775744411864798e+04 -3.848474355809650247e-04
3.170602537790297770e+00 8.710253207882248105e+00 1.353376265382163490e+00 6.236003951330047453e-05 4.234199126051680651e+01 1.566497095436789344e+01 5.954889270377894395e-01 3.681439999999999824e+00 2.269775744411864798e+04 -3.848474355809650247e-04
3.170602537790297770e+00 8.710253207882248105e+00 1.353376245215285989e+00 6.237494067449432219e-05 4.234199126051680651e+01 1.566497095436789344e+01 5.954889270377894395e-01 3.681439999999999824e+00 2.269775744411864798e+04 -3.848474355809650247e-04
3.170602537790297770e+00 8.710253207882248105e+00 1.353376245215285989e+00 6.236003951330047453e-05 4.234199189146164599e+01 1.566497095436789344e+01 5.954889270377894395e-01 3.681439999999999824e+00 2.269775744411864798e+04 -3.848474355809650247e-04
3.170602537790297770e+00 8.710253207882248105e+00 1.353376245215285989e+00 6.236003951330047453e-05 4.234199126051680651e+01 1.566497118779415132e+01 5.954889270377894395e-01 3.681439999999999824e+00 2.269775744411864798e+04 -3.848474355809650247e-04
3.170602537790297770e+00 8.710253207882248105e+00 1.353376245215285989e+00 6.236003951330047453e-05 4.234199126051680651e+01 1.566497095436789344e+01 5.954889419389506333e-01 3.681439999999999824e+00 2.269775744411864798e+04 -3.848474355809650247e-04
3.170602537790297770e+00 8.710253207882248105e+00 1.353376245215285989e+00 6.236003951330047453e-05 4.234199126051680651e+01 1.566497095436789344e+01 5.954889270377894395e-01 3.681439999999999824e+00 2.269775778234158861e+04 -3.848474355809650247e-04
3.170602537790297770e+00 8.710253207882248105e+00 1.353376245215285989e+00 6.236003951330047453e-05 4.234199126051680651e+01 1.566497095436789344e+01 5.954889270377894395e-01 3.681439999999999824e+00 2.269775744411864798e+04 -3.848623367421588723e-04
3.170457610391334669e+00 8.707751720877704216e+00 1.353255174994184129e+00 5.799122143743628660e-05 4.233986758133970341e+01 1.568294644944417371e+01 5.576283907274415252e-01 3.681439999999999824e+00 2.269546843981846905e+04 -3.894872621476140476e-04
3.170457657634834447e+00 8.707751720877704216e+00 1.353255174994184129e+00 5.799122143743628660e-05 4.233986758133970341e+01 1.568294644944417371e+01 5.576283907274415252e-01 3.681439999999999824e+00 2.269546843981846905e+04 -3.894872621476140476e-04
3.170457610391334669e+00 8.707751850633316693e+00 1.353255174994184129e+00 5.799122143743628660e-05 4.233986758133970341e+01 1.568294644944417371e+01 5.576283907274415252e-01 3.681439999999999824e+00 2.269546843981846905e+04 -3.894872621476140476e-04
3.170457610391334669e+00 8.707751720877704216e+00 1.353255195159257518e+00 5.799122143743628660e-05 4.233986758133970341e+01 1.568294644944417371e+01 5.576283907274415252e-01 3.681439999999999824e+00 2.269546843981846905e+04 -3.894872621476140476e-04
3.170457610391334669e+00 8.707751720877704216e+00 1.353255174994184129e+00 5.800612259863013425e-05 4.233986758133970341e+01 1.568294644944417371e+01 5.576283907274415252e-01 3.681439999999999824e+00 2.269546843981846905e+04 -3.894872621476140476e-04
3.170457610391334669e+00 8.707751720877704216e+00 1.353255174994184129e+00 5.799122143743628660e-05 4.233986821225289532e+01 1.568294644944417371e+01 5.576283907274415252e-01 3.681439999999999824e+00 2.269546843981846905e+04 -3.894872621476140476e-04
3.170457610391334669e+00 8.707751720877704216e+00 1.353255174994184129e+00 5.799122143743628660e-05 4.233986758133970341e+01 1.568294668313828666e+01 5.576283907274415252e-01 3.681439999999999824e+00 2.269546843981846905e+04 -3.894872621476140476e-04
3.170457610391334669e+00 8.707751720877704216e+00 1.353255174994184129e+00 5.799122143743628660e-05 4.233986758133970341e+01 1.568294644944417371e+01 5.576284056286027191e-01 3.681439999999999824e+00 2.269546843981846905e+04 -3.894872621476140476e-04
3.170457610391334669e+00 8.707751720877704216e+00 1.353255174994184129e+00 5.799122143743628660e-05 4.233986758133970341e+01 1.568294644944417371e+01 5.576283907274415252e-01 3.681439999999999824e+00 2.269546877800730363e+04 -3.894872621476140476e-04
3.170457610391334669e+00 8.707751720877704216e+00 1.353255174994184129e+00 5.799122143743628660e-05 4.233986758133970341e+01 1.568294644944417371e+01 5.576283907274415252e-01 3.681439999999999824e+00 2.269546843981846905e+04 -3.895021633088078953e-04
3.166771039564580281e+00 8.853805069017921525e+00 1.346105637438489655e+00 3.211231964652788142e-05 4.230146654748023849e+01 1.569085228349164041e+01 2.070924281842814740e-01 3.681439999999999824e+00 2.203254837460802810e+04 -6.018833397239890630e-04
3.169373270047858959e+00 8.740662090420485697e+00 1.351438172560965878e+00 3.629041133048122492e-05 4.234068925188712740e+01 1.568355914267584339e+01 4.425250540028985990e-01 3.681439999999999824e+00 2.253040607539468328e+04 -4.463855863298793860e-04
3.169373317275200996e+00 8.740662090420485697e+00 1.351438172560965878e+00 3.629041133048122492e-05 4.234068925188712740e+01 1.568355914267584339e+01 4.425250540028985990e-01 3.681439999999999824e+00 2.253040607539468328e+04 -4.463855863298793860e-04
3.169373270047858959e+00 8.740662220666500559e+00 1.351438172560965878e+00 3.629041133048122492e-05 4.234068925188712740e+01 1.568355914267584339e+01 4.425250540028985990e-01 3.681439999999999824e+00 2.253040607539468328e+04 -4.463855863298793860e-04
3.169373270047858959e+00 8.740662090420485697e+00 1.351438192698964036e+00 3.629041133048122492e-05 4.234068925188712740e+01 1.568355914267584339e+01 4.425250540028985990e-01 3.681439999999999824e+00 2.253040607539468328e+04 -4.463855863298793860e-04
3.169373270047858959e+00 8.740662090420485697e+00 1.351438172560965878e+00 3.630531249167507257e-05 4.234068925188712740e+01 1.568355914267584339e+01 4.425250540028985990e-01 3.681439999999999824e+00 2.253040607539468328e+04 -4.463855863298793860e-04
3.169373270047858959e+00 8.740662090420485697e+00 1.351438172560965878e+00 3.629041133048122492e-05 4.234068988281256196e+01 1.568355914267584339e+01 4.425250540028985990e-01 3.681439999999999824e+00 2.253040607539468328e+04 -4.463855863298793860e-04
3.169373270047858959e+00 8.740662090420485697e+00 1.351438172560965878e+00 3.629041133048122492e-05 4.234068925188712740e+01 1.568355937637908681e+01 4.425250540028985990e-01 3.681439999999999824e+00 2.253040607539468328e+04 -4.463855863298793860e-04
3.169373270047858959e+00 8.740662090420485697e+00 1.351438172560965878e+00 3.629041133048122492e-05 4.234068925188712740e+01 1.568355914267584339e+01 4.425250689040597929e-01 3.681439999999999824e+00 2.253040607539468328e+04 -4.463855863298793860e-04
3.169373270047858959e+00 8.740662090420485697e+00 1.351438172560965878e+00 3.629041133048122492e-05 4.234068925188712740e+01 1.568355914267584339e+01 4.425250540028985990e-01 3.681439999999999824e+00 2.253040641112389494e+04 -4.463855863298793860e-04
3.169373270047858959e+00 8.740662090420485697e+00 1.351438172560965878e+00 3.629041133048122492e-05 4.234068925188712740e+01 1.568355914267584339e+01 4.425250540028985990e-01 3.681439999999999824e+00 2.253040607539468328e+04 -4.464004874910732336e-04
3.169243672258568623e+00 8.737740549191332917e+00 1.350484437485005573e+00 3.517030918080537845e-05 4.233875891302005101e+01 1.567968932865872844e+01 3.908697559794030441e-01 3.681439999999999824e+00 2.253014048948883647e+04 -4.505425549418717087e-04
3.169243719483979316e+00 8.737740549191332917e+00 1.350484437485005573e+00 3.517030918080537845e-05 4.233875891302005101e+01 1.567968932865872844e+01 3.908697559794030441e-01 3.681439999999999824e+00 2.253014048948883647e+04 -4.505425549418717087e-04
3.169243672258568623e+00 8.737740679393812826e+00 1.350484437485005573e+00 3.517030918080537845e-05 4.233875891302005101e+01 1.567968932865872844e+01 3.908697559794030441e-01 3.681439999999999824e+00 2.253014048948883647e+04 -4.505425549418717087e-04
3.169243672258568623e+00 8.737740549191332917e+00 1.350484457608791766e+00 3.517030918080537845e-05 4.233875891302005101e+01 1.567968932865872844e+01 3.908697559794030441e-01 3.681439999999999824e+00 2.253014048948883647e+04 -4.505425549418717087e-04
3.169243672258568623e+00 8.737740549191332917e+00 1.350484437485005573e+00 3.518521034199922611e-05 4.233875891302005101e+01 1.567968932865872844e+01 3.908697559794030441e-01 3.681439999999999824e+00 2.253014048948883647e+04 -4.505425549418717087e-04
3.169243672258568623e+00 8.737740549191332917e+00 1.350484437485005573e+00 3.517030918080537845e-05 4.233875954391672281e+01 1.567968932865872844e+01 3.908697559794030441e-01 3.681439999999999824e+00 2.253014048948883647e+04 -4.505425549418717087e-04
3.169243672258568623e+00 8.737740549191332917e+00 1.350484437485005573e+00 3.517030918080537845e-05 4.233875891302005101e+01 1.567968956230430599e+01 3.908697559794030441e-01 3.681439999999999824e+00 2.253014048948883647e+04 -4.505425549418717087e-04
3.169243672258568623e+00 8.737740549191332917e+00 1.350484437485005573e+00 3.517030918080537845e-05 4.233875891302005101e+01 1.567968932865872844e+01 3.908697708805642379e-01 3.681439999999999824e+00 2.253014048948883647e+04 -4.505425549418717087e-04
3.169243672258568623e+00 8.737740549191332917e+00 1.350484437485005573e+00 3.517030918080537845e-05 4.233875891302005101e+01 1.567968932865872844e+01 3.908697559794030441e-01 3.681439999999999824e+00 2.253014082521409000e+04 -4.505425549418717087e-04
3.169243672258568623e+00 8.737740549191332917e+00 1.350484437485005573e+00 3.517030918080537845e-05 4.233875891302005101e+01 1.567968932865872844e+01 3.908697559794030441e-01 3.681439999999999824e+00 2.253014048948883647e+04 -4.505574561030655564e-04
3.168616922009119374e+00 8.752596249322943223e+00 1.349069729600941292e+00 1.946091498246857928e-05 4.234423304618390915e+01 1.567968932865872844e+01 3.906229617982379110e-01 3.681439999999999824e+00 2.244709481063888597e+04 -4.817806033851346746e-04
3.168616969225190871e+00 8.752596249322943223e+00 1.349069729600941292e+00 1.946091498246857928e-05 4.234423304618390915e+01 1.567968932865872844e+01 3.906229617982379110e-01 3.681439999999999824e+00 2.244709481063888597e+04 -4.817806033851346746e-04
3.168616922009119374e+00 8.752596379746790944e+00 1.349069729600941292e+00 1.946091498246857928e-05 4.234423304618390915e+01 1.567968932865872844e+01 3.906229617982379110e-01 3.681439999999999824e+00 2.244709481063888597e+04 -4.817806033851346746e-04
3.168616922009119374e+00 8.752596249322943223e+00 1.349069749703646792e+00 1.946091498246857928e-05 4.234423304618390915e+01 1.567968932865872844e+01 3.906229617982379110e-01 3.681439999999999824e+00 2.244709481063888597e+04 -4.817806033851346746e-04
3.168616922009119374e+00 8.752596249322943223e+00 1.349069729600941292e+00 1.947581614366242694e-05 4.234423304618390915e+01 1.567968932865872844e+01 3.906229617982379110e-01 3.681439999999999824e+00 2.244709481063888597e+04 -4.817806033851346746e-04
3.168616922009119374e+00 8.752596249322943223e+00 1.349069729600941292e+00 1.946091498246857928e-05 4.234423367716215125e+01 1.567968932865872844e+01 3.906229617982379110e-01 3.681439999999999824e+00 2.244709481063888597e+04 -4.817806033851346746e-04
3.168616922009119374e+00 8.752596249322943223e+00 1.349069729600941292e+00 1.946091498246857928e-05 4.234423304618390915e+01 1.567968956230430599e+01 3.906229617982379110e-01 3.681439999999999824e+00 2.244709481063888597e+04 -4.817806033851346746e-04
3.168616922009119374e+00 8.752596249322943223e+00 1.349069729600941292e+00 1.946091498246857928e-05 4.234423304618390915e+01 1.567968932865872844e+01 3.906229766993991048e-01 3.681439999999999824e+00 2.244709481063888597e+04 -4.817806033851346746e-04
3.168616922009119374e+00 8.752596249322943223e+00 1.349069729600941292e+00 1.946091498246857928e-05 4.234423304618390915e+01 1.567968932865872844e+01 3.906229617982379110e-01 3.681439999999999824e+00 2.244709514512666283e+04 -4.817806033851346746e-04
3.168616922009119374e+00 8.752596249322943223e+00 1.349069729600941292e+00 1.946091498246857928e-05 4.234423304618390915e+01 1.567968932865872844e+01 3.906229617982379110e-01 3.681439999999999824e+00 2.244709481063888597e+04 -4.817955045463285222e-04
3.168579290339125887e+00 8.753010819007403853e+00 1.349065508077055053e+00 1.472524997484229748e-05 4.234363752690850191e+01 1.567968932865871956e+01 4.793258257125151967e-01 3.681439999999999824e+00 2.244599370808988533e+04 -4.818916126051843245e-04
3.168579337554636499e+00 8.753010819007403853e+00 1.349065508077055053e+00 1.472524997484229748e-05 4.234363752690850191e+01 1.567968932865871956e+01 4.793258257125151967e-01 3.681439999999999824e+00 2.244599370808988533e+04 -4.818916126051843245e-04
3.168579290339125887e+00 8.753010949437429744e+00 1.349065508077055053e+00 1.472524997484229748e-05 4.234363752690850191e+01 1.567968932865871956e+01 4.793258257125151967e-01 3.681439999999999824e+00 2.244599370808988533e+04 -4.818916126051843245e-04
3.168579290339125887e+00 8.753010819007403853e+00 1.349065528179697715e+00 1.472524997484229748e-05 4.234363752690850191e+01 1.567968932865871956e+01 4.793258257125151967e-01 3.681439999999999824e+00 2.244599370808988533e+04 -4.818916126051843245e-04
3.168579290339125887e+00 8.753010819007403853e+00 1.349065508077055053e+00 1.474015113603614513e-05 4.234363752690850191e+01 1.567968932865871956e+01 4.793258257125151967e-01 3.681439999999999824e+00 2.244599370808988533e+04 -4.818916126051843245e-04
3.168579290339125887e+00 8.753010819007403853e+00 1.349065508077055053e+00 1.472524997484229748e-05 4.234363815787786933e+01 1.567968932865871956e+01 4.793258257125151967e-01 3.681439999999999824e+00 2.244599370808988533e+04 -4.818916126051843245e-04
3.168579290339125887e+00 8.753010819007403853e+00 1.349065508077055053e+00 1.472524997484229748e-05 4.234363752690850191e+01 1.567968956230429711e+01 4.793258257125151967e-01 3.681439999999999824e+00 2.244599370808988533e+04 -4.818916126051843245e-04
3.168579290339125887e+00 8.753010819007403853e+00 1.349065508077055053e+00 1.472524997484229748e-05 4.234363752690850191e+01 1.567968932865871956e+01 4.793258406136763905e-01 3.681439999999999824e+00 2.244599370808988533e+04 -4.818916126051843245e-04
3.168579290339125887e+00 8.753010819007403853e+00 1.349065508077055053e+00 1.472524997484229748e-05 4.234363752690850191e+01 1.567968932865871956e+01 4.793258257125151967e-01 3.681439999999999824e+00 2.244599404256125490e+04 -4.818916126051843245e-04
3.168579290339125887e+00 8.753010819007403853e+00 1.349065508077055053e+00 1.472524997484229748e-05 4.234363752690850191e+01 1.567968932865871956e+01 4.793258257125151967e-01 3.681439999999999824e+00 2.244599370808988533e+04 -4.819065137663781722e-04
3.166237459283912425e+00 8.813235393165170350e+00 1.343394407082387332e+00 4.034664916978419500e-06 4.234936868598902038e+01 1.568022985251352708e+01 4.455770086912986816e-01 3.681439999999999824e+00 2.211451161169787883e+04 -6.071670279454320293e-04
3.166237506464527396e+00 8.813235393165170350e+00 1.343394407082387332e+00 4.034664916978419500e-06 4.234936868598902038e+01 1.568022985251352708e+01 4.455770086912986816e-01 3.681439999999999824e+00 2.211451161169787883e+04 -6.071670279454320293e-04
3.166237459283912425e+00 8.813235524492611717e+00 1.343394407082387332e+00 4.034664916978419500e-06 4.234936868598902038e+01 1.568022985251352708e+01 4.455770086912986816e-01 3.681439999999999824e+00 2.211451161169787883e+04 -6.071670279454320293e-04
3.166237459283912425e+00 8.813235393165170350e+00 1.343394427100524036e+00 4.034664916978419500e-06 4.234936868598902038e+01 1.568022985251352708e+01 4.455770086912986816e-01 3.681439999999999824e+00 2.211451161169787883e+04 -6.071670279454320293e-04
3.166237459283912425e+00 8.813235393165170350e+00 1.343394407082387332e+00 4.049566078172267157e-06 4.234936868598902038e+01 1.568022985251352708e+01 4.455770086912986816e-01 3.681439999999999824e+00 2.211451161169787883e+04 -6.071670279454320293e-04
3.166237459283912425e+00 8.813235393165170350e+00 1.343394407082387332e+00 4.034664916978419500e-06 4.234936931704378793e+01 1.568022985251352708e+01 4.455770086912986816e-01 3.681439999999999824e+00 2.211451161169787883e+04 -6.071670279454320293e-04
3.166237459283912425e+00 8.813235393165170350e+00 1.343394407082387332e+00 4.034664916978419500e-06 4.234936868598902038e+01 1.568023008616716041e+01 4.455770086912986816e-01 3.681439999999999824e+00 2.211451161169787883e+04 -6.071670279454320293e-04
3.166237459283912425e+00 8.813235393165170350e+00 1.343394407082387332e+00 4.034664916978419500e-06 4.234936868598902038e+01 1.568022985251352708e+01 4.455770235924598754e-01 3.681439999999999824e+00 2.211451161169787883e+04 -6.071670279454320293e-04
3.166237459283912425e+00 8.813235393165170350e+00 1.343394407082387332e+00 4.034664916978419500e-06 4.234936868598902038e+01 1.568022985251352708e+01 4.455770086912986816e-01 3.681439999999999824e+00 2.211451194122978268e+04 -6.071670279454320293e-04
3.166237459283912425e+00 8.813235393165170350e+00 1.343394407082387332e+00 4.034664916978419500e-06 4.234936868598902038e+01 1.568022985251352708e+01 4.455770086912986816e-01 3.681439999999999824e+00 2.211451161169787883e+04 -6.071819291066258770e-04
3.166099721575248882e+00 8.815238578069639175e+00 1.343341036425414803e+00 3.745210542151969640e-06 4.234743452149452025e+01 1.571319384379372330e+01 2.509915795190031940e-01 3.681439999999999824e+00 2.211009379981096208e+04 -6.090599352068894797e-04
3.166099768753811272e+00 8.815238578069639175e+00 1.343341036425414803e+00 3.745210542151969640e-06 4.234743452149452025e+01 1.571319384379372330e+01 2.509915795190031940e-01 3.681439999999999824e+00 2.211009379981096208e+04 -6.090599352068894797e-04
3.166099721575248882e+00 8.815238709426930441e+00 1.343341036425414803e+00 3.745210542151969640e-06 4.234743452149452025e+01 1.571319384379372330e+01 2.509915795190031940e-01 3.681439999999999824e+00 2.211009379981096208e+04 -6.090599352068894797e-04
3.166099721575248882e+00 8.815238578069639175e+00 1.343341056442756143e+00 3.745210542151969640e-06 4.234743452149452025e+01 1.571319384379372330e+01 2.509915795190031940e-01 3.681439999999999824e+00 2.211009379981096208e+04 -6.090599352068894797e-04
3.166099721575248882e+00 8.815238578069639175e+00 1.343341036425414803e+00 3.760111703345817296e-06 4.234743452149452025e+01 1.571319384379372330e+01 2.509915795190031940e-01 3.681439999999999824e+00 2.211009379981096208e+04 -6.090599352068894797e-04
3.166099721575248882e+00 8.815238578069639175e+00 1.343341036425414803e+00 3.745210542151969640e-06 4.234743515252046819e+01 1.571319384379372330e+01 2.509915795190031940e-01 3.681439999999999824e+00 2.211009379981096208e+04 -6.090599352068894797e-04
3.166099721575248882e+00 8.815238578069639175e+00 1.343341036425414803e+00 3.745210542151969640e-06 4.234743452149452025e+01 1.571319407793855838e+01 2.509915795190031940e-01 3.681439999999999824e+00 2.211009379981096208e+04 -6.090599352068894797e-04
3.166099721575248882e+00 8.815238578069639175e+00 1.343341036425414803e+00 3.745210542151969640e-06 4.234743452149452025e+01 1.571319384379372330e+01 2.509915944201643878e-01 3.681439999999999824e+00 2.211009379981096208e+04 -6.090599352068894797e-04
3.166099721575248882e+00 8.815238578069639175e+00 1.343341036425414803e+00 3.745210542151969640e-06 4.234743452149452025e+01 1.571319384379372330e+01 2.509915795190031940e-01 3.681439999999999824e+00 2.211009412927703306e+04 -6.090599352068894797e-04
3.166099721575248882e+00 8.815238578069639175e+00 1.343341036425414803e+00 3.745210542151969640e-06 4.234743452149452025e+01 1.571319384379372330e+01 2.509915795190031940e-01 3.681439999999999824e+00 2.211009379981096208e+04 -6.090748363680833274e-04
3.165340180698692940e+00 8.838710609006080077e+00 1.341210136625967664e+00 3.201819017296573599e-06 4.233736399349817958e+01 1.569119648547109058e+01 1.051551786432902702e-04 3.681439999999999824e+00 2.198719725979034411e+04 -6.563113126746094282e-04
3.165340227865937273e+00 8.838710609006080077e+00 1.341210136625967664e+00 3.201819017296573599e-06 4.233736399349817958e+01 1.569119648547109058e+01 1.051551786432902702e-04 3.681439999999999824e+00 2.198719725979034411e+04 -6.563113126746094282e-04
3.165340180698692940e+00 8.838710740713132452e+00 1.341210136625967664e+00 3.201819017296573599e-06 4.233736399349817958e+01 1.569119648547109058e+01 1.051551786432902702e-04 3.681439999999999824e+00 2.198719725979034411e+04 -6.563113126746094282e-04
3.165340180698692940e+00 8.838710609006080077e+00 1.341210156611556181e+00 3.201819017296573599e-06 4.233736399349817958e+01 1.569119648547109058e+01 1.051551786432902702e-04 3.681439999999999824e+00 2.198719725979034411e+04 -6.563113126746094282e-04
3.165340180698692940e+00 8.838710609006080077e+00 1.341210136625967664e+00 3.216720178490421255e-06 4.233736399349817958e+01 1.569119648547109058e+01 1.051551786432902702e-04 3.681439999999999824e+00 2.198719725979034411e+04 -6.563113126746094282e-04
3.165340180698692940e+00 8.838710609006080077e+00 1.341210136625967664e+00 3.201819017296573599e-06 4.233736462437406800e+01 1.569119648547109058e+01 1.051551786432902702e-04 3.681439999999999824e+00 2.198719725979034411e+04 -6.563113126746094282e-04
3.165340180698692940e+00 8.838710609006080077e+00 1.341210136625967664e+00 3.201819017296573599e-06 4.233736399349817958e+01 1.569119671928813808e+01 1.051551786432902702e-04 3.681439999999999824e+00 2.198719725979034411e+04 -6.563113126746094282e-04
3.165340180698692940e+00 8.838710609006080077e+00 1.341210136625967664e+00 3.201819017296573599e-06 4.233736399349817958e+01 1.569119648547109058e+01 1.051700798044841179e-04 3.681439999999999824e+00 2.198719725979034411e+04 -6.563113126746094282e-04
3.165340180698692940e+00 8.838710609006080077e+00 1.341210136625967664e+00 3.201819017296573599e-06 4.233736399349817958e+01 1.569119648547109058e+01 1.051551786432902702e-04 3.681439999999999824e+00 2.198719758742511476e+04 -6.563113126746094282e-04
3.165340180698692940e+00 8.838710609006080077e+00 1.341210136625967664e+00 3.201819017296573599e-06 4.233736399349817958e+01 1.569119648547109058e+01 1.051551786432902702e-04 3.681439999999999824e+00 2.198719725979034411e+04 -6.563262138358032759e-04
3.165238479534728366e+00 8.840364928217626428e+00 1.341068764637176836e+00 2.511717297682542944e-06 4.233614209945996976e+01 1.569119648547182955e+01 1.051551786444388198e-04 3.681439999999999824e+00 2.197834165372079224e+04 -6.597507879887887661e-04
3.165238526700457022e+00 8.840364928217626428e+00 1.341068764637176836e+00 2.511717297682542944e-06 4.233614209945996976e+01 1.569119648547182955e+01 1.051551786444388198e-04 3.681439999999999824e+00 2.197834165372079224e+04 -6.597507879887887661e-04
3.165238479534728366e+00 8.840365059949329307e+00 1.341068764637176836e+00 2.511717297682542944e-06 4.233614209945996976e+01 1.569119648547182955e+01 1.051551786444388198e-04 3.681439999999999824e+00 2.197834165372079224e+04 -6.597507879887887661e-04
3.165238479534728366e+00 8.840364928217626428e+00 1.341068784620658594e+00 2.511717297682542944e-06 4.233614209945996976e+01 1.569119648547182955e+01 1.051551786444388198e-04 3.681439999999999824e+00 2.197834165372079224e+04 -6.597507879887887661e-04
3.165238479534728366e+00 8.840364928217626428e+00 1.341068764637176836e+00 2.526618458876390600e-06 4.233614209945996976e+01 1.569119648547182955e+01 1.051551786444388198e-04 3.681439999999999824e+00 2.197834165372079224e+04 -6.597507879887887661e-04
3.165238479534728366e+00 8.840364928217626428e+00 1.341068764637176836e+00 2.511717297682542944e-06 4.233614273031764696e+01 1.569119648547182955e+01 1.051551786444388198e-04 3.681439999999999824e+00 2.197834165372079224e+04 -6.597507879887887661e-04
3.165238479534728366e+00 8.840364928217626428e+00 1.341068764637176836e+00 2.511717297682542944e-06 4.233614209945996976e+01 1.569119671928887705e+01 1.051551786444388198e-04 3.681439999999999824e+00 2.197834165372079224e+04 -6.597507879887887661e-04
3.165238479534728366e+00 8.840364928217626428e+00 1.341068764637176836e+00 2.511717297682542944e-06 4.233614209945996976e+01 1.569119648547182955e+01 1.051700798056326674e-04 3.681439999999999824e+00 2.197834165372079224e+04 -6.597507879887887661e-04
3.165238479534728366e+00 8.840364928217626428e+00 1.341068764637176836e+00 2.511717297682542944e-06 4.233614209945996976e+01 1.569119648547182955e+01 1.051551786444388198e-04 3.681439999999999824e+00 2.197834198122360249e+04 -6.597507879887887661e-04
3.165238479534728366e+00 8.840364928217626428e+00 1.341068764637176836e+00 2.511717297682542944e-06 4.233614209945996976e+01 1.569119648547182955e+01 1.051551786444388198e-04 3.681439999999999824e+00 2.197834165372079224e+04 -6.597656891499826138e-04
3.164927263259404544e+00 8.850286358195862846e+00 1.340177292287556332e+00 2.286383374756313045e-06 4.233157143882274198e+01 1.501544868084495121e+01 7.393099452849774154e-05 3.681439999999999824e+00 2.192719914980426620e+04 -6.795479470553033923e-04
3.164927310420496021e+00 8.850286358195862846e+00 1.340177292287556332e+00 2.286383374756313045e-06 4.233157143882274198e+01 1.501544868084495121e+01 7.393099452849774154e-05 3.681439999999999824e+00 2.192719914980426620e+04 -6.795479470553033923e-04
3.164927263259404544e+00 8.850286490075406576e+00 1.340177292287556332e+00 2.286383374756313045e-06 4.233157143882274198e+01 1.501544868084495121e+01 7.393099452849774154e-05 3.681439999999999824e+00 2.192719914980426620e+04 -6.795479470553033923e-04
3.164927263259404544e+00 8.850286358195862846e+00 1.340177312257754272e+00 2.286383374756313045e-06 4.233157143882274198e+01 1.501544868084495121e+01 7.393099452849774154e-05 3.681439999999999824e+00 2.192719914980426620e+04 -6.795479470553033923e-04
3.164927263259404544e+00 8.850286358195862846e+00 1.340177292287556332e+00 2.301284535950160701e-06 4.233157143882274198e+01 1.501544868084495121e+01 7.393099452849774154e-05 3.681439999999999824e+00 2.192719914980426620e+04 -6.795479470553033923e-04
3.164927263259404544e+00 8.850286358195862846e+00 1.340177292287556332e+00 2.286383374756313045e-06 4.233157206961231367e+01 1.501544868084495121e+01 7.393099452849774154e-05 3.681439999999999824e+00 2.192719914980426620e+04 -6.795479470553033923e-04
3.164927263259404544e+00 8.850286358195862846e+00 1.340177292287556332e+00 2.286383374756313045e-06 4.233157143882274198e+01 1.501544890459257253e+01 7.393099452849774154e-05 3.681439999999999824e+00 2.192719914980426620e+04 -6.795479470553033923e-04
3.164927263259404544e+00 8.850286358195862846e+00 1.340177292287556332e+00 2.286383374756313045e-06 4.233157143882274198e+01 1.501544868084495121e+01 7.394589568969158920e-05 3.681439999999999824e+00 2.192719914980426620e+04 -6.795479470553033923e-04
3.164927263259404544e+00 8.850286358195862846e+00 1.340177292287556332e+00 2.286383374756313045e-06 4.233157143882274198e+01 1.501544868084495121e+01 7.393099452849774154e-05 3.681439999999999824e+00 2.192719947654499629e+04 -6.795479470553033923e-04
3.164927263259404544e+00 8.850286358195862846e+00 1.340177292287556332e+00 2.286383374756313045e-06 4.233157143882274198e+01 1.501544868084495121e+01 7.393099452849774154e-05 3.681439999999999824e+00 2.192719914980426620e+04 -6.795628482164972400e-04
3.164795560350355696e+00 8.853632475026614657e+00 1.339875158051421877e+00 1.365435738419859754e-06 4.232995913686154665e+01 1.501544868084520701e+01 7.393099452535154947e-05 3.681439999999999824e+00 2.190948793766365634e+04 -6.864116233584209234e-04
3.164795607509484299e+00 8.853632475026614657e+00 1.339875158051421877e+00 1.365435738419859754e-06 4.232995913686154665e+01 1.501544868084520701e+01 7.393099452535154947e-05 3.681439999999999824e+00 2.190948793766365634e+04 -6.864116233584209234e-04
3.164795560350355696e+00 8.853632606956018947e+00 1.339875158051421877e+00 1.365435738419859754e-06 4.232995913686154665e+01 1.501544868084520701e+01 7.393099452535154947e-05 3.681439999999999824e+00 2.190948793766365634e+04 -6.864116233584209234e-04
3.164795560350355696e+00 8.853632475026614657e+00 1.339875178017117641e+00 1.365435738419859754e-06 4.232995913686154665e+01 1.501544868084520701e+01 7.393099452535154947e-05 3.681439999999999824e+00 2.190948793766365634e+04 -6.864116233584209234e-04
3.164795560350355696e+00 8.853632475026614657e+00 1.339875158051421877e+00 1.380336899613707410e-06 4.232995913686154665e+01 1.501544868084520701e+01 7.393099452535154947e-05 3.681439999999999824e+00 2.190948793766365634e+04 -6.864116233584209234e-04
3.164795560350355696e+00 8.853632475026614657e+00 1.339875158051421877e+00 1.365435738419859754e-06 4.232995976762708779e+01 1.501544868084520701e+01 7.393099452535154947e-05 3.681439999999999824e+00 2.190948793766365634e+04 -6.864116233584209234e-04
3.164795560350355696e+00 8.853632475026614657e+00 1.339875158051421877e+00 1.365435738419859754e-06 4.232995913686154665e+01 1.501544890459282833e+01 7.393099452535154947e-05 3.681439999999999824e+00 2.190948793766365634e+04 -6.864116233584209234e-04
3.164795560350355696e+00 8.853632475026614657e+00 1.339875158051421877e+00 1.365435738419859754e-06 4.232995913686154665e+01 1.501544868084520701e+01 7.394589568654539712e-05 3.681439999999999824e+00 2.190948793766365634e+04 -6.864116233584209234e-04
3.164795560350355696e+00 8.853632475026614657e+00 1.339875158051421877e+00 1.365435738419859754e-06 4.232995913686154665e+01 1.501544868084520701e+01 7.393099452535154947e-05 3.681439999999999824e+00 2.190948826414046925e+04 -6.864116233584209234e-04
3.164795560350355696e+00 8.853632475026614657e+00 1.339875158051421877e+00 1.365435738419859754e-06 4.232995913686154665e+01 1.501544868084520701e+01 7.393099452535154947e-05 3.681439999999999824e+00 2.190948793766365634e+04 -6.864265245196147711e-04
3.164672811557714738e+00 8.857669501646487475e+00 1.339514824961465678e+00 1.309359066476541444e-06 4.232779712670991046e+01 1.449662097306277886e+01 8.677379576138642258e-05 3.681439999999999824e+00 2.188886838049819926e+04 -6.944225538000289334e-04
3.164672858715014581e+00 8.857669501646487475e+00 1.339514824961465678e+00 1.309359066476541444e-06 4.232779712670991046e+01 1.449662097306277886e+01 8.677379576138642258e-05 3.681439999999999824e+00 2.188886838049819926e+04 -6.944225538000289334e-04
3.164672811557714738e+00 8.857669633636048090e+00 1.339514824961465678e+00 1.309359066476541444e-06 4.232779712670991046e+01 1.449662097306277886e+01 8.677379576138642258e-05 3.681439999999999824e+00 2.188886838049819926e+04 -6.944225538000289334e-04
3.164672811557714738e+00 8.857669501646487475e+00 1.339514844921791958e+00 1.309359066476541444e-06 4.232779712670991046e+01 1.449662097306277886e+01 8.677379576138642258e-05 3.681439999999999824e+00 2.188886838049819926e+04 -6.944225538000289334e-04
3.164672811557714738e+00 8.857669501646487475e+00 1.339514824961465678e+00 1.324260227670389100e-06 4.232779712670991046e+01 1.449662097306277886e+01 8.677379576138642258e-05 3.681439999999999824e+00 2.188886838049819926e+04 -6.944225538000289334e-04
3.164672811557714738e+00 8.857669501646487475e+00 1.339514824961465678e+00 1.309359066476541444e-06 4.232779775744323558e+01 1.449662097306277886e+01 8.677379576138642258e-05 3.681439999999999824e+00 2.188886838049819926e+04 -6.944225538000289334e-04
3.164672811557714738e+00 8.857669501646487475e+00 1.339514824961465678e+00 1.309359066476541444e-06 4.232779712670991046e+01 1.449662118907926533e+01 8.677379576138642258e-05 3.681439999999999824e+00 2.188886838049819926e+04 -6.944225538000289334e-04
3.164672811557714738e+00 8.857669501646487475e+00 1.339514824961465678e+00 1.309359066476541444e-06 4.232779712670991046e+01 1.449662097306277886e+01 8.678869692258027024e-05 3.681439999999999824e+00 2.188886838049819926e+04 -6.944225538000289334e-04
3.164672811557714738e+00 8.857669501646487475e+00 1.339514824961465678e+00 1.309359066476541444e-06 4.232779712670991046e+01 1.449662097306277886e+01 8.677379576138642258e-05 3.681439999999999824e+00 2.188886870666775576e+04 -6.944225538000289334e-04
3.164672811557714738e+00 8.857669501646487475e+00 1.339514824961465678e+00 1.309359066476541444e-06 4.232779712670991046e+01 1.449662097306277886e+01 8.677379576138642258e-05 3.681439999999999824e+00 2.188886838049819926e+04 -6.944374549612227811e-04
3.164438288487738227e+00 8.864504401236569464e+00 1.338899940195468874e+00 6.019915507838338772e-07 4.232523687029908643e+01 1.449662097306366171e+01 8.677379575717699409e-05 3.681439999999999824e+00 2.185344595622746056e+04 -7.081920542991856568e-04
3.164438335641543087e+00 8.864504401236569464e+00 1.338899940195468874e+00 6.019915507838338772e-07 4.232523687029908643e+01 1.449662097306366171e+01 8.677379575717699409e-05 3.681439999999999824e+00 2.185344595622746056e+04 -7.081920542991856568e-04
3.164438288487738227e+00 8.864504533327979274e+00 1.338899940195468874e+00 6.019915507838338772e-07 4.232523687029908643e+01 1.449662097306366171e+01 8.677379575717699409e-05 3.681439999999999824e+00 2.185344595622746056e+04 -7.081920542991856568e-04
3.164438288487738227e+00 8.864504401236569464e+00 1.338899960146632706e+00 6.019915507838338772e-07 4.232523687029908643e+01 1.449662097306366171e+01 8.677379575717699409e-05 3.681439999999999824e+00 2.185344595622746056e+04 -7.081920542991856568e-04
3.164438288487738227e+00 8.864504401236569464e+00 1.338899940195468874e+00 6.168927119776815335e-07 4.232523687029908643e+01 1.449662097306366171e+01 8.677379575717699409e-05 3.681439999999999824e+00 2.185344595622746056e+04 -7.081920542991856568e-04
3.164438288487738227e+00 8.864504401236569464e+00 1.338899940195468874e+00 6.019915507838338772e-07 4.232523750099426252e+01 1.449662097306366171e+01 8.677379575717699409e-05 3.681439999999999824e+00 2.185344595622746056e+04 -7.081920542991856568e-04
3.164438288487738227e+00 8.864504401236569464e+00 1.338899940195468874e+00 6.019915507838338772e-07 4.232523687029908643e+01 1.449662118908014818e+01 8.677379575717699409e-05 3.681439999999999824e+00 2.185344595622746056e+04 -7.081920542991856568e-04
3.164438288487738227e+00 8.864504401236569464e+00 1.338899940195468874e+00 6.019915507838338772e-07 4.232523687029908643e+01 1.449662097306366171e+01 8.678869691837084175e-05 3.681439999999999824e+00 2.185344595622746056e+04 -7.081920542991856568e-04
3.164438288487738227e+00 8.864504401236569464e+00 1.338899940195468874e+00 6.019915507838338772e-07 4.232523687029908643e+01 1.449662097306366171e+01 8.677379575717699409e-05 3.681439999999999824e+00 2.185344628186918271e+04 -7.081920542991856568e-04
3.164438288487738227e+00 8.864504401236569464e+00 1.338899940195468874e+00 6.019915507838338772e-07 4.232523687029908643e+01 1.449662097306366171e+01 8.677379575717699409e-05 3.681439999999999824e+00 2.185344595622746056e+04 -7.082069554603795045e-04
3.164008497562949440e+00 8.878390429634265502e+00 1.337663027548710248e+00 2.689576924290652671e-07 4.231730311772106745e+01 1.449662097306319453e+01 8.677379574244953059e-05 3.681439999999999824e+00 2.178260110772468761e+04 -7.358049358891400075e-04
3.164008544710350090e+00 8.878390429634265502e+00 1.337663027548710248e+00 2.689576924290652671e-07 4.231730311772106745e+01 1.449662097306319453e+01 8.677379574244953059e-05 3.681439999999999824e+00 2.178260110772468761e+04 -7.358049358891400075e-04
3.164008497562949440e+00 8.878390561932592462e+00 1.337663027548710248e+00 2.689576924290652671e-07 4.231730311772106745e+01 1.449662097306319453e+01 8.677379574244953059e-05 3.681439999999999824e+00 2.178260110772468761e+04 -7.358049358891400075e-04
3.164008497562949440e+00 8.878390429634265502e+00 1.337663047481442602e+00 2.689576924290652671e-07 4.231730311772106745e+01 1.449662097306319453e+01 8.677379574244953059e-05 3.681439999999999824e+00 2.178260110772468761e+04 -7.358049358891400075e-04
3.164008497562949440e+00 8.878390429634265502e+00 1.337663027548710248e+00 2.838588536229129234e-07 4.231730311772106745e+01 1.449662097306319453e+01 8.677379574244953059e-05 3.681439999999999824e+00 2.178260110772468761e+04 -7.358049358891400075e-04
3.164008497562949440e+00 8.878390429634265502e+00 1.337663027548710248e+00 2.689576924290652671e-07 4.231730374829802344e+01 1.449662097306319453e+01 8.677379574244953059e-05 3.681439999999999824e+00 2.178260110772468761e+04 -7.358049358891400075e-04
3.164008497562949440e+00 8.878390429634265502e+00 1.337663027548710248e+00 2.689576924290652671e-07 4.231730311772106745e+01 1.449662118907968100e+01 8.677379574244953059e-05 3.681439999999999824e+00 2.178260110772468761e+04 -7.358049358891400075e-04
3.164008497562949440e+00 8.878390429634265502e+00 1.337663027548710248e+00 2.689576924290652671e-07 4.231730311772106745e+01 1.449662097306319453e+01 8.678869690364337825e-05 3.681439999999999824e+00 2.178260110772468761e+04 -7.358049358891400075e-04
3.164008497562949440e+00 8.878390429634265502e+00 1.337663027548710248e+00 2.689576924290652671e-07 4.231730311772106745e+01 1.449662097306319453e+01 8.677379574244953059e-05 3.681439999999999824e+00 2.178260143231073744e+04 -7.358049358891400075e-04
3.164008497562949440e+00 8.878390429634265502e+00 1.337663027548710248e+00 2.689576924290652671e-07 4.231730311772106745e+01 1.449662097306319453e+01 8.677379574244953059e-05 3.681439999999999824e+00 2.178260110772468761e+04 -7.358198370503338552e-04
3.162933049001988906e+00 8.906366178398201328e+00 1.335182264754054549e+00 1.594894576768529602e-07 4.230210534951820733e+01 1.449662097305148833e+01 8.677379594480753129e-05 3.681439999999999824e+00 2.164091141075561245e+04 -7.912869024780106028e-04
3.163712745207166055e+00 8.885241254457364235e+00 1.337047968758871885e+00 1.607848301224946082e-07 4.231365384982327527e+01 1.449662097306196351e+01 8.677379576373327305e-05 3.681439999999999824e+00 2.174717868345465467e+04 -7.497221650617525443e-04
3.163712792350159564e+00 8.885241254457364235e+00 1.337047968758871885e+00 1.607848301224946082e-07 4.231365384982327527e+01 1.449662097306196351e+01 8.677379576373327305e-05 3.681439999999999824e+00 2.174717868345465467e+04 -7.497221650617525443e-04
3.163712745207166055e+00 8.885241386857776646e+00 1.337047968758871885e+00 1.607848301224946082e-07 4.231365384982327527e+01 1.449662097306196351e+01 8.677379576373327305e-05 3.681439999999999824e+00 2.174717868345465467e+04 -7.497221650617525443e-04
3.163712745207166055e+00 8.885241254457364235e+00 1.337047988682439126e+00 1.607848301224946082e-07 4.231365384982327527e+01 1.449662097306196351e+01 8.677379576373327305e-05 3.681439999999999824e+00 2.174717868345465467e+04 -7.497221650617525443e-04
3.163712745207166055e+00 8.885241254457364235e+00 1.337047968758871885e+00 1.756859913163422645e-07 4.231365384982327527e+01 1.449662097306196351e+01 8.677379576373327305e-05 3.681439999999999824e+00 2.174717868345465467e+04 -7.497221650617525443e-04
3.163712745207166055e+00 8.885241254457364235e+00 1.337047968758871885e+00 1.607848301224946082e-07 4.231365448034585341e+01 1.449662097306196351e+01 8.677379576373327305e-05 3.681439999999999824e+00 2.174717868345465467e+04 -7.497221650617525443e-04
3.163712745207166055e+00 8.885241254457364235e+00 1.337047968758871885e+00 1.607848301224946082e-07 4.231365384982327527e+01 1.449662118907844999e+01 8.677379576373327305e-05 3.681439999999999824e+00 2.174717868345465467e+04 -7.497221650617525443e-04
3.163712745207166055e+00 8.885241254457364235e+00 1.337047968758871885e+00 1.607848301224946082e-07 4.231365384982327527e+01 1.449662097306196351e+01 8.678869692492712071e-05 3.681439999999999824e+00 2.174717868345465467e+04 -7.497221650617525443e-04
3.163712745207166055e+00 8.885241254457364235e+00 1.337047968758871885e+00 1.607848301224946082e-07 4.231365384982327527e+01 1.449662097306196351e+01 8.677379576373327305e-05 3.681439999999999824e+00 2.174717900751287016e+04 -7.497221650617525443e-04
3.163712745207166055e+00 8.885241254457364235e+00 1.337047968758871885e+00 1.607848301224946082e-07 4.231365384982327527e+01 1.449662097306196351e+01 8.677379576373327305e-05 3.681439999999999824e+00 2.174717868345465467e+04 -7.497370662229463920e-04
3.163712956059424819e+00 8.885241170479211803e+00 1.337048037538479006e+00 1.629985524224003808e-07 4.231365385170158788e+01 1.449662097306196351e+01 8.677379576373327305e-05 3.681439999999999824e+00 2.174717868331533100e+04 -7.465902687664142815e-04
3.163713003202421437e+00 8.885241170479211803e+00 1.337048037538479006e+00 1.629985524224003808e-07 4.231365385170158788e+01 1.449662097306196351e+01 8.677379576373327305e-05 3.681439999999999824e+00 2.174717868331533100e+04 -7.465902687664142815e-04
3.163712956059424819e+00 8.885241302879622438e+00 1.337048037538479006e+00 1.629985524224003808e-07 4.231365385170158788e+01 1.449662097306196351e+01 8.677379576373327305e-05 3.681439999999999824e+00 2.174717868331533100e+04 -7.465902687664142815e-04
3.163712956059424819e+00 8.885241170479211803e+00 1.337048057462047357e+00 1.629985524224003808e-07 4.231365385170158788e+01 1.449662097306196351e+01 8.677379576373327305e-05 3.681439999999999824e+00 2.174717868331533100e+04 -7.465902687664142815e-04
3.163712956059424819e+00 8.885241170479211803e+00 1.337048037538479006e+00 1.778997136162480370e-07 4.231365385170158788e+01 1.449662097306196351e+01 8.677379576373327305e-05 3.681439999999999824e+00 2.174717868331533100e+04 -7.465902687664142815e-04
3.163712956059424819e+00 8.885241170479211803e+00 1.337048037538479006e+00 1.629985524224003808e-07 4.231365448222416603e+01 1.449662097306196351e+01 8.677379576373327305e-05 3.681439999999999824e+00 2.174717868331533100e+04 -7.465902687664142815e-04
3.163712956059424819e+00 8.885241170479211803e+00 1.337048037538479006e+00 1.629985524224003808e-07 4.231365385170158788e+01 1.449662118907844999e+01 8.677379576373327305e-05 3.681439999999999824e+00 2.174717868331533100e+04 -7.465902687664142815e-04
3.163712956059424819e+00 8.885241170479211803e+00 1.337048037538479006e+00 1.629985524224003808e-07 4.231365385170158788e+01 1.449662097306196351e+01 8.678869692492712071e-05 3.681439999999999824e+00 2.174717868331533100e+04 -7.465902687664142815e-04
3.163712956059424819e+00 8.885241170479211803e+00 1.337048037538479006e+00 1.629985524224003808e-07 4.231365385170158788e+01 1.449662097306196351e+01 8.677379576373327305e-05 3.681439999999999824e+00 2.174717900737354648e+04 -7.465902687664142815e-04
3.163712956059424819e+00 8.885241170479211803e+00 1.337048037538479006e+00 1.629985524224003808e-07 4.231365385170158788e+01 1.449662097306196351e+01 8.677379576373327305e-05 3.681439999999999824e+00 2.174717868331533100e+04 -7.466051699276081291e-04
