3.205843000000000220e+00 7.511125999999999969e+00 1.235333999999999932e+00 1.528337999999999867e-05 3.753042800000000057e+01 1.549994700000000059e+01 7.954442999999999930e-01 3.681439999999999824e+00 2.571453499999999985e+04 0.000000000000000000e+00
3.205843047770783549e+00 7.511125999999999969e+00 1.235333999999999932e+00 1.528337999999999867e-05 3.753042800000000057e+01 1.549994700000000059e+01 7.954442999999999930e-01 3.681439999999999824e+00 2.571453499999999985e+04 0.000000000000000000e+00
3.205843000000000220e+00 7.511126111924498971e+00 1.235333999999999932e+00 1.528337999999999867e-05 3.753042800000000057e+01 1.549994700000000059e+01 7.954442999999999930e-01 3.681439999999999824e+00 2.571453499999999985e+04 0.000000000000000000e+00
3.205843000000000220e+00 7.511125999999999969e+00 1.235334018407910905e+00 1.528337999999999867e-05 3.753042800000000057e+01 1.549994700000000059e+01 7.954442999999999930e-01 3.681439999999999824e+00 2.571453499999999985e+04 0.000000000000000000e+00
3.205843000000000220e+00 7.511125999999999969e+00 1.235333999999999932e+00 1.529828116119384633e-05 3.753042800000000057e+01 1.549994700000000059e+01 7.954442999999999930e-01 3.681439999999999824e+00 2.571453499999999985e+04 0.000000000000000000e+00
3.205843000000000220e+00 7.511125999999999969e+00 1.235333999999999932e+00 1.528337999999999867e-05 3.753042855924695687e+01 1.549994700000000059e+01 7.954442999999999930e-01 3.681439999999999824e+00 2.571453499999999985e+04 0.000000000000000000e+00
3.205843000000000220e+00 7.511125999999999969e+00 1.235333999999999932e+00 1.528337999999999867e-05 3.753042800000000057e+01 1.549994700000000059e+01 7.954442999999999930e-01 3.681439999999999824e+00 2.571453538317642960e+04 0.000000000000000000e+00
3.205843000000000220e+00 7.511125999999999969e+00 1.235333999999999932e+00 1.528337999999999867e-05 3.753042800000000057e+01 1.549994700000000059e+01 7.954442999999999930e-01 3.681439999999999824e+00 2.571453499999999985e+04 1.490116119384765625e-08
3.191379303552792202e+00 7.511125774942289723e+00 1.422157711587859419e+00 2.997980945566835476e-01 3.658440727494376432e+01 1.549994700000000059e+01 7.954442999999999930e-01 3.681439999999999824e+00 2.571450809072297852e+04 -2.512777451031732797e-04
3.191379351108049711e+00 7.511125774942289723e+00 1.422157711587859419e+00 2.997980945566835476e-01 3.658440727494376432e+01 1.549994700000000059e+01 7.954442999999999930e-01 3.681439999999999824e+00 2.571450809072297852e+04 -2.512777451031732797e-04
3.191379303552792202e+00 7.511125886866786061e+00 1.422157711587859419e+00 2.997980945566835476e-01 3.658440727494376432e+01 1.549994700000000059e+01 7.954442999999999930e-01 3.681439999999999824e+00 2.571450809072297852e+04 -2.512777451031732797e-04
3.191379303552792202e+00 7.511125774942289723e+00 1.422157732779660622e+00 2.997980945566835476e-01 3.658440727494376432e+01 1.549994700000000059e+01 7.954442999999999930e-01 3.681439999999999824e+00 2.571450809072297852e+04 -2.512777451031732797e-04
3.191379303552792202e+00 7.511125774942289723e+00 1.422157711587859419e+00 2.997981094578447414e-01 3.658440727494376432e+01 1.549994700000000059e+01 7.954442999999999930e-01 3.681439999999999824e+00 2.571450809072297852e+04 -2.512777451031732797e-04
3.191379303552792202e+00 7.511125774942289723e+00 1.422157711587859419e+00 2.997980945566835476e-01 3.658440782009391512e+01 1.549994700000000059e+01 7.954442999999999930e-01 3.681439999999999824e+00 2.571450809072297852e+04 -2.512777451031732797e-04
3.191379303552792202e+00 7.511125774942289723e+00 1.422157711587859419e+00 2.997980945566835476e-01 3.658440727494376432e+01 1.549994700000000059e+01 7.954442999999999930e-01 3.681439999999999824e+00 2.571450847389900810e+04 -2.512777451031732797e-04
3.191379303552792202e+00 7.511125774942289723e+00 1.422157711587859419e+00 2.997980945566835476e-01 3.658440727494376432e+01 1.549994700000000059e+01 7.954442999999999930e-01 3.681439999999999824e+00 2.571450809072297852e+04 -2.512926462643671273e-04
3.195365876948438100e+00 7.511125811725354318e+00 1.437939677492309665e+00 3.319476125710538739e-01 3.687096716527572937e+01 1.549994700000000059e+01 7.954442999999999930e-01 3.681439999999999824e+00 2.571450407062596423e+04 -2.503103431482163921e-04
3.195365924563100091e+00 7.511125811725354318e+00 1.437939677492309665e+00 3.319476125710538739e-01 3.687096716527572937e+01 1.549994700000000059e+01 7.954442999999999930e-01 3.681439999999999824e+00 2.571450407062596423e+04 -2.503103431482163921e-04
3.195365876948438100e+00 7.511125923649850655e+00 1.437939677492309665e+00 3.319476125710538739e-01 3.687096716527572937e+01 1.549994700000000059e+01 7.954442999999999930e-01 3.681439999999999824e+00 2.571450407062596423e+04 -2.503103431482163921e-04
3.195365876948438100e+00 7.511125811725354318e+00 1.437939698919280529e+00 3.319476125710538739e-01 3.687096716527572937e+01 1.549994700000000059e+01 7.954442999999999930e-01 3.681439999999999824e+00 2.571450407062596423e+04 -2.503103431482163921e-04
3.195365876948438100e+00 7.511125811725354318e+00 1.437939677492309665e+00 3.319476274722150677e-01 3.687096716527572937e+01 1.549994700000000059e+01 7.954442999999999930e-01 3.681439999999999824e+00 2.571450407062596423e+04 -2.503103431482163921e-04
3.195365876948438100e+00 7.511125811725354318e+00 1.437939677492309665e+00 3.319476125710538739e-01 3.687096771469595780e+01 1.549994700000000059e+01 7.954442999999999930e-01 3.681439999999999824e+00 2.571450407062596423e+04 -2.503103431482163921e-04
3.195365876948438100e+00 7.511125811725354318e+00 1.437939677492309665e+00 3.319476125710538739e-01 3.687096716527572937e+01 1.549994700000000059e+01 7.954442999999999930e-01 3.681439999999999824e+00 2.571450445380193560e+04 -2.503103431482163921e-04
3.195365876948438100e+00 7.511125811725354318e+00 1.437939677492309665e+00 3.319476125710538739e-01 3.687096716527572937e+01 1.549994700000000059e+01 7.954442999999999930e-01 3.681439999999999824e+00 2.571450407062596423e+04 -2.503252443094102398e-04
3.208105464587830191e+00 7.444593117234315827e+00 1.406167696954083501e+00 3.258028233528380002e-01 3.705231017433088425e+01 1.549994700000000059e+01 7.954442999999999930e-01 3.681439999999999824e+00 2.587925350597013676e+04 -3.676406888415082721e-04
3.206997768267144000e+00 7.457332198586400729e+00 1.404161929870204828e+00 3.254906902885680853e-01 3.703776681197233955e+01 1.549994700000000059e+01 7.954442999999999930e-01 3.681439999999999824e+00 2.575569137819397656e+04 -4.171277590809325435e-04
3.206720850138451429e+00 7.460517077744139414e+00 1.403660486269011409e+00 3.254126654615868697e-01 3.703413049369362398e+01 1.549994700000000059e+01 7.954442999999999930e-01 3.681439999999999824e+00 2.572480070418510513e+04 -4.294993589755223377e-04
3.206651644334303164e+00 7.461313733362669787e+00 1.403535118317198238e+00 3.253931930765781577e-01 3.703321950135457286e+01 1.549994700000000059e+01 7.954442999999999930e-01 3.681439999999999824e+00 2.571707746731740554e+04 -4.325915865327402019e-04
3.206634434126586441e+00 7.461514670431808049e+00 1.403503761393692706e+00 3.253884637167136495e-01 3.703298399023918108e+01 1.549994700000000059e+01 7.954442999999999930e-01 3.681439999999999824e+00 2.571514437730668578e+04 -4.333618620770070566e-04
3.206630567764988449e+00 7.461572689706610362e+00 1.403495796105079796e+00 3.253878912604136753e-01 3.703289073102714468e+01 1.549994700000000059e+01 7.954442999999999930e-01 3.681439999999999824e+00 2.571465146107060718e+04 -4.335421073405774841e-04
3.208156944100565955e+00 7.486368789882439145e+00 1.403858242440268800e+00 3.281148121082489433e-01 3.693218601554693237e+01 1.549994700000000059e+01 7.954442999999999930e-01 3.681439999999999824e+00 2.571450409521388792e+04 -3.725247829378000412e-04
3.199984559129877226e+00 7.510518951728863080e+00 1.426312532758239993e+00 3.318281203816523806e-01 3.687153810842023205e+01 1.549994700000000059e+01 7.954442999999999930e-01 3.681439999999999824e+00 2.571450407091343732e+04 -2.683947836313945075e-04
3.196395669045940302e+00 7.511002474615027680e+00 1.435009638967416068e+00 3.319223857783302756e-01 3.687103791447638201e+01 1.549994700000000059e+01 7.954442999999999930e-01 3.681439999999999824e+00 2.571450407068578716e+04 -2.507221329325309118e-04
3.196395716675947352e+00 7.511002474615027680e+00 1.435009638967416068e+00 3.319223857783302756e-01 3.687103791447638201e+01 1.549994700000000059e+01 7.954442999999999930e-01 3.681439999999999824e+00 2.571450407068578716e+04 -2.507221329325309118e-04
3.196395669045940302e+00 7.511002586537686376e+00 1.435009638967416068e+00 3.319223857783302756e-01 3.687103791447638201e+01 1.549994700000000059e+01 7.954442999999999930e-01 3.681439999999999824e+00 2.571450407068578716e+04 -2.507221329325309118e-04
3.196395669045940302e+00 7.511002474615027680e+00 1.435009660350726080e+00 3.319223857783302756e-01 3.687103791447638201e+01 1.549994700000000059e+01 7.954442999999999930e-01 3.681439999999999824e+00 2.571450407068578716e+04 -2.507221329325309118e-04
3.196395669045940302e+00 7.511002474615027680e+00 1.435009638967416068e+00 3.319224006794914694e-01 3.687103791447638201e+01 1.549994700000000059e+01 7.954442999999999930e-01 3.681439999999999824e+00 2.571450407068578716e+04 -2.507221329325309118e-04
3.196395669045940302e+00 7.511002474615027680e+00 1.435009638967416068e+00 3.319223857783302756e-01 3.687103846389766204e+01 1.549994700000000059e+01 7.954442999999999930e-01 3.681439999999999824e+00 2.571450407068578716e+04 -2.507221329325309118e-04
3.196395669045940302e+00 7.511002474615027680e+00 1.435009638967416068e+00 3.319223857783302756e-01 3.687103791447638201e+01 1.549994700000000059e+01 7.954442999999999930e-01 3.681439999999999824e+00 2.571450445386175852e+04 -2.507221329325309118e-04
3.196395669045940302e+00 7.511002474615027680e+00 1.435009638967416068e+00 3.319223857783302756e-01 3.687103791447638201e+01 1.549994700000000059e+01 7.954442999999999930e-01 3.681439999999999824e+00 2.571450407068578716e+04 -2.507370340937247594e-04
3.197294674663552438e+00 7.510864277509318399e+00 1.432063871242361452e+00 3.319090677109410303e-01 3.687106503966369786e+01 1.549994700000000059e+01 7.954442999999999930e-01 3.681439999999999824e+00 2.571450407074952818e+04 -2.573608512570955639e-04
3.197294722306955883e+00 7.510864277509318399e+00 1.432063871242361452e+00 3.319090677109410303e-01 3.687106503966369786e+01 1.549994700000000059e+01 7.954442999999999930e-01 3.681439999999999824e+00 2.571450407074952818e+04 -2.573608512570955639e-04
3.197294674663552438e+00 7.510864389429917409e+00 1.432063871242361452e+00 3.319090677109410303e-01 3.687106503966369786e+01 1.549994700000000059e+01 7.954442999999999930e-01 3.681439999999999824e+00 2.571450407074952818e+04 -2.573608512570955639e-04
3.197294674663552438e+00 7.510864277509318399e+00 1.432063892581776132e+00 3.319090677109410303e-01 3.687106503966369786e+01 1.549994700000000059e+01 7.954442999999999930e-01 3.681439999999999824e+00 2.571450407074952818e+04 -2.573608512570955639e-04
3.197294674663552438e+00 7.510864277509318399e+00 1.432063871242361452e+00 3.319090826121022242e-01 3.687106503966369786e+01 1.549994700000000059e+01 7.954442999999999930e-01 3.681439999999999824e+00 2.571450407074952818e+04 -2.573608512570955639e-04
3.197294674663552438e+00 7.510864277509318399e+00 1.432063871242361452e+00 3.319090677109410303e-01 3.687106558908538290e+01 1.549994700000000059e+01 7.954442999999999930e-01 3.681439999999999824e+00 2.571450407074952818e+04 -2.573608512570955639e-04
3.197294674663552438e+00 7.510864277509318399e+00 1.432063871242361452e+00 3.319090677109410303e-01 3.687106503966369786e+01 1.549994700000000059e+01 7.954442999999999930e-01 3.681439999999999824e+00 2.571450445392549955e+04 -2.573608512570955639e-04
3.197294674663552438e+00 7.510864277509318399e+00 1.432063871242361452e+00 3.319090677109410303e-01 3.687106503966369786e+01 1.549994700000000059e+01 7.954442999999999930e-01 3.681439999999999824e+00 2.571450407074952818e+04 -2.573757524182894115e-04
3.198165304645959939e+00 7.509726179794374623e+00 1.429742858061962885e+00 3.318664016811918027e-01 3.687107095834863202e+01 1.549994700000000059e+01 7.954442999999999930e-01 3.681439999999999824e+00 2.571450579897336866e+04 -2.648253292356347400e-04
3.198165352302336562e+00 7.509726179794374623e+00 1.429742858061962885e+00 3.318664016811918027e-01 3.687107095834863202e+01 1.549994700000000059e+01 7.954442999999999930e-01 3.681439999999999824e+00 2.571450579897336866e+04 -2.648253292356347400e-04
3.198165304645959939e+00 7.509726291698014755e+00 1.429742858061962885e+00 3.318664016811918027e-01 3.687107095834863202e+01 1.549994700000000059e+01 7.954442999999999930e-01 3.681439999999999824e+00 2.571450579897336866e+04 -2.648253292356347400e-04
3.198165304645959939e+00 7.509726179794374623e+00 1.429742879366791675e+00 3.318664016811918027e-01 3.687107095834863202e+01 1.549994700000000059e+01 7.954442999999999930e-01 3.681439999999999824e+00 2.571450579897336866e+04 -2.648253292356347400e-04
3.198165304645959939e+00 7.509726179794374623e+00 1.429742858061962885e+00 3.318664165823529966e-01 3.687107095834863202e+01 1.549994700000000059e+01 7.954442999999999930e-01 3.681439999999999824e+00 2.571450579897336866e+04 -2.648253292356347400e-04
3.198165304645959939e+00 7.509726179794374623e+00 1.429742858061962885e+00 3.318664016811918027e-01 3.687107150777040232e+01 1.549994700000000059e+01 7.954442999999999930e-01 3.681439999999999824e+00 2.571450579897336866e+04 -2.648253292356347400e-04
3.198165304645959939e+00 7.509726179794374623e+00 1.429742858061962885e+00 3.318664016811918027e-01 3.687107095834863202e+01 1.549994700000000059e+01 7.954442999999999930e-01 3.681439999999999824e+00 2.571450618214936549e+04 -2.648253292356347400e-04
3.198165304645959939e+00 7.509726179794374623e+00 1.429742858061962885e+00 3.318664016811918027e-01 3.687107095834863202e+01 1.549994700000000059e+01 7.954442999999999930e-01 3.681439999999999824e+00 2.571450579897336866e+04 -2.648402303968285876e-04
3.199031813873868479e+00 7.508576003146990807e+00 1.427422379192990975e+00 3.317784431839043147e-01 3.687107680760561834e+01 1.549994700000000059e+01 7.954442999999999930e-01 3.681439999999999824e+00 2.571450757810789219e+04 -2.728830659987827425e-04
3.199031861543156996e+00 7.508576003146990807e+00 1.427422379192990975e+00 3.317784431839043147e-01 3.687107680760561834e+01 1.549994700000000059e+01 7.954442999999999930e-01 3.681439999999999824e+00 2.571450757810789219e+04 -2.728830659987827425e-04
3.199031813873868479e+00 7.508576115033491760e+00 1.427422379192990975e+00 3.317784431839043147e-01 3.687107680760561834e+01 1.549994700000000059e+01 7.954442999999999930e-01 3.681439999999999824e+00 2.571450757810789219e+04 -2.728830659987827425e-04
3.199031813873868479e+00 7.508576003146990807e+00 1.427422400463241869e+00 3.317784431839043147e-01 3.687107680760561834e+01 1.549994700000000059e+01 7.954442999999999930e-01 3.681439999999999824e+00 2.571450757810789219e+04 -2.728830659987827425e-04
3.199031813873868479e+00 7.508576003146990807e+00 1.427422379192990975e+00 3.317784580850655085e-01 3.687107680760561834e+01 1.549994700000000059e+01 7.954442999999999930e-01 3.681439999999999824e+00 2.571450757810789219e+04 -2.728830659987827425e-04
3.199031813873868479e+00 7.508576003146990807e+00 1.427422379192990975e+00 3.317784431839043147e-01 3.687107735702747391e+01 1.549994700000000059e+01 7.954442999999999930e-01 3.681439999999999824e+00 2.571450757810789219e+04 -2.728830659987827425e-04
3.199031813873868479e+00 7.508576003146990807e+00 1.427422379192990975e+00 3.317784431839043147e-01 3.687107680760561834e+01 1.549994700000000059e+01 7.954442999999999930e-01 3.681439999999999824e+00 2.571450796128391448e+04 -2.728830659987827425e-04
3.199031813873868479e+00 7.508576003146990807e+00 1.427422379192990975e+00 3.317784431839043147e-01 3.687107680760561834e+01 1.549994700000000059e+01 7.954442999999999930e-01 3.681439999999999824e+00 2.571450757810789219e+04 -2.728979671599765901e-04
3.199895729485987328e+00 7.507317384095392399e+00 1.425108506368531147e+00 3.316889673967946539e-01 3.687108263741941272e+01 1.549994700000000059e+01 7.954442999999999930e-01 3.681439999999999824e+00 2.571450941119601339e+04 -2.815546339675482120e-04
3.199895777168149547e+00 7.507317384095392399e+00 1.425108506368531147e+00 3.316889673967946539e-01 3.687108263741941272e+01 1.549994700000000059e+01 7.954442999999999930e-01 3.681439999999999824e+00 2.571450941119601339e+04 -2.815546339675482120e-04
3.199895729485987328e+00 7.507317495963138576e+00 1.425108506368531147e+00 3.316889673967946539e-01 3.687108263741941272e+01 1.549994700000000059e+01 7.954442999999999930e-01 3.681439999999999824e+00 2.571450941119601339e+04 -2.815546339675482120e-04
3.199895729485987328e+00 7.507317384095392399e+00 1.425108527604302733e+00 3.316889673967946539e-01 3.687108263741941272e+01 1.549994700000000059e+01 7.954442999999999930e-01 3.681439999999999824e+00 2.571450941119601339e+04 -2.815546339675482120e-04
3.199895729485987328e+00 7.507317384095392399e+00 1.425108506368531147e+00 3.316889822979558478e-01 3.687108263741941272e+01 1.549994700000000059e+01 7.954442999999999930e-01 3.681439999999999824e+00 2.571450941119601339e+04 -2.815546339675482120e-04
3.199895729485987328e+00 7.507317384095392399e+00 1.425108506368531147e+00 3.316889673967946539e-01 3.687108318684136066e+01 1.549994700000000059e+01 7.954442999999999930e-01 3.681439999999999824e+00 2.571450941119601339e+04 -2.815546339675482120e-04
3.199895729485987328e+00 7.507317384095392399e+00 1.425108506368531147e+00 3.316889673967946539e-01 3.687108263741941272e+01 1.549994700000000059e+01 7.954442999999999930e-01 3.681439999999999824e+00 2.571450979437206479e+04 -2.815546339675482120e-04
3.199895729485987328e+00 7.507317384095392399e+00 1.425108506368531147e+00 3.316889673967946539e-01 3.687108263741941272e+01 1.549994700000000059e+01 7.954442999999999930e-01 3.681439999999999824e+00 2.571450941119601339e+04 -2.815695351287420597e-04
3.200762845511447630e+00 7.506047572681510793e+00 1.422795391714665625e+00 3.316424482666123219e-01 3.687108848604642475e+01 1.549994700000000059e+01 7.954442999999999930e-01 3.681439999999999824e+00 2.571451130798039594e+04 -2.899657019826850811e-04
3.200762893206530624e+00 7.506047572681510793e+00 1.422795391714665625e+00 3.316424482666123219e-01 3.687108848604642475e+01 1.549994700000000059e+01 7.954442999999999930e-01 3.681439999999999824e+00 2.571451130798039594e+04 -2.899657019826850811e-04
3.200762845511447630e+00 7.506047684530335218e+00 1.422795391714665625e+00 3.316424482666123219e-01 3.687108848604642475e+01 1.549994700000000059e+01 7.954442999999999930e-01 3.681439999999999824e+00 2.571451130798039594e+04 -2.899657019826850811e-04
3.200762845511447630e+00 7.506047572681510793e+00 1.422795412915969004e+00 3.316424482666123219e-01 3.687108848604642475e+01 1.549994700000000059e+01 7.954442999999999930e-01 3.681439999999999824e+00 2.571451130798039594e+04 -2.899657019826850811e-04
3.200762845511447630e+00 7.506047572681510793e+00 1.422795391714665625e+00 3.316424631677735158e-01 3.687108848604642475e+01 1.549994700000000059e+01 7.954442999999999930e-01 3.681439999999999824e+00 2.571451130798039594e+04 -2.899657019826850811e-04
3.200762845511447630e+00 7.506047572681510793e+00 1.422795391714665625e+00 3.316424482666123219e-01 3.687108903546845795e+01 1.549994700000000059e+01 7.954442999999999930e-01 3.681439999999999824e+00 2.571451130798039594e+04 -2.899657019826850811e-04
3.200762845511447630e+00 7.506047572681510793e+00 1.422795391714665625e+00 3.316424482666123219e-01 3.687108848604642475e+01 1.549994700000000059e+01 7.954442999999999930e-01 3.681439999999999824e+00 2.571451169115647281e+04 -2.899657019826850811e-04
3.200762845511447630e+00 7.506047572681510793e+00 1.422795391714665625e+00 3.316424482666123219e-01 3.687108848604642475e+01 1.549994700000000059e+01 7.954442999999999930e-01 3.681439999999999824e+00 2.571451130798039594e+04 -2.899806031438789287e-04
3.201814385801639684e+00 7.504790990342394608e+00 1.420559071165472531e+00 3.315971990024476068e-01 3.687109891849262056e+01 1.549994700000000059e+01 7.954442999999999930e-01 3.681439999999999824e+00 2.571451316704849160e+04 -2.975488222888781199e-04
3.201086951333708353e+00 7.505723379815458784e+00 1.422270223321068672e+00 3.316322111826783270e-01 3.687109190211209864e+01 1.549994700000000059e+01 7.954442999999999930e-01 3.681439999999999824e+00 2.571451172515473081e+04 -2.913118534931874101e-04
3.201086999033620817e+00 7.505723379815458784e+00 1.422270223321068672e+00 3.316322111826783270e-01 3.687109190211209864e+01 1.549994700000000059e+01 7.954442999999999930e-01 3.681439999999999824e+00 2.571451172515473081e+04 -2.913118534931874101e-04
3.201086951333708353e+00 7.505723491659452407e+00 1.422270223321068672e+00 3.316322111826783270e-01 3.687109190211209864e+01 1.549994700000000059e+01 7.954442999999999930e-01 3.681439999999999824e+00 2.571451172515473081e+04 -2.913118534931874101e-04
3.201086951333708353e+00 7.505723379815458784e+00 1.422270244514546533e+00 3.316322111826783270e-01 3.687109190211209864e+01 1.549994700000000059e+01 7.954442999999999930e-01 3.681439999999999824e+00 2.571451172515473081e+04 -2.913118534931874101e-04
3.201086951333708353e+00 7.505723379815458784e+00 1.422270223321068672e+00 3.316322260838395208e-01 3.687109190211209864e+01 1.549994700000000059e+01 7.954442999999999930e-01 3.681439999999999824e+00 2.571451172515473081e+04 -2.913118534931874101e-04
3.201086951333708353e+00 7.505723379815458784e+00 1.422270223321068672e+00 3.316322111826783270e-01 3.687109245153418158e+01 1.549994700000000059e+01 7.954442999999999930e-01 3.681439999999999824e+00 2.571451172515473081e+04 -2.913118534931874101e-04
3.201086951333708353e+00 7.505723379815458784e+00 1.422270223321068672e+00 3.316322111826783270e-01 3.687109190211209864e+01 1.549994700000000059e+01 7.954442999999999930e-01 3.681439999999999824e+00 2.571451210833081495e+04 -2.913118534931874101e-04
3.201086951333708353e+00 7.505723379815458784e+00 1.422270223321068672e+00 3.316322111826783270e-01 3.687109190211209864e+01 1.549994700000000059e+01 7.954442999999999930e-01 3.681439999999999824e+00 2.571451172515473081e+04 -2.913267546543812578e-04
3.201568873293745288e+00 7.505657862894170584e+00 1.420808444594888309e+00 3.316175939217270163e-01 3.687110076380437818e+01 1.549994700000000059e+01 7.954442999999999930e-01 3.681439999999999824e+00 2.571451172519003376e+04 -2.955441510651581733e-04
3.201568921000839119e+00 7.505657862894170584e+00 1.420808444594888309e+00 3.316175939217270163e-01 3.687110076380437818e+01 1.549994700000000059e+01 7.954442999999999930e-01 3.681439999999999824e+00 2.571451172519003376e+04 -2.955441510651581733e-04
3.201568873293745288e+00 7.505657974737188098e+00 1.420808444594888309e+00 3.316175939217270163e-01 3.687110076380437818e+01 1.549994700000000059e+01 7.954442999999999930e-01 3.681439999999999824e+00 2.571451172519003376e+04 -2.955441510651581733e-04
3.201568873293745288e+00 7.505657862894170584e+00 1.420808465766584039e+00 3.316175939217270163e-01 3.687110076380437818e+01 1.549994700000000059e+01 7.954442999999999930e-01 3.681439999999999824e+00 2.571451172519003376e+04 -2.955441510651581733e-04
3.201568873293745288e+00 7.505657862894170584e+00 1.420808444594888309e+00 3.316176088228882102e-01 3.687110076380437818e+01 1.549994700000000059e+01 7.954442999999999930e-01 3.681439999999999824e+00 2.571451172519003376e+04 -2.955441510651581733e-04
3.201568873293745288e+00 7.505657862894170584e+00 1.420808444594888309e+00 3.316175939217270163e-01 3.687110131322659612e+01 1.549994700000000059e+01 7.954442999999999930e-01 3.681439999999999824e+00 2.571451172519003376e+04 -2.955441510651581733e-04
3.201568873293745288e+00 7.505657862894170584e+00 1.420808444594888309e+00 3.316175939217270163e-01 3.687110076380437818e+01 1.549994700000000059e+01 7.954442999999999930e-01 3.681439999999999824e+00 2.571451210836611790e+04 -2.955441510651581733e-04
3.201568873293745288e+00 7.505657862894170584e+00 1.420808444594888309e+00 3.316175939217270163e-01 3.687110076380437818e+01 1.549994700000000059e+01 7.954442999999999930e-01 3.681439999999999824e+00 2.571451172519003376e+04 -2.955590522263520209e-04
3.202166212377129284e+00 7.505187810816030591e+00 1.419716327782458931e+00 3.315880904297021092e-01 3.687110582879814302e+01 1.549994700000000059e+01 7.954442999999999930e-01 3.681439999999999824e+00 2.571451233208141275e+04 -2.992054268706326246e-04
3.201736281495585423e+00 7.505538870994749701e+00 1.420546182984563144e+00 3.316107090469890828e-01 3.687110222208280419e+01 1.549994700000000059e+01 7.954442999999999930e-01 3.681439999999999824e+00 2.571451186615302868e+04 -2.955665424235721862e-04
3.201736329205173703e+00 7.505538870994749701e+00 1.420546182984563144e+00 3.316107090469890828e-01 3.687110222208280419e+01 1.549994700000000059e+01 7.954442999999999930e-01 3.681439999999999824e+00 2.571451186615302868e+04 -2.955665424235721862e-04
3.201736281495585423e+00 7.505538982835994410e+00 1.420546182984563144e+00 3.316107090469890828e-01 3.687110222208280419e+01 1.549994700000000059e+01 7.954442999999999930e-01 3.681439999999999824e+00 2.571451186615302868e+04 -2.955665424235721862e-04
3.201736281495585423e+00 7.505538870994749701e+00 1.420546204152350889e+00 3.316107090469890828e-01 3.687110222208280419e+01 1.549994700000000059e+01 7.954442999999999930e-01 3.681439999999999824e+00 2.571451186615302868e+04 -2.955665424235721862e-04
3.201736281495585423e+00 7.505538870994749701e+00 1.420546182984563144e+00 3.316107239481502766e-01 3.687110222208280419e+01 1.549994700000000059e+01 7.954442999999999930e-01 3.681439999999999824e+00 2.571451186615302868e+04 -2.955665424235721862e-04
3.201736281495585423e+00 7.505538870994749701e+00 1.420546182984563144e+00 3.316107090469890828e-01 3.687110277150504345e+01 1.549994700000000059e+01 7.954442999999999930e-01 3.681439999999999824e+00 2.571451186615302868e+04 -2.955665424235721862e-04
3.201736281495585423e+00 7.505538870994749701e+00 1.420546182984563144e+00 3.316107090469890828e-01 3.687110222208280419e+01 1.549994700000000059e+01 7.954442999999999930e-01 3.681439999999999824e+00 2.571451224932911646e+04 -2.955665424235721862e-04
3.201736281495585423e+00 7.505538870994749701e+00 1.420546182984563144e+00 3.316107090469890828e-01 3.687110222208280419e+01 1.549994700000000059e+01 7.954442999999999930e-01 3.681439999999999824e+00 2.571451186615302868e+04 -2.955814435847660339e-04
3.201851172853105609e+00 7.505522469220031745e+00 1.420180107167033690e+00 3.316088712464979604e-01 3.687110300804631180e+01 1.549994700000000059e+01 7.954442999999999930e-01 3.681439999999999824e+00 2.571451186616189079e+04 -2.974129163584101503e-04
3.201851220564405853e+00 7.505522469220031745e+00 1.420180107167033690e+00 3.316088712464979604e-01 3.687110300804631180e+01 1.549994700000000059e+01 7.954442999999999930e-01 3.681439999999999824e+00 2.571451186616189079e+04 -2.974129163584101503e-04
3.201851172853105609e+00 7.505522581061032206e+00 1.420180107167033690e+00 3.316088712464979604e-01 3.687110300804631180e+01 1.549994700000000059e+01 7.954442999999999930e-01 3.681439999999999824e+00 2.571451186616189079e+04 -2.974129163584101503e-04
3.201851172853105609e+00 7.505522469220031745e+00 1.420180128329366465e+00 3.316088712464979604e-01 3.687110300804631180e+01 1.549994700000000059e+01 7.954442999999999930e-01 3.681439999999999824e+00 2.571451186616189079e+04 -2.974129163584101503e-04
3.201851172853105609e+00 7.505522469220031745e+00 1.420180107167033690e+00 3.316088861476591543e-01 3.687110300804631180e+01 1.549994700000000059e+01 7.954442999999999930e-01 3.681439999999999824e+00 2.571451186616189079e+04 -2.974129163584101503e-04
3.201851172853105609e+00 7.505522469220031745e+00 1.420180107167033690e+00 3.316088712464979604e-01 3.687110355746855817e+01 1.549994700000000059e+01 7.954442999999999930e-01 3.681439999999999824e+00 2.571451186616189079e+04 -2.974129163584101503e-04
3.201851172853105609e+00 7.505522469220031745e+00 1.420180107167033690e+00 3.316088712464979604e-01 3.687110300804631180e+01 1.549994700000000059e+01 7.954442999999999930e-01 3.681439999999999824e+00 2.571451224933797857e+04 -2.974129163584101503e-04
3.201851172853105609e+00 7.505522469220031745e+00 1.420180107167033690e+00 3.316088712464979604e-01 3.687110300804631180e+01 1.549994700000000059e+01 7.954442999999999930e-01 3.681439999999999824e+00 2.571451186616189079e+04 -2.974278175196039980e-04
3.202056100063165545e+00 7.505213282056421242e+00 1.419597344618031665e+00 3.315840721782856160e-01 3.687110430043656351e+01 1.549994700000000059e+01 7.954442999999999930e-01 3.681439999999999824e+00 2.571451237393718839e+04 -2.990747981928078866e-04
3.202056147777519790e+00 7.505213282056421242e+00 1.419597344618031665e+00 3.315840721782856160e-01 3.687110430043656351e+01 1.549994700000000059e+01 7.954442999999999930e-01 3.681439999999999824e+00 2.571451237393718839e+04 -2.990747981928078866e-04
3.202056100063165545e+00 7.505213393892813833e+00 1.419597344618031665e+00 3.315840721782856160e-01 3.687110430043656351e+01 1.549994700000000059e+01 7.954442999999999930e-01 3.681439999999999824e+00 2.571451237393718839e+04 -2.990747981928078866e-04
3.202056100063165545e+00 7.505213282056421242e+00 1.419597365771680497e+00 3.315840721782856160e-01 3.687110430043656351e+01 1.549994700000000059e+01 7.954442999999999930e-01 3.681439999999999824e+00 2.571451237393718839e+04 -2.990747981928078866e-04
3.202056100063165545e+00 7.505213282056421242e+00 1.419597344618031665e+00 3.315840870794468098e-01 3.687110430043656351e+01 1.549994700000000059e+01 7.954442999999999930e-01 3.681439999999999824e+00 2.571451237393718839e+04 -2.990747981928078866e-04
3.202056100063165545e+00 7.505213282056421242e+00 1.419597344618031665e+00 3.315840721782856160e-01 3.687110484985883119e+01 1.549994700000000059e+01 7.954442999999999930e-01 3.681439999999999824e+00 2.571451237393718839e+04 -2.990747981928078866e-04
3.202056100063165545e+00 7.505213282056421242e+00 1.419597344618031665e+00 3.315840721782856160e-01 3.687110430043656351e+01 1.549994700000000059e+01 7.954442999999999930e-01 3.681439999999999824e+00 2.571451275711328344e+04 -2.990747981928078866e-04
3.202056100063165545e+00 7.505213282056421242e+00 1.419597344618031665e+00 3.315840721782856160e-01 3.687110430043656351e+01 1.549994700000000059e+01 7.954442999999999930e-01 3.681439999999999824e+00 2.571451237393718839e+04 -2.990896993540017343e-04
3.202349621403680846e+00 7.504975931320900351e+00 1.419048646008750358e+00 3.315689142162811520e-01 3.687110677246831614e+01 1.549994700000000059e+01 7.954442999999999930e-01 3.681439999999999824e+00 2.571451268360073300e+04 -3.007896822898761097e-04
3.202134324321765035e+00 7.505153546927573416e+00 1.419462892818488697e+00 3.315804097175104048e-01 3.687110496978667129e+01 1.549994700000000059e+01 7.954442999999999930e-01 3.681439999999999824e+00 2.571451244857257188e+04 -2.989609858013452556e-04
3.202134372037284571e+00 7.505153546927573416e+00 1.419462892818488697e+00 3.315804097175104048e-01 3.687110496978667129e+01 1.549994700000000059e+01 7.954442999999999930e-01 3.681439999999999824e+00 2.571451244857257188e+04 -2.989609858013452556e-04
3.202134324321765035e+00 7.505153658763076052e+00 1.419462892818488697e+00 3.315804097175104048e-01 3.687110496978667129e+01 1.549994700000000059e+01 7.954442999999999930e-01 3.681439999999999824e+00 2.571451244857257188e+04 -2.989609858013452556e-04
3.202134324321765035e+00 7.505153546927573416e+00 1.419462913970134021e+00 3.315804097175104048e-01 3.687110496978667129e+01 1.549994700000000059e+01 7.954442999999999930e-01 3.681439999999999824e+00 2.571451244857257188e+04 -2.989609858013452556e-04
3.202134324321765035e+00 7.505153546927573416e+00 1.419462892818488697e+00 3.315804246186715987e-01 3.687110496978667129e+01 1.549994700000000059e+01 7.954442999999999930e-01 3.681439999999999824e+00 2.571451244857257188e+04 -2.989609858013452556e-04
3.202134324321765035e+00 7.505153546927573416e+00 1.419462892818488697e+00 3.315804097175104048e-01 3.687110551920895318e+01 1.549994700000000059e+01 7.954442999999999930e-01 3.681439999999999824e+00 2.571451244857257188e+04 -2.989609858013452556e-04
3.202134324321765035e+00 7.505153546927573416e+00 1.419462892818488697e+00 3.315804097175104048e-01 3.687110496978667129e+01 1.549994700000000059e+01 7.954442999999999930e-01 3.681439999999999824e+00 2.571451283174866694e+04 -2.989609858013452556e-04
3.202134324321765035e+00 7.505153546927573416e+00 1.419462892818488697e+00 3.315804097175104048e-01 3.687110496978667129e+01 1.549994700000000059e+01 7.954442999999999930e-01 3.681439999999999824e+00 2.571451244857257188e+04 -2.989758869625391033e-04
