3.205843000000000220e+00 7.511125999999999969e+00 1.235333999999999932e+00 1.528337999999999867e-05 3.753042800000000057e+01 1.549994700000000059e+01 7.954442999999999930e-01 3.681439999999999824e+00 2.571453499999999985e+04 0.000000000000000000e+00
3.205843047770783549e+00 7.511125999999999969e+00 1.235333999999999932e+00 1.528337999999999867e-05 3.753042800000000057e+01 1.549994700000000059e+01 7.954442999999999930e-01 3.681439999999999824e+00 2.571453499999999985e+04 0.000000000000000000e+00
3.205843000000000220e+00 7.511126111924498971e+00 1.235333999999999932e+00 1.528337999999999867e-05 3.753042800000000057e+01 1.549994700000000059e+01 7.954442999999999930e-01 3.681439999999999824e+00 2.571453499999999985e+04 0.000000000000000000e+00
3.205843000000000220e+00 7.511125999999999969e+00 1.235334018407910905e+00 1.528337999999999867e-05 3.753042800000000057e+01 1.549994700000000059e+01 7.954442999999999930e-01 3.681439999999999824e+00 2.571453499999999985e+04 0.000000000000000000e+00
3.205843000000000220e+00 7.511125999999999969e+00 1.235333999999999932e+00 1.529828116119384633e-05 3.753042800000000057e+01 1.549994700000000059e+01 7.954442999999999930e-01 3.681439999999999824e+00 2.571453499999999985e+04 0.000000000000000000e+00
3.205843000000000220e+00 7.511125999999999969e+00 1.235333999999999932e+00 1.528337999999999867e-05 3.753042855924695687e+01 1.549994700000000059e+01 7.954442999999999930e-01 3.681439999999999824e+00 2.571453499999999985e+04 0.000000000000000000e+00
3.205843000000000220e+00 7.511125999999999969e+00 1.235333999999999932e+00 1.528337999999999867e-05 3.753042800000000057e+01 1.549994700000000059e+01 7.954442999999999930e-01 3.681439999999999824e+00 2.571453538317642960e+04 0.000000000000000000e+00
3.205843000000000220e+00 7.511125999999999969e+00 1.235333999999999932e+00 1.528337999999999867e-05 3.753042800000000057e+01 1.549994700000000059e+01 7.954442999999999930e-01 3.681439999999999824e+00 2.571453499999999985e+04 1.490116119384765625e-08
3.206016838106907407e+00 6.530723286744301248e+00 1.235447058344072868e+00 1.528366136107584821e-05 3.753258995484630844e+01 1.549994700000000059e+01 7.954442999999999930e-01 3.681439999999999824e+00 2.815948579149322177e+04 2.457190756180619579e-03
3.206016885880281109e+00 6.530723286744301248e+00 1.235447058344072868e+00 1.528366136107584821e-05 3.753258995484630844e+01 1.549994700000000059e+01 7.954442999999999930e-01 3.681439999999999824e+00 2.815948579149322177e+04 2.457190756180619579e-03
3.206016838106907407e+00 6.530723384059661463e+00 1.235447058344072868e+00 1.528366136107584821e-05 3.753258995484630844e+01 1.549994700000000059e+01 7.954442999999999930e-01 3.681439999999999824e+00 2.815948579149322177e+04 2.457190756180619579e-03
3.206016838106907407e+00 6.530723286744301248e+00 1.235447076753668716e+00 1.528366136107584821e-05 3.753258995484630844e+01 1.549994700000000059e+01 7.954442999999999930e-01 3.681439999999999824e+00 2.815948579149322177e+04 2.457190756180619579e-03
3.206016838106907407e+00 6.530723286744301248e+00 1.235447058344072868e+00 1.529856252226969587e-05 3.753258995484630844e+01 1.549994700000000059e+01 7.954442999999999930e-01 3.681439999999999824e+00 2.815948579149322177e+04 2.457190756180619579e-03
3.206016838106907407e+00 6.530723286744301248e+00 1.235447058344072868e+00 1.528366136107584821e-05 3.753259051412548075e+01 1.549994700000000059e+01 7.954442999999999930e-01 3.681439999999999824e+00 2.815948579149322177e+04 2.457190756180619579e-03
3.206016838106907407e+00 6.530723286744301248e+00 1.235447058344072868e+00 1.528366136107584821e-05 3.753258995484630844e+01 1.549994700000000059e+01 7.954442999999999930e-01 3.681439999999999824e+00 2.815948621110225940e+04 2.457190756180619579e-03
3.206016838106907407e+00 6.530723286744301248e+00 1.235447058344072868e+00 1.528366136107584821e-05 3.753258995484630844e+01 1.549994700000000059e+01 7.954442999999999930e-01 3.681439999999999824e+00 2.815948579149322177e+04 2.457205657341813426e-03
3.206778852635625121e+00 6.539988735867187764e+00 1.235778491389589950e+00 1.528442384844576956e-05 3.754216071349593875e+01 1.549994700000000059e+01 7.954442999999999930e-01 3.681439999999999824e+00 2.804354076850728961e+04 1.953956053866124851e-03
3.206778900420353740e+00 6.539988735867187764e+00 1.235778491389589950e+00 1.528442384844576956e-05 3.754216071349593875e+01 1.549994700000000059e+01 7.954442999999999930e-01 3.681439999999999824e+00 2.804354076850728961e+04 1.953956053866124851e-03
3.206778852635625121e+00 6.539988833320614425e+00 1.235778491389589950e+00 1.528442384844576956e-05 3.754216071349593875e+01 1.549994700000000059e+01 7.954442999999999930e-01 3.681439999999999824e+00 2.804354076850728961e+04 1.953956053866124851e-03
3.206778852635625121e+00 6.539988735867187764e+00 1.235778509804124514e+00 1.528442384844576956e-05 3.754216071349593875e+01 1.549994700000000059e+01 7.954442999999999930e-01 3.681439999999999824e+00 2.804354076850728961e+04 1.953956053866124851e-03
3.206778852635625121e+00 6.539988735867187764e+00 1.235778491389589950e+00 1.529932500963961721e-05 3.754216071349593875e+01 1.549994700000000059e+01 7.954442999999999930e-01 3.681439999999999824e+00 2.804354076850728961e+04 1.953956053866124851e-03
3.206778852635625121e+00 6.539988735867187764e+00 1.235778491389589950e+00 1.528442384844576956e-05 3.754216127291772409e+01 1.549994700000000059e+01 7.954442999999999930e-01 3.681439999999999824e+00 2.804354076850728961e+04 1.953956053866124851e-03
3.206778852635625121e+00 6.539988735867187764e+00 1.235778491389589950e+00 1.528442384844576956e-05 3.754216071349593875e+01 1.549994700000000059e+01 7.954442999999999930e-01 3.681439999999999824e+00 2.804354118638861110e+04 1.953956053866124851e-03
3.206778852635625121e+00 6.539988735867187764e+00 1.235778491389589950e+00 1.528442384844576956e-05 3.754216071349593875e+01 1.549994700000000059e+01 7.954442999999999930e-01 3.681439999999999824e+00 2.804354076850728961e+04 1.953970955027318698e-03
3.206753410548965455e+00 6.539988731929150312e+00 1.235937508006174967e+00 1.221948264138361401e-03 3.753897727889020075e+01 1.549994700000000059e+01 7.954442999999999930e-01 3.681439999999999824e+00 2.804354074708355620e+04 1.954155018265792913e-03
3.206753458333314821e+00 6.539988731929150312e+00 1.235937508006174967e+00 1.221948264138361401e-03 3.753897727889020075e+01 1.549994700000000059e+01 7.954442999999999930e-01 3.681439999999999824e+00 2.804354074708355620e+04 1.954155018265792913e-03
3.206753410548965455e+00 6.539988829382576974e+00 1.235937508006174967e+00 1.221948264138361401e-03 3.753897727889020075e+01 1.549994700000000059e+01 7.954442999999999930e-01 3.681439999999999824e+00 2.804354074708355620e+04 1.954155018265792913e-03
3.206753410548965455e+00 6.539988731929150312e+00 1.235937526423078969e+00 1.221948264138361401e-03 3.753897727889020075e+01 1.549994700000000059e+01 7.954442999999999930e-01 3.681439999999999824e+00 2.804354074708355620e+04 1.954155018265792913e-03
3.206753410548965455e+00 6.539988731929150312e+00 1.235937508006174967e+00 1.221963165299555249e-03 3.753897727889020075e+01 1.549994700000000059e+01 7.954442999999999930e-01 3.681439999999999824e+00 2.804354074708355620e+04 1.954155018265792913e-03
3.206753410548965455e+00 6.539988731929150312e+00 1.235937508006174967e+00 1.221948264138361401e-03 3.753897783826455026e+01 1.549994700000000059e+01 7.954442999999999930e-01 3.681439999999999824e+00 2.804354074708355620e+04 1.954155018265792913e-03
3.206753410548965455e+00 6.539988731929150312e+00 1.235937508006174967e+00 1.221948264138361401e-03 3.753897727889020075e+01 1.549994700000000059e+01 7.954442999999999930e-01 3.681439999999999824e+00 2.804354116496487768e+04 1.954155018265792913e-03
3.206753410548965455e+00 6.539988731929150312e+00 1.235937508006174967e+00 1.221948264138361401e-03 3.753897727889020075e+01 1.549994700000000059e+01 7.954442999999999930e-01 3.681439999999999824e+00 2.804354074708355620e+04 1.954169919426986760e-03
3.206733801813344442e+00 6.539988706581711497e+00 1.236054403622060871e+00 5.316470034972422100e-04 3.753663196793012702e+01 1.549994700000000059e+01 7.954442999999999930e-01 3.681439999999999824e+00 2.804354107435693732e+04 1.954306059920191477e-03
3.206733849597401598e+00 6.539988706581711497e+00 1.236054403622060871e+00 5.316470034972422100e-04 3.753663196793012702e+01 1.549994700000000059e+01 7.954442999999999930e-01 3.681439999999999824e+00 2.804354107435693732e+04 1.954306059920191477e-03
3.206733801813344442e+00 6.539988804035137271e+00 1.236054403622060871e+00 5.316470034972422100e-04 3.753663196793012702e+01 1.549994700000000059e+01 7.954442999999999930e-01 3.681439999999999824e+00 2.804354107435693732e+04 1.954306059920191477e-03
3.206733801813344442e+00 6.539988706581711497e+00 1.236054422040706813e+00 5.316470034972422100e-04 3.753663196793012702e+01 1.549994700000000059e+01 7.954442999999999930e-01 3.681439999999999824e+00 2.804354107435693732e+04 1.954306059920191477e-03
3.206733801813344442e+00 6.539988706581711497e+00 1.236054403622060871e+00 5.316619046584360577e-04 3.753663196793012702e+01 1.549994700000000059e+01 7.954442999999999930e-01 3.681439999999999824e+00 2.804354107435693732e+04 1.954306059920191477e-03
3.206733801813344442e+00 6.539988706581711497e+00 1.236054403622060871e+00 5.316470034972422100e-04 3.753663252726953203e+01 1.549994700000000059e+01 7.954442999999999930e-01 3.681439999999999824e+00 2.804354107435693732e+04 1.954306059920191477e-03
3.206733801813344442e+00 6.539988706581711497e+00 1.236054403622060871e+00 5.316470034972422100e-04 3.753663196793012702e+01 1.549994700000000059e+01 7.954442999999999930e-01 3.681439999999999824e+00 2.804354149223826244e+04 1.954306059920191477e-03
3.206733801813344442e+00 6.539988706581711497e+00 1.236054403622060871e+00 5.316470034972422100e-04 3.753663196793012702e+01 1.549994700000000059e+01 7.954442999999999930e-01 3.681439999999999824e+00 2.804354107435693732e+04 1.954320961081385324e-03
3.206724852132069703e+00 6.539988670660433101e+00 1.236109886607752228e+00 3.320417716157880706e-04 3.753552853613896190e+01 1.549994700000000059e+01 7.954442999999999930e-01 3.681439999999999824e+00 2.804354111568368899e+04 1.954376409155794605e-03
3.206724899915993632e+00 6.539988670660433101e+00 1.236109886607752228e+00 3.320417716157880706e-04 3.753552853613896190e+01 1.549994700000000059e+01 7.954442999999999930e-01 3.681439999999999824e+00 2.804354111568368899e+04 1.954376409155794605e-03
3.206724852132069703e+00 6.539988768113858875e+00 1.236109886607752228e+00 3.320417716157880706e-04 3.753552853613896190e+01 1.549994700000000059e+01 7.954442999999999930e-01 3.681439999999999824e+00 2.804354111568368899e+04 1.954376409155794605e-03
3.206724852132069703e+00 6.539988670660433101e+00 1.236109905027224842e+00 3.320417716157880706e-04 3.753552853613896190e+01 1.549994700000000059e+01 7.954442999999999930e-01 3.681439999999999824e+00 2.804354111568368899e+04 1.954376409155794605e-03
3.206724852132069703e+00 6.539988670660433101e+00 1.236109886607752228e+00 3.320566727769819182e-04 3.753552853613896190e+01 1.549994700000000059e+01 7.954442999999999930e-01 3.681439999999999824e+00 2.804354111568368899e+04 1.954376409155794605e-03
3.206724852132069703e+00 6.539988670660433101e+00 1.236109886607752228e+00 3.320417716157880706e-04 3.753552909546192495e+01 1.549994700000000059e+01 7.954442999999999930e-01 3.681439999999999824e+00 2.804354111568368899e+04 1.954376409155794605e-03
3.206724852132069703e+00 6.539988670660433101e+00 1.236109886607752228e+00 3.320417716157880706e-04 3.753552853613896190e+01 1.549994700000000059e+01 7.954442999999999930e-01 3.681439999999999824e+00 2.804354153356501411e+04 1.954376409155794605e-03
3.206724852132069703e+00 6.539988670660433101e+00 1.236109886607752228e+00 3.320417716157880706e-04 3.753552853613896190e+01 1.549994700000000059e+01 7.954442999999999930e-01 3.681439999999999824e+00 2.804354111568368899e+04 1.954391310316988453e-03
3.206717077970119956e+00 6.539988705842759487e+00 1.236160406562576197e+00 6.321719367618632316e-05 3.753450077168444921e+01 1.549994700000000059e+01 7.954442999999999930e-01 3.681439999999999824e+00 2.804354112569559584e+04 1.954436804540060375e-03
3.206717125753927977e+00 6.539988705842759487e+00 1.236160406562576197e+00 6.321719367618632316e-05 3.753450077168444921e+01 1.549994700000000059e+01 7.954442999999999930e-01 3.681439999999999824e+00 2.804354112569559584e+04 1.954436804540060375e-03
3.206717077970119956e+00 6.539988803296185260e+00 1.236160406562576197e+00 6.321719367618632316e-05 3.753450077168444921e+01 1.549994700000000059e+01 7.954442999999999930e-01 3.681439999999999824e+00 2.804354112569559584e+04 1.954436804540060375e-03
3.206717077970119956e+00 6.539988705842759487e+00 1.236160424982801764e+00 6.321719367618632316e-05 3.753450077168444921e+01 1.549994700000000059e+01 7.954442999999999930e-01 3.681439999999999824e+00 2.804354112569559584e+04 1.954436804540060375e-03
3.206717077970119956e+00 6.539988705842759487e+00 1.236160406562576197e+00 6.323209483738017082e-05 3.753450077168444921e+01 1.549994700000000059e+01 7.954442999999999930e-01 3.681439999999999824e+00 2.804354112569559584e+04 1.954436804540060375e-03
3.206717077970119956e+00 6.539988705842759487e+00 1.236160406562576197e+00 6.321719367618632316e-05 3.753450133099209296e+01 1.549994700000000059e+01 7.954442999999999930e-01 3.681439999999999824e+00 2.804354112569559584e+04 1.954436804540060375e-03
3.206717077970119956e+00 6.539988705842759487e+00 1.236160406562576197e+00 6.321719367618632316e-05 3.753450077168444921e+01 1.549994700000000059e+01 7.954442999999999930e-01 3.681439999999999824e+00 2.804354154357692096e+04 1.954436804540060375e-03
3.206717077970119956e+00 6.539988705842759487e+00 1.236160406562576197e+00 6.321719367618632316e-05 3.753450077168444921e+01 1.549994700000000059e+01 7.954442999999999930e-01 3.681439999999999824e+00 2.804354112569559584e+04 1.954451705701254222e-03
3.348481004462649402e+00 6.550450431396849460e+00 2.648948941920918898e+00 6.296898678059608886e-05 5.514534684891714278e-06 1.549994700000000059e+01 7.954442999999999930e-01 3.681439999999999824e+00 3.381451599939697189e+04 4.058882331076636360e-03
2.981639602926956734e+00 6.544115380643986235e+00 3.446848781428410113e+00 4.640714316390431344e-05 7.579627776976849418e-06 1.549994700000000059e+01 7.954442999999999930e-01 3.681439999999999824e+00 2.846320774894370697e+04 2.700860649013524586e-03
2.766990073282264984e+00 6.266173118099336747e+00 4.094109632451937486e+00 3.702131416914855176e-05 6.862506232607756829e-06 1.549994700000000059e+01 7.954442999999999930e-01 3.681439999999999824e+00 2.804873207560404626e+04 2.765043993010268212e-03
1.228946576247643030e+00 3.657337658537534342e+00 7.711825385200277161e+00 2.555478643704606624e-05 3.097220176044304552e+01 1.549994700000000059e+01 7.954442999999999930e-01 3.681439999999999824e+00 2.804382326780152653e+04 3.809210661949240153e-03
2.504979167764634695e+00 5.363568556146120159e+00 3.457824158333630216e+00 9.225919674001362928e-07 3.749813869921996456e+01 1.549994700000000059e+01 7.954442999999999930e-01 3.681439999999999824e+00 2.804354468680056743e+04 1.900433406918832380e-03
3.039738628296330347e+00 6.111533373768003763e+00 1.780758671465537457e+00 4.156108558182907602e-05 3.752899962372543285e+01 1.549994700000000059e+01 7.954442999999999930e-01 3.681439999999999824e+00 2.804354184564921889e+04 1.158549653847327880e-03
3.175988753036445456e+00 6.316333997682158419e+00 1.352089725064890890e+00 5.789814771102006499e-05 3.753295188631820878e+01 1.549994700000000059e+01 7.954442999999999930e-01 3.681439999999999824e+00 2.804354128003522055e+04 1.044142131034660409e-03
3.207551480651014142e+00 6.447157427490499693e+00 1.243805946048216260e+00 6.267186887157593484e-05 3.753409309795403459e+01 1.549994700000000059e+01 7.954442999999999930e-01 3.681439999999999824e+00 2.804354113986103403e+04 1.455882897847417430e-03
3.207358125077340638e+00 6.516402192932584825e+00 1.236918996245371494e+00 6.312894832864631963e-05 3.753440407527732958e+01 1.549994700000000059e+01 7.954442999999999930e-01 3.681439999999999824e+00 2.804354112783968230e+04 1.821525814450009008e-03
3.206921150957052991e+00 6.534094423821716902e+00 1.236315539210388392e+00 6.319701606009911737e-05 3.753447721062776310e+01 1.549994700000000059e+01 7.954442999999999930e-01 3.681439999999999824e+00 2.804354112617751525e+04 1.918344110304737778e-03
3.206797307415075515e+00 6.538525103236904279e+00 1.236206193174192336e+00 6.321229228304029043e-05 3.753449529368251092e+01 1.549994700000000059e+01 7.954442999999999930e-01 3.681439999999999824e+00 2.804354112581228037e+04 1.942748061019872316e-03
3.206763839138626171e+00 6.539641854775869234e+00 1.236180487597277278e+00 6.321604304804901136e-05 3.753449982043247957e+01 1.549994700000000059e+01 7.954442999999999930e-01 3.681439999999999824e+00 2.804354112572308441e+04 1.949044736647193151e-03
3.206763886923130968e+00 6.539641854775869234e+00 1.236180487597277278e+00 6.321604304804901136e-05 3.753449982043247957e+01 1.549994700000000059e+01 7.954442999999999930e-01 3.681439999999999824e+00 2.804354112572308441e+04 1.949044736647193151e-03
3.206763839138626171e+00 6.539641952224126698e+00 1.236180487597277278e+00 6.321604304804901136e-05 3.753449982043247957e+01 1.549994700000000059e+01 7.954442999999999930e-01 3.681439999999999824e+00 2.804354112572308441e+04 1.949044736647193151e-03
3.206763839138626171e+00 6.539641854775869234e+00 1.236180506017801939e+00 6.321604304804901136e-05 3.753449982043247957e+01 1.549994700000000059e+01 7.954442999999999930e-01 3.681439999999999824e+00 2.804354112572308441e+04 1.949044736647193151e-03
3.206763839138626171e+00 6.539641854775869234e+00 1.236180487597277278e+00 6.323094420924285902e-05 3.753449982043247957e+01 1.549994700000000059e+01 7.954442999999999930e-01 3.681439999999999824e+00 2.804354112572308441e+04 1.949044736647193151e-03
3.206763839138626171e+00 6.539641854775869234e+00 1.236180487597277278e+00 6.321604304804901136e-05 3.753450037974010911e+01 1.549994700000000059e+01 7.954442999999999930e-01 3.681439999999999824e+00 2.804354112572308441e+04 1.949044736647193151e-03
3.206763839138626171e+00 6.539641854775869234e+00 1.236180487597277278e+00 6.321604304804901136e-05 3.753449982043247957e+01 1.549994700000000059e+01 7.954442999999999930e-01 3.681439999999999824e+00 2.804354154360440953e+04 1.949044736647193151e-03
3.206763839138626171e+00 6.539641854775869234e+00 1.236180487597277278e+00 6.321604304804901136e-05 3.753449982043247957e+01 1.549994700000000059e+01 7.954442999999999930e-01 3.681439999999999824e+00 2.804354112572308441e+04 1.949059637808386999e-03
3.206756814697933944e+00 6.539500169992313872e+00 1.236202975031353235e+00 6.321326999730773422e-05 3.753436081582671591e+01 1.549994700000000059e+01 7.954442999999999930e-01 3.681439999999999824e+00 2.804354112578919739e+04 1.947904407251679947e-03
3.206756862482333936e+00 6.539500169992313872e+00 1.236202975031353235e+00 6.321326999730773422e-05 3.753436081582671591e+01 1.549994700000000059e+01 7.954442999999999930e-01 3.681439999999999824e+00 2.804354112578919739e+04 1.947904407251679947e-03
3.206756814697933944e+00 6.539500267438460135e+00 1.236202975031353235e+00 6.321326999730773422e-05 3.753436081582671591e+01 1.549994700000000059e+01 7.954442999999999930e-01 3.681439999999999824e+00 2.804354112578919739e+04 1.947904407251679947e-03
3.206756814697933944e+00 6.539500169992313872e+00 1.236202993452212962e+00 6.321326999730773422e-05 3.753436081582671591e+01 1.549994700000000059e+01 7.954442999999999930e-01 3.681439999999999824e+00 2.804354112578919739e+04 1.947904407251679947e-03
3.206756814697933944e+00 6.539500169992313872e+00 1.236202975031353235e+00 6.322817115850158187e-05 3.753436081582671591e+01 1.549994700000000059e+01 7.954442999999999930e-01 3.681439999999999824e+00 2.804354112578919739e+04 1.947904407251679947e-03
3.206756814697933944e+00 6.539500169992313872e+00 1.236202975031353235e+00 6.321326999730773422e-05 3.753436137513227777e+01 1.549994700000000059e+01 7.954442999999999930e-01 3.681439999999999824e+00 2.804354112578919739e+04 1.947904407251679947e-03
3.206756814697933944e+00 6.539500169992313872e+00 1.236202975031353235e+00 6.321326999730773422e-05 3.753436081582671591e+01 1.549994700000000059e+01 7.954442999999999930e-01 3.681439999999999824e+00 2.804354154367052251e+04 1.947904407251679947e-03
3.206756814697933944e+00 6.539500169992313872e+00 1.236202975031353235e+00 6.321326999730773422e-05 3.753436081582671591e+01 1.549994700000000059e+01 7.954442999999999930e-01 3.681439999999999824e+00 2.804354112578919739e+04 1.947919308412873795e-03
