3.355806985930670283e+00 1.054671779358233863e+01 2.926736958288767454e+00 1.672331513096180799e+01 3.579318121993732005e-01 1.530525399999999969e+01 7.001581000000000055e-01 3.097326999999999941e+00 3.016285775781515986e+04 3.189614306278605760e+00 8.832427240778050859e+00 1.088217017940543485e+00 1.834650453650649382e+01 2.190722022060227658e+01 1.500000000000000000e+01 7.234983000000000386e-01 3.013116999999999823e+00 1.906308865786444221e+04 6.487493615319557885e-03
3.355807035936090976e+00 1.054671779358233863e+01 2.926736958288767454e+00 1.672331513096180799e+01 3.579318121993732005e-01 1.530525399999999969e+01 7.001581000000000055e-01 3.097326999999999941e+00 3.016285775781515986e+04 3.189614306278605760e+00 8.832427240778050859e+00 1.088217017940543485e+00 1.834650453650649382e+01 2.190722022060227658e+01 1.500000000000000000e+01 7.234983000000000386e-01 3.013116999999999823e+00 1.906308865786444221e+04 6.487493615319557885e-03
3.355806985930670283e+00 1.054671795074068008e+01 2.926736958288767454e+00 1.672331513096180799e+01 3.579318121993732005e-01 1.530525399999999969e+01 7.001581000000000055e-01 3.097326999999999941e+00 3.016285775781515986e+04 3.189614306278605760e+00 8.832427240778050859e+00 1.088217017940543485e+00 1.834650453650649382e+01 2.190722022060227658e+01 1.500000000000000000e+01 7.234983000000000386e-01 3.013116999999999823e+00 1.906308865786444221e+04 6.487493615319557885e-03
3.355806985930670283e+00 1.054671779358233863e+01 2.926737001900546531e+00 1.672331513096180799e+01 3.579318121993732005e-01 1.530525399999999969e+01 7.001581000000000055e-01 3.097326999999999941e+00 3.016285775781515986e+04 3.189614306278605760e+00 8.832427240778050859e+00 1.088217017940543485e+00 1.834650453650649382e+01 2.190722022060227658e+01 1.500000000000000000e+01 7.234983000000000386e-01 3.013116999999999823e+00 1.906308865786444221e+04 6.487493615319557885e-03
3.355806985930670283e+00 1.054671779358233863e+01 2.926736958288767454e+00 1.672331538015862407e+01 3.579318121993732005e-01 1.530525399999999969e+01 7.001581000000000055e-01 3.097326999999999941e+00 3.016285775781515986e+04 3.189614306278605760e+00 8.832427240778050859e+00 1.088217017940543485e+00 1.834650453650649382e+01 2.190722022060227658e+01 1.500000000000000000e+01 7.234983000000000386e-01 3.013116999999999823e+00 1.906308865786444221e+04 6.487493615319557885e-03
3.355806985930670283e+00 1.054671779358233863e+01 2.926736958288767454e+00 1.672331513096180799e+01 3.579318271005343943e-01 1.530525399999999969e+01 7.001581000000000055e-01 3.097326999999999941e+00 3.016285775781515986e+04 3.189614306278605760e+00 8.832427240778050859e+00 1.088217017940543485e+00 1.834650453650649382e+01 2.190722022060227658e+01 1.500000000000000000e+01 7.234983000000000386e-01 3.013116999999999823e+00 1.906308865786444221e+04 6.487493615319557885e-03
3.355806985930670283e+00 1.054671779358233863e+01 2.926736958288767454e+00 1.672331513096180799e+01 3.579318121993732005e-01 1.530525422806605640e+01 7.001581000000000055e-01 3.097326999999999941e+00 3.016285775781515986e+04 3.189614306278605760e+00 8.832427240778050859e+00 1.088217017940543485e+00 1.834650453650649382e+01 2.190722022060227658e+01 1.500000000000000000e+01 7.234983000000000386e-01 3.013116999999999823e+00 1.906308865786444221e+04 6.487493615319557885e-03
3.355806985930670283e+00 1.054671779358233863e+01 2.926736958288767454e+00 1.672331513096180799e+01 3.579318121993732005e-01 1.530525399999999969e+01 7.001581149011611993e-01 3.097326999999999941e+00 3.016285775781515986e+04 3.189614306278605760e+00 8.832427240778050859e+00 1.088217017940543485e+00 1.834650453650649382e+01 2.190722022060227658e+01 1.500000000000000000e+01 7.234983000000000386e-01 3.013116999999999823e+00 1.906308865786444221e+04 6.487493615319557885e-03
3.355806985930670283e+00 1.054671779358233863e+01 2.926736958288767454e+00 1.672331513096180799e+01 3.579318121993732005e-01 1.530525399999999969e+01 7.001581000000000055e-01 3.097326999999999941e+00 3.016285820727676401e+04 3.189614306278605760e+00 8.832427240778050859e+00 1.088217017940543485e+00 1.834650453650649382e+01 2.190722022060227658e+01 1.500000000000000000e+01 7.234983000000000386e-01 3.013116999999999823e+00 1.906308865786444221e+04 6.487493615319557885e-03
3.355806985930670283e+00 1.054671779358233863e+01 2.926736958288767454e+00 1.672331513096180799e+01 3.579318121993732005e-01 1.530525399999999969e+01 7.001581000000000055e-01 3.097326999999999941e+00 3.016285775781515986e+04 3.189614353807562530e+00 8.832427240778050859e+00 1.088217017940543485e+00 1.834650453650649382e+01 2.190722022060227658e+01 1.500000000000000000e+01 7.234983000000000386e-01 3.013116999999999823e+00 1.906308865786444221e+04 6.487493615319557885e-03
3.355806985930670283e+00 1.054671779358233863e+01 2.926736958288767454e+00 1.672331513096180799e+01 3.579318121993732005e-01 1.530525399999999969e+01 7.001581000000000055e-01 3.097326999999999941e+00 3.016285775781515986e+04 3.189614306278605760e+00 8.832427372391473241e+00 1.088217017940543485e+00 1.834650453650649382e+01 2.190722022060227658e+01 1.500000000000000000e+01 7.234983000000000386e-01 3.013116999999999823e+00 1.906308865786444221e+04 6.487493615319557885e-03
3.355806985930670283e+00 1.054671779358233863e+01 2.926736958288767454e+00 1.672331513096180799e+01 3.579318121993732005e-01 1.530525399999999969e+01 7.001581000000000055e-01 3.097326999999999941e+00 3.016285775781515986e+04 3.189614306278605760e+00 8.832427240778050859e+00 1.088217034156240715e+00 1.834650453650649382e+01 2.190722022060227658e+01 1.500000000000000000e+01 7.234983000000000386e-01 3.013116999999999823e+00 1.906308865786444221e+04 6.487493615319557885e-03
3.355806985930670283e+00 1.054671779358233863e+01 2.926736958288767454e+00 1.672331513096180799e+01 3.579318121993732005e-01 1.530525399999999969e+01 7.001581000000000055e-01 3.097326999999999941e+00 3.016285775781515986e+04 3.189614306278605760e+00 8.832427240778050859e+00 1.088217017940543485e+00 1.834650480989071397e+01 2.190722022060227658e+01 1.500000000000000000e+01 7.234983000000000386e-01 3.013116999999999823e+00 1.906308865786444221e+04 6.487493615319557885e-03
3.355806985930670283e+00 1.054671779358233863e+01 2.926736958288767454e+00 1.672331513096180799e+01 3.579318121993732005e-01 1.530525399999999969e+01 7.001581000000000055e-01 3.097326999999999941e+00 3.016285775781515986e+04 3.189614306278605760e+00 8.832427240778050859e+00 1.088217017940543485e+00 1.834650453650649382e+01 2.190722054704529498e+01 1.500000000000000000e+01 7.234983000000000386e-01 3.013116999999999823e+00 1.906308865786444221e+04 6.487493615319557885e-03
3.355806985930670283e+00 1.054671779358233863e+01 2.926736958288767454e+00 1.672331513096180799e+01 3.579318121993732005e-01 1.530525399999999969e+01 7.001581000000000055e-01 3.097326999999999941e+00 3.016285775781515986e+04 3.189614306278605760e+00 8.832427240778050859e+00 1.088217017940543485e+00 1.834650453650649382e+01 2.190722022060227658e+01 1.500000022351741791e+01 7.234983000000000386e-01 3.013116999999999823e+00 1.906308865786444221e+04 6.487493615319557885e-03
3.355806985930670283e+00 1.054671779358233863e+01 2.926736958288767454e+00 1.672331513096180799e+01 3.579318121993732005e-01 1.530525399999999969e+01 7.001581000000000055e-01 3.097326999999999941e+00 3.016285775781515986e+04 3.189614306278605760e+00 8.832427240778050859e+00 1.088217017940543485e+00 1.834650453650649382e+01 2.190722022060227658e+01 1.500000000000000000e+01 7.234983149011612324e-01 3.013116999999999823e+00 1.906308865786444221e+04 6.487493615319557885e-03
3.355806985930670283e+00 1.054671779358233863e+01 2.926736958288767454e+00 1.672331513096180799e+01 3.579318121993732005e-01 1.530525399999999969e+01 7.001581000000000055e-01 3.097326999999999941e+00 3.016285775781515986e+04 3.189614306278605760e+00 8.832427240778050859e+00 1.088217017940543485e+00 1.834650453650649382e+01 2.190722022060227658e+01 1.500000000000000000e+01 7.234983000000000386e-01 3.013116999999999823e+00 1.906308894192659864e+04 6.487493615319557885e-03
3.355806985930670283e+00 1.054671779358233863e+01 2.926736958288767454e+00 1.672331513096180799e+01 3.579318121993732005e-01 1.530525399999999969e+01 7.001581000000000055e-01 3.097326999999999941e+00 3.016285775781515986e+04 3.189614306278605760e+00 8.832427240778050859e+00 1.088217017940543485e+00 1.834650453650649382e+01 2.190722022060227658e+01 1.500000000000000000e+01 7.234983000000000386e-01 3.013116999999999823e+00 1.906308865786444221e+04 6.487508516480751733e-03
3.535641466616014306e+00 1.054671779016620725e+01 1.233046206453636273e-02 1.076782295391511468e+01 8.701793411829028546e-03 1.530525400033721617e+01 7.001580999223615542e-01 3.097326999999999941e+00 3.016285775687423302e+04 3.100397167564298506e+00 8.832427241859104328e+00 1.008478450082832545e+00 1.910359392535107403e+01 2.570814463747569434e+01 1.500000000002724398e+01 7.234983000273266240e-01 3.013116999999999823e+00 1.906308865726621661e+04 6.452569896845058300e-03
3.751021107284905565e+00 1.054665583860258415e+01 2.927747693429447295e+00 1.670932728489195540e+01 3.128556325469458721e-01 1.530525839608591454e+01 7.001570864918749137e-01 3.097326999999999941e+00 3.016283911570416967e+04 2.831707792243051358e+00 8.832422625875247846e+00 3.765525735710539834e-05 1.835620353430668317e+01 2.188793798819376235e+01 1.500000295543587647e+01 7.234974968988555633e-01 3.013116999999999823e+00 1.906307661797348919e+04 9.341872308479104436e-03
3.502288041995065715e+00 1.057703682191418260e+01 2.926622818314445595e+00 1.672617154764233049e+01 3.658273651183403530e-01 1.530523524116805945e+01 7.003425788269422858e-01 3.097326999999999941e+00 3.016280905989854364e+04 2.932862180502064930e+00 8.884278069823947632e+00 1.151989670171375879e+00 1.834745496337156112e+01 2.190166626550657725e+01 1.500000115873111817e+01 7.234844446752770608e-01 3.013116999999999823e+00 1.906306374624692035e+04 8.971318988770005803e-03
3.392485927101362098e+00 1.055500913574153721e+01 2.926708554345917701e+00 1.672403031593782785e+01 3.599076951796983947e-01 1.530524930308719966e+01 7.002050662150266502e-01 3.097326999999999941e+00 3.016284555820382229e+04 3.125544449128019764e+00 8.848356052866245491e+00 1.104162622021135798e+00 1.834674292472286794e+01 2.190583326689431587e+01 1.500000028701403743e+01 7.234948496217259439e-01 3.013116999999999823e+00 1.906308241343956979e+04 7.107617533211397012e-03
3.365045448330813205e+00 1.054880889410473088e+01 2.926729937459388253e+00 1.672349521731278799e+01 3.584285986775657684e-01 1.530525281871109655e+01 7.001699275497569319e-01 3.097326999999999941e+00 3.016285468209909595e+04 3.173641069550984906e+00 8.836469429637052286e+00 1.092214233523769673e+00 1.834656487922674017e+01 2.190687368012316583e+01 1.500000006997103519e+01 7.234974559687185058e-01 3.013116999999999823e+00 1.906308708078626660e+04 6.637481086912013807e-03
3.358173443728686092e+00 1.054724478022917822e+01 2.926735268732187478e+00 1.672336121974954182e+01 3.580583417818634095e-01 1.530525369885838671e+01 7.001611168242236616e-01 3.097326999999999941e+00 3.016285696757263941e+04 3.185656737241827852e+00 8.833435506277931282e+00 1.089225327694900880e+00 1.834652023740177995e+01 2.190713373494252281e+01 1.500000001603064881e+01 7.234981044246885373e-01 3.013116999999999823e+00 1.906308825041638556e+04 6.520922364617781457e-03
3.356429723446830327e+00 1.054685141392092795e+01 2.926736572615892928e+00 1.672332723716420233e+01 3.579647167587384216e-01 1.530525392154063979e+01 7.001588865477481605e-01 3.097326999999999941e+00 3.016285754856086714e+04 3.188645432701040505e+00 8.832676102510244931e+00 1.088473915067547093e+00 1.834650880031885123e+01 2.190719869715710999e+01 1.500000000319401749e+01 7.234982597055925613e-01 3.013116999999999823e+00 1.906308854875767793e+04 6.494066877966915043e-03
3.355970779300464280e+00 1.054675164096396855e+01 2.926736871747116719e+00 1.672331830950135512e+01 3.579403675839918919e-01 1.530525397956428790e+01 7.001583049954950289e-01 3.097326999999999941e+00 3.016285770243533989e+04 3.189377820829999877e+00 8.832488480990699387e+00 1.088282453488331747e+00 1.834650569139428100e+01 2.190721487179562388e+01 1.500000000058157568e+01 7.234982922208835765e-01 3.013116999999999823e+00 1.906308862868216602e+04 6.489456283104461966e-03
3.355970829308325687e+00 1.054675164096396855e+01 2.926736871747116719e+00 1.672331830950135512e+01 3.579403675839918919e-01 1.530525397956428790e+01 7.001583049954950289e-01 3.097326999999999941e+00 3.016285770243533989e+04 3.189377820829999877e+00 8.832488480990699387e+00 1.088282453488331747e+00 1.834650569139428100e+01 2.190721487179562388e+01 1.500000000058157568e+01 7.234982922208835765e-01 3.013116999999999823e+00 1.906308862868216602e+04 6.489456283104461966e-03
3.355970779300464280e+00 1.054675179812281449e+01 2.926736871747116719e+00 1.672331830950135512e+01 3.579403675839918919e-01 1.530525397956428790e+01 7.001583049954950289e-01 3.097326999999999941e+00 3.016285770243533989e+04 3.189377820829999877e+00 8.832488480990699387e+00 1.088282453488331747e+00 1.834650569139428100e+01 2.190721487179562388e+01 1.500000000058157568e+01 7.234982922208835765e-01 3.013116999999999823e+00 1.906308862868216602e+04 6.489456283104461966e-03
3.355970779300464280e+00 1.054675164096396855e+01 2.926736915358894464e+00 1.672331830950135512e+01 3.579403675839918919e-01 1.530525397956428790e+01 7.001583049954950289e-01 3.097326999999999941e+00 3.016285770243533989e+04 3.189377820829999877e+00 8.832488480990699387e+00 1.088282453488331747e+00 1.834650569139428100e+01 2.190721487179562388e+01 1.500000000058157568e+01 7.234982922208835765e-01 3.013116999999999823e+00 1.906308862868216602e+04 6.489456283104461966e-03
3.355970779300464280e+00 1.054675164096396855e+01 2.926736871747116719e+00 1.672331855869821737e+01 3.579403675839918919e-01 1.530525397956428790e+01 7.001583049954950289e-01 3.097326999999999941e+00 3.016285770243533989e+04 3.189377820829999877e+00 8.832488480990699387e+00 1.088282453488331747e+00 1.834650569139428100e+01 2.190721487179562388e+01 1.500000000058157568e+01 7.234982922208835765e-01 3.013116999999999823e+00 1.906308862868216602e+04 6.489456283104461966e-03
3.355970779300464280e+00 1.054675164096396855e+01 2.926736871747116719e+00 1.672331830950135512e+01 3.579403824851530858e-01 1.530525397956428790e+01 7.001583049954950289e-01 3.097326999999999941e+00 3.016285770243533989e+04 3.189377820829999877e+00 8.832488480990699387e+00 1.088282453488331747e+00 1.834650569139428100e+01 2.190721487179562388e+01 1.500000000058157568e+01 7.234982922208835765e-01 3.013116999999999823e+00 1.906308862868216602e+04 6.489456283104461966e-03
3.355970779300464280e+00 1.054675164096396855e+01 2.926736871747116719e+00 1.672331830950135512e+01 3.579403675839918919e-01 1.530525420763034461e+01 7.001583049954950289e-01 3.097326999999999941e+00 3.016285770243533989e+04 3.189377820829999877e+00 8.832488480990699387e+00 1.088282453488331747e+00 1.834650569139428100e+01 2.190721487179562388e+01 1.500000000058157568e+01 7.234982922208835765e-01 3.013116999999999823e+00 1.906308862868216602e+04 6.489456283104461966e-03
3.355970779300464280e+00 1.054675164096396855e+01 2.926736871747116719e+00 1.672331830950135512e+01 3.579403675839918919e-01 1.530525397956428790e+01 7.001583198966562227e-01 3.097326999999999941e+00 3.016285770243533989e+04 3.189377820829999877e+00 8.832488480990699387e+00 1.088282453488331747e+00 1.834650569139428100e+01 2.190721487179562388e+01 1.500000000058157568e+01 7.234982922208835765e-01 3.013116999999999823e+00 1.906308862868216602e+04 6.489456283104461966e-03
3.355970779300464280e+00 1.054675164096396855e+01 2.926736871747116719e+00 1.672331830950135512e+01 3.579403675839918919e-01 1.530525397956428790e+01 7.001583049954950289e-01 3.097326999999999941e+00 3.016285815189694404e+04 3.189377820829999877e+00 8.832488480990699387e+00 1.088282453488331747e+00 1.834650569139428100e+01 2.190721487179562388e+01 1.500000000058157568e+01 7.234982922208835765e-01 3.013116999999999823e+00 1.906308862868216602e+04 6.489456283104461966e-03
3.355970779300464280e+00 1.054675164096396855e+01 2.926736871747116719e+00 1.672331830950135512e+01 3.579403675839918919e-01 1.530525397956428790e+01 7.001583049954950289e-01 3.097326999999999941e+00 3.016285770243533989e+04 3.189377868355432799e+00 8.832488480990699387e+00 1.088282453488331747e+00 1.834650569139428100e+01 2.190721487179562388e+01 1.500000000058157568e+01 7.234982922208835765e-01 3.013116999999999823e+00 1.906308862868216602e+04 6.489456283104461966e-03
3.355970779300464280e+00 1.054675164096396855e+01 2.926736871747116719e+00 1.672331830950135512e+01 3.579403675839918919e-01 1.530525397956428790e+01 7.001583049954950289e-01 3.097326999999999941e+00 3.016285770243533989e+04 3.189377820829999877e+00 8.832488612605034817e+00 1.088282453488331747e+00 1.834650569139428100e+01 2.190721487179562388e+01 1.500000000058157568e+01 7.234982922208835765e-01 3.013116999999999823e+00 1.906308862868216602e+04 6.489456283104461966e-03
3.355970779300464280e+00 1.054675164096396855e+01 2.926736871747116719e+00 1.672331830950135512e+01 3.579403675839918919e-01 1.530525397956428790e+01 7.001583049954950289e-01 3.097326999999999941e+00 3.016285770243533989e+04 3.189377820829999877e+00 8.832488480990699387e+00 1.088282469705003974e+00 1.834650569139428100e+01 2.190721487179562388e+01 1.500000000058157568e+01 7.234982922208835765e-01 3.013116999999999823e+00 1.906308862868216602e+04 6.489456283104461966e-03
3.355970779300464280e+00 1.054675164096396855e+01 2.926736871747116719e+00 1.672331830950135512e+01 3.579403675839918919e-01 1.530525397956428790e+01 7.001583049954950289e-01 3.097326999999999941e+00 3.016285770243533989e+04 3.189377820829999877e+00 8.832488480990699387e+00 1.088282453488331747e+00 1.834650596477851892e+01 2.190721487179562388e+01 1.500000000058157568e+01 7.234982922208835765e-01 3.013116999999999823e+00 1.906308862868216602e+04 6.489456283104461966e-03
3.355970779300464280e+00 1.054675164096396855e+01 2.926736871747116719e+00 1.672331830950135512e+01 3.579403675839918919e-01 1.530525397956428790e+01 7.001583049954950289e-01 3.097326999999999941e+00 3.016285770243533989e+04 3.189377820829999877e+00 8.832488480990699387e+00 1.088282453488331747e+00 1.834650569139428100e+01 2.190721519823856411e+01 1.500000000058157568e+01 7.234982922208835765e-01 3.013116999999999823e+00 1.906308862868216602e+04 6.489456283104461966e-03
3.355970779300464280e+00 1.054675164096396855e+01 2.926736871747116719e+00 1.672331830950135512e+01 3.579403675839918919e-01 1.530525397956428790e+01 7.001583049954950289e-01 3.097326999999999941e+00 3.016285770243533989e+04 3.189377820829999877e+00 8.832488480990699387e+00 1.088282453488331747e+00 1.834650569139428100e+01 2.190721487179562388e+01 1.500000022409899358e+01 7.234982922208835765e-01 3.013116999999999823e+00 1.906308862868216602e+04 6.489456283104461966e-03
3.355970779300464280e+00 1.054675164096396855e+01 2.926736871747116719e+00 1.672331830950135512e+01 3.579403675839918919e-01 1.530525397956428790e+01 7.001583049954950289e-01 3.097326999999999941e+00 3.016285770243533989e+04 3.189377820829999877e+00 8.832488480990699387e+00 1.088282453488331747e+00 1.834650569139428100e+01 2.190721487179562388e+01 1.500000000058157568e+01 7.234983071220447703e-01 3.013116999999999823e+00 1.906308862868216602e+04 6.489456283104461966e-03
3.355970779300464280e+00 1.054675164096396855e+01 2.926736871747116719e+00 1.672331830950135512e+01 3.579403675839918919e-01 1.530525397956428790e+01 7.001583049954950289e-01 3.097326999999999941e+00 3.016285770243533989e+04 3.189377820829999877e+00 8.832488480990699387e+00 1.088282453488331747e+00 1.834650569139428100e+01 2.190721487179562388e+01 1.500000000058157568e+01 7.234982922208835765e-01 3.013116999999999823e+00 1.906308891274432244e+04 6.489456283104461966e-03
3.355970779300464280e+00 1.054675164096396855e+01 2.926736871747116719e+00 1.672331830950135512e+01 3.579403675839918919e-01 1.530525397956428790e+01 7.001583049954950289e-01 3.097326999999999941e+00 3.016285770243533989e+04 3.189377820829999877e+00 8.832488480990699387e+00 1.088282453488331747e+00 1.834650569139428100e+01 2.190721487179562388e+01 1.500000000058157568e+01 7.234982922208835765e-01 3.013116999999999823e+00 1.906308862868216602e+04 6.489471184265655813e-03
