3.152930482608965246e+00 9.254899740110365869e+00 1.146262888179072847e+00 1.000000000000000036e-10 4.251502512209535922e+01 1.549994700000000059e+01 7.954442999999999930e-01 3.681439999999999824e+00 2.063421406239096541e+04 8.667533736142254410e-04
3.152930529591290387e+00 9.254899740110365869e+00 1.146262888179072847e+00 1.000000000000000036e-10 4.251502512209535922e+01 1.549994700000000059e+01 7.954442999999999930e-01 3.681439999999999824e+00 2.063421406239096541e+04 8.667533736142254410e-04
3.152930482608965246e+00 9.254899878019118731e+00 1.146262888179072847e+00 1.000000000000000036e-10 4.251502512209535922e+01 1.549994700000000059e+01 7.954442999999999930e-01 3.681439999999999824e+00 2.063421406239096541e+04 8.667533736142254410e-04
3.152930482608965246e+00 9.254899740110365869e+00 1.146262905259720855e+00 1.000000000000000036e-10 4.251502512209535922e+01 1.549994700000000059e+01 7.954442999999999930e-01 3.681439999999999824e+00 2.063421406239096541e+04 8.667533736142254410e-04
3.152930482608965246e+00 9.254899740110365869e+00 1.146262888179072847e+00 1.500116119384765715e-08 4.251502512209535922e+01 1.549994700000000059e+01 7.954442999999999930e-01 3.681439999999999824e+00 2.063421406239096541e+04 8.667533736142254410e-04
3.152930482608965246e+00 9.254899740110365869e+00 1.146262888179072847e+00 1.000000000000000036e-10 4.251502575561860198e+01 1.549994700000000059e+01 7.954442999999999930e-01 3.681439999999999824e+00 2.063421406239096541e+04 8.667533736142254410e-04
3.152930482608965246e+00 9.254899740110365869e+00 1.146262888179072847e+00 1.000000000000000036e-10 4.251502512209535922e+01 1.549994723096720861e+01 7.954442999999999930e-01 3.681439999999999824e+00 2.063421406239096541e+04 8.667533736142254410e-04
3.152930482608965246e+00 9.254899740110365869e+00 1.146262888179072847e+00 1.000000000000000036e-10 4.251502512209535922e+01 1.549994700000000059e+01 7.954443149011611869e-01 3.681439999999999824e+00 2.063421406239096541e+04 8.667533736142254410e-04
3.152930482608965246e+00 9.254899740110365869e+00 1.146262888179072847e+00 1.000000000000000036e-10 4.251502512209535922e+01 1.549994700000000059e+01 7.954442999999999930e-01 3.681439999999999824e+00 2.063421436986471599e+04 8.667533736142254410e-04
3.152930482608965246e+00 9.254899740110365869e+00 1.146262888179072847e+00 1.000000000000000036e-10 4.251502512209535922e+01 1.549994700000000059e+01 7.954442999999999930e-01 3.681439999999999824e+00 2.063421406239096541e+04 8.667682747754192887e-04
2.016482426570469944e+00 6.185566369355278482e+00 1.160441936724062595e+00 4.188782711923368074e-12 1.931290640684405844e+02 1.455079162507399282e+01 7.365681429058035246e-01 3.681439999999999824e+00 2.035753462231876983e+04 8.694865928529980741e-04
2.876071784477280513e+00 8.830495360751514866e+00 1.160433160851220391e+00 4.199557064653941006e-12 8.012030373729288613e+01 1.455137155629080681e+01 7.366015153181787456e-01 3.681439999999999824e+00 2.035761328510015301e+04 8.694615234650916692e-04
3.092275402470361811e+00 9.495743646703678209e+00 1.160431072845317546e+00 4.202097614969518106e-12 5.169638548355202090e+01 1.455153164230970297e+01 7.366100624976091860e-01 3.681439999999999824e+00 2.035764103097085172e+04 8.694574080404956183e-04
3.154328946192218375e+00 9.686633395741242936e+00 1.160431484970084082e+00 4.198711480213095009e-12 4.353835354168105454e+01 1.455175499757998736e+01 7.366154759522000051e-01 3.681439999999999824e+00 2.035774281240534037e+04 8.694803389429620792e-04
3.154328993195382402e+00 9.686633395741242936e+00 1.160431484970084082e+00 4.198711480213095009e-12 4.353835354168105454e+01 1.455175499757998736e+01 7.366154759522000051e-01 3.681439999999999824e+00 2.035774281240534037e+04 8.694803389429620792e-04
3.154328946192218375e+00 9.686633540083327887e+00 1.160431484970084082e+00 4.198711480213095009e-12 4.353835354168105454e+01 1.455175499757998736e+01 7.366154759522000051e-01 3.681439999999999824e+00 2.035774281240534037e+04 8.694803389429620792e-04
3.154328946192218375e+00 9.686633395741242936e+00 1.160431502261860759e+00 4.198711480213095009e-12 4.353835354168105454e+01 1.455175499757998736e+01 7.366154759522000051e-01 3.681439999999999824e+00 2.035774281240534037e+04 8.694803389429620792e-04
3.154328946192218375e+00 9.686633395741242936e+00 1.160431484970084082e+00 1.490535990532786772e-08 4.353835354168105454e+01 1.455175499757998736e+01 7.366154759522000051e-01 3.681439999999999824e+00 2.035774281240534037e+04 8.694803389429620792e-04
3.154328946192218375e+00 9.686633395741242936e+00 1.160431484970084082e+00 4.198711480213095009e-12 4.353835419045307731e+01 1.455175499757998736e+01 7.366154759522000051e-01 3.681439999999999824e+00 2.035774281240534037e+04 8.694803389429620792e-04
3.154328946192218375e+00 9.686633395741242936e+00 1.160431484970084082e+00 4.198711480213095009e-12 4.353835354168105454e+01 1.455175521441803355e+01 7.366154759522000051e-01 3.681439999999999824e+00 2.035774281240534037e+04 8.694803389429620792e-04
3.154328946192218375e+00 9.686633395741242936e+00 1.160431484970084082e+00 4.198711480213095009e-12 4.353835354168105454e+01 1.455175499757998736e+01 7.366154908533611989e-01 3.681439999999999824e+00 2.035774281240534037e+04 8.694803389429620792e-04
3.154328946192218375e+00 9.686633395741242936e+00 1.160431484970084082e+00 4.198711480213095009e-12 4.353835354168105454e+01 1.455175499757998736e+01 7.366154759522000051e-01 3.681439999999999824e+00 2.035774311575934917e+04 8.694803389429620792e-04
3.154328946192218375e+00 9.686633395741242936e+00 1.160431484970084082e+00 4.198711480213095009e-12 4.353835354168105454e+01 1.455175499757998736e+01 7.366154759522000051e-01 3.681439999999999824e+00 2.035774281240534037e+04 8.694952401041559269e-04
3.154866378829702445e+00 9.691617617156616404e+00 1.161368156332843515e+00 9.781166260940518664e-02 4.353863268962403055e+01 1.455165690168274040e+01 7.360164616780316971e-01 3.681439999999999824e+00 2.035669431349643492e+04 8.703897298236578381e-04
3.154866425840874733e+00 9.691617617156616404e+00 1.161368156332843515e+00 9.781166260940518664e-02 4.353863268962403055e+01 1.455165690168274040e+01 7.360164616780316971e-01 3.681439999999999824e+00 2.035669431349643492e+04 8.703897298236578381e-04
3.154866378829702445e+00 9.691617761572972611e+00 1.161368156332843515e+00 9.781166260940518664e-02 4.353863268962403055e+01 1.455165690168274040e+01 7.360164616780316971e-01 3.681439999999999824e+00 2.035669431349643492e+04 8.703897298236578381e-04
3.154866378829702445e+00 9.691617617156616404e+00 1.161368173638577694e+00 9.781166260940518664e-02 4.353863268962403055e+01 1.455165690168274040e+01 7.360164616780316971e-01 3.681439999999999824e+00 2.035669431349643492e+04 8.703897298236578381e-04
3.154866378829702445e+00 9.691617617156616404e+00 1.161368156332843515e+00 9.781167751056638049e-02 4.353863268962403055e+01 1.455165690168274040e+01 7.360164616780316971e-01 3.681439999999999824e+00 2.035669431349643492e+04 8.703897298236578381e-04
3.154866378829702445e+00 9.691617617156616404e+00 1.161368156332843515e+00 9.781166260940518664e-02 4.353863333840021710e+01 1.455165690168274040e+01 7.360164616780316971e-01 3.681439999999999824e+00 2.035669431349643492e+04 8.703897298236578381e-04
3.154866378829702445e+00 9.691617617156616404e+00 1.161368156332843515e+00 9.781166260940518664e-02 4.353863268962403055e+01 1.455165711851932464e+01 7.360164616780316971e-01 3.681439999999999824e+00 2.035669431349643492e+04 8.703897298236578381e-04
3.154866378829702445e+00 9.691617617156616404e+00 1.161368156332843515e+00 9.781166260940518664e-02 4.353863268962403055e+01 1.455165690168274040e+01 7.360164765791928909e-01 3.681439999999999824e+00 2.035669431349643492e+04 8.703897298236578381e-04
3.154866378829702445e+00 9.691617617156616404e+00 1.161368156332843515e+00 9.781166260940518664e-02 4.353863268962403055e+01 1.455165690168274040e+01 7.360164616780316971e-01 3.681439999999999824e+00 2.035669461683481859e+04 8.703897298236578381e-04
3.154866378829702445e+00 9.691617617156616404e+00 1.161368156332843515e+00 9.781166260940518664e-02 4.353863268962403055e+01 1.455165690168274040e+01 7.360164616780316971e-01 3.681439999999999824e+00 2.035669431349643492e+04 8.704046309848516858e-04
3.155619689997487765e+00 9.739756267142116286e+00 1.164057395580968768e+00 8.928195291529755773e-02 4.357222855640883097e+01 1.405308031506152844e+01 7.280479437618533334e-01 3.681439999999999824e+00 2.035661783144039146e+04 8.866033135764992074e-04
3.155619737019885296e+00 9.739756267142116286e+00 1.164057395580968768e+00 8.928195291529755773e-02 4.357222855640883097e+01 1.405308031506152844e+01 7.280479437618533334e-01 3.681439999999999824e+00 2.035661783144039146e+04 8.866033135764992074e-04
3.155619689997487765e+00 9.739756412275793807e+00 1.164057395580968768e+00 8.928195291529755773e-02 4.357222855640883097e+01 1.405308031506152844e+01 7.280479437618533334e-01 3.681439999999999824e+00 2.035661783144039146e+04 8.866033135764992074e-04
3.155619689997487765e+00 9.739756267142116286e+00 1.164057412926775559e+00 8.928195291529755773e-02 4.357222855640883097e+01 1.405308031506152844e+01 7.280479437618533334e-01 3.681439999999999824e+00 2.035661783144039146e+04 8.866033135764992074e-04
3.155619689997487765e+00 9.739756267142116286e+00 1.164057395580968768e+00 8.928196781645875157e-02 4.357222855640883097e+01 1.405308031506152844e+01 7.280479437618533334e-01 3.681439999999999824e+00 2.035661783144039146e+04 8.866033135764992074e-04
3.155619689997487765e+00 9.739756267142116286e+00 1.164057395580968768e+00 8.928195291529755773e-02 4.357222920568563040e+01 1.405308031506152844e+01 7.280479437618533334e-01 3.681439999999999824e+00 2.035661783144039146e+04 8.866033135764992074e-04
3.155619689997487765e+00 9.739756267142116286e+00 1.164057395580968768e+00 8.928195291529755773e-02 4.357222855640883097e+01 1.405308052446874356e+01 7.280479437618533334e-01 3.681439999999999824e+00 2.035661783144039146e+04 8.866033135764992074e-04
3.155619689997487765e+00 9.739756267142116286e+00 1.164057395580968768e+00 8.928195291529755773e-02 4.357222855640883097e+01 1.405308031506152844e+01 7.280479586630145272e-01 3.681439999999999824e+00 2.035661783144039146e+04 8.866033135764992074e-04
3.155619689997487765e+00 9.739756267142116286e+00 1.164057395580968768e+00 8.928195291529755773e-02 4.357222855640883097e+01 1.405308031506152844e+01 7.280479437618533334e-01 3.681439999999999824e+00 2.035661813477763644e+04 8.866033135764992074e-04
3.155619689997487765e+00 9.739756267142116286e+00 1.164057395580968768e+00 8.928195291529755773e-02 4.357222855640883097e+01 1.405308031506152844e+01 7.280479437618533334e-01 3.681439999999999824e+00 2.035661783144039146e+04 8.866182147376930551e-04
3.157212149609804896e+00 9.840859118570453035e+00 1.169868639151965484e+00 8.208434428460170684e-02 4.365952852264803852e+01 1.404751484354043534e+01 7.140661766108922226e-01 3.681439999999999824e+00 2.035661780508068841e+04 9.076636256998731663e-04
3.155642091228984647e+00 9.765131625044519481e+00 1.164727710018755191e+00 8.769502220147470939e-02 4.359847291953688853e+01 1.405197525880880960e+01 7.245545345584429864e-01 3.681439999999999824e+00 2.035661783506976644e+04 8.791238089330145325e-04
3.155642138251716133e+00 9.765131625044519481e+00 1.164727710018755191e+00 8.769502220147470939e-02 4.359847291953688853e+01 1.405197525880880960e+01 7.245545345584429864e-01 3.681439999999999824e+00 2.035661783506976644e+04 8.791238089330145325e-04
3.155642091228984647e+00 9.765131770556319424e+00 1.164727710018755191e+00 8.769502220147470939e-02 4.359847291953688853e+01 1.405197525880880960e+01 7.245545345584429864e-01 3.681439999999999824e+00 2.035661783506976644e+04 8.791238089330145325e-04
3.155642091228984647e+00 9.765131625044519481e+00 1.164727727374550437e+00 8.769502220147470939e-02 4.359847291953688853e+01 1.405197525880880960e+01 7.245545345584429864e-01 3.681439999999999824e+00 2.035661783506976644e+04 8.791238089330145325e-04
3.155642091228984647e+00 9.765131625044519481e+00 1.164727710018755191e+00 8.769503710263590324e-02 4.359847291953688853e+01 1.405197525880880960e+01 7.245545345584429864e-01 3.681439999999999824e+00 2.035661783506976644e+04 8.791238089330145325e-04
3.155642091228984647e+00 9.765131625044519481e+00 1.164727710018755191e+00 8.769502220147470939e-02 4.359847356920476358e+01 1.405197525880880960e+01 7.245545345584429864e-01 3.681439999999999824e+00 2.035661783506976644e+04 8.791238089330145325e-04
3.155642091228984647e+00 9.765131625044519481e+00 1.164727710018755191e+00 8.769502220147470939e-02 4.359847291953688853e+01 1.405197546819955789e+01 7.245545345584429864e-01 3.681439999999999824e+00 2.035661783506976644e+04 8.791238089330145325e-04
3.155642091228984647e+00 9.765131625044519481e+00 1.164727710018755191e+00 8.769502220147470939e-02 4.359847291953688853e+01 1.405197525880880960e+01 7.245545494596041802e-01 3.681439999999999824e+00 2.035661783506976644e+04 8.791238089330145325e-04
3.155642091228984647e+00 9.765131625044519481e+00 1.164727710018755191e+00 8.769502220147470939e-02 4.359847291953688853e+01 1.405197525880880960e+01 7.245545345584429864e-01 3.681439999999999824e+00 2.035661813840701143e+04 8.791238089330145325e-04
3.155642091228984647e+00 9.765131625044519481e+00 1.164727710018755191e+00 8.769502220147470939e-02 4.359847291953688853e+01 1.405197525880880960e+01 7.245545345584429864e-01 3.681439999999999824e+00 2.035661783506976644e+04 8.791387100942083801e-04
3.156585944018398315e+00 9.814891355089528702e+00 1.166482989736366438e+00 8.386665001875676095e-02 4.365184308622758635e+01 1.404955559310874591e+01 7.156933867498826984e-01 3.681439999999999824e+00 2.035661783568247847e+04 8.962784873255018108e-04
3.156585991055194107e+00 9.814891355089528702e+00 1.166482989736366438e+00 8.386665001875676095e-02 4.365184308622758635e+01 1.404955559310874591e+01 7.156933867498826984e-01 3.681439999999999824e+00 2.035661783568247847e+04 8.962784873255018108e-04
3.156585944018398315e+00 9.814891501342806635e+00 1.166482989736366438e+00 8.386665001875676095e-02 4.365184308622758635e+01 1.404955559310874591e+01 7.156933867498826984e-01 3.681439999999999824e+00 2.035661783568247847e+04 8.962784873255018108e-04
3.156585944018398315e+00 9.814891355089528702e+00 1.166483007118317428e+00 8.386665001875676095e-02 4.365184308622758635e+01 1.404955559310874591e+01 7.156933867498826984e-01 3.681439999999999824e+00 2.035661783568247847e+04 8.962784873255018108e-04
3.156585944018398315e+00 9.814891355089528702e+00 1.166482989736366438e+00 8.386666491991795480e-02 4.365184308622758635e+01 1.404955559310874591e+01 7.156933867498826984e-01 3.681439999999999824e+00 2.035661783568247847e+04 8.962784873255018108e-04
3.156585944018398315e+00 9.814891355089528702e+00 1.166482989736366438e+00 8.386665001875676095e-02 4.365184373669073636e+01 1.404955559310874591e+01 7.156933867498826984e-01 3.681439999999999824e+00 2.035661783568247847e+04 8.962784873255018108e-04
3.156585944018398315e+00 9.814891355089528702e+00 1.166482989736366438e+00 8.386665001875676095e-02 4.365184308622758635e+01 1.404955580246343771e+01 7.156933867498826984e-01 3.681439999999999824e+00 2.035661783568247847e+04 8.962784873255018108e-04
3.156585944018398315e+00 9.814891355089528702e+00 1.166482989736366438e+00 8.386665001875676095e-02 4.365184308622758635e+01 1.404955559310874591e+01 7.156934016510438923e-01 3.681439999999999824e+00 2.035661783568247847e+04 8.962784873255018108e-04
3.156585944018398315e+00 9.814891355089528702e+00 1.166482989736366438e+00 8.386665001875676095e-02 4.365184308622758635e+01 1.404955559310874591e+01 7.156933867498826984e-01 3.681439999999999824e+00 2.035661813901972346e+04 8.962784873255018108e-04
3.156585944018398315e+00 9.814891355089528702e+00 1.166482989736366438e+00 8.386665001875676095e-02 4.365184308622758635e+01 1.404955559310874591e+01 7.156933867498826984e-01 3.681439999999999824e+00 2.035661783568247847e+04 8.962933884866956585e-04
3.157436631189589615e+00 9.859702806831569077e+00 1.168213219627083799e+00 8.113345122691580091e-02 4.370015470000124225e+01 1.404755255945247150e+01 6.938391940406130054e-01 3.681439999999999824e+00 2.035661782129479252e+04 9.144581345755572327e-04
3.157436678239061933e+00 9.859702806831569077e+00 1.168213219627083799e+00 8.113345122691580091e-02 4.370015470000124225e+01 1.404755255945247150e+01 6.938391940406130054e-01 3.681439999999999824e+00 2.035661782129479252e+04 9.144581345755572327e-04
3.157436631189589615e+00 9.859702953752590204e+00 1.168213219627083799e+00 8.113345122691580091e-02 4.370015470000124225e+01 1.404755255945247150e+01 6.938391940406130054e-01 3.681439999999999824e+00 2.035661782129479252e+04 9.144581345755572327e-04
3.157436631189589615e+00 9.859702806831569077e+00 1.168213237034817276e+00 8.113345122691580091e-02 4.370015470000124225e+01 1.404755255945247150e+01 6.938391940406130054e-01 3.681439999999999824e+00 2.035661782129479252e+04 9.144581345755572327e-04
3.157436631189589615e+00 9.859702806831569077e+00 1.168213219627083799e+00 8.113346612807699476e-02 4.370015470000124225e+01 1.404755255945247150e+01 6.938391940406130054e-01 3.681439999999999824e+00 2.035661782129479252e+04 9.144581345755572327e-04
3.157436631189589615e+00 9.859702806831569077e+00 1.168213219627083799e+00 8.113345122691580091e-02 4.370015535118429284e+01 1.404755255945247150e+01 6.938391940406130054e-01 3.681439999999999824e+00 2.035661782129479252e+04 9.144581345755572327e-04
3.157436631189589615e+00 9.859702806831569077e+00 1.168213219627083799e+00 8.113345122691580091e-02 4.370015470000124225e+01 1.404755276877731696e+01 6.938391940406130054e-01 3.681439999999999824e+00 2.035661782129479252e+04 9.144581345755572327e-04
3.157436631189589615e+00 9.859702806831569077e+00 1.168213219627083799e+00 8.113345122691580091e-02 4.370015470000124225e+01 1.404755255945247150e+01 6.938392089417741992e-01 3.681439999999999824e+00 2.035661782129479252e+04 9.144581345755572327e-04
3.157436631189589615e+00 9.859702806831569077e+00 1.168213219627083799e+00 8.113345122691580091e-02 4.370015470000124225e+01 1.404755255945247150e+01 6.938391940406130054e-01 3.681439999999999824e+00 2.035661812463203751e+04 9.144581345755572327e-04
3.157436631189589615e+00 9.859702806831569077e+00 1.168213219627083799e+00 8.113345122691580091e-02 4.370015470000124225e+01 1.404755255945247150e+01 6.938391940406130054e-01 3.681439999999999824e+00 2.035661782129479252e+04 9.144730357367510803e-04
3.159477696797135415e+00 9.932608279034626619e+00 1.171282452219310377e+00 4.132577775922906260e-02 4.370041395670011042e+01 1.404754648980179255e+01 6.794366235020736777e-01 3.681439999999999824e+00 2.035621748836813640e+04 9.416594582621813127e-04
3.159477743877022071e+00 9.932608279034626619e+00 1.171282452219310377e+00 4.132577775922906260e-02 4.370041395670011042e+01 1.404754648980179255e+01 6.794366235020736777e-01 3.681439999999999824e+00 2.035621748836813640e+04 9.416594582621813127e-04
3.159477696797135415e+00 9.932608427042023180e+00 1.171282452219310377e+00 4.132577775922906260e-02 4.370041395670011042e+01 1.404754648980179255e+01 6.794366235020736777e-01 3.681439999999999824e+00 2.035621748836813640e+04 9.416594582621813127e-04
3.159477696797135415e+00 9.932608279034626619e+00 1.171282469672779047e+00 4.132577775922906260e-02 4.370041395670011042e+01 1.404754648980179255e+01 6.794366235020736777e-01 3.681439999999999824e+00 2.035621748836813640e+04 9.416594582621813127e-04
3.159477696797135415e+00 9.932608279034626619e+00 1.171282452219310377e+00 4.132579266039025645e-02 4.370041395670011042e+01 1.404754648980179255e+01 6.794366235020736777e-01 3.681439999999999824e+00 2.035621748836813640e+04 9.416594582621813127e-04
3.159477696797135415e+00 9.932608279034626619e+00 1.171282452219310377e+00 4.132577775922906260e-02 4.370041460788702636e+01 1.404754648980179255e+01 6.794366235020736777e-01 3.681439999999999824e+00 2.035621748836813640e+04 9.416594582621813127e-04
3.159477696797135415e+00 9.932608279034626619e+00 1.171282452219310377e+00 4.132577775922906260e-02 4.370041395670011042e+01 1.404754669912654741e+01 6.794366235020736777e-01 3.681439999999999824e+00 2.035621748836813640e+04 9.416594582621813127e-04
3.159477696797135415e+00 9.932608279034626619e+00 1.171282452219310377e+00 4.132577775922906260e-02 4.370041395670011042e+01 1.404754648980179255e+01 6.794366384032348716e-01 3.681439999999999824e+00 2.035621748836813640e+04 9.416594582621813127e-04
3.159477696797135415e+00 9.932608279034626619e+00 1.171282452219310377e+00 4.132577775922906260e-02 4.370041395670011042e+01 1.404754648980179255e+01 6.794366235020736777e-01 3.681439999999999824e+00 2.035621779169941510e+04 9.416594582621813127e-04
3.159477696797135415e+00 9.932608279034626619e+00 1.171282452219310377e+00 4.132577775922906260e-02 4.370041395670011042e+01 1.404754648980179255e+01 6.794366235020736777e-01 3.681439999999999824e+00 2.035621748836813640e+04 9.416743594233751603e-04
3.161654494272319482e+00 1.000241707160484594e+01 1.173941987486542216e+00 3.623836237035239077e-02 4.372324668558182026e+01 1.404406761006287852e+01 6.456500216922109736e-01 3.681439999999999824e+00 2.035621719052108165e+04 9.681046354198944489e-04
3.159872656005158209e+00 9.941047736274402524e+00 1.171764778271034979e+00 4.117947950749573094e-02 4.370155310163313089e+01 1.404756822939609506e+01 6.687381851323669357e-01 3.681439999999999824e+00 2.035621748435371046e+04 9.469678891942614639e-04
3.159872703090929935e+00 9.941047736274402524e+00 1.171764778271034979e+00 4.117947950749573094e-02 4.370155310163313089e+01 1.404756822939609506e+01 6.687381851323669357e-01 3.681439999999999824e+00 2.035621748435371046e+04 9.469678891942614639e-04
3.159872656005158209e+00 9.941047884407558044e+00 1.171764778271034979e+00 4.117947950749573094e-02 4.370155310163313089e+01 1.404756822939609506e+01 6.687381851323669357e-01 3.681439999999999824e+00 2.035621748435371046e+04 9.469678891942614639e-04
3.159872656005158209e+00 9.941047736274402524e+00 1.171764795731690789e+00 4.117947950749573094e-02 4.370155310163313089e+01 1.404756822939609506e+01 6.687381851323669357e-01 3.681439999999999824e+00 2.035621748435371046e+04 9.469678891942614639e-04
3.159872656005158209e+00 9.941047736274402524e+00 1.171764778271034979e+00 4.117949440865692479e-02 4.370155310163313089e+01 1.404756822939609506e+01 6.687381851323669357e-01 3.681439999999999824e+00 2.035621748435371046e+04 9.469678891942614639e-04
3.159872656005158209e+00 9.941047736274402524e+00 1.171764778271034979e+00 4.117947950749573094e-02 4.370155375283701460e+01 1.404756822939609506e+01 6.687381851323669357e-01 3.681439999999999824e+00 2.035621748435371046e+04 9.469678891942614639e-04
3.159872656005158209e+00 9.941047736274402524e+00 1.171764778271034979e+00 4.117947950749573094e-02 4.370155310163313089e+01 1.404756843872117322e+01 6.687381851323669357e-01 3.681439999999999824e+00 2.035621748435371046e+04 9.469678891942614639e-04
3.159872656005158209e+00 9.941047736274402524e+00 1.171764778271034979e+00 4.117947950749573094e-02 4.370155310163313089e+01 1.404756822939609506e+01 6.687382000335281296e-01 3.681439999999999824e+00 2.035621748435371046e+04 9.469678891942614639e-04
3.159872656005158209e+00 9.941047736274402524e+00 1.171764778271034979e+00 4.117947950749573094e-02 4.370155310163313089e+01 1.404756822939609506e+01 6.687381851323669357e-01 3.681439999999999824e+00 2.035621778768498916e+04 9.469678891942614639e-04
3.159872656005158209e+00 9.941047736274402524e+00 1.171764778271034979e+00 4.117947950749573094e-02 4.370155310163313089e+01 1.404756822939609506e+01 6.687381851323669357e-01 3.681439999999999824e+00 2.035621748435371046e+04 9.469827903554553115e-04
3.159835128231367474e+00 9.942990730315020897e+00 1.171872101422001711e+00 4.087363677991968924e-02 4.370402498862616625e+01 1.404766258021438752e+01 6.580688461461160488e-01 3.681439999999999824e+00 2.035621747579950897e+04 9.475477577710067229e-04
3.159835175316580091e+00 9.942990730315020897e+00 1.171872101422001711e+00 4.087363677991968924e-02 4.370402498862616625e+01 1.404766258021438752e+01 6.580688461461160488e-01 3.681439999999999824e+00 2.035621747579950897e+04 9.475477577710067229e-04
3.159835128231367474e+00 9.942990878477129257e+00 1.171872101422001711e+00 4.087363677991968924e-02 4.370402498862616625e+01 1.404766258021438752e+01 6.580688461461160488e-01 3.681439999999999824e+00 2.035621747579950897e+04 9.475477577710067229e-04
3.159835128231367474e+00 9.942990730315020897e+00 1.171872118884256686e+00 4.087363677991968924e-02 4.370402498862616625e+01 1.404766258021438752e+01 6.580688461461160488e-01 3.681439999999999824e+00 2.035621747579950897e+04 9.475477577710067229e-04
3.159835128231367474e+00 9.942990730315020897e+00 1.171872101422001711e+00 4.087365168108088309e-02 4.370402498862616625e+01 1.404766258021438752e+01 6.580688461461160488e-01 3.681439999999999824e+00 2.035621747579950897e+04 9.475477577710067229e-04
3.159835128231367474e+00 9.942990730315020897e+00 1.171872101422001711e+00 4.087363677991968924e-02 4.370402563986688449e+01 1.404766258021438752e+01 6.580688461461160488e-01 3.681439999999999824e+00 2.035621747579950897e+04 9.475477577710067229e-04
3.159835128231367474e+00 9.942990730315020897e+00 1.171872101422001711e+00 4.087363677991968924e-02 4.370402498862616625e+01 1.404766278954087255e+01 6.580688461461160488e-01 3.681439999999999824e+00 2.035621747579950897e+04 9.475477577710067229e-04
3.159835128231367474e+00 9.942990730315020897e+00 1.171872101422001711e+00 4.087363677991968924e-02 4.370402498862616625e+01 1.404766258021438752e+01 6.580688610472772426e-01 3.681439999999999824e+00 2.035621747579950897e+04 9.475477577710067229e-04
3.159835128231367474e+00 9.942990730315020897e+00 1.171872101422001711e+00 4.087363677991968924e-02 4.370402498862616625e+01 1.404766258021438752e+01 6.580688461461160488e-01 3.681439999999999824e+00 2.035621777913078768e+04 9.475477577710067229e-04
3.159835128231367474e+00 9.942990730315020897e+00 1.171872101422001711e+00 4.087363677991968924e-02 4.370402498862616625e+01 1.404766258021438752e+01 6.580688461461160488e-01 3.681439999999999824e+00 2.035621747579950897e+04 9.475626589322005706e-04
3.160251483983179899e+00 9.960339974072716984e+00 1.172380857035207002e+00 3.995447901947923180e-02 4.370410052168315218e+01 1.404767090989097689e+01 6.433045007927424841e-01 3.681439999999999824e+00 2.035563262060370471e+04 9.542052893892004990e-04
3.160251531074596887e+00 9.960339974072716984e+00 1.172380857035207002e+00 3.995447901947923180e-02 4.370410052168315218e+01 1.404767090989097689e+01 6.433045007927424841e-01 3.681439999999999824e+00 2.035563262060370471e+04 9.542052893892004990e-04
3.160251483983179899e+00 9.960340122493349213e+00 1.172380857035207002e+00 3.995447901947923180e-02 4.370410052168315218e+01 1.404767090989097689e+01 6.433045007927424841e-01 3.681439999999999824e+00 2.035563262060370471e+04 9.542052893892004990e-04
3.160251483983179899e+00 9.960339974072716984e+00 1.172380874505043025e+00 3.995447901947923180e-02 4.370410052168315218e+01 1.404767090989097689e+01 6.433045007927424841e-01 3.681439999999999824e+00 2.035563262060370471e+04 9.542052893892004990e-04
3.160251483983179899e+00 9.960339974072716984e+00 1.172380857035207002e+00 3.995449392064042565e-02 4.370410052168315218e+01 1.404767090989097689e+01 6.433045007927424841e-01 3.681439999999999824e+00 2.035563262060370471e+04 9.542052893892004990e-04
3.160251483983179899e+00 9.960339974072716984e+00 1.172380857035207002e+00 3.995447901947923180e-02 4.370410117292500018e+01 1.404767090989097689e+01 6.433045007927424841e-01 3.681439999999999824e+00 2.035563262060370471e+04 9.542052893892004990e-04
3.160251483983179899e+00 9.960339974072716984e+00 1.172380857035207002e+00 3.995447901947923180e-02 4.370410052168315218e+01 1.404767111921758627e+01 6.433045007927424841e-01 3.681439999999999824e+00 2.035563262060370471e+04 9.542052893892004990e-04
3.160251483983179899e+00 9.960339974072716984e+00 1.172380857035207002e+00 3.995447901947923180e-02 4.370410052168315218e+01 1.404767090989097689e+01 6.433045156939036779e-01 3.681439999999999824e+00 2.035563262060370471e+04 9.542052893892004990e-04
3.160251483983179899e+00 9.960339974072716984e+00 1.172380857035207002e+00 3.995447901947923180e-02 4.370410052168315218e+01 1.404767090989097689e+01 6.433045007927424841e-01 3.681439999999999824e+00 2.035563292392626681e+04 9.542052893892004990e-04
3.160251483983179899e+00 9.960339974072716984e+00 1.172380857035207002e+00 3.995447901947923180e-02 4.370410052168315218e+01 1.404767090989097689e+01 6.433045007927424841e-01 3.681439999999999824e+00 2.035563262060370471e+04 9.542201905503943466e-04
3.161215438933346000e+00 9.999474737293393645e+00 1.174922515584252647e+00 3.831794390525791738e-02 4.370425755854106598e+01 1.404767618936184093e+01 6.133403081923068934e-01 3.681439999999999824e+00 2.035437705786462902e+04 9.670340962516897490e-04
3.160569363645653329e+00 9.972231079557378308e+00 1.173255316653309954e+00 3.965324504482115042e-02 4.370414048676903462e+01 1.404767334804396128e+01 6.358200002723998212e-01 3.681439999999999824e+00 2.035542866383769797e+04 9.578191455859426601e-04
3.160569410741806973e+00 9.972231079557378308e+00 1.173255316653309954e+00 3.965324504482115042e-02 4.370414048676903462e+01 1.404767334804396128e+01 6.358200002723998212e-01 3.681439999999999824e+00 2.035542866383769797e+04 9.578191455859426601e-04
3.160569363645653329e+00 9.972231228155200355e+00 1.173255316653309954e+00 3.965324504482115042e-02 4.370414048676903462e+01 1.404767334804396128e+01 6.358200002723998212e-01 3.681439999999999824e+00 2.035542866383769797e+04 9.578191455859426601e-04
3.160569363645653329e+00 9.972231079557378308e+00 1.173255334136176442e+00 3.965324504482115042e-02 4.370414048676903462e+01 1.404767334804396128e+01 6.358200002723998212e-01 3.681439999999999824e+00 2.035542866383769797e+04 9.578191455859426601e-04
3.160569363645653329e+00 9.972231079557378308e+00 1.173255316653309954e+00 3.965325994598234427e-02 4.370414048676903462e+01 1.404767334804396128e+01 6.358200002723998212e-01 3.681439999999999824e+00 2.035542866383769797e+04 9.578191455859426601e-04
3.160569363645653329e+00 9.972231079557378308e+00 1.173255316653309954e+00 3.965324504482115042e-02 4.370414113801147948e+01 1.404767334804396128e+01 6.358200002723998212e-01 3.681439999999999824e+00 2.035542866383769797e+04 9.578191455859426601e-04
3.160569363645653329e+00 9.972231079557378308e+00 1.173255316653309954e+00 3.965324504482115042e-02 4.370414048676903462e+01 1.404767355737060619e+01 6.358200002723998212e-01 3.681439999999999824e+00 2.035542866383769797e+04 9.578191455859426601e-04
3.160569363645653329e+00 9.972231079557378308e+00 1.173255316653309954e+00 3.965324504482115042e-02 4.370414048676903462e+01 1.404767334804396128e+01 6.358200151735610151e-01 3.681439999999999824e+00 2.035542866383769797e+04 9.578191455859426601e-04
3.160569363645653329e+00 9.972231079557378308e+00 1.173255316653309954e+00 3.965324504482115042e-02 4.370414048676903462e+01 1.404767334804396128e+01 6.358200002723998212e-01 3.681439999999999824e+00 2.035542896715722236e+04 9.578191455859426601e-04
3.160569363645653329e+00 9.972231079557378308e+00 1.173255316653309954e+00 3.965324504482115042e-02 4.370414048676903462e+01 1.404767334804396128e+01 6.358200002723998212e-01 3.681439999999999824e+00 2.035542866383769797e+04 9.578340467471365078e-04
3.160694636105711997e+00 9.976741802129582837e+00 1.173123721538942288e+00 3.933140516139987941e-02 4.370908782647141777e+01 1.404772723480817120e+01 6.259606355783912113e-01 3.681439999999999824e+00 2.035542865343251106e+04 9.575919506667206248e-04
3.160694683203732147e+00 9.976741802129582837e+00 1.173123721538942288e+00 3.933140516139987941e-02 4.370908782647141777e+01 1.404772723480817120e+01 6.259606355783912113e-01 3.681439999999999824e+00 2.035542865343251106e+04 9.575919506667206248e-04
3.160694636105711997e+00 9.976741950794620450e+00 1.173123721538942288e+00 3.933140516139987941e-02 4.370908782647141777e+01 1.404772723480817120e+01 6.259606355783912113e-01 3.681439999999999824e+00 2.035542865343251106e+04 9.575919506667206248e-04
3.160694636105711997e+00 9.976741802129582837e+00 1.173123739019847900e+00 3.933140516139987941e-02 4.370908782647141777e+01 1.404772723480817120e+01 6.259606355783912113e-01 3.681439999999999824e+00 2.035542865343251106e+04 9.575919506667206248e-04
3.160694636105711997e+00 9.976741802129582837e+00 1.173123721538942288e+00 3.933142006256107326e-02 4.370908782647141777e+01 1.404772723480817120e+01 6.259606355783912113e-01 3.681439999999999824e+00 2.035542865343251106e+04 9.575919506667206248e-04
3.160694636105711997e+00 9.976741802129582837e+00 1.173123721538942288e+00 3.933140516139987941e-02 4.370908847778758144e+01 1.404772723480817120e+01 6.259606355783912113e-01 3.681439999999999824e+00 2.035542865343251106e+04 9.575919506667206248e-04
3.160694636105711997e+00 9.976741802129582837e+00 1.173123721538942288e+00 3.933140516139987941e-02 4.370908782647141777e+01 1.404772744413561902e+01 6.259606355783912113e-01 3.681439999999999824e+00 2.035542865343251106e+04 9.575919506667206248e-04
3.160694636105711997e+00 9.976741802129582837e+00 1.173123721538942288e+00 3.933140516139987941e-02 4.370908782647141777e+01 1.404772723480817120e+01 6.259606504795524051e-01 3.681439999999999824e+00 2.035542865343251106e+04 9.575919506667206248e-04
3.160694636105711997e+00 9.976741802129582837e+00 1.173123721538942288e+00 3.933140516139987941e-02 4.370908782647141777e+01 1.404772723480817120e+01 6.259606355783912113e-01 3.681439999999999824e+00 2.035542895675203545e+04 9.575919506667206248e-04
3.160694636105711997e+00 9.976741802129582837e+00 1.173123721538942288e+00 3.933140516139987941e-02 4.370908782647141777e+01 1.404772723480817120e+01 6.259606355783912113e-01 3.681439999999999824e+00 2.035542865343251106e+04 9.576068518279144725e-04
3.160772743551782948e+00 9.983129318165712363e+00 1.173253603249647892e+00 3.806982275152326345e-02 4.371728412976083433e+01 1.404811956407180240e+01 6.069175674805810106e-01 3.681439999999999824e+00 2.035448799711395986e+04 9.612110304972474239e-04
3.160772790650967057e+00 9.983129318165712363e+00 1.173253603249647892e+00 3.806982275152326345e-02 4.371728412976083433e+01 1.404811956407180240e+01 6.069175674805810106e-01 3.681439999999999824e+00 2.035448799711395986e+04 9.612110304972474239e-04
3.160772743551782948e+00 9.983129466925930728e+00 1.173253603249647892e+00 3.806982275152326345e-02 4.371728412976083433e+01 1.404811956407180240e+01 6.069175674805810106e-01 3.681439999999999824e+00 2.035448799711395986e+04 9.612110304972474239e-04
3.160772743551782948e+00 9.983129318165712363e+00 1.173253620732488844e+00 3.806982275152326345e-02 4.371728412976083433e+01 1.404811956407180240e+01 6.069175674805810106e-01 3.681439999999999824e+00 2.035448799711395986e+04 9.612110304972474239e-04
3.160772743551782948e+00 9.983129318165712363e+00 1.173253603249647892e+00 3.806983765268445730e-02 4.371728412976083433e+01 1.404811956407180240e+01 6.069175674805810106e-01 3.681439999999999824e+00 2.035448799711395986e+04 9.612110304972474239e-04
3.160772743551782948e+00 9.983129318165712363e+00 1.173253603249647892e+00 3.806982275152326345e-02 4.371728478119913319e+01 1.404811956407180240e+01 6.069175674805810106e-01 3.681439999999999824e+00 2.035448799711395986e+04 9.612110304972474239e-04
3.160772743551782948e+00 9.983129318165712363e+00 1.173253603249647892e+00 3.806982275152326345e-02 4.371728412976083433e+01 1.404811977340509621e+01 6.069175674805810106e-01 3.681439999999999824e+00 2.035448799711395986e+04 9.612110304972474239e-04
3.160772743551782948e+00 9.983129318165712363e+00 1.173253603249647892e+00 3.806982275152326345e-02 4.371728412976083433e+01 1.404811956407180240e+01 6.069175823817422044e-01 3.681439999999999824e+00 2.035448799711395986e+04 9.612110304972474239e-04
3.160772743551782948e+00 9.983129318165712363e+00 1.173253603249647892e+00 3.806982275152326345e-02 4.371728412976083433e+01 1.404811956407180240e+01 6.069175674805810106e-01 3.681439999999999824e+00 2.035448830041946712e+04 9.612110304972474239e-04
3.160772743551782948e+00 9.983129318165712363e+00 1.173253603249647892e+00 3.806982275152326345e-02 4.371728412976083433e+01 1.404811956407180240e+01 6.069175674805810106e-01 3.681439999999999824e+00 2.035448799711395986e+04 9.612259316584412716e-04
3.160979881421968063e+00 9.992865516208127019e+00 1.173550996658323298e+00 3.248296202315928416e-02 4.371762121111439114e+01 1.404897775485051348e+01 5.756741419478319521e-01 3.681439999999999824e+00 2.035202054156799932e+04 9.639354231212145718e-04
3.160979928524238591e+00 9.992865516208127019e+00 1.173550996658323298e+00 3.248296202315928416e-02 4.371762121111439114e+01 1.404897775485051348e+01 5.756741419478319521e-01 3.681439999999999824e+00 2.035202054156799932e+04 9.639354231212145718e-04
3.160979881421968063e+00 9.992865665113427553e+00 1.173550996658323298e+00 3.248296202315928416e-02 4.371762121111439114e+01 1.404897775485051348e+01 5.756741419478319521e-01 3.681439999999999824e+00 2.035202054156799932e+04 9.639354231212145718e-04
3.160979881421968063e+00 9.992865516208127019e+00 1.173551014145595817e+00 3.248296202315928416e-02 4.371762121111439114e+01 1.404897775485051348e+01 5.756741419478319521e-01 3.681439999999999824e+00 2.035202054156799932e+04 9.639354231212145718e-04
3.160979881421968063e+00 9.992865516208127019e+00 1.173550996658323298e+00 3.248297692432047801e-02 4.371762121111439114e+01 1.404897775485051348e+01 5.756741419478319521e-01 3.681439999999999824e+00 2.035202054156799932e+04 9.639354231212145718e-04
3.160979881421968063e+00 9.992865516208127019e+00 1.173550996658323298e+00 3.248296202315928416e-02 4.371762186255771354e+01 1.404897775485051348e+01 5.756741419478319521e-01 3.681439999999999824e+00 2.035202054156799932e+04 9.639354231212145718e-04
3.160979881421968063e+00 9.992865516208127019e+00 1.173550996658323298e+00 3.248296202315928416e-02 4.371762121111439114e+01 1.404897796419659528e+01 5.756741419478319521e-01 3.681439999999999824e+00 2.035202054156799932e+04 9.639354231212145718e-04
3.160979881421968063e+00 9.992865516208127019e+00 1.173550996658323298e+00 3.248296202315928416e-02 4.371762121111439114e+01 1.404897775485051348e+01 5.756741568489931460e-01 3.681439999999999824e+00 2.035202054156799932e+04 9.639354231212145718e-04
3.160979881421968063e+00 9.992865516208127019e+00 1.173550996658323298e+00 3.248296202315928416e-02 4.371762121111439114e+01 1.404897775485051348e+01 5.756741419478319521e-01 3.681439999999999824e+00 2.035202084483673752e+04 9.639354231212145718e-04
3.160979881421968063e+00 9.992865516208127019e+00 1.173550996658323298e+00 3.248296202315928416e-02 4.371762121111439114e+01 1.404897775485051348e+01 5.756741419478319521e-01 3.681439999999999824e+00 2.035202054156799932e+04 9.639503242824084195e-04
3.161247437393015502e+00 1.000614679235280846e+01 1.174193400560124667e+00 2.308317381982604236e-02 4.371815280069460385e+01 1.405020379668093256e+01 5.146612816867941476e-01 3.681439999999999824e+00 2.034575834925215531e+04 9.661826372452468050e-04
3.161049101651214777e+00 9.996228472591798919e+00 1.173733367929094440e+00 2.987577223579522545e-02 4.371774683587548083e+01 1.404926579686920896e+01 5.604738147881372923e-01 3.681439999999999824e+00 2.035071549676633731e+04 9.647908063070853189e-04
3.161049148754516924e+00 9.996228472591798919e+00 1.173733367929094440e+00 2.987577223579522545e-02 4.371774683587548083e+01 1.404926579686920896e+01 5.604738147881372923e-01 3.681439999999999824e+00 2.035071549676633731e+04 9.647908063070853189e-04
3.161049101651214777e+00 9.996228621547210480e+00 1.173733367929094440e+00 2.987577223579522545e-02 4.371774683587548083e+01 1.404926579686920896e+01 5.604738147881372923e-01 3.681439999999999824e+00 2.035071549676633731e+04 9.647908063070853189e-04
3.161049101651214777e+00 9.996228472591798919e+00 1.173733385419084563e+00 2.987577223579522545e-02 4.371774683587548083e+01 1.404926579686920896e+01 5.604738147881372923e-01 3.681439999999999824e+00 2.035071549676633731e+04 9.647908063070853189e-04
3.161049101651214777e+00 9.996228472591798919e+00 1.173733367929094440e+00 2.987578713695641930e-02 4.371774683587548083e+01 1.404926579686920896e+01 5.604738147881372923e-01 3.681439999999999824e+00 2.035071549676633731e+04 9.647908063070853189e-04
3.161049101651214777e+00 9.996228472591798919e+00 1.173733367929094440e+00 2.987577223579522545e-02 4.371774748732067195e+01 1.404926579686920896e+01 5.604738147881372923e-01 3.681439999999999824e+00 2.035071549676633731e+04 9.647908063070853189e-04
3.161049101651214777e+00 9.996228472591798919e+00 1.173733367929094440e+00 2.987577223579522545e-02 4.371774683587548083e+01 1.404926600621958244e+01 5.604738147881372923e-01 3.681439999999999824e+00 2.035071549676633731e+04 9.647908063070853189e-04
3.161049101651214777e+00 9.996228472591798919e+00 1.173733367929094440e+00 2.987577223579522545e-02 4.371774683587548083e+01 1.404926579686920896e+01 5.604738296892984861e-01 3.681439999999999824e+00 2.035071549676633731e+04 9.647908063070853189e-04
3.161049101651214777e+00 9.996228472591798919e+00 1.173733367929094440e+00 2.987577223579522545e-02 4.371774683587548083e+01 1.404926579686920896e+01 5.604738147881372923e-01 3.681439999999999824e+00 2.035071580001563052e+04 9.647908063070853189e-04
3.161049101651214777e+00 9.996228472591798919e+00 1.173733367929094440e+00 2.987577223579522545e-02 4.371774683587548083e+01 1.404926579686920896e+01 5.604738147881372923e-01 3.681439999999999824e+00 2.035071549676633731e+04 9.648057074682791666e-04
3.161042629475053545e+00 9.997367780661845060e+00 1.173664469351956230e+00 2.700141817066775696e-02 4.372123929360549965e+01 1.404955263657936193e+01 5.477027982343674051e-01 3.681439999999999824e+00 2.034904860806046418e+04 9.647358530456615457e-04
3.161042676578259325e+00 9.997367780661845060e+00 1.173664469351956230e+00 2.700141817066775696e-02 4.372123929360549965e+01 1.404955263657936193e+01 5.477027982343674051e-01 3.681439999999999824e+00 2.034904860806046418e+04 9.647358530456615457e-04
3.161042629475053545e+00 9.997367929634233263e+00 1.173664469351956230e+00 2.700141817066775696e-02 4.372123929360549965e+01 1.404955263657936193e+01 5.477027982343674051e-01 3.681439999999999824e+00 2.034904860806046418e+04 9.647358530456615457e-04
3.161042629475053545e+00 9.997367780661845060e+00 1.173664486840919619e+00 2.700141817066775696e-02 4.372123929360549965e+01 1.404955263657936193e+01 5.477027982343674051e-01 3.681439999999999824e+00 2.034904860806046418e+04 9.647358530456615457e-04
3.161042629475053545e+00 9.997367780661845060e+00 1.173664469351956230e+00 2.700143307182895080e-02 4.372123929360549965e+01 1.404955263657936193e+01 5.477027982343674051e-01 3.681439999999999824e+00 2.034904860806046418e+04 9.647358530456615457e-04
3.161042629475053545e+00 9.997367780661845060e+00 1.173664469351956230e+00 2.700141817066775696e-02 4.372123994510273093e+01 1.404955263657936193e+01 5.477027982343674051e-01 3.681439999999999824e+00 2.034904860806046418e+04 9.647358530456615457e-04
3.161042629475053545e+00 9.997367780661845060e+00 1.173664469351956230e+00 2.700141817066775696e-02 4.372123929360549965e+01 1.404955284593401110e+01 5.477027982343674051e-01 3.681439999999999824e+00 2.034904860806046418e+04 9.647358530456615457e-04
3.161042629475053545e+00 9.997367780661845060e+00 1.173664469351956230e+00 2.700141817066775696e-02 4.372123929360549965e+01 1.404955263657936193e+01 5.477028131355285989e-01 3.681439999999999824e+00 2.034904860806046418e+04 9.647358530456615457e-04
3.161042629475053545e+00 9.997367780661845060e+00 1.173664469351956230e+00 2.700141817066775696e-02 4.372123929360549965e+01 1.404955263657936193e+01 5.477027982343674051e-01 3.681439999999999824e+00 2.034904891128491727e+04 9.647358530456615457e-04
3.161042629475053545e+00 9.997367780661845060e+00 1.173664469351956230e+00 2.700141817066775696e-02 4.372123929360549965e+01 1.404955263657936193e+01 5.477027982343674051e-01 3.681439999999999824e+00 2.034904860806046418e+04 9.647507542068553934e-04
3.160938724158733226e+00 9.998979320699074691e+00 1.173589528957669659e+00 2.268147345485691663e-02 4.373064930705641018e+01 1.405032676209014575e+01 5.319540162267111238e-01 3.681439999999999824e+00 2.034321237557446875e+04 9.626659506634832912e-04
3.160938771260390467e+00 9.998979320699074691e+00 1.173589528957669659e+00 2.268147345485691663e-02 4.373064930705641018e+01 1.405032676209014575e+01 5.319540162267111238e-01 3.681439999999999824e+00 2.034321237557446875e+04 9.626659506634832912e-04
3.160938724158733226e+00 9.998979469695477462e+00 1.173589528957669659e+00 2.268147345485691663e-02 4.373064930705641018e+01 1.405032676209014575e+01 5.319540162267111238e-01 3.681439999999999824e+00 2.034321237557446875e+04 9.626659506634832912e-04
3.160938724158733226e+00 9.998979320699074691e+00 1.173589546445516385e+00 2.268147345485691663e-02 4.373064930705641018e+01 1.405032676209014575e+01 5.319540162267111238e-01 3.681439999999999824e+00 2.034321237557446875e+04 9.626659506634832912e-04
3.160938724158733226e+00 9.998979320699074691e+00 1.173589528957669659e+00 2.268148835601811047e-02 4.373064930705641018e+01 1.405032676209014575e+01 5.319540162267111238e-01 3.681439999999999824e+00 2.034321237557446875e+04 9.626659506634832912e-04
3.160938724158733226e+00 9.998979320699074691e+00 1.173589528957669659e+00 2.268147345485691663e-02 4.373064995869386706e+01 1.405032676209014575e+01 5.319540162267111238e-01 3.681439999999999824e+00 2.034321237557446875e+04 9.626659506634832912e-04
3.160938724158733226e+00 9.998979320699074691e+00 1.173589528957669659e+00 2.268147345485691663e-02 4.373064930705641018e+01 1.405032697145632881e+01 5.319540162267111238e-01 3.681439999999999824e+00 2.034321237557446875e+04 9.626659506634832912e-04
3.160938724158733226e+00 9.998979320699074691e+00 1.173589528957669659e+00 2.268147345485691663e-02 4.373064930705641018e+01 1.405032676209014575e+01 5.319540311278723177e-01 3.681439999999999824e+00 2.034321237557446875e+04 9.626659506634832912e-04
3.160938724158733226e+00 9.998979320699074691e+00 1.173589528957669659e+00 2.268147345485691663e-02 4.373064930705641018e+01 1.405032676209014575e+01 5.319540162267111238e-01 3.681439999999999824e+00 2.034321267871195596e+04 9.626659506634832912e-04
3.160938724158733226e+00 9.998979320699074691e+00 1.173589528957669659e+00 2.268147345485691663e-02 4.373064930705641018e+01 1.405032676209014575e+01 5.319540162267111238e-01 3.681439999999999824e+00 2.034321237557446875e+04 9.626808518246771388e-04
3.160924070192130841e+00 1.000292431116068137e+01 1.173590170062964955e+00 1.263166977636247072e-02 4.373094704353541573e+01 1.405135424726909932e+01 5.128515139785151389e-01 3.681439999999999824e+00 2.033202698006686842e+04 9.587841329867959062e-04
3.160924117293570035e+00 1.000292431116068137e+01 1.173590170062964955e+00 1.263166977636247072e-02 4.373094704353541573e+01 1.405135424726909932e+01 5.128515139785151389e-01 3.681439999999999824e+00 2.033202698006686842e+04 9.587841329867959062e-04
3.160924070192130841e+00 1.000292446021586912e+01 1.173590170062964955e+00 1.263166977636247072e-02 4.373094704353541573e+01 1.405135424726909932e+01 5.128515139785151389e-01 3.681439999999999824e+00 2.033202698006686842e+04 9.587841329867959062e-04
3.160924070192130841e+00 1.000292431116068137e+01 1.173590187550821229e+00 1.263166977636247072e-02 4.373094704353541573e+01 1.405135424726909932e+01 5.128515139785151389e-01 3.681439999999999824e+00 2.033202698006686842e+04 9.587841329867959062e-04
3.160924070192130841e+00 1.000292431116068137e+01 1.173590170062964955e+00 1.263168467752366457e-02 4.373094704353541573e+01 1.405135424726909932e+01 5.128515139785151389e-01 3.681439999999999824e+00 2.033202698006686842e+04 9.587841329867959062e-04
3.160924070192130841e+00 1.000292431116068137e+01 1.173590170062964955e+00 1.263166977636247072e-02 4.373094769517730640e+01 1.405135424726909932e+01 5.128515139785151389e-01 3.681439999999999824e+00 2.033202698006686842e+04 9.587841329867959062e-04
3.160924070192130841e+00 1.000292431116068137e+01 1.173590170062964955e+00 1.263166977636247072e-02 4.373094704353541573e+01 1.405135445665059457e+01 5.128515139785151389e-01 3.681439999999999824e+00 2.033202698006686842e+04 9.587841329867959062e-04
3.160924070192130841e+00 1.000292431116068137e+01 1.173590170062964955e+00 1.263166977636247072e-02 4.373094704353541573e+01 1.405135424726909932e+01 5.128515288796763327e-01 3.681439999999999824e+00 2.033202698006686842e+04 9.587841329867959062e-04
3.160924070192130841e+00 1.000292431116068137e+01 1.173590170062964955e+00 1.263166977636247072e-02 4.373094704353541573e+01 1.405135424726909932e+01 5.128515139785151389e-01 3.681439999999999824e+00 2.033202728303768163e+04 9.587841329867959062e-04
3.160924070192130841e+00 1.000292431116068137e+01 1.173590170062964955e+00 1.263166977636247072e-02 4.373094704353541573e+01 1.405135424726909932e+01 5.128515139785151389e-01 3.681439999999999824e+00 2.033202698006686842e+04 9.587990341479897538e-04
3.160559073877534431e+00 1.001157990680836818e+01 1.173175631245287232e+00 6.795894098593953554e-03 4.375519756854799169e+01 1.405354629182106407e+01 4.641749431884654165e-01 3.681439999999999824e+00 2.030431980975381521e+04 9.488756010602945922e-04
3.160559120973534863e+00 1.001157990680836818e+01 1.173175631245287232e+00 6.795894098593953554e-03 4.375519756854799169e+01 1.405354629182106407e+01 4.641749431884654165e-01 3.681439999999999824e+00 2.030431980975381521e+04 9.488756010602945922e-04
3.160559073877534431e+00 1.001158005599253364e+01 1.173175631245287232e+00 6.795894098593953554e-03 4.375519756854799169e+01 1.405354629182106407e+01 4.641749431884654165e-01 3.681439999999999824e+00 2.030431980975381521e+04 9.488756010602945922e-04
3.160559073877534431e+00 1.001157990680836818e+01 1.173175648726966447e+00 6.795894098593953554e-03 4.375519756854799169e+01 1.405354629182106407e+01 4.641749431884654165e-01 3.681439999999999824e+00 2.030431980975381521e+04 9.488756010602945922e-04
3.160559073877534431e+00 1.001157990680836818e+01 1.173175631245287232e+00 6.795908999755147402e-03 4.375519756854799169e+01 1.405354629182106407e+01 4.641749431884654165e-01 3.681439999999999824e+00 2.030431980975381521e+04 9.488756010602945922e-04
3.160559073877534431e+00 1.001157990680836818e+01 1.173175631245287232e+00 6.795894098593953554e-03 4.375519822055124308e+01 1.405354629182106407e+01 4.641749431884654165e-01 3.681439999999999824e+00 2.030431980975381521e+04 9.488756010602945922e-04
3.160559073877534431e+00 1.001157990680836818e+01 1.173175631245287232e+00 6.795894098593953554e-03 4.375519756854799169e+01 1.405354650123522298e+01 4.641749431884654165e-01 3.681439999999999824e+00 2.030431980975381521e+04 9.488756010602945922e-04
3.160559073877534431e+00 1.001157990680836818e+01 1.173175631245287232e+00 6.795894098593953554e-03 4.375519756854799169e+01 1.405354629182106407e+01 4.641749580896266103e-01 3.681439999999999824e+00 2.030431980975381521e+04 9.488756010602945922e-04
3.160559073877534431e+00 1.001157990680836818e+01 1.173175631245287232e+00 6.795894098593953554e-03 4.375519756854799169e+01 1.405354629182106407e+01 4.641749431884654165e-01 3.681439999999999824e+00 2.030432011231175784e+04 9.488756010602945922e-04
3.160559073877534431e+00 1.001157990680836818e+01 1.173175631245287232e+00 6.795894098593953554e-03 4.375519756854799169e+01 1.405354629182106407e+01 4.641749431884654165e-01 3.681439999999999824e+00 2.030431980975381521e+04 9.488905022214884398e-04
3.159900508447992973e+00 1.002837864772634724e+01 1.172304515184737772e+00 1.886186634059649168e-03 4.378131989852787598e+01 1.405426300719788557e+01 4.447710475110163153e-01 3.681439999999999824e+00 2.024454022244064618e+04 9.264753162350105719e-04
3.159900555534179922e+00 1.002837864772634724e+01 1.172304515184737772e+00 1.886186634059649168e-03 4.378131989852787598e+01 1.405426300719788557e+01 4.447710475110163153e-01 3.681439999999999824e+00 2.024454022244064618e+04 9.264753162350105719e-04
3.159900508447992973e+00 1.002837879716083336e+01 1.172304515184737772e+00 1.886186634059649168e-03 4.378131989852787598e+01 1.405426300719788557e+01 4.447710475110163153e-01 3.681439999999999824e+00 2.024454022244064618e+04 9.264753162350105719e-04
3.159900508447992973e+00 1.002837864772634724e+01 1.172304532653436260e+00 1.886186634059649168e-03 4.378131989852787598e+01 1.405426300719788557e+01 4.447710475110163153e-01 3.681439999999999824e+00 2.024454022244064618e+04 9.264753162350105719e-04
3.159900508447992973e+00 1.002837864772634724e+01 1.172304515184737772e+00 1.886201535220843016e-03 4.378131989852787598e+01 1.405426300719788557e+01 4.447710475110163153e-01 3.681439999999999824e+00 2.024454022244064618e+04 9.264753162350105719e-04
3.159900508447992973e+00 1.002837864772634724e+01 1.172304515184737772e+00 1.886186634059649168e-03 4.378132055092038399e+01 1.405426300719788557e+01 4.447710475110163153e-01 3.681439999999999824e+00 2.024454022244064618e+04 9.264753162350105719e-04
3.159900508447992973e+00 1.002837864772634724e+01 1.172304515184737772e+00 1.886186634059649168e-03 4.378131989852787598e+01 1.405426321662272393e+01 4.447710475110163153e-01 3.681439999999999824e+00 2.024454022244064618e+04 9.264753162350105719e-04
3.159900508447992973e+00 1.002837864772634724e+01 1.172304515184737772e+00 1.886186634059649168e-03 4.378131989852787598e+01 1.405426300719788557e+01 4.447710624121775091e-01 3.681439999999999824e+00 2.024454022244064618e+04 9.264753162350105719e-04
3.159900508447992973e+00 1.002837864772634724e+01 1.172304515184737772e+00 1.886186634059649168e-03 4.378131989852787598e+01 1.405426300719788557e+01 4.447710475110163153e-01 3.681439999999999824e+00 2.024454052410780423e+04 9.264753162350105719e-04
3.159900508447992973e+00 1.002837864772634724e+01 1.172304515184737772e+00 1.886186634059649168e-03 4.378131989852787598e+01 1.405426300719788557e+01 4.447710475110163153e-01 3.681439999999999824e+00 2.024454022244064618e+04 9.264902173962044196e-04
3.159800203174866429e+00 1.002856016261064553e+01 1.172342491678189713e+00 7.008409246565194210e-04 4.378176411405309665e+01 1.405083748381722408e+01 1.309867281241546833e-01 3.681439999999999824e+00 2.024383290298825887e+04 9.260229192754619370e-04
3.159800250259558574e+00 1.002856016261064553e+01 1.172342491678189713e+00 7.008409246565194210e-04 4.378176411405309665e+01 1.405083748381722408e+01 1.309867281241546833e-01 3.681439999999999824e+00 2.024383290298825887e+04 9.260229192754619370e-04
3.159800203174866429e+00 1.002856031204783704e+01 1.172342491678189713e+00 7.008409246565194210e-04 4.378176411405309665e+01 1.405083748381722408e+01 1.309867281241546833e-01 3.681439999999999824e+00 2.024383290298825887e+04 9.260229192754619370e-04
3.159800203174866429e+00 1.002856016261064553e+01 1.172342509147454193e+00 7.008409246565194210e-04 4.378176411405309665e+01 1.405083748381722408e+01 1.309867281241546833e-01 3.681439999999999824e+00 2.024383290298825887e+04 9.260229192754619370e-04
3.159800203174866429e+00 1.002856016261064553e+01 1.172342491678189713e+00 7.008558258177132686e-04 4.378176411405309665e+01 1.405083748381722408e+01 1.309867281241546833e-01 3.681439999999999824e+00 2.024383290298825887e+04 9.260229192754619370e-04
3.159800203174866429e+00 1.002856016261064553e+01 1.172342491678189713e+00 7.008409246565194210e-04 4.378176476645221982e+01 1.405083748381722408e+01 1.309867281241546833e-01 3.681439999999999824e+00 2.024383290298825887e+04 9.260229192754619370e-04
3.159800203174866429e+00 1.002856016261064553e+01 1.172342491678189713e+00 7.008409246565194210e-04 4.378176411405309665e+01 1.405083769319101883e+01 1.309867281241546833e-01 3.681439999999999824e+00 2.024383290298825887e+04 9.260229192754619370e-04
3.159800203174866429e+00 1.002856016261064553e+01 1.172342491678189713e+00 7.008409246565194210e-04 4.378176411405309665e+01 1.405083748381722408e+01 1.309867430253158771e-01 3.681439999999999824e+00 2.024383290298825887e+04 9.260229192754619370e-04
3.159800203174866429e+00 1.002856016261064553e+01 1.172342491678189713e+00 7.008409246565194210e-04 4.378176411405309665e+01 1.405083748381722408e+01 1.309867281241546833e-01 3.681439999999999824e+00 2.024383320464487770e+04 9.260229192754619370e-04
3.159800203174866429e+00 1.002856016261064553e+01 1.172342491678189713e+00 7.008409246565194210e-04 4.378176411405309665e+01 1.405083748381722408e+01 1.309867281241546833e-01 3.681439999999999824e+00 2.024383290298825887e+04 9.260378204366557847e-04
3.157754408901204624e+00 1.010120204861695647e+01 1.168380722932756743e+00 2.341447114192389892e-05 4.380600792376860397e+01 1.405083748381723119e+01 1.309867281241511860e-01 3.681439999999999824e+00 2.000218229797334061e+04 8.364642449128956072e-04
3.157754455955412265e+00 1.010120204861695647e+01 1.168380722932756743e+00 2.341447114192389892e-05 4.380600792376860397e+01 1.405083748381723119e+01 1.309867281241511860e-01 3.681439999999999824e+00 2.000218229797334061e+04 8.364642449128956072e-04
3.157754408901204624e+00 1.010120219913659589e+01 1.168380722932756743e+00 2.341447114192389892e-05 4.380600792376860397e+01 1.405083748381723119e+01 1.309867281241511860e-01 3.681439999999999824e+00 2.000218229797334061e+04 8.364642449128956072e-04
3.157754408901204624e+00 1.010120204861695647e+01 1.168380740342986224e+00 2.341447114192389892e-05 4.380600792376860397e+01 1.405083748381723119e+01 1.309867281241511860e-01 3.681439999999999824e+00 2.000218229797334061e+04 8.364642449128956072e-04
3.157754408901204624e+00 1.010120204861695647e+01 1.168380722932756743e+00 2.342937230311774657e-05 4.380600792376860397e+01 1.405083748381723119e+01 1.309867281241511860e-01 3.681439999999999824e+00 2.000218229797334061e+04 8.364642449128956072e-04
3.157754408901204624e+00 1.010120204861695647e+01 1.168380722932756743e+00 2.341447114192389892e-05 4.380600857652898839e+01 1.405083748381723119e+01 1.309867281241511860e-01 3.681439999999999824e+00 2.000218229797334061e+04 8.364642449128956072e-04
3.157754408901204624e+00 1.010120204861695647e+01 1.168380722932756743e+00 2.341447114192389892e-05 4.380600792376860397e+01 1.405083769319102593e+01 1.309867281241511860e-01 3.681439999999999824e+00 2.000218229797334061e+04 8.364642449128956072e-04
3.157754408901204624e+00 1.010120204861695647e+01 1.168380722932756743e+00 2.341447114192389892e-05 4.380600792376860397e+01 1.405083748381723119e+01 1.309867430253123799e-01 3.681439999999999824e+00 2.000218229797334061e+04 8.364642449128956072e-04
3.157754408901204624e+00 1.010120204861695647e+01 1.168380722932756743e+00 2.341447114192389892e-05 4.380600792376860397e+01 1.405083748381723119e+01 1.309867281241511860e-01 3.681439999999999824e+00 2.000218259602908438e+04 8.364642449128956072e-04
3.157754408901204624e+00 1.010120204861695647e+01 1.168380722932756743e+00 2.341447114192389892e-05 4.380600792376860397e+01 1.405083748381723119e+01 1.309867281241511860e-01 3.681439999999999824e+00 2.000218229797334061e+04 8.364791460740894549e-04
3.157445907594953027e+00 1.010044454760261168e+01 1.168580599981570156e+00 1.519620715958448122e-05 4.380158347948895425e+01 1.405083748381719566e+01 1.309867281241496317e-01 3.681439999999999824e+00 2.000388245642113179e+04 8.352230370116795919e-04
3.157445954644563457e+00 1.010044454760261168e+01 1.168580599981570156e+00 1.519620715958448122e-05 4.380158347948895425e+01 1.405083748381719566e+01 1.309867281241496317e-01 3.681439999999999824e+00 2.000388245642113179e+04 8.352230370116795919e-04
3.157445907594953027e+00 1.010044469811096413e+01 1.168580599981570156e+00 1.519620715958448122e-05 4.380158347948895425e+01 1.405083748381719566e+01 1.309867281241496317e-01 3.681439999999999824e+00 2.000388245642113179e+04 8.352230370116795919e-04
3.157445907594953027e+00 1.010044454760261168e+01 1.168580617394778143e+00 1.519620715958448122e-05 4.380158347948895425e+01 1.405083748381719566e+01 1.309867281241496317e-01 3.681439999999999824e+00 2.000388245642113179e+04 8.352230370116795919e-04
3.157445907594953027e+00 1.010044454760261168e+01 1.168580599981570156e+00 1.521110832077832888e-05 4.380158347948895425e+01 1.405083748381719566e+01 1.309867281241496317e-01 3.681439999999999824e+00 2.000388245642113179e+04 8.352230370116795919e-04
3.157445907594953027e+00 1.010044454760261168e+01 1.168580599981570156e+00 1.519620715958448122e-05 4.380158413218340741e+01 1.405083748381719566e+01 1.309867281241496317e-01 3.681439999999999824e+00 2.000388245642113179e+04 8.352230370116795919e-04
3.157445907594953027e+00 1.010044454760261168e+01 1.168580599981570156e+00 1.519620715958448122e-05 4.380158347948895425e+01 1.405083769319099041e+01 1.309867281241496317e-01 3.681439999999999824e+00 2.000388245642113179e+04 8.352230370116795919e-04
3.157445907594953027e+00 1.010044454760261168e+01 1.168580599981570156e+00 1.519620715958448122e-05 4.380158347948895425e+01 1.405083748381719566e+01 1.309867430253108256e-01 3.681439999999999824e+00 2.000388245642113179e+04 8.352230370116795919e-04
3.157445907594953027e+00 1.010044454760261168e+01 1.168580599981570156e+00 1.519620715958448122e-05 4.380158347948895425e+01 1.405083748381719566e+01 1.309867281241496317e-01 3.681439999999999824e+00 2.000388275450221045e+04 8.352230370116795919e-04
3.157445907594953027e+00 1.010044454760261168e+01 1.168580599981570156e+00 1.519620715958448122e-05 4.380158347948895425e+01 1.405083748381719566e+01 1.309867281241496317e-01 3.681439999999999824e+00 2.000388245642113179e+04 8.352379381728734396e-04
3.157566049116984797e+00 1.009971208627827366e+01 1.168648907854508812e+00 8.755939599146172120e-07 4.378906714085760399e+01 1.405083748381639630e+01 1.309867281241513803e-01 3.681439999999999824e+00 2.000728277306101518e+04 8.365449351443074140e-04
3.157566096168385350e+00 1.009971208627827366e+01 1.168648907854508812e+00 8.755939599146172120e-07 4.378906714085760399e+01 1.405083748381639630e+01 1.309867281241513803e-01 3.681439999999999824e+00 2.000728277306101518e+04 8.365449351443074140e-04
3.157566049116984797e+00 1.009971223677571217e+01 1.168648907854508812e+00 8.755939599146172120e-07 4.378906714085760399e+01 1.405083748381639630e+01 1.309867281241513803e-01 3.681439999999999824e+00 2.000728277306101518e+04 8.365449351443074140e-04
3.157566049116984797e+00 1.009971208627827366e+01 1.168648925268734651e+00 8.755939599146172120e-07 4.378906714085760399e+01 1.405083748381639630e+01 1.309867281241513803e-01 3.681439999999999824e+00 2.000728277306101518e+04 8.365449351443074140e-04
3.157566049116984797e+00 1.009971208627827366e+01 1.168648907854508812e+00 8.904951211084648682e-07 4.378906714085760399e+01 1.405083748381639630e+01 1.309867281241513803e-01 3.681439999999999824e+00 2.000728277306101518e+04 8.365449351443074140e-04
3.157566049116984797e+00 1.009971208627827366e+01 1.168648907854508812e+00 8.755939599146172120e-07 4.378906779336555388e+01 1.405083748381639630e+01 1.309867281241513803e-01 3.681439999999999824e+00 2.000728277306101518e+04 8.365449351443074140e-04
3.157566049116984797e+00 1.009971208627827366e+01 1.168648907854508812e+00 8.755939599146172120e-07 4.378906714085760399e+01 1.405083769319019105e+01 1.309867281241513803e-01 3.681439999999999824e+00 2.000728277306101518e+04 8.365449351443074140e-04
3.157566049116984797e+00 1.009971208627827366e+01 1.168648907854508812e+00 8.755939599146172120e-07 4.378906714085760399e+01 1.405083748381639630e+01 1.309867430253125742e-01 3.681439999999999824e+00 2.000728277306101518e+04 8.365449351443074140e-04
3.157566049116984797e+00 1.009971208627827366e+01 1.168648907854508812e+00 8.755939599146172120e-07 4.378906714085760399e+01 1.405083748381639630e+01 1.309867281241513803e-01 3.681439999999999824e+00 2.000728307119275996e+04 8.365449351443074140e-04
3.157566049116984797e+00 1.009971208627827366e+01 1.168648907854508812e+00 8.755939599146172120e-07 4.378906714085760399e+01 1.405083748381639630e+01 1.309867281241513803e-01 3.681439999999999824e+00 2.000728277306101518e+04 8.365598363055012617e-04
3.157540804669176193e+00 1.009854571368752651e+01 1.168702463881080122e+00 6.716890355417281748e-08 4.379488088472395901e+01 1.405083748381284892e+01 1.309867281241459402e-01 3.681439999999999824e+00 2.001068309186771512e+04 8.378443621009244637e-04
3.157540851720200603e+00 1.009854571368752651e+01 1.168702463881080122e+00 6.716890355417281748e-08 4.379488088472395901e+01 1.405083748381284892e+01 1.309867281241459402e-01 3.681439999999999824e+00 2.001068309186771512e+04 8.378443621009244637e-04
3.157540804669176193e+00 1.009854586416758337e+01 1.168702463881080122e+00 6.716890355417281748e-08 4.379488088472395901e+01 1.405083748381284892e+01 1.309867281241459402e-01 3.681439999999999824e+00 2.001068309186771512e+04 8.378443621009244637e-04
3.157540804669176193e+00 1.009854571368752651e+01 1.168702481296103990e+00 6.716890355417281748e-08 4.379488088472395901e+01 1.405083748381284892e+01 1.309867281241459402e-01 3.681439999999999824e+00 2.001068309186771512e+04 8.378443621009244637e-04
3.157540804669176193e+00 1.009854571368752651e+01 1.168702463881080122e+00 8.207006474802047373e-08 4.379488088472395901e+01 1.405083748381284892e+01 1.309867281241459402e-01 3.681439999999999824e+00 2.001068309186771512e+04 8.378443621009244637e-04
3.157540804669176193e+00 1.009854571368752651e+01 1.168702463881080122e+00 6.716890355417281748e-08 4.379488153731853828e+01 1.405083748381284892e+01 1.309867281241459402e-01 3.681439999999999824e+00 2.001068309186771512e+04 8.378443621009244637e-04
3.157540804669176193e+00 1.009854571368752651e+01 1.168702463881080122e+00 6.716890355417281748e-08 4.379488088472395901e+01 1.405083769318664366e+01 1.309867281241459402e-01 3.681439999999999824e+00 2.001068309186771512e+04 8.378443621009244637e-04
3.157540804669176193e+00 1.009854571368752651e+01 1.168702463881080122e+00 6.716890355417281748e-08 4.379488088472395901e+01 1.405083748381284892e+01 1.309867430253071341e-01 3.681439999999999824e+00 2.001068309186771512e+04 8.378443621009244637e-04
3.157540804669176193e+00 1.009854571368752651e+01 1.168702463881080122e+00 6.716890355417281748e-08 4.379488088472395901e+01 1.405083748381284892e+01 1.309867281241459402e-01 3.681439999999999824e+00 2.001068339005012967e+04 8.378443621009244637e-04
3.157540804669176193e+00 1.009854571368752651e+01 1.168702463881080122e+00 6.716890355417281748e-08 4.379488088472395901e+01 1.405083748381284892e+01 1.309867281241459402e-01 3.681439999999999824e+00 2.001068309186771512e+04 8.378592632621183114e-04
3.112988766411355357e+00 9.946055127929046336e+00 1.168729545629190847e+00 2.173274379197026780e-10 5.035410034088222631e+01 1.405083748381759534e+01 1.309867281241545167e-01 3.681439999999999824e+00 2.001247781635975480e+04 8.385388940030448794e-04
3.146735873619075807e+00 1.006152304521043028e+01 1.168709795490991965e+00 2.251067953433880596e-10 4.538601485036223693e+01 1.405083748381396802e+01 1.309867281241479664e-01 3.681439999999999824e+00 2.001128190976740370e+04 8.380878573578906835e-04
3.154875224086834518e+00 1.008942260793551959e+01 1.168702597079143590e+00 2.229115822274021912e-10 4.418761074285367130e+01 1.405083748381312247e+01 1.309867281241464398e-01 3.681439999999999824e+00 2.001084559345055459e+04 8.379235850416802151e-04
3.156878095740547785e+00 1.009629256420772592e+01 1.168700601061619437e+00 2.018498941532964035e-10 4.389270071247965177e+01 1.405083748381291642e+01 1.309867281241460513e-01 3.681439999999999824e+00 2.001072458228974210e+04 8.378780419079447962e-04
3.157376509786315122e+00 1.009800247351482838e+01 1.168700088717739893e+00 1.143302435423436819e-10 4.381931135330577121e+01 1.405083748381286668e+01 1.309867281241459680e-01 3.681439999999999824e+00 2.001069351913718128e+04 8.378663521927461489e-04
3.157500985632754276e+00 1.009842953349636296e+01 1.168699959761056784e+00 2.347751321954323769e-10 4.380098274165582950e+01 1.405083748381285247e+01 1.309867281241459402e-01 3.681439999999999824e+00 2.001068570029539478e+04 8.378634097590461358e-04
3.157532179006238060e+00 1.009853655474677048e+01 1.168699927387971238e+00 1.615166236117962925e-09 4.379638962582153283e+01 1.405083748381285069e+01 1.309867281241459402e-01 3.681439999999999824e+00 2.001068373705768681e+04 8.378626705441761559e-04
3.157532226057134128e+00 1.009853655474677048e+01 1.168699927387971238e+00 1.615166236117962925e-09 4.379638962582153283e+01 1.405083748381285069e+01 1.309867281241459402e-01 3.681439999999999824e+00 2.001068373705768681e+04 8.378626705441761559e-04
3.157532179006238060e+00 1.009853670522669233e+01 1.168699927387971238e+00 1.615166236117962925e-09 4.379638962582153283e+01 1.405083748381285069e+01 1.309867281241459402e-01 3.681439999999999824e+00 2.001068373705768681e+04 8.378626705441761559e-04
3.157532179006238060e+00 1.009853655474677048e+01 1.168699944802957136e+00 1.615166236117962925e-09 4.379638962582153283e+01 1.405083748381285069e+01 1.309867281241459402e-01 3.681439999999999824e+00 2.001068373705768681e+04 8.378626705441761559e-04
3.157532179006238060e+00 1.009853655474677048e+01 1.168699927387971238e+00 1.651632742996561917e-08 4.379638962582153283e+01 1.405083748381285069e+01 1.309867281241459402e-01 3.681439999999999824e+00 2.001068373705768681e+04 8.378626705441761559e-04
3.157532179006238060e+00 1.009853655474677048e+01 1.168699927387971238e+00 1.615166236117962925e-09 4.379639027843859367e+01 1.405083748381285069e+01 1.309867281241459402e-01 3.681439999999999824e+00 2.001068373705768681e+04 8.378626705441761559e-04
3.157532179006238060e+00 1.009853655474677048e+01 1.168699927387971238e+00 1.615166236117962925e-09 4.379638962582153283e+01 1.405083769318664544e+01 1.309867281241459402e-01 3.681439999999999824e+00 2.001068373705768681e+04 8.378626705441761559e-04
3.157532179006238060e+00 1.009853655474677048e+01 1.168699927387971238e+00 1.615166236117962925e-09 4.379638962582153283e+01 1.405083748381285069e+01 1.309867430253071341e-01 3.681439999999999824e+00 2.001068373705768681e+04 8.378626705441761559e-04
3.157532179006238060e+00 1.009853655474677048e+01 1.168699927387971238e+00 1.615166236117962925e-09 4.379638962582153283e+01 1.405083748381285069e+01 1.309867281241459402e-01 3.681439999999999824e+00 2.001068403524011228e+04 8.378626705441761559e-04
3.157532179006238060e+00 1.009853655474677048e+01 1.168699927387971238e+00 1.615166236117962925e-09 4.379638962582153283e+01 1.405083748381285069e+01 1.309867281241459402e-01 3.681439999999999824e+00 2.001068373705768681e+04 8.378775717053700035e-04
