3.205843000000000220e+00 7.511125999999999969e+00 1.235333999999999932e+00 1.528337999999999867e-05 3.753042800000000057e+01 1.549994700000000059e+01 7.954442999999999930e-01 3.681439999999999824e+00 2.571453499999999985e+04 0.000000000000000000e+00
3.205843047770783549e+00 7.511125999999999969e+00 1.235333999999999932e+00 1.528337999999999867e-05 3.753042800000000057e+01 1.549994700000000059e+01 7.954442999999999930e-01 3.681439999999999824e+00 2.571453499999999985e+04 0.000000000000000000e+00
3.205843000000000220e+00 7.511126111924498971e+00 1.235333999999999932e+00 1.528337999999999867e-05 3.753042800000000057e+01 1.549994700000000059e+01 7.954442999999999930e-01 3.681439999999999824e+00 2.571453499999999985e+04 0.000000000000000000e+00
3.205843000000000220e+00 7.511125999999999969e+00 1.235334018407910905e+00 1.528337999999999867e-05 3.753042800000000057e+01 1.549994700000000059e+01 7.954442999999999930e-01 3.681439999999999824e+00 2.571453499999999985e+04 0.000000000000000000e+00
3.205843000000000220e+00 7.511125999999999969e+00 1.235333999999999932e+00 1.529828116119384633e-05 3.753042800000000057e+01 1.549994700000000059e+01 7.954442999999999930e-01 3.681439999999999824e+00 2.571453499999999985e+04 0.000000000000000000e+00
3.205843000000000220e+00 7.511125999999999969e+00 1.235333999999999932e+00 1.528337999999999867e-05 3.753042855924695687e+01 1.549994700000000059e+01 7.954442999999999930e-01 3.681439999999999824e+00 2.571453499999999985e+04 0.000000000000000000e+00
3.205843000000000220e+00 7.511125999999999969e+00 1.235333999999999932e+00 1.528337999999999867e-05 3.753042800000000057e+01 1.549994700000000059e+01 7.954442999999999930e-01 3.681439999999999824e+00 2.571453538317642960e+04 0.000000000000000000e+00
3.205843000000000220e+00 7.511125999999999969e+00 1.235333999999999932e+00 1.528337999999999867e-05 3.753042800000000057e+01 1.549994700000000059e+01 7.954442999999999930e-01 3.681439999999999824e+00 2.571453499999999985e+04 1.490116119384765625e-08
3.140716014431157888e+00 7.511125983033632103e+00 1.249325725179831315e+00 8.081984248049275399e-01 4.477416027641325513e+01 1.549994700000000059e+01 7.954442999999999930e-01 3.681439999999999824e+00 2.571453290920180734e+04 5.247519798095644878e-04
3.140716061231473510e+00 7.511125983033632103e+00 1.249325725179831315e+00 8.081984248049275399e-01 4.477416027641325513e+01 1.549994700000000059e+01 7.954442999999999930e-01 3.681439999999999824e+00 2.571453290920180734e+04 5.247519798095644878e-04
3.140716014431157888e+00 7.511126094958131105e+00 1.249325725179831315e+00 8.081984248049275399e-01 4.477416027641325513e+01 1.549994700000000059e+01 7.954442999999999930e-01 3.681439999999999824e+00 2.571453290920180734e+04 5.247519798095644878e-04
3.140716014431157888e+00 7.511125983033632103e+00 1.249325743796235288e+00 8.081984248049275399e-01 4.477416027641325513e+01 1.549994700000000059e+01 7.954442999999999930e-01 3.681439999999999824e+00 2.571453290920180734e+04 5.247519798095644878e-04
3.140716014431157888e+00 7.511125983033632103e+00 1.249325725179831315e+00 8.081984397060887337e-01 4.477416027641325513e+01 1.549994700000000059e+01 7.954442999999999930e-01 3.681439999999999824e+00 2.571453290920180734e+04 5.247519798095644878e-04
3.140716014431157888e+00 7.511125983033632103e+00 1.249325725179831315e+00 8.081984248049275399e-01 4.477416094360023635e+01 1.549994700000000059e+01 7.954442999999999930e-01 3.681439999999999824e+00 2.571453290920180734e+04 5.247519798095644878e-04
3.140716014431157888e+00 7.511125983033632103e+00 1.249325725179831315e+00 8.081984248049275399e-01 4.477416027641325513e+01 1.549994700000000059e+01 7.954442999999999930e-01 3.681439999999999824e+00 2.571453329237820799e+04 5.247519798095644878e-04
3.140716014431157888e+00 7.511125983033632103e+00 1.249325725179831315e+00 8.081984248049275399e-01 4.477416027641325513e+01 1.549994700000000059e+01 7.954442999999999930e-01 3.681439999999999824e+00 2.571453290920180734e+04 5.247668809707583355e-04
3.075761322030135414e+00 7.511126019926058106e+00 1.282592278393181795e+00 3.031524362549434803e-01 5.418657639088772271e+01 1.549994700000000059e+01 7.954442999999999930e-01 3.681439999999999824e+00 2.571452519984490937e+04 1.099198474121508996e-03
3.075761367862550610e+00 7.511126019926058106e+00 1.282592278393181795e+00 3.031524362549434803e-01 5.418657639088772271e+01 1.549994700000000059e+01 7.954442999999999930e-01 3.681439999999999824e+00 2.571452519984490937e+04 1.099198474121508996e-03
3.075761322030135414e+00 7.511126131850557996e+00 1.282592278393181795e+00 3.031524362549434803e-01 5.418657639088772271e+01 1.549994700000000059e+01 7.954442999999999930e-01 3.681439999999999824e+00 2.571452519984490937e+04 1.099198474121508996e-03
3.075761322030135414e+00 7.511126019926058106e+00 1.282592297505296131e+00 3.031524362549434803e-01 5.418657639088772271e+01 1.549994700000000059e+01 7.954442999999999930e-01 3.681439999999999824e+00 2.571452519984490937e+04 1.099198474121508996e-03
3.075761322030135414e+00 7.511126019926058106e+00 1.282592278393181795e+00 3.031524511561046742e-01 5.418657639088772271e+01 1.549994700000000059e+01 7.954442999999999930e-01 3.681439999999999824e+00 2.571452519984490937e+04 1.099198474121508996e-03
3.075761322030135414e+00 7.511126019926058106e+00 1.282592278393181795e+00 3.031524362549434803e-01 5.418657719833063169e+01 1.549994700000000059e+01 7.954442999999999930e-01 3.681439999999999824e+00 2.571452519984490937e+04 1.099198474121508996e-03
3.075761322030135414e+00 7.511126019926058106e+00 1.282592278393181795e+00 3.031524362549434803e-01 5.418657639088772271e+01 1.549994700000000059e+01 7.954442999999999930e-01 3.681439999999999824e+00 2.571452558302119360e+04 1.099198474121508996e-03
3.075761322030135414e+00 7.511126019926058106e+00 1.282592278393181795e+00 3.031524362549434803e-01 5.418657639088772271e+01 1.549994700000000059e+01 7.954442999999999930e-01 3.681439999999999824e+00 2.571452519984490937e+04 1.099213375282702843e-03
3.082560077377729524e+00 8.313669377155962437e+00 1.285583889512797784e+00 3.034835042803573635e-01 5.432921755981877965e+01 1.549994700000000059e+01 7.954442999999999930e-01 3.681439999999999824e+00 2.554977770167349081e+04 3.062880583337839000e-03
3.082560123311454348e+00 8.313669377155962437e+00 1.285583889512797784e+00 3.034835042803573635e-01 5.432921755981877965e+01 1.549994700000000059e+01 7.954442999999999930e-01 3.681439999999999824e+00 2.554977770167349081e+04 3.062880583337839000e-03
3.082560077377729524e+00 8.313669501039289145e+00 1.285583889512797784e+00 3.034835042803573635e-01 5.432921755981877965e+01 1.549994700000000059e+01 7.954442999999999930e-01 3.681439999999999824e+00 2.554977770167349081e+04 3.062880583337839000e-03
3.082560077377729524e+00 8.313669377155962437e+00 1.285583908669490460e+00 3.034835042803573635e-01 5.432921755981877965e+01 1.549994700000000059e+01 7.954442999999999930e-01 3.681439999999999824e+00 2.554977770167349081e+04 3.062880583337839000e-03
3.082560077377729524e+00 8.313669377155962437e+00 1.285583889512797784e+00 3.034835191815185573e-01 5.432921755981877965e+01 1.549994700000000059e+01 7.954442999999999930e-01 3.681439999999999824e+00 2.554977770167349081e+04 3.062880583337839000e-03
3.082560077377729524e+00 8.313669377155962437e+00 1.285583889512797784e+00 3.034835042803573635e-01 5.432921836938720617e+01 1.549994700000000059e+01 7.954442999999999930e-01 3.681439999999999824e+00 2.554977770167349081e+04 3.062880583337839000e-03
3.082560077377729524e+00 8.313669377155962437e+00 1.285583889512797784e+00 3.034835042803573635e-01 5.432921755981877965e+01 1.549994700000000059e+01 7.954442999999999930e-01 3.681439999999999824e+00 2.554977808239484511e+04 3.062880583337839000e-03
3.082560077377729524e+00 8.313669377155962437e+00 1.285583889512797784e+00 3.034835042803573635e-01 5.432921755981877965e+01 1.549994700000000059e+01 7.954442999999999930e-01 3.681439999999999824e+00 2.554977770167349081e+04 3.062895484499032848e-03
3.091247423415446782e+00 8.619401871365431234e+00 1.292641354540968290e+00 3.028349868187714677e-01 5.451301368178849316e+01 1.549994700000000059e+01 7.954442999999999930e-01 3.681439999999999824e+00 2.587927646702133643e+04 3.884272217335478852e-03
3.091247469478622723e+00 8.619401871365431234e+00 1.292641354540968290e+00 3.028349868187714677e-01 5.451301368178849316e+01 1.549994700000000059e+01 7.954442999999999930e-01 3.681439999999999824e+00 2.587927646702133643e+04 3.884272217335478852e-03
3.091247423415446782e+00 8.619401999804527037e+00 1.292641354540968290e+00 3.028349868187714677e-01 5.451301368178849316e+01 1.549994700000000059e+01 7.954442999999999930e-01 3.681439999999999824e+00 2.587927646702133643e+04 3.884272217335478852e-03
3.091247423415446782e+00 8.619401871365431234e+00 1.292641373802825511e+00 3.028349868187714677e-01 5.451301368178849316e+01 1.549994700000000059e+01 7.954442999999999930e-01 3.681439999999999824e+00 2.587927646702133643e+04 3.884272217335478852e-03
3.091247423415446782e+00 8.619401871365431234e+00 1.292641354540968290e+00 3.028350017199326616e-01 5.451301368178849316e+01 1.549994700000000059e+01 7.954442999999999930e-01 3.681439999999999824e+00 2.587927646702133643e+04 3.884272217335478852e-03
3.091247423415446782e+00 8.619401871365431234e+00 1.292641354540968290e+00 3.028349868187714677e-01 5.451301449409569955e+01 1.549994700000000059e+01 7.954442999999999930e-01 3.681439999999999824e+00 2.587927646702133643e+04 3.884272217335478852e-03
3.091247423415446782e+00 8.619401871365431234e+00 1.292641354540968290e+00 3.028349868187714677e-01 5.451301368178849316e+01 1.549994700000000059e+01 7.954442999999999930e-01 3.681439999999999824e+00 2.587927685265260516e+04 3.884272217335478852e-03
3.091247423415446782e+00 8.619401871365431234e+00 1.292641354540968290e+00 3.028349868187714677e-01 5.451301368178849316e+01 1.549994700000000059e+01 7.954442999999999930e-01 3.681439999999999824e+00 2.587927646702133643e+04 3.884287118496672700e-03
3.095711147918553952e+00 8.720937974966524564e+00 1.302957619066235750e+00 2.999912355473466352e-01 5.460994604390881335e+01 1.549994700000000059e+01 7.954442999999999930e-01 3.681439999999999824e+00 2.653827427544145758e+04 4.770072327589620562e-03
3.095711194048244685e+00 8.720937974966524564e+00 1.302957619066235750e+00 2.999912355473466352e-01 5.460994604390881335e+01 1.549994700000000059e+01 7.954442999999999930e-01 3.681439999999999824e+00 2.653827427544145758e+04 4.770072327589620562e-03
3.095711147918553952e+00 8.720938104918626976e+00 1.302957619066235750e+00 2.999912355473466352e-01 5.460994604390881335e+01 1.549994700000000059e+01 7.954442999999999930e-01 3.681439999999999824e+00 2.653827427544145758e+04 4.770072327589620562e-03
3.095711147918553952e+00 8.720937974966524564e+00 1.302957638481817337e+00 2.999912355473466352e-01 5.460994604390881335e+01 1.549994700000000059e+01 7.954442999999999930e-01 3.681439999999999824e+00 2.653827427544145758e+04 4.770072327589620562e-03
3.095711147918553952e+00 8.720937974966524564e+00 1.302957619066235750e+00 2.999912504485078291e-01 5.460994604390881335e+01 1.549994700000000059e+01 7.954442999999999930e-01 3.681439999999999824e+00 2.653827427544145758e+04 4.770072327589620562e-03
3.095711147918553952e+00 8.720937974966524564e+00 1.302957619066235750e+00 2.999912355473466352e-01 5.460994685766042522e+01 1.549994700000000059e+01 7.954442999999999930e-01 3.681439999999999824e+00 2.653827427544145758e+04 4.770072327589620562e-03
3.095711147918553952e+00 8.720937974966524564e+00 1.302957619066235750e+00 2.999912355473466352e-01 5.460994604390881335e+01 1.549994700000000059e+01 7.954442999999999930e-01 3.681439999999999824e+00 2.653827467089255879e+04 4.770072327589620562e-03
3.095711147918553952e+00 8.720937974966524564e+00 1.302957619066235750e+00 2.999912355473466352e-01 5.460994604390881335e+01 1.549994700000000059e+01 7.954442999999999930e-01 3.681439999999999824e+00 2.653827427544145758e+04 4.770087228750814409e-03
3.093045416317950824e+00 8.720938102677690651e+00 1.304663716287894015e+00 3.961961181369022533e-02 5.518709006541850925e+01 1.549994700000000059e+01 7.954442999999999930e-01 3.681439999999999824e+00 2.653825030705589597e+04 4.791492346303642506e-03
3.037362058704653922e+00 8.738898809594568107e+00 1.449685195034580598e+00 2.923694464103164803e-01 5.460975024061605154e+01 1.549994700000000059e+01 7.954442999999999930e-01 3.681439999999999824e+00 2.653912652711006376e+04 5.048802081585541945e-03
3.081555543048878132e+00 8.728657972523741648e+00 1.339772455511295979e+00 2.984551506447479241e-01 5.460987980714203616e+01 1.549994700000000059e+01 7.954442999999999930e-01 3.681439999999999824e+00 2.653844463969907156e+04 4.843855754054379910e-03
3.092559805806195161e+00 8.723474881715944207e+00 1.312285644948981256e+00 2.996272317139293540e-01 5.460993149308196593e+01 1.549994700000000059e+01 7.954442999999999930e-01 3.681439999999999824e+00 2.653831472924393529e+04 4.786279310041508146e-03
3.095301577129651260e+00 8.721568874631474344e+00 1.305385162027537183e+00 2.999054455310918299e-01 5.460994504034249530e+01 1.549994700000000059e+01 7.954442999999999930e-01 3.681439999999999824e+00 2.653828392944990264e+04 4.770905893212207954e-03
3.095301623253238876e+00 8.721568874631474344e+00 1.305385162027537183e+00 2.999054455310918299e-01 5.460994504034249530e+01 1.549994700000000059e+01 7.954442999999999930e-01 3.681439999999999824e+00 2.653828392944990264e+04 4.770905893212207954e-03
3.095301577129651260e+00 8.721569004592977237e+00 1.305385162027537183e+00 2.999054455310918299e-01 5.460994504034249530e+01 1.549994700000000059e+01 7.954442999999999930e-01 3.681439999999999824e+00 2.653828392944990264e+04 4.770905893212207954e-03
3.095301577129651260e+00 8.721568874631474344e+00 1.305385181479291834e+00 2.999054455310918299e-01 5.460994504034249530e+01 1.549994700000000059e+01 7.954442999999999930e-01 3.681439999999999824e+00 2.653828392944990264e+04 4.770905893212207954e-03
3.095301577129651260e+00 8.721568874631474344e+00 1.305385162027537183e+00 2.999054604322530238e-01 5.460994504034249530e+01 1.549994700000000059e+01 7.954442999999999930e-01 3.681439999999999824e+00 2.653828392944990264e+04 4.770905893212207954e-03
3.095301577129651260e+00 8.721568874631474344e+00 1.305385162027537183e+00 2.999054455310918299e-01 5.460994585409408586e+01 1.549994700000000059e+01 7.954442999999999930e-01 3.681439999999999824e+00 2.653828392944990264e+04 4.770905893212207954e-03
3.095301577129651260e+00 8.721568874631474344e+00 1.305385162027537183e+00 2.999054455310918299e-01 5.460994504034249530e+01 1.549994700000000059e+01 7.954442999999999930e-01 3.681439999999999824e+00 2.653828432490114938e+04 4.770905893212207954e-03
3.095301577129651260e+00 8.721568874631474344e+00 1.305385162027537183e+00 2.999054455310918299e-01 5.460994504034249530e+01 1.549994700000000059e+01 7.954442999999999930e-01 3.681439999999999824e+00 2.653828392944990264e+04 4.770920794373401802e-03
3.093590003172263625e+00 8.723295897007384170e+00 1.309983039258456827e+00 2.997081121582940710e-01 5.460993748537512715e+01 1.549994700000000059e+01 7.954442999999999930e-01 3.681439999999999824e+00 2.653830569471166382e+04 4.781959020216796676e-03
3.094938624034415664e+00 8.721993489556671975e+00 1.306557104675188485e+00 2.998569281555883426e-01 5.460994360279207172e+01 1.549994700000000059e+01 7.954442999999999930e-01 3.681439999999999824e+00 2.653828930251305064e+04 4.773343789631428156e-03
3.094938670152595162e+00 8.721993489556671975e+00 1.306557104675188485e+00 2.998569281555883426e-01 5.460994360279207172e+01 1.549994700000000059e+01 7.954442999999999930e-01 3.681439999999999824e+00 2.653828930251305064e+04 4.773343789631428156e-03
3.094938624034415664e+00 8.721993619524502250e+00 1.306557104675188485e+00 2.998569281555883426e-01 5.460994360279207172e+01 1.549994700000000059e+01 7.954442999999999930e-01 3.681439999999999824e+00 2.653828930251305064e+04 4.773343789631428156e-03
3.094938624034415664e+00 8.721993489556671975e+00 1.306557124144406501e+00 2.998569281555883426e-01 5.460994360279207172e+01 1.549994700000000059e+01 7.954442999999999930e-01 3.681439999999999824e+00 2.653828930251305064e+04 4.773343789631428156e-03
3.094938624034415664e+00 8.721993489556671975e+00 1.306557104675188485e+00 2.998569430567495364e-01 5.460994360279207172e+01 1.549994700000000059e+01 7.954442999999999930e-01 3.681439999999999824e+00 2.653828930251305064e+04 4.773343789631428156e-03
3.094938624034415664e+00 8.721993489556671975e+00 1.306557104675188485e+00 2.998569281555883426e-01 5.460994441654364095e+01 1.549994700000000059e+01 7.954442999999999930e-01 3.681439999999999824e+00 2.653828930251305064e+04 4.773343789631428156e-03
3.094938624034415664e+00 8.721993489556671975e+00 1.306557104675188485e+00 2.998569281555883426e-01 5.460994360279207172e+01 1.549994700000000059e+01 7.954442999999999930e-01 3.681439999999999824e+00 2.653828969796437741e+04 4.773343789631428156e-03
3.094938624034415664e+00 8.721993489556671975e+00 1.306557104675188485e+00 2.998569281555883426e-01 5.460994360279207172e+01 1.549994700000000059e+01 7.954442999999999930e-01 3.681439999999999824e+00 2.653828930251305064e+04 4.773358690792622004e-03
3.094616433231466068e+00 8.722428037512631960e+00 1.307740507927518614e+00 2.998091277414758893e-01 5.460994296654939006e+01 1.549994700000000059e+01 7.954442999999999930e-01 3.681439999999999824e+00 2.653829473139548281e+04 4.776636003804358641e-03
3.094616479344844517e+00 8.722428037512631960e+00 1.307740507927518614e+00 2.998091277414758893e-01 5.460994296654939006e+01 1.549994700000000059e+01 7.954442999999999930e-01 3.681439999999999824e+00 2.653829473139548281e+04 4.776636003804358641e-03
3.094616433231466068e+00 8.722428167486938833e+00 1.307740507927518614e+00 2.998091277414758893e-01 5.460994296654939006e+01 1.549994700000000059e+01 7.954442999999999930e-01 3.681439999999999824e+00 2.653829473139548281e+04 4.776636003804358641e-03
3.094616433231466068e+00 8.722428037512631960e+00 1.307740527414370746e+00 2.998091277414758893e-01 5.460994296654939006e+01 1.549994700000000059e+01 7.954442999999999930e-01 3.681439999999999824e+00 2.653829473139548281e+04 4.776636003804358641e-03
3.094616433231466068e+00 8.722428037512631960e+00 1.307740507927518614e+00 2.998091426426370831e-01 5.460994296654939006e+01 1.549994700000000059e+01 7.954442999999999930e-01 3.681439999999999824e+00 2.653829473139548281e+04 4.776636003804358641e-03
3.094616433231466068e+00 8.722428037512631960e+00 1.307740507927518614e+00 2.998091277414758893e-01 5.460994378030095220e+01 1.549994700000000059e+01 7.954442999999999930e-01 3.681439999999999824e+00 2.653829473139548281e+04 4.776636003804358641e-03
3.094616433231466068e+00 8.722428037512631960e+00 1.307740507927518614e+00 2.998091277414758893e-01 5.460994296654939006e+01 1.549994700000000059e+01 7.954442999999999930e-01 3.681439999999999824e+00 2.653829512684688962e+04 4.776636003804358641e-03
3.094616433231466068e+00 8.722428037512631960e+00 1.307740507927518614e+00 2.998091277414758893e-01 5.460994296654939006e+01 1.549994700000000059e+01 7.954442999999999930e-01 3.681439999999999824e+00 2.653829473139548281e+04 4.776650904965552488e-03
3.093714384897109593e+00 8.722519785697064876e+00 1.310504963284107705e+00 2.997846676520564690e-01 5.460997704947610742e+01 1.549994700000000059e+01 7.954442999999999930e-01 3.681439999999999824e+00 2.653829473176289321e+04 4.781664703804137072e-03
3.093714430997046350e+00 8.722519785697064876e+00 1.310504963284107705e+00 2.997846676520564690e-01 5.460997704947610742e+01 1.549994700000000059e+01 7.954442999999999930e-01 3.681439999999999824e+00 2.653829473176289321e+04 4.781664703804137072e-03
3.093714384897109593e+00 8.722519915672737767e+00 1.310504963284107705e+00 2.997846676520564690e-01 5.460997704947610742e+01 1.549994700000000059e+01 7.954442999999999930e-01 3.681439999999999824e+00 2.653829473176289321e+04 4.781664703804137072e-03
3.093714384897109593e+00 8.722519785697064876e+00 1.310504982812153330e+00 2.997846676520564690e-01 5.460997704947610742e+01 1.549994700000000059e+01 7.954442999999999930e-01 3.681439999999999824e+00 2.653829473176289321e+04 4.781664703804137072e-03
3.093714384897109593e+00 8.722519785697064876e+00 1.310504963284107705e+00 2.997846825532176629e-01 5.460997704947610742e+01 1.549994700000000059e+01 7.954442999999999930e-01 3.681439999999999824e+00 2.653829473176289321e+04 4.781664703804137072e-03
3.093714384897109593e+00 8.722519785697064876e+00 1.310504963284107705e+00 2.997846676520564690e-01 5.460997786322818115e+01 1.549994700000000059e+01 7.954442999999999930e-01 3.681439999999999824e+00 2.653829473176289321e+04 4.781664703804137072e-03
3.093714384897109593e+00 8.722519785697064876e+00 1.310504963284107705e+00 2.997846676520564690e-01 5.460997704947610742e+01 1.549994700000000059e+01 7.954442999999999930e-01 3.681439999999999824e+00 2.653829512721430001e+04 4.781664703804137072e-03
3.093714384897109593e+00 8.722519785697064876e+00 1.310504963284107705e+00 2.997846676520564690e-01 5.460997704947610742e+01 1.549994700000000059e+01 7.954442999999999930e-01 3.681439999999999824e+00 2.653829473176289321e+04 4.781679604965330919e-03
3.092792893632958950e+00 8.722636322545012533e+00 1.313268187491288153e+00 2.997557227815365599e-01 5.461002714990788576e+01 1.549994700000000059e+01 7.954442999999999930e-01 3.681439999999999824e+00 2.653829473218317798e+04 4.786316133701611943e-03
3.092792939719164469e+00 8.722636322545012533e+00 1.313268187491288153e+00 2.997557227815365599e-01 5.461002714990788576e+01 1.549994700000000059e+01 7.954442999999999930e-01 3.681439999999999824e+00 2.653829473218317798e+04 4.786316133701611943e-03
3.092792893632958950e+00 8.722636452522422701e+00 1.313268187491288153e+00 2.997557227815365599e-01 5.461002714990788576e+01 1.549994700000000059e+01 7.954442999999999930e-01 3.681439999999999824e+00 2.653829473218317798e+04 4.786316133701611943e-03
3.092792893632958950e+00 8.722636322545012533e+00 1.313268207060509063e+00 2.997557227815365599e-01 5.461002714990788576e+01 1.549994700000000059e+01 7.954442999999999930e-01 3.681439999999999824e+00 2.653829473218317798e+04 4.786316133701611943e-03
3.092792893632958950e+00 8.722636322545012533e+00 1.313268187491288153e+00 2.997557376826977538e-01 5.461002714990788576e+01 1.549994700000000059e+01 7.954442999999999930e-01 3.681439999999999824e+00 2.653829473218317798e+04 4.786316133701611943e-03
3.092792893632958950e+00 8.722636322545012533e+00 1.313268187491288153e+00 2.997557227815365599e-01 5.461002796366070555e+01 1.549994700000000059e+01 7.954442999999999930e-01 3.681439999999999824e+00 2.653829473218317798e+04 4.786316133701611943e-03
3.092792893632958950e+00 8.722636322545012533e+00 1.313268187491288153e+00 2.997557227815365599e-01 5.461002714990788576e+01 1.549994700000000059e+01 7.954442999999999930e-01 3.681439999999999824e+00 2.653829512763458479e+04 4.786316133701611943e-03
3.092792893632958950e+00 8.722636322545012533e+00 1.313268187491288153e+00 2.997557227815365599e-01 5.461002714990788576e+01 1.549994700000000059e+01 7.954442999999999930e-01 3.681439999999999824e+00 2.653829473218317798e+04 4.786331034862805790e-03
3.091874422807122436e+00 8.722780552010835464e+00 1.316030317107779846e+00 2.996907614900993222e-01 5.461010809511938646e+01 1.549994700000000059e+01 7.954442999999999930e-01 3.681439999999999824e+00 2.653829473265774141e+04 4.791050003536051483e-03
3.091874468879641569e+00 8.722780552010835464e+00 1.316030317107779846e+00 2.996907614900993222e-01 5.461010809511938646e+01 1.549994700000000059e+01 7.954442999999999930e-01 3.681439999999999824e+00 2.653829473265774141e+04 4.791050003536051483e-03
3.091874422807122436e+00 8.722780681990395024e+00 1.316030317107779846e+00 2.996907614900993222e-01 5.461010809511938646e+01 1.549994700000000059e+01 7.954442999999999930e-01 3.681439999999999824e+00 2.653829473265774141e+04 4.791050003536051483e-03
3.091874422807122436e+00 8.722780552010835464e+00 1.316030336718159832e+00 2.996907614900993222e-01 5.461010809511938646e+01 1.549994700000000059e+01 7.954442999999999930e-01 3.681439999999999824e+00 2.653829473265774141e+04 4.791050003536051483e-03
3.091874422807122436e+00 8.722780552010835464e+00 1.316030317107779846e+00 2.996907763912605160e-01 5.461010809511938646e+01 1.549994700000000059e+01 7.954442999999999930e-01 3.681439999999999824e+00 2.653829473265774141e+04 4.791050003536051483e-03
3.091874422807122436e+00 8.722780552010835464e+00 1.316030317107779846e+00 2.996907614900993222e-01 5.461010890887340707e+01 1.549994700000000059e+01 7.954442999999999930e-01 3.681439999999999824e+00 2.653829473265774141e+04 4.791050003536051483e-03
3.091874422807122436e+00 8.722780552010835464e+00 1.316030317107779846e+00 2.996907614900993222e-01 5.461010809511938646e+01 1.549994700000000059e+01 7.954442999999999930e-01 3.681439999999999824e+00 2.653829512810914821e+04 4.791050003536051483e-03
3.091874422807122436e+00 8.722780552010835464e+00 1.316030317107779846e+00 2.996907614900993222e-01 5.461010809511938646e+01 1.549994700000000059e+01 7.954442999999999930e-01 3.681439999999999824e+00 2.653829473265774141e+04 4.791064904697245330e-03
3.090960093939815412e+00 8.722959344355386335e+00 1.318792367853046876e+00 2.996180073987105286e-01 5.461022928201213489e+01 1.549994700000000059e+01 7.954442999999999930e-01 3.681439999999999824e+00 2.653829473319965837e+04 4.795863237048098200e-03
3.090960139998709888e+00 8.722959344355386335e+00 1.318792367853046876e+00 2.996180073987105286e-01 5.461022928201213489e+01 1.549994700000000059e+01 7.954442999999999930e-01 3.681439999999999824e+00 2.653829473319965837e+04 4.795863237048098200e-03
3.090960093939815412e+00 8.722959474337610430e+00 1.318792367853046876e+00 2.996180073987105286e-01 5.461022928201213489e+01 1.549994700000000059e+01 7.954442999999999930e-01 3.681439999999999824e+00 2.653829473319965837e+04 4.795863237048098200e-03
3.090960093939815412e+00 8.722959344355386335e+00 1.318792387504584607e+00 2.996180073987105286e-01 5.461022928201213489e+01 1.549994700000000059e+01 7.954442999999999930e-01 3.681439999999999824e+00 2.653829473319965837e+04 4.795863237048098200e-03
3.090960093939815412e+00 8.722959344355386335e+00 1.318792367853046876e+00 2.996180222998717224e-01 5.461022928201213489e+01 1.549994700000000059e+01 7.954442999999999930e-01 3.681439999999999824e+00 2.653829473319965837e+04 4.795863237048098200e-03
3.090960093939815412e+00 8.722959344355386335e+00 1.318792367853046876e+00 2.996180073987105286e-01 5.461023009576796738e+01 1.549994700000000059e+01 7.954442999999999930e-01 3.681439999999999824e+00 2.653829473319965837e+04 4.795863237048098200e-03
3.090960093939815412e+00 8.722959344355386335e+00 1.318792367853046876e+00 2.996180073987105286e-01 5.461022928201213489e+01 1.549994700000000059e+01 7.954442999999999930e-01 3.681439999999999824e+00 2.653829512865106517e+04 4.795863237048098200e-03
3.090960093939815412e+00 8.722959344355386335e+00 1.318792367853046876e+00 2.996180073987105286e-01 5.461022928201213489e+01 1.549994700000000059e+01 7.954442999999999930e-01 3.681439999999999824e+00 2.653829473319965837e+04 4.795878138209292048e-03
3.090049195285183181e+00 8.723183250728373750e+00 1.321556101311318843e+00 2.995747165818665181e-01 5.461040155073649061e+01 1.549994700000000059e+01 7.954442999999999930e-01 3.681439999999999824e+00 2.653829473382938522e+04 4.800785391238134026e-03
3.090049241330504515e+00 8.723183250728373750e+00 1.321556101311318843e+00 2.995747165818665181e-01 5.461040155073649061e+01 1.549994700000000059e+01 7.954442999999999930e-01 3.681439999999999824e+00 2.653829473382938522e+04 4.800785391238134026e-03
3.090049195285183181e+00 8.723183380713933843e+00 1.321556101311318843e+00 2.995747165818665181e-01 5.461040155073649061e+01 1.549994700000000059e+01 7.954442999999999930e-01 3.681439999999999824e+00 2.653829473382938522e+04 4.800785391238134026e-03
3.090049195285183181e+00 8.723183250728373750e+00 1.321556121004039408e+00 2.995747165818665181e-01 5.461040155073649061e+01 1.549994700000000059e+01 7.954442999999999930e-01 3.681439999999999824e+00 2.653829473382938522e+04 4.800785391238134026e-03
3.090049195285183181e+00 8.723183250728373750e+00 1.321556101311318843e+00 2.995747314830277119e-01 5.461040155073649061e+01 1.549994700000000059e+01 7.954442999999999930e-01 3.681439999999999824e+00 2.653829473382938522e+04 4.800785391238134026e-03
3.090049195285183181e+00 8.723183250728373750e+00 1.321556101311318843e+00 2.995747165818665181e-01 5.461040236449488816e+01 1.549994700000000059e+01 7.954442999999999930e-01 3.681439999999999824e+00 2.653829473382938522e+04 4.800785391238134026e-03
3.090049195285183181e+00 8.723183250728373750e+00 1.321556101311318843e+00 2.995747165818665181e-01 5.461040155073649061e+01 1.549994700000000059e+01 7.954442999999999930e-01 3.681439999999999824e+00 2.653829512928079203e+04 4.800785391238134026e-03
3.090049195285183181e+00 8.723183250728373750e+00 1.321556101311318843e+00 2.995747165818665181e-01 5.461040155073649061e+01 1.549994700000000059e+01 7.954442999999999930e-01 3.681439999999999824e+00 2.653829473382938522e+04 4.800800292399327873e-03
3.088933852442403261e+00 8.723473347872431560e+00 1.324281699096705456e+00 2.995241956967781283e-01 5.461058741266484162e+01 1.549994700000000059e+01 7.954442999999999930e-01 3.681439999999999824e+00 2.653829473458452048e+04 4.805688568233176458e-03
3.089723290042418746e+00 8.723251313019265041e+00 1.322229198118274329e+00 2.995628810368922146e-01 5.461044194889065295e+01 1.549994700000000059e+01 7.954442999999999930e-01 3.681439999999999824e+00 2.653829473400603092e+04 4.801859002494136310e-03
3.089723336082883520e+00 8.723251313019265041e+00 1.322229198118274329e+00 2.995628810368922146e-01 5.461044194889065295e+01 1.549994700000000059e+01 7.954442999999999930e-01 3.681439999999999824e+00 2.653829473400603092e+04 4.801859002494136310e-03
3.089723290042418746e+00 8.723251443005839434e+00 1.322229198118274329e+00 2.995628810368922146e-01 5.461044194889065295e+01 1.549994700000000059e+01 7.954442999999999930e-01 3.681439999999999824e+00 2.653829473400603092e+04 4.801859002494136310e-03
3.089723290042418746e+00 8.723251313019265041e+00 1.322229217821024649e+00 2.995628810368922146e-01 5.461044194889065295e+01 1.549994700000000059e+01 7.954442999999999930e-01 3.681439999999999824e+00 2.653829473400603092e+04 4.801859002494136310e-03
3.089723290042418746e+00 8.723251313019265041e+00 1.322229198118274329e+00 2.995628959380534084e-01 5.461044194889065295e+01 1.549994700000000059e+01 7.954442999999999930e-01 3.681439999999999824e+00 2.653829473400603092e+04 4.801859002494136310e-03
3.089723290042418746e+00 8.723251313019265041e+00 1.322229198118274329e+00 2.995628810368922146e-01 5.461044276264965447e+01 1.549994700000000059e+01 7.954442999999999930e-01 3.681439999999999824e+00 2.653829473400603092e+04 4.801859002494136310e-03
3.089723290042418746e+00 8.723251313019265041e+00 1.322229198118274329e+00 2.995628810368922146e-01 5.461044194889065295e+01 1.549994700000000059e+01 7.954442999999999930e-01 3.681439999999999824e+00 2.653829512945743772e+04 4.801859002494136310e-03
3.089723290042418746e+00 8.723251313019265041e+00 1.322229198118274329e+00 2.995628810368922146e-01 5.461044194889065295e+01 1.549994700000000059e+01 7.954442999999999930e-01 3.681439999999999824e+00 2.653829473400603092e+04 4.801873903655330157e-03
3.089604269454090613e+00 8.723909701829764884e+00 1.322785772569396334e+00 2.994752522056840505e-01 5.461044297065743791e+01 1.549994700000000059e+01 7.954442999999999930e-01 3.681439999999999824e+00 2.653829990405836361e+04 4.804439318909560844e-03
3.089604315492781694e+00 8.723909701829764884e+00 1.322785772569396334e+00 2.994752522056840505e-01 5.461044297065743791e+01 1.549994700000000059e+01 7.954442999999999930e-01 3.681439999999999824e+00 2.653829990405836361e+04 4.804439318909560844e-03
3.089604269454090613e+00 8.723909831826150096e+00 1.322785772569396334e+00 2.994752522056840505e-01 5.461044297065743791e+01 1.549994700000000059e+01 7.954442999999999930e-01 3.681439999999999824e+00 2.653829990405836361e+04 4.804439318909560844e-03
3.089604269454090613e+00 8.723909701829764884e+00 1.322785792280440464e+00 2.994752522056840505e-01 5.461044297065743791e+01 1.549994700000000059e+01 7.954442999999999930e-01 3.681439999999999824e+00 2.653829990405836361e+04 4.804439318909560844e-03
3.089604269454090613e+00 8.723909701829764884e+00 1.322785772569396334e+00 2.994752671068452443e-01 5.461044297065743791e+01 1.549994700000000059e+01 7.954442999999999930e-01 3.681439999999999824e+00 2.653829990405836361e+04 4.804439318909560844e-03
3.089604269454090613e+00 8.723909701829764884e+00 1.322785772569396334e+00 2.994752522056840505e-01 5.461044378441645364e+01 1.549994700000000059e+01 7.954442999999999930e-01 3.681439999999999824e+00 2.653829990405836361e+04 4.804439318909560844e-03
3.089604269454090613e+00 8.723909701829764884e+00 1.322785772569396334e+00 2.994752522056840505e-01 5.461044297065743791e+01 1.549994700000000059e+01 7.954442999999999930e-01 3.681439999999999824e+00 2.653830029950984681e+04 4.804439318909560844e-03
3.089604269454090613e+00 8.723909701829764884e+00 1.322785772569396334e+00 2.994752522056840505e-01 5.461044297065743791e+01 1.549994700000000059e+01 7.954442999999999930e-01 3.681439999999999824e+00 2.653829990405836361e+04 4.804454220070754691e-03
3.089172813630596259e+00 8.724054268321241423e+00 1.324165684628043183e+00 2.994253384905078974e-01 5.461057599571550725e+01 1.549994700000000059e+01 7.954442999999999930e-01 3.681439999999999824e+00 2.653829990442881171e+04 4.807080551630782753e-03
3.089172859662858261e+00 8.724054268321241423e+00 1.324165684628043183e+00 2.994253384905078974e-01 5.461057599571550725e+01 1.549994700000000059e+01 7.954442999999999930e-01 3.681439999999999824e+00 2.653829990442881171e+04 4.807080551630782753e-03
3.089172813630596259e+00 8.724054398319779580e+00 1.324165684628043183e+00 2.994253384905078974e-01 5.461057599571550725e+01 1.549994700000000059e+01 7.954442999999999930e-01 3.681439999999999824e+00 2.653829990442881171e+04 4.807080551630782753e-03
3.089172813630596259e+00 8.724054268321241423e+00 1.324165704359649531e+00 2.994253384905078974e-01 5.461057599571550725e+01 1.549994700000000059e+01 7.954442999999999930e-01 3.681439999999999824e+00 2.653829990442881171e+04 4.807080551630782753e-03
3.089172813630596259e+00 8.724054268321241423e+00 1.324165684628043183e+00 2.994253533916690913e-01 5.461057599571550725e+01 1.549994700000000059e+01 7.954442999999999930e-01 3.681439999999999824e+00 2.653829990442881171e+04 4.807080551630782753e-03
3.089172813630596259e+00 8.724054268321241423e+00 1.324165684628043183e+00 2.994253384905078974e-01 5.461057680947650539e+01 1.549994700000000059e+01 7.954442999999999930e-01 3.681439999999999824e+00 2.653829990442881171e+04 4.807080551630782753e-03
3.089172813630596259e+00 8.724054268321241423e+00 1.324165684628043183e+00 2.994253384905078974e-01 5.461057599571550725e+01 1.549994700000000059e+01 7.954442999999999930e-01 3.681439999999999824e+00 2.653830029988029492e+04 4.807080551630782753e-03
3.089172813630596259e+00 8.724054268321241423e+00 1.324165684628043183e+00 2.994253384905078974e-01 5.461057599571550725e+01 1.549994700000000059e+01 7.954442999999999930e-01 3.681439999999999824e+00 2.653829990442881171e+04 4.807095452791976600e-03
3.088723979652097995e+00 8.724220793778888705e+00 1.325543460463623147e+00 2.993988347472831824e-01 5.461073358482743600e+01 1.549994700000000059e+01 7.954442999999999930e-01 3.681439999999999824e+00 2.653829990484131122e+04 4.809651809510314541e-03
3.088724025677672014e+00 8.724220793778888705e+00 1.325543460463623147e+00 2.993988347472831824e-01 5.461073358482743600e+01 1.549994700000000059e+01 7.954442999999999930e-01 3.681439999999999824e+00 2.653829990484131122e+04 4.809651809510314541e-03
3.088723979652097995e+00 8.724220923779908432e+00 1.325543460463623147e+00 2.993988347472831824e-01 5.461073358482743600e+01 1.549994700000000059e+01 7.954442999999999930e-01 3.681439999999999824e+00 2.653829990484131122e+04 4.809651809510314541e-03
3.088723979652097995e+00 8.724220793778888705e+00 1.325543480215759962e+00 2.993988347472831824e-01 5.461073358482743600e+01 1.549994700000000059e+01 7.954442999999999930e-01 3.681439999999999824e+00 2.653829990484131122e+04 4.809651809510314541e-03
3.088723979652097995e+00 8.724220793778888705e+00 1.325543460463623147e+00 2.993988496484443762e-01 5.461073358482743600e+01 1.549994700000000059e+01 7.954442999999999930e-01 3.681439999999999824e+00 2.653829990484131122e+04 4.809651809510314541e-03
3.088723979652097995e+00 8.724220793778888705e+00 1.325543460463623147e+00 2.993988347472831824e-01 5.461073439859077894e+01 1.549994700000000059e+01 7.954442999999999930e-01 3.681439999999999824e+00 2.653829990484131122e+04 4.809651809510314541e-03
3.088723979652097995e+00 8.724220793778888705e+00 1.325543460463623147e+00 2.993988347472831824e-01 5.461073358482743600e+01 1.549994700000000059e+01 7.954442999999999930e-01 3.681439999999999824e+00 2.653830030029279442e+04 4.809651809510314541e-03
3.088723979652097995e+00 8.724220793778888705e+00 1.325543460463623147e+00 2.993988347472831824e-01 5.461073358482743600e+01 1.549994700000000059e+01 7.954442999999999930e-01 3.681439999999999824e+00 2.653829990484131122e+04 4.809666710671508388e-03
3.088277727153962093e+00 8.724410072012394934e+00 1.326913473205805216e+00 2.993378699274670818e-01 5.461091642763474852e+01 1.549994700000000059e+01 7.954442999999999930e-01 3.681439999999999824e+00 2.653829990529748466e+04 4.812277130964593558e-03
3.088277773172886320e+00 8.724410072012394934e+00 1.326913473205805216e+00 2.993378699274670818e-01 5.461091642763474852e+01 1.549994700000000059e+01 7.954442999999999930e-01 3.681439999999999824e+00 2.653829990529748466e+04 4.812277130964593558e-03
3.088277727153962093e+00 8.724410202016235516e+00 1.326913473205805216e+00 2.993378699274670818e-01 5.461091642763474852e+01 1.549994700000000059e+01 7.954442999999999930e-01 3.681439999999999824e+00 2.653829990529748466e+04 4.812277130964593558e-03
3.088277727153962093e+00 8.724410072012394934e+00 1.326913492978356812e+00 2.993378699274670818e-01 5.461091642763474852e+01 1.549994700000000059e+01 7.954442999999999930e-01 3.681439999999999824e+00 2.653829990529748466e+04 4.812277130964593558e-03
3.088277727153962093e+00 8.724410072012394934e+00 1.326913473205805216e+00 2.993378848286282756e-01 5.461091642763474852e+01 1.549994700000000059e+01 7.954442999999999930e-01 3.681439999999999824e+00 2.653829990529748466e+04 4.812277130964593558e-03
3.088277727153962093e+00 8.724410072012394934e+00 1.326913473205805216e+00 2.993378699274670818e-01 5.461091724140081993e+01 1.549994700000000059e+01 7.954442999999999930e-01 3.681439999999999824e+00 2.653829990529748466e+04 4.812277130964593558e-03
3.088277727153962093e+00 8.724410072012394934e+00 1.326913473205805216e+00 2.993378699274670818e-01 5.461091642763474852e+01 1.549994700000000059e+01 7.954442999999999930e-01 3.681439999999999824e+00 2.653830030074896786e+04 4.812277130964593558e-03
3.088277727153962093e+00 8.724410072012394934e+00 1.326913473205805216e+00 2.993378699274670818e-01 5.461091642763474852e+01 1.549994700000000059e+01 7.954442999999999930e-01 3.681439999999999824e+00 2.653829990529748466e+04 4.812292032125787405e-03
3.087729114563668720e+00 8.724631707084750332e+00 1.328265743889833983e+00 2.993036124383113838e-01 5.461111016341968138e+01 1.549994700000000059e+01 7.954442999999999930e-01 3.681439999999999824e+00 2.653829990581423044e+04 4.814879210765322937e-03
3.088115348338126065e+00 8.724464179967860389e+00 1.327247026248534745e+00 2.993295240922476119e-01 5.461096097251657966e+01 1.549994700000000059e+01 7.954442999999999930e-01 3.681439999999999824e+00 2.653829990542324958e+04 4.812830176416670915e-03
3.088115394354630450e+00 8.724464179967860389e+00 1.327247026248534745e+00 2.993295240922476119e-01 5.461096097251657966e+01 1.549994700000000059e+01 7.954442999999999930e-01 3.681439999999999824e+00 2.653829990542324958e+04 4.812830176416670915e-03
3.088115348338126065e+00 8.724464309972507436e+00 1.327247026248534745e+00 2.993295240922476119e-01 5.461096097251657966e+01 1.549994700000000059e+01 7.954442999999999930e-01 3.681439999999999824e+00 2.653829990542324958e+04 4.812830176416670915e-03
3.088115348338126065e+00 8.724464179967860389e+00 1.327247046026056587e+00 2.993295240922476119e-01 5.461096097251657966e+01 1.549994700000000059e+01 7.954442999999999930e-01 3.681439999999999824e+00 2.653829990542324958e+04 4.812830176416670915e-03
3.088115348338126065e+00 8.724464179967860389e+00 1.327247026248534745e+00 2.993295389934088058e-01 5.461096097251657966e+01 1.549994700000000059e+01 7.954442999999999930e-01 3.681439999999999824e+00 2.653829990542324958e+04 4.812830176416670915e-03
3.088115348338126065e+00 8.724464179967860389e+00 1.327247026248534745e+00 2.993295240922476119e-01 5.461096178628331188e+01 1.549994700000000059e+01 7.954442999999999930e-01 3.681439999999999824e+00 2.653829990542324958e+04 4.812830176416670915e-03
3.088115348338126065e+00 8.724464179967860389e+00 1.327247026248534745e+00 2.993295240922476119e-01 5.461096097251657966e+01 1.549994700000000059e+01 7.954442999999999930e-01 3.681439999999999824e+00 2.653830030087473278e+04 4.812830176416670915e-03
3.088115348338126065e+00 8.724464179967860389e+00 1.327247026248534745e+00 2.993295240922476119e-01 5.461096097251657966e+01 1.549994700000000059e+01 7.954442999999999930e-01 3.681439999999999824e+00 2.653829990542324958e+04 4.812845077577864762e-03
3.088057106130357887e+00 8.724946916377733785e+00 1.327495541162094561e+00 2.992722453775212843e-01 5.461096178609593466e+01 1.549994700000000059e+01 7.954442999999999930e-01 3.681439999999999824e+00 2.653830330487505489e+04 4.814392061359074743e-03
3.088057152145994522e+00 8.724946916377733785e+00 1.327495541162094561e+00 2.992722453775212843e-01 5.461096178609593466e+01 1.549994700000000059e+01 7.954442999999999930e-01 3.681439999999999824e+00 2.653830330487505489e+04 4.814392061359074743e-03
3.088057106130357887e+00 8.724947046389575078e+00 1.327495541162094561e+00 2.992722453775212843e-01 5.461096178609593466e+01 1.549994700000000059e+01 7.954442999999999930e-01 3.681439999999999824e+00 2.653830330487505489e+04 4.814392061359074743e-03
3.088057106130357887e+00 8.724946916377733785e+00 1.327495560943319663e+00 2.992722453775212843e-01 5.461096178609593466e+01 1.549994700000000059e+01 7.954442999999999930e-01 3.681439999999999824e+00 2.653830330487505489e+04 4.814392061359074743e-03
3.088057106130357887e+00 8.724946916377733785e+00 1.327495541162094561e+00 2.992722602786824782e-01 5.461096178609593466e+01 1.549994700000000059e+01 7.954442999999999930e-01 3.681439999999999824e+00 2.653830330487505489e+04 4.814392061359074743e-03
3.088057106130357887e+00 8.724946916377733785e+00 1.327495541162094561e+00 2.992722453775212843e-01 5.461096259986268109e+01 1.549994700000000059e+01 7.954442999999999930e-01 3.681439999999999824e+00 2.653830330487505489e+04 4.814392061359074743e-03
3.088057106130357887e+00 8.724946916377733785e+00 1.327495541162094561e+00 2.992722453775212843e-01 5.461096178609593466e+01 1.549994700000000059e+01 7.954442999999999930e-01 3.681439999999999824e+00 2.653830370032658902e+04 4.814392061359074743e-03
3.088057106130357887e+00 8.724946916377733785e+00 1.327495541162094561e+00 2.992722453775212843e-01 5.461096178609593466e+01 1.549994700000000059e+01 7.954442999999999930e-01 3.681439999999999824e+00 2.653830330487505489e+04 4.814406962520268590e-03
3.087901877248018234e+00 8.725952466436153188e+00 1.327984757546788464e+00 2.992539368696400248e-01 5.461096320943571669e+01 1.549994700000000059e+01 7.954442999999999930e-01 3.681439999999999824e+00 2.653831036131820656e+04 4.817564060550296422e-03
3.087901923261342052e+00 8.725952466436153188e+00 1.327984757546788464e+00 2.992539368696400248e-01 5.461096320943571669e+01 1.549994700000000059e+01 7.954442999999999930e-01 3.681439999999999824e+00 2.653831036131820656e+04 4.817564060550296422e-03
3.087901877248018234e+00 8.725952596462978050e+00 1.327984757546788464e+00 2.992539368696400248e-01 5.461096320943571669e+01 1.549994700000000059e+01 7.954442999999999930e-01 3.681439999999999824e+00 2.653831036131820656e+04 4.817564060550296422e-03
3.087901877248018234e+00 8.725952466436153188e+00 1.327984777335303290e+00 2.992539368696400248e-01 5.461096320943571669e+01 1.549994700000000059e+01 7.954442999999999930e-01 3.681439999999999824e+00 2.653831036131820656e+04 4.817564060550296422e-03
3.087901877248018234e+00 8.725952466436153188e+00 1.327984757546788464e+00 2.992539517708012187e-01 5.461096320943571669e+01 1.549994700000000059e+01 7.954442999999999930e-01 3.681439999999999824e+00 2.653831036131820656e+04 4.817564060550296422e-03
3.087901877248018234e+00 8.725952466436153188e+00 1.327984757546788464e+00 2.992539368696400248e-01 5.461096402320248444e+01 1.549994700000000059e+01 7.954442999999999930e-01 3.681439999999999824e+00 2.653831036131820656e+04 4.817564060550296422e-03
3.087901877248018234e+00 8.725952466436153188e+00 1.327984757546788464e+00 2.992539368696400248e-01 5.461096320943571669e+01 1.549994700000000059e+01 7.954442999999999930e-01 3.681439999999999824e+00 2.653831075676984619e+04 4.817564060550296422e-03
3.087901877248018234e+00 8.725952466436153188e+00 1.327984757546788464e+00 2.992539368696400248e-01 5.461096320943571669e+01 1.549994700000000059e+01 7.954442999999999930e-01 3.681439999999999824e+00 2.653831036131820656e+04 4.817578961711490269e-03
3.087881726740601351e+00 8.726205163529970221e+00 1.328110582024952580e+00 2.992391060717018436e-01 5.461096370652171572e+01 1.549994700000000059e+01 7.954442999999999930e-01 3.681439999999999824e+00 2.653831213457613921e+04 4.818550178801742946e-03
3.087881772753624521e+00 8.726205163529970221e+00 1.328110582024952580e+00 2.992391060717018436e-01 5.461096370652171572e+01 1.549994700000000059e+01 7.954442999999999930e-01 3.681439999999999824e+00 2.653831213457613921e+04 4.818550178801742946e-03
3.087881726740601351e+00 8.726205293560559184e+00 1.328110582024952580e+00 2.992391060717018436e-01 5.461096370652171572e+01 1.549994700000000059e+01 7.954442999999999930e-01 3.681439999999999824e+00 2.653831213457613921e+04 4.818550178801742946e-03
3.087881726740601351e+00 8.726205163529970221e+00 1.328110601815342351e+00 2.992391060717018436e-01 5.461096370652171572e+01 1.549994700000000059e+01 7.954442999999999930e-01 3.681439999999999824e+00 2.653831213457613921e+04 4.818550178801742946e-03
3.087881726740601351e+00 8.726205163529970221e+00 1.328110582024952580e+00 2.992391209728630375e-01 5.461096370652171572e+01 1.549994700000000059e+01 7.954442999999999930e-01 3.681439999999999824e+00 2.653831213457613921e+04 4.818550178801742946e-03
3.087881726740601351e+00 8.726205163529970221e+00 1.328110582024952580e+00 2.992391060717018436e-01 5.461096452028849058e+01 1.549994700000000059e+01 7.954442999999999930e-01 3.681439999999999824e+00 2.653831213457613921e+04 4.818550178801742946e-03
3.087881726740601351e+00 8.726205163529970221e+00 1.328110582024952580e+00 2.992391060717018436e-01 5.461096370652171572e+01 1.549994700000000059e+01 7.954442999999999930e-01 3.681439999999999824e+00 2.653831253002780795e+04 4.818550178801742946e-03
3.087881726740601351e+00 8.726205163529970221e+00 1.328110582024952580e+00 2.992391060717018436e-01 5.461096370652171572e+01 1.549994700000000059e+01 7.954442999999999930e-01 3.681439999999999824e+00 2.653831213457613921e+04 4.818565079962936794e-03
3.087806495228750503e+00 8.726728578932196001e+00 1.328351932339973285e+00 2.992300600804562727e-01 5.461096450351232789e+01 1.549994700000000059e+01 7.954442999999999930e-01 3.681439999999999824e+00 2.653831213471337833e+04 4.820067828257030597e-03
3.087806541240652791e+00 8.726728578932196001e+00 1.328351932339973285e+00 2.992300600804562727e-01 5.461096450351232789e+01 1.549994700000000059e+01 7.954442999999999930e-01 3.681439999999999824e+00 2.653831213471337833e+04 4.820067828257030597e-03
3.087806495228750503e+00 8.726728708970584947e+00 1.328351932339973285e+00 2.992300600804562727e-01 5.461096450351232789e+01 1.549994700000000059e+01 7.954442999999999930e-01 3.681439999999999824e+00 2.653831213471337833e+04 4.820067828257030597e-03
3.087806495228750503e+00 8.726728578932196001e+00 1.328351952133959513e+00 2.992300600804562727e-01 5.461096450351232789e+01 1.549994700000000059e+01 7.954442999999999930e-01 3.681439999999999824e+00 2.653831213471337833e+04 4.820067828257030597e-03
3.087806495228750503e+00 8.726728578932196001e+00 1.328351932339973285e+00 2.992300749816174665e-01 5.461096450351232789e+01 1.549994700000000059e+01 7.954442999999999930e-01 3.681439999999999824e+00 2.653831213471337833e+04 4.820067828257030597e-03
3.087806495228750503e+00 8.726728578932196001e+00 1.328351932339973285e+00 2.992300600804562727e-01 5.461096531727910985e+01 1.549994700000000059e+01 7.954442999999999930e-01 3.681439999999999824e+00 2.653831213471337833e+04 4.820067828257030597e-03
3.087806495228750503e+00 8.726728578932196001e+00 1.328351932339973285e+00 2.992300600804562727e-01 5.461096450351232789e+01 1.549994700000000059e+01 7.954442999999999930e-01 3.681439999999999824e+00 2.653831253016504706e+04 4.820067828257030597e-03
3.087806495228750503e+00 8.726728578932196001e+00 1.328351932339973285e+00 2.992300600804562727e-01 5.461096450351232789e+01 1.549994700000000059e+01 7.954442999999999930e-01 3.681439999999999824e+00 2.653831213471337833e+04 4.820082729418224445e-03
3.087737601083487604e+00 8.727253945795833801e+00 1.328592323318353419e+00 2.991998520746589896e-01 5.461096535838646560e+01 1.549994700000000059e+01 7.954442999999999930e-01 3.681439999999999824e+00 2.653831578887116484e+04 4.821768788481496822e-03
3.087737647094363158e+00 8.727253945795833801e+00 1.328592323318353419e+00 2.991998520746589896e-01 5.461096535838646560e+01 1.549994700000000059e+01 7.954442999999999930e-01 3.681439999999999824e+00 2.653831578887116484e+04 4.821768788481496822e-03
3.087737601083487604e+00 8.727254075842051151e+00 1.328592323318353419e+00 2.991998520746589896e-01 5.461096535838646560e+01 1.549994700000000059e+01 7.954442999999999930e-01 3.681439999999999824e+00 2.653831578887116484e+04 4.821768788481496822e-03
3.087737601083487604e+00 8.727253945795833801e+00 1.328592343115921892e+00 2.991998520746589896e-01 5.461096535838646560e+01 1.549994700000000059e+01 7.954442999999999930e-01 3.681439999999999824e+00 2.653831578887116484e+04 4.821768788481496822e-03
3.087737601083487604e+00 8.727253945795833801e+00 1.328592323318353419e+00 2.991998669758201834e-01 5.461096535838646560e+01 1.549994700000000059e+01 7.954442999999999930e-01 3.681439999999999824e+00 2.653831578887116484e+04 4.821768788481496822e-03
3.087737601083487604e+00 8.727253945795833801e+00 1.328592323318353419e+00 2.991998520746589896e-01 5.461096617215326177e+01 1.549994700000000059e+01 7.954442999999999930e-01 3.681439999999999824e+00 2.653831578887116484e+04 4.821768788481496822e-03
3.087737601083487604e+00 8.727253945795833801e+00 1.328592323318353419e+00 2.991998520746589896e-01 5.461096535838646560e+01 1.549994700000000059e+01 7.954442999999999930e-01 3.681439999999999824e+00 2.653831618432288451e+04 4.821768788481496822e-03
3.087737601083487604e+00 8.727253945795833801e+00 1.328592323318353419e+00 2.991998520746589896e-01 5.461096535838646560e+01 1.549994700000000059e+01 7.954442999999999930e-01 3.681439999999999824e+00 2.653831578887116484e+04 4.821783689642690669e-03
3.087681178993264552e+00 8.727770486175137066e+00 1.328832635185403177e+00 2.991399978247127334e-01 5.461096635080959771e+01 1.549994700000000059e+01 7.954442999999999930e-01 3.681439999999999824e+00 2.653831939263368258e+04 4.823515797249096175e-03
3.087681225003299446e+00 8.727770486175137066e+00 1.328832635185403177e+00 2.991399978247127334e-01 5.461096635080959771e+01 1.549994700000000059e+01 7.954442999999999930e-01 3.681439999999999824e+00 2.653831939263368258e+04 4.823515797249096175e-03
3.087681178993264552e+00 8.727770616229051370e+00 1.328832635185403177e+00 2.991399978247127334e-01 5.461096635080959771e+01 1.549994700000000059e+01 7.954442999999999930e-01 3.681439999999999824e+00 2.653831939263368258e+04 4.823515797249096175e-03
3.087681178993264552e+00 8.727770486175137066e+00 1.328832654986552564e+00 2.991399978247127334e-01 5.461096635080959771e+01 1.549994700000000059e+01 7.954442999999999930e-01 3.681439999999999824e+00 2.653831939263368258e+04 4.823515797249096175e-03
3.087681178993264552e+00 8.727770486175137066e+00 1.328832635185403177e+00 2.991400127258739272e-01 5.461096635080959771e+01 1.549994700000000059e+01 7.954442999999999930e-01 3.681439999999999824e+00 2.653831939263368258e+04 4.823515797249096175e-03
3.087681178993264552e+00 8.727770486175137066e+00 1.328832635185403177e+00 2.991399978247127334e-01 5.461096716457640809e+01 1.549994700000000059e+01 7.954442999999999930e-01 3.681439999999999824e+00 2.653831939263368258e+04 4.823515797249096175e-03
3.087681178993264552e+00 8.727770486175137066e+00 1.328832635185403177e+00 2.991399978247127334e-01 5.461096635080959771e+01 1.549994700000000059e+01 7.954442999999999930e-01 3.681439999999999824e+00 2.653831978808545682e+04 4.823515797249096175e-03
3.087681178993264552e+00 8.727770486175137066e+00 1.328832635185403177e+00 2.991399978247127334e-01 5.461096635080959771e+01 1.549994700000000059e+01 7.954442999999999930e-01 3.681439999999999824e+00 2.653831939263368258e+04 4.823530698410290023e-03
3.087578362512945596e+00 8.728001685642638563e+00 1.329484969386849569e+00 2.991061036046727684e-01 5.461124004788350561e+01 1.549994700000000059e+01 7.954442999999999930e-01 3.681439999999999824e+00 2.653831939316573335e+04 4.824772733213616299e-03
3.087650934657077961e+00 8.727828235349395669e+00 1.328995416079758352e+00 2.991315413357986674e-01 5.461103424809400764e+01 1.549994700000000059e+01 7.954442999999999930e-01 3.681439999999999824e+00 2.653831939276640696e+04 4.823950033135485267e-03
