3.140831708818138779e+00 9.100414141513573085e+00 1.243130556208315696e+00 5.273691519008341677e-05 5.003524377340450258e+01 1.549994700000000059e+01 7.954442999999999930e-01 3.681439999999999824e+00 2.579235543783079265e+04 5.030417760643676219e-03
3.140831755620178356e+00 9.100414141513573085e+00 1.243130556208315696e+00 5.273691519008341677e-05 5.003524377340450258e+01 1.549994700000000059e+01 7.954442999999999930e-01 3.681439999999999824e+00 2.579235543783079265e+04 5.030417760643676219e-03
3.140831708818138779e+00 9.100414277120311368e+00 1.243130556208315696e+00 5.273691519008341677e-05 5.003524377340450258e+01 1.549994700000000059e+01 7.954442999999999930e-01 3.681439999999999824e+00 2.579235543783079265e+04 5.030417760643676219e-03
3.140831708818138779e+00 9.100414141513573085e+00 1.243130574732404403e+00 5.273691519008341677e-05 5.003524377340450258e+01 1.549994700000000059e+01 7.954442999999999930e-01 3.681439999999999824e+00 2.579235543783079265e+04 5.030417760643676219e-03
3.140831708818138779e+00 9.100414141513573085e+00 1.243130556208315696e+00 5.275181635127726442e-05 5.003524377340450258e+01 1.549994700000000059e+01 7.954442999999999930e-01 3.681439999999999824e+00 2.579235543783079265e+04 5.030417760643676219e-03
3.140831708818138779e+00 9.100414141513573085e+00 1.243130556208315696e+00 5.273691519008341677e-05 5.003524451898773862e+01 1.549994700000000059e+01 7.954442999999999930e-01 3.681439999999999824e+00 2.579235543783079265e+04 5.030417760643676219e-03
3.140831708818138779e+00 9.100414141513573085e+00 1.243130556208315696e+00 5.273691519008341677e-05 5.003524377340450258e+01 1.549994723096720861e+01 7.954442999999999930e-01 3.681439999999999824e+00 2.579235543783079265e+04 5.030417760643676219e-03
3.140831708818138779e+00 9.100414141513573085e+00 1.243130556208315696e+00 5.273691519008341677e-05 5.003524377340450258e+01 1.549994700000000059e+01 7.954443149011611869e-01 3.681439999999999824e+00 2.579235543783079265e+04 5.030417760643676219e-03
3.140831708818138779e+00 9.100414141513573085e+00 1.243130556208315696e+00 5.273691519008341677e-05 5.003524377340450258e+01 1.549994700000000059e+01 7.954442999999999930e-01 3.681439999999999824e+00 2.579235582216683906e+04 5.030417760643676219e-03
3.140831708818138779e+00 9.100414141513573085e+00 1.243130556208315696e+00 5.273691519008341677e-05 5.003524377340450258e+01 1.549994700000000059e+01 7.954442999999999930e-01 3.681439999999999824e+00 2.579235543783079265e+04 5.030432661804870066e-03
3.483457660234360098e+00 9.978497745931845131e+00 1.314745867557862491e+00 5.205460237087529375e-05 3.968938440905844800e-04 1.540815969529947260e+01 7.695124521880907231e-01 3.681439999999999824e+00 2.785992081152573883e+04 6.516317461533997421e-03
3.237179054976900172e+00 8.737066668279846127e+00 1.222646932520941032e+00 2.433750438028811289e-06 3.194226353989696321e+01 1.447075383296779449e+01 8.675966978153595299e-01 3.681439999999999824e+00 2.630908073279840755e+04 4.836170177018398082e-03
3.145030270156871754e+00 8.460630673212216735e+00 1.207468273065011255e+00 2.660165407363443142e-07 4.544071930503035617e+01 1.444198639977414089e+01 8.760544743214994101e-01 3.681439999999999824e+00 2.592153123834108919e+04 4.531805606385353249e-03
3.121565384219820771e+00 8.390259042649129029e+00 1.203675351918743974e+00 2.718002913108322747e-07 4.888134602398393724e+01 1.443513799006802856e+01 8.781684470712566304e-01 3.681439999999999824e+00 2.582463688527988052e+04 4.455718794134940104e-03
3.115667804076796443e+00 8.372649783447004168e+00 1.202733704047749708e+00 3.895910978595011056e-07 4.974696073064000501e+01 1.443480841709091678e+01 8.786953702832739355e-01 3.681439999999999824e+00 2.580037622337726134e+04 4.436704864284790086e-03
3.114173922149456430e+00 8.368542905439872115e+00 1.202528870043291453e+00 3.420733128557703457e-07 4.996926394349264200e+01 1.444108897633037358e+01 8.788200857212431494e-01 3.681439999999999824e+00 2.579415324018573665e+04 4.431993732758846179e-03
3.115776502900012179e+00 8.410169600545447821e+00 1.205939129331803361e+00 1.095269334430003661e-05 5.003313623390403109e+01 1.499841279577882425e+01 8.771989504186069597e-01 3.681439999999999824e+00 2.579236865595027120e+04 4.451349923009697597e-03
3.130776757167934132e+00 8.822581566025629485e+00 1.224436663943198056e+00 4.999877470181377865e-05 5.003457793569114642e+01 1.548938415968227567e+01 8.330855666656822311e-01 3.681439999999999824e+00 2.579235562894233226e+04 4.823025589732912559e-03
3.138628740067425316e+00 9.047138676640223309e+00 1.235406396758969239e+00 5.228761528474007783e-05 5.003511459719203458e+01 1.549848392267202613e+01 8.066881720135332667e-01 3.681439999999999824e+00 2.579235546759526551e+04 5.026717000922227563e-03
3.140386406327797975e+00 9.095986965139065461e+00 1.240691986961337756e+00 5.265488926023552434e-05 5.003523125307883390e+01 1.549965074804653220e+01 7.987643269845617899e-01 3.681439999999999824e+00 2.579235544332899008e+04 5.050532301069485253e-03
3.140386453123201971e+00 9.095986965139065461e+00 1.240691986961337756e+00 5.265488926023552434e-05 5.003523125307883390e+01 1.549965074804653220e+01 7.987643269845617899e-01 3.681439999999999824e+00 2.579235544332899008e+04 5.050532301069485253e-03
3.140386406327797975e+00 9.095987100679833404e+00 1.240691986961337756e+00 5.265488926023552434e-05 5.003523125307883390e+01 1.549965074804653220e+01 7.987643269845617899e-01 3.681439999999999824e+00 2.579235544332899008e+04 5.050532301069485253e-03
3.140386406327797975e+00 9.095986965139065461e+00 1.240692005449089086e+00 5.265488926023552434e-05 5.003523125307883390e+01 1.549965074804653220e+01 7.987643269845617899e-01 3.681439999999999824e+00 2.579235544332899008e+04 5.050532301069485253e-03
3.140386406327797975e+00 9.095986965139065461e+00 1.240691986961337756e+00 5.266979042142937200e-05 5.003523125307883390e+01 1.549965074804653220e+01 7.987643269845617899e-01 3.681439999999999824e+00 2.579235544332899008e+04 5.050532301069485253e-03
3.140386406327797975e+00 9.095986965139065461e+00 1.240691986961337756e+00 5.265488926023552434e-05 5.003523199866187809e+01 1.549965074804653220e+01 7.987643269845617899e-01 3.681439999999999824e+00 2.579235544332899008e+04 5.050532301069485253e-03
3.140386406327797975e+00 9.095986965139065461e+00 1.240691986961337756e+00 5.265488926023552434e-05 5.003523125307883390e+01 1.549965097900932598e+01 7.987643269845617899e-01 3.681439999999999824e+00 2.579235544332899008e+04 5.050532301069485253e-03
3.140386406327797975e+00 9.095986965139065461e+00 1.240691986961337756e+00 5.265488926023552434e-05 5.003523125307883390e+01 1.549965074804653220e+01 7.987643418857229838e-01 3.681439999999999824e+00 2.579235544332899008e+04 5.050532301069485253e-03
3.140386406327797975e+00 9.095986965139065461e+00 1.240691986961337756e+00 5.265488926023552434e-05 5.003523125307883390e+01 1.549965074804653220e+01 7.987643269845617899e-01 3.681439999999999824e+00 2.579235582766503649e+04 5.050532301069485253e-03
3.140386406327797975e+00 9.095986965139065461e+00 1.240691986961337756e+00 5.265488926023552434e-05 5.003523125307883390e+01 1.549965074804653220e+01 7.987643269845617899e-01 3.681439999999999824e+00 2.579235544332899008e+04 5.050547202230679100e-03
3.139842737374189507e+00 9.086771905549616335e+00 1.240101162413188352e+00 2.545926509308832960e-03 5.003520448434731094e+01 1.549945086229552160e+01 8.004930486077196372e-01 3.681439999999999824e+00 2.579246972809074214e+04 5.063004065859416300e-03
3.139842784161492428e+00 9.086771905549616335e+00 1.240101162413188352e+00 2.545926509308832960e-03 5.003520448434731094e+01 1.549945086229552160e+01 8.004930486077196372e-01 3.681439999999999824e+00 2.579246972809074214e+04 5.063004065859416300e-03
3.139842737374189507e+00 9.086772040953070118e+00 1.240101162413188352e+00 2.545926509308832960e-03 5.003520448434731094e+01 1.549945086229552160e+01 8.004930486077196372e-01 3.681439999999999824e+00 2.579246972809074214e+04 5.063004065859416300e-03
3.139842737374189507e+00 9.086771905549616335e+00 1.240101180892135613e+00 2.545926509308832960e-03 5.003520448434731094e+01 1.549945086229552160e+01 8.004930486077196372e-01 3.681439999999999824e+00 2.579246972809074214e+04 5.063004065859416300e-03
3.139842737374189507e+00 9.086771905549616335e+00 1.240101162413188352e+00 2.545941410470026808e-03 5.003520448434731094e+01 1.549945086229552160e+01 8.004930486077196372e-01 3.681439999999999824e+00 2.579246972809074214e+04 5.063004065859416300e-03
3.139842737374189507e+00 9.086771905549616335e+00 1.240101162413188352e+00 2.545926509308832960e-03 5.003520522992995723e+01 1.549945086229552160e+01 8.004930486077196372e-01 3.681439999999999824e+00 2.579246972809074214e+04 5.063004065859416300e-03
3.139842737374189507e+00 9.086771905549616335e+00 1.240101162413188352e+00 2.545926509308832960e-03 5.003520448434731094e+01 1.549945109325533643e+01 8.004930486077196372e-01 3.681439999999999824e+00 2.579246972809074214e+04 5.063004065859416300e-03
3.139842737374189507e+00 9.086771905549616335e+00 1.240101162413188352e+00 2.545926509308832960e-03 5.003520448434731094e+01 1.549945086229552160e+01 8.004930635088808311e-01 3.681439999999999824e+00 2.579246972809074214e+04 5.063004065859416300e-03
3.139842737374189507e+00 9.086771905549616335e+00 1.240101162413188352e+00 2.545926509308832960e-03 5.003520448434731094e+01 1.549945086229552160e+01 8.004930486077196372e-01 3.681439999999999824e+00 2.579247011242849112e+04 5.063004065859416300e-03
3.139842737374189507e+00 9.086771905549616335e+00 1.240101162413188352e+00 2.545926509308832960e-03 5.003520448434731094e+01 1.549945086229552160e+01 8.004930486077196372e-01 3.681439999999999824e+00 2.579246972809074214e+04 5.063018967020610148e-03
3.138597199874034516e+00 9.080425728113949546e+00 1.238819698270474667e+00 2.535479547371193281e-03 5.002822267049320004e+01 1.549931361560448373e+01 8.044026231770741164e-01 3.681439999999999824e+00 2.579246974185644285e+04 5.107347883743298088e-03
3.139107077866638118e+00 9.086200732781781753e+00 1.239631862163576903e+00 2.544728130800482432e-03 5.003449564861206511e+01 1.549943208690681118e+01 8.020939793285815078e-01 3.681439999999999824e+00 2.579246972967484544e+04 5.093714811935179734e-03
3.139107124642978697e+00 9.086200732781781753e+00 1.239631862163576903e+00 2.544728130800482432e-03 5.003449564861206511e+01 1.549943208690681118e+01 8.020939793285815078e-01 3.681439999999999824e+00 2.579246972967484544e+04 5.093714811935179734e-03
3.139107077866638118e+00 9.086200868176723233e+00 1.239631862163576903e+00 2.544728130800482432e-03 5.003449564861206511e+01 1.549943208690681118e+01 8.020939793285815078e-01 3.681439999999999824e+00 2.579246972967484544e+04 5.093714811935179734e-03
3.139107077866638118e+00 9.086200732781781753e+00 1.239631880635531092e+00 2.544728130800482432e-03 5.003449564861206511e+01 1.549943208690681118e+01 8.020939793285815078e-01 3.681439999999999824e+00 2.579246972967484544e+04 5.093714811935179734e-03
3.139107077866638118e+00 9.086200732781781753e+00 1.239631862163576903e+00 2.544743031961676279e-03 5.003449564861206511e+01 1.549943208690681118e+01 8.020939793285815078e-01 3.681439999999999824e+00 2.579246972967484544e+04 5.093714811935179734e-03
3.139107077866638118e+00 9.086200732781781753e+00 1.239631862163576903e+00 2.544728130800482432e-03 5.003449639418415273e+01 1.549943208690681118e+01 8.020939793285815078e-01 3.681439999999999824e+00 2.579246972967484544e+04 5.093714811935179734e-03
3.139107077866638118e+00 9.086200732781781753e+00 1.239631862163576903e+00 2.544728130800482432e-03 5.003449564861206511e+01 1.549943231786634712e+01 8.020939793285815078e-01 3.681439999999999824e+00 2.579246972967484544e+04 5.093714811935179734e-03
3.139107077866638118e+00 9.086200732781781753e+00 1.239631862163576903e+00 2.544728130800482432e-03 5.003449564861206511e+01 1.549943208690681118e+01 8.020939942297427017e-01 3.681439999999999824e+00 2.579246972967484544e+04 5.093714811935179734e-03
3.139107077866638118e+00 9.086200732781781753e+00 1.239631862163576903e+00 2.544728130800482432e-03 5.003449564861206511e+01 1.549943208690681118e+01 8.020939793285815078e-01 3.681439999999999824e+00 2.579247011401259442e+04 5.093714811935179734e-03
3.139107077866638118e+00 9.086200732781781753e+00 1.239631862163576903e+00 2.544728130800482432e-03 5.003449564861206511e+01 1.549943208690681118e+01 8.020939793285815078e-01 3.681439999999999824e+00 2.579246972967484544e+04 5.093729713096373582e-03
3.138538591219017793e+00 9.082871025334393167e+00 1.238951394695507746e+00 2.539906515787618540e-03 5.003123991008137494e+01 1.549937528357401639e+01 8.038327909063379684e-01 3.681439999999999824e+00 2.579246973591833012e+04 5.115382850927369281e-03
3.138766955764196176e+00 9.085647012757428698e+00 1.239378402489240472e+00 2.543847599210822576e-03 5.003392347263403650e+01 1.549942079005557005e+01 8.027700908324626461e-01 3.681439999999999824e+00 2.579246973082079421e+04 5.109528759466464877e-03
3.138767002535468364e+00 9.085647012757428698e+00 1.239378402489240472e+00 2.543847599210822576e-03 5.003392347263403650e+01 1.549942079005557005e+01 8.027700908324626461e-01 3.681439999999999824e+00 2.579246973082079421e+04 5.109528759466464877e-03
3.138766955764196176e+00 9.085647148144119001e+00 1.239378402489240472e+00 2.543847599210822576e-03 5.003392347263403650e+01 1.549942079005557005e+01 8.027700908324626461e-01 3.681439999999999824e+00 2.579246973082079421e+04 5.109528759466464877e-03
3.138766955764196176e+00 9.085647012757428698e+00 1.239378420957417903e+00 2.543847599210822576e-03 5.003392347263403650e+01 1.549942079005557005e+01 8.027700908324626461e-01 3.681439999999999824e+00 2.579246973082079421e+04 5.109528759466464877e-03
3.138766955764196176e+00 9.085647012757428698e+00 1.239378402489240472e+00 2.543862500372016423e-03 5.003392347263403650e+01 1.549942079005557005e+01 8.027700908324626461e-01 3.681439999999999824e+00 2.579246973082079421e+04 5.109528759466464877e-03
3.138766955764196176e+00 9.085647012757428698e+00 1.239378402489240472e+00 2.543847599210822576e-03 5.003392421819759761e+01 1.549942079005557005e+01 8.027700908324626461e-01 3.681439999999999824e+00 2.579246973082079421e+04 5.109528759466464877e-03
3.138766955764196176e+00 9.085647012757428698e+00 1.239378402489240472e+00 2.543847599210822576e-03 5.003392347263403650e+01 1.549942102101493724e+01 8.027700908324626461e-01 3.681439999999999824e+00 2.579246973082079421e+04 5.109528759466464877e-03
3.138766955764196176e+00 9.085647012757428698e+00 1.239378402489240472e+00 2.543847599210822576e-03 5.003392347263403650e+01 1.549942079005557005e+01 8.027701057336238399e-01 3.681439999999999824e+00 2.579246973082079421e+04 5.109528759466464877e-03
3.138766955764196176e+00 9.085647012757428698e+00 1.239378402489240472e+00 2.543847599210822576e-03 5.003392347263403650e+01 1.549942079005557005e+01 8.027700908324626461e-01 3.681439999999999824e+00 2.579247011515854319e+04 5.109528759466464877e-03
3.138766955764196176e+00 9.085647012757428698e+00 1.239378402489240472e+00 2.543847599210822576e-03 5.003392347263403650e+01 1.549942079005557005e+01 8.027700908324626461e-01 3.681439999999999824e+00 2.579246973082079421e+04 5.109543660627658725e-03
3.138300930432684321e+00 9.080110970096487932e+00 1.239118075464742841e+00 2.542963552161012740e-03 5.003327261554417760e+01 1.549941104339414188e+01 8.033254054195512195e-01 3.681439999999999824e+00 2.579246973195132887e+04 5.114647607441159816e-03
3.138564734724524907e+00 9.084363228757858622e+00 1.239298518113092440e+00 2.543635043846127937e-03 5.003376048112549768e+01 1.549941841311478363e+01 8.029558274025366815e-01 3.681439999999999824e+00 2.579246973109315877e+04 5.115061880312363543e-03
3.138668180845725519e+00 9.085359122446220681e+00 1.239350990526822516e+00 2.543798262004654410e-03 5.003388001935007168e+01 1.549942026016661778e+01 8.028130878128592052e-01 3.681439999999999824e+00 2.579246973088400046e+04 5.113661728411890081e-03
3.138668227615525996e+00 9.085359122446220681e+00 1.239350990526822516e+00 2.543798262004654410e-03 5.003388001935007168e+01 1.549942026016661778e+01 8.028130878128592052e-01 3.681439999999999824e+00 2.579246973088400046e+04 5.113661728411890081e-03
3.138668180845725519e+00 9.085359257828621082e+00 1.239350990526822516e+00 2.543798262004654410e-03 5.003388001935007168e+01 1.549942026016661778e+01 8.028130878128592052e-01 3.681439999999999824e+00 2.579246973088400046e+04 5.113661728411890081e-03
3.138668180845725519e+00 9.085359122446220681e+00 1.239351008994591385e+00 2.543798262004654410e-03 5.003388001935007168e+01 1.549942026016661778e+01 8.028130878128592052e-01 3.681439999999999824e+00 2.579246973088400046e+04 5.113661728411890081e-03
3.138668180845725519e+00 9.085359122446220681e+00 1.239350990526822516e+00 2.543813163165848257e-03 5.003388001935007168e+01 1.549942026016661778e+01 8.028130878128592052e-01 3.681439999999999824e+00 2.579246973088400046e+04 5.113661728411890081e-03
3.138668180845725519e+00 9.085359122446220681e+00 1.239350990526822516e+00 2.543798262004654410e-03 5.003388076491298619e+01 1.549942026016661778e+01 8.028130878128592052e-01 3.681439999999999824e+00 2.579246973088400046e+04 5.113661728411890081e-03
3.138668180845725519e+00 9.085359122446220681e+00 1.239350990526822516e+00 2.543798262004654410e-03 5.003388001935007168e+01 1.549942049112597786e+01 8.028130878128592052e-01 3.681439999999999824e+00 2.579246973088400046e+04 5.113661728411890081e-03
3.138668180845725519e+00 9.085359122446220681e+00 1.239350990526822516e+00 2.543798262004654410e-03 5.003388001935007168e+01 1.549942026016661778e+01 8.028131027140203990e-01 3.681439999999999824e+00 2.579246973088400046e+04 5.113661728411890081e-03
3.138668180845725519e+00 9.085359122446220681e+00 1.239350990526822516e+00 2.543798262004654410e-03 5.003388001935007168e+01 1.549942026016661778e+01 8.028130878128592052e-01 3.681439999999999824e+00 2.579247011522174944e+04 5.113661728411890081e-03
3.138668180845725519e+00 9.085359122446220681e+00 1.239350990526822516e+00 2.543798262004654410e-03 5.003388001935007168e+01 1.549942026016661778e+01 8.028130878128592052e-01 3.681439999999999824e+00 2.579246973088400046e+04 5.113676629573083929e-03
3.138675869796779150e+00 9.084995689380789941e+00 1.239345327290903187e+00 2.543737486334106141e-03 5.003387930253774840e+01 1.549941794756301050e+01 8.028236064964436869e-01 3.681439999999999824e+00 2.579246973096220972e+04 5.113190132295934720e-03
3.138675916566694202e+00 9.084995689380789941e+00 1.239345327290903187e+00 2.543737486334106141e-03 5.003387930253774840e+01 1.549941794756301050e+01 8.028236064964436869e-01 3.681439999999999824e+00 2.579246973096220972e+04 5.113190132295934720e-03
3.138675869796779150e+00 9.084995824757776006e+00 1.239345327290903187e+00 2.543737486334106141e-03 5.003387930253774840e+01 1.549941794756301050e+01 8.028236064964436869e-01 3.681439999999999824e+00 2.579246973096220972e+04 5.113190132295934720e-03
3.138675869796779150e+00 9.084995689380789941e+00 1.239345345758587680e+00 2.543737486334106141e-03 5.003387930253774840e+01 1.549941794756301050e+01 8.028236064964436869e-01 3.681439999999999824e+00 2.579246973096220972e+04 5.113190132295934720e-03
3.138675869796779150e+00 9.084995689380789941e+00 1.239345327290903187e+00 2.543752387495299989e-03 5.003387930253774840e+01 1.549941794756301050e+01 8.028236064964436869e-01 3.681439999999999824e+00 2.579246973096220972e+04 5.113190132295934720e-03
3.138675869796779150e+00 9.084995689380789941e+00 1.239345327290903187e+00 2.543737486334106141e-03 5.003388004810064871e+01 1.549941794756301050e+01 8.028236064964436869e-01 3.681439999999999824e+00 2.579246973096220972e+04 5.113190132295934720e-03
3.138675869796779150e+00 9.084995689380789941e+00 1.239345327290903187e+00 2.543737486334106141e-03 5.003387930253774840e+01 1.549941817852233505e+01 8.028236064964436869e-01 3.681439999999999824e+00 2.579246973096220972e+04 5.113190132295934720e-03
3.138675869796779150e+00 9.084995689380789941e+00 1.239345327290903187e+00 2.543737486334106141e-03 5.003387930253774840e+01 1.549941794756301050e+01 8.028236213976048807e-01 3.681439999999999824e+00 2.579246973096220972e+04 5.113190132295934720e-03
3.138675869796779150e+00 9.084995689380789941e+00 1.239345327290903187e+00 2.543737486334106141e-03 5.003387930253774840e+01 1.549941794756301050e+01 8.028236064964436869e-01 3.681439999999999824e+00 2.579247011529995871e+04 5.113190132295934720e-03
3.138675869796779150e+00 9.084995689380789941e+00 1.239345327290903187e+00 2.543737486334106141e-03 5.003387930253774840e+01 1.549941794756301050e+01 8.028236064964436869e-01 3.681439999999999824e+00 2.579246973096220972e+04 5.113205033457128568e-03
3.138670391000115689e+00 9.084272679400559269e+00 1.239320616831369737e+00 2.543607688190742920e-03 5.003379426861712176e+01 1.549941303628609468e+01 8.028460470640232938e-01 3.681439999999999824e+00 2.579246973113150307e+04 5.112005370779199205e-03
3.138670437769949029e+00 9.084272679400559269e+00 1.239320616831369737e+00 2.543607688190742920e-03 5.003379426861712176e+01 1.549941303628609468e+01 8.028460470640232938e-01 3.681439999999999824e+00 2.579246973113150307e+04 5.112005370779199205e-03
3.138670391000115689e+00 9.084272814766769955e+00 1.239320616831369737e+00 2.543607688190742920e-03 5.003379426861712176e+01 1.549941303628609468e+01 8.028460470640232938e-01 3.681439999999999824e+00 2.579246973113150307e+04 5.112005370779199205e-03
3.138670391000115689e+00 9.084272679400559269e+00 1.239320635298686080e+00 2.543607688190742920e-03 5.003379426861712176e+01 1.549941303628609468e+01 8.028460470640232938e-01 3.681439999999999824e+00 2.579246973113150307e+04 5.112005370779199205e-03
3.138670391000115689e+00 9.084272679400559269e+00 1.239320616831369737e+00 2.543622589351936768e-03 5.003379426861712176e+01 1.549941303628609468e+01 8.028460470640232938e-01 3.681439999999999824e+00 2.579246973113150307e+04 5.112005370779199205e-03
3.138670391000115689e+00 9.084272679400559269e+00 1.239320616831369737e+00 2.543607688190742920e-03 5.003379501417875730e+01 1.549941303628609468e+01 8.028460470640232938e-01 3.681439999999999824e+00 2.579246973113150307e+04 5.112005370779199205e-03
3.138670391000115689e+00 9.084272679400559269e+00 1.239320616831369737e+00 2.543607688190742920e-03 5.003379426861712176e+01 1.549941326724534640e+01 8.028460470640232938e-01 3.681439999999999824e+00 2.579246973113150307e+04 5.112005370779199205e-03
3.138670391000115689e+00 9.084272679400559269e+00 1.239320616831369737e+00 2.543607688190742920e-03 5.003379426861712176e+01 1.549941303628609468e+01 8.028460619651844876e-01 3.681439999999999824e+00 2.579246973113150307e+04 5.112005370779199205e-03
3.138670391000115689e+00 9.084272679400559269e+00 1.239320616831369737e+00 2.543607688190742920e-03 5.003379426861712176e+01 1.549941303628609468e+01 8.028460470640232938e-01 3.681439999999999824e+00 2.579247011546925205e+04 5.112005370779199205e-03
3.138670391000115689e+00 9.084272679400559269e+00 1.239320616831369737e+00 2.543607688190742920e-03 5.003379426861712176e+01 1.549941303628609468e+01 8.028460470640232938e-01 3.681439999999999824e+00 2.579246973113150307e+04 5.112020271940393053e-03
3.138617911527323390e+00 9.082906110810956335e+00 1.239272375531168979e+00 2.543361626906810377e-03 5.003363327739879196e+01 1.549940386166914230e+01 8.030117691422881121e-01 3.681439999999999824e+00 2.579246973145034281e+04 5.111280497884035379e-03
3.138617958296374688e+00 9.082906110810956335e+00 1.239272375531168979e+00 2.543361626906810377e-03 5.003363327739879196e+01 1.549940386166914230e+01 8.030117691422881121e-01 3.681439999999999824e+00 2.579246973145034281e+04 5.111280497884035379e-03
3.138617911527323390e+00 9.082906246156804642e+00 1.239272375531168979e+00 2.543361626906810377e-03 5.003363327739879196e+01 1.549940386166914230e+01 8.030117691422881121e-01 3.681439999999999824e+00 2.579246973145034281e+04 5.111280497884035379e-03
3.138617911527323390e+00 9.082906110810956335e+00 1.239272393997766342e+00 2.543361626906810377e-03 5.003363327739879196e+01 1.549940386166914230e+01 8.030117691422881121e-01 3.681439999999999824e+00 2.579246973145034281e+04 5.111280497884035379e-03
3.138617911527323390e+00 9.082906110810956335e+00 1.239272375531168979e+00 2.543376528068004225e-03 5.003363327739879196e+01 1.549940386166914230e+01 8.030117691422881121e-01 3.681439999999999824e+00 2.579246973145034281e+04 5.111280497884035379e-03
3.138617911527323390e+00 9.082906110810956335e+00 1.239272375531168979e+00 2.543361626906810377e-03 5.003363402295802587e+01 1.549940386166914230e+01 8.030117691422881121e-01 3.681439999999999824e+00 2.579246973145034281e+04 5.111280497884035379e-03
3.138617911527323390e+00 9.082906110810956335e+00 1.239272375531168979e+00 2.543361626906810377e-03 5.003363327739879196e+01 1.549940409262825725e+01 8.030117691422881121e-01 3.681439999999999824e+00 2.579246973145034281e+04 5.111280497884035379e-03
3.138617911527323390e+00 9.082906110810956335e+00 1.239272375531168979e+00 2.543361626906810377e-03 5.003363327739879196e+01 1.549940386166914230e+01 8.030117840434493059e-01 3.681439999999999824e+00 2.579246973145034281e+04 5.111280497884035379e-03
3.138617911527323390e+00 9.082906110810956335e+00 1.239272375531168979e+00 2.543361626906810377e-03 5.003363327739879196e+01 1.549940386166914230e+01 8.030117691422881121e-01 3.681439999999999824e+00 2.579247011578809179e+04 5.111280497884035379e-03
3.138617911527323390e+00 9.082906110810956335e+00 1.239272375531168979e+00 2.543361626906810377e-03 5.003363327739879196e+01 1.549940386166914230e+01 8.030117691422881121e-01 3.681439999999999824e+00 2.579246973145034281e+04 5.111295399045229226e-03
3.138512142304714203e+00 9.082532313020248438e+00 1.239208493711378756e+00 2.542269999276955232e-03 5.003326348114276101e+01 1.549939740777393382e+01 8.032854270447558065e-01 3.681439999999999824e+00 2.579246973215765320e+04 5.114577243406806355e-03
3.138512189072189429e+00 9.082532313020248438e+00 1.239208493711378756e+00 2.542269999276955232e-03 5.003326348114276101e+01 1.549939740777393382e+01 8.032854270447558065e-01 3.681439999999999824e+00 2.579246973215765320e+04 5.114577243406806355e-03
3.138512142304714203e+00 9.082532448360526089e+00 1.239208493711378756e+00 2.542269999276955232e-03 5.003326348114276101e+01 1.549939740777393382e+01 8.032854270447558065e-01 3.681439999999999824e+00 2.579246973215765320e+04 5.114577243406806355e-03
3.138512142304714203e+00 9.082532313020248438e+00 1.239208512177024213e+00 2.542269999276955232e-03 5.003326348114276101e+01 1.549939740777393382e+01 8.032854270447558065e-01 3.681439999999999824e+00 2.579246973215765320e+04 5.114577243406806355e-03
3.138512142304714203e+00 9.082532313020248438e+00 1.239208493711378756e+00 2.542284900438149080e-03 5.003326348114276101e+01 1.549939740777393382e+01 8.032854270447558065e-01 3.681439999999999824e+00 2.579246973215765320e+04 5.114577243406806355e-03
3.138512142304714203e+00 9.082532313020248438e+00 1.239208493711378756e+00 2.542269999276955232e-03 5.003326422669648821e+01 1.549939740777393382e+01 8.032854270447558065e-01 3.681439999999999824e+00 2.579246973215765320e+04 5.114577243406806355e-03
3.138512142304714203e+00 9.082532313020248438e+00 1.239208493711378756e+00 2.542269999276955232e-03 5.003326348114276101e+01 1.549939763873295284e+01 8.032854270447558065e-01 3.681439999999999824e+00 2.579246973215765320e+04 5.114577243406806355e-03
3.138512142304714203e+00 9.082532313020248438e+00 1.239208493711378756e+00 2.542269999276955232e-03 5.003326348114276101e+01 1.549939740777393382e+01 8.032854419459170003e-01 3.681439999999999824e+00 2.579246973215765320e+04 5.114577243406806355e-03
3.138512142304714203e+00 9.082532313020248438e+00 1.239208493711378756e+00 2.542269999276955232e-03 5.003326348114276101e+01 1.549939740777393382e+01 8.032854270447558065e-01 3.681439999999999824e+00 2.579247011649540218e+04 5.114577243406806355e-03
3.138512142304714203e+00 9.082532313020248438e+00 1.239208493711378756e+00 2.542269999276955232e-03 5.003326348114276101e+01 1.549939740777393382e+01 8.032854270447558065e-01 3.681439999999999824e+00 2.579246973215765320e+04 5.114592144568000202e-03
3.138445395797397008e+00 9.082116427344672616e+00 1.239100590843730920e+00 2.541679094480236815e-03 5.003285390971774405e+01 1.549939079669242226e+01 8.034970944766194334e-01 3.681439999999999824e+00 2.579246973291419272e+04 5.117636650134925122e-03
3.138445442563877918e+00 9.082116427344672616e+00 1.239100590843730920e+00 2.541679094480236815e-03 5.003285390971774405e+01 1.549939079669242226e+01 8.034970944766194334e-01 3.681439999999999824e+00 2.579246973291419272e+04 5.117636650134925122e-03
3.138445395797397008e+00 9.082116562678754335e+00 1.239100590843730920e+00 2.541679094480236815e-03 5.003285390971774405e+01 1.549939079669242226e+01 8.034970944766194334e-01 3.681439999999999824e+00 2.579246973291419272e+04 5.117636650134925122e-03
3.138445395797397008e+00 9.082116427344672616e+00 1.239100609307768552e+00 2.541679094480236815e-03 5.003285390971774405e+01 1.549939079669242226e+01 8.034970944766194334e-01 3.681439999999999824e+00 2.579246973291419272e+04 5.117636650134925122e-03
3.138445395797397008e+00 9.082116427344672616e+00 1.239100590843730920e+00 2.541693995641430663e-03 5.003285390971774405e+01 1.549939079669242226e+01 8.034970944766194334e-01 3.681439999999999824e+00 2.579246973291419272e+04 5.117636650134925122e-03
3.138445395797397008e+00 9.082116427344672616e+00 1.239100590843730920e+00 2.541679094480236815e-03 5.003285465526536768e+01 1.549939079669242226e+01 8.034970944766194334e-01 3.681439999999999824e+00 2.579246973291419272e+04 5.117636650134925122e-03
3.138445395797397008e+00 9.082116427344672616e+00 1.239100590843730920e+00 2.541679094480236815e-03 5.003285390971774405e+01 1.549939102765134358e+01 8.034970944766194334e-01 3.681439999999999824e+00 2.579246973291419272e+04 5.117636650134925122e-03
3.138445395797397008e+00 9.082116427344672616e+00 1.239100590843730920e+00 2.541679094480236815e-03 5.003285390971774405e+01 1.549939079669242226e+01 8.034971093777806272e-01 3.681439999999999824e+00 2.579246973291419272e+04 5.117636650134925122e-03
3.138445395797397008e+00 9.082116427344672616e+00 1.239100590843730920e+00 2.541679094480236815e-03 5.003285390971774405e+01 1.549939079669242226e+01 8.034970944766194334e-01 3.681439999999999824e+00 2.579247011725194170e+04 5.117636650134925122e-03
3.138445395797397008e+00 9.082116427344672616e+00 1.239100590843730920e+00 2.541679094480236815e-03 5.003285390971774405e+01 1.549939079669242226e+01 8.034970944766194334e-01 3.681439999999999824e+00 2.579246973291419272e+04 5.117651551296118970e-03
3.138316095099100700e+00 9.081683810114054012e+00 1.238985119830528170e+00 2.541041190280206481e-03 5.003238535000532039e+01 1.549938428353444486e+01 8.036653679970737763e-01 3.681439999999999824e+00 2.579246973372290813e+04 5.121901267366256623e-03
3.138316141863654707e+00 9.081683810114054012e+00 1.238985119830528170e+00 2.541041190280206481e-03 5.003238535000532039e+01 1.549938428353444486e+01 8.036653679970737763e-01 3.681439999999999824e+00 2.579246973372290813e+04 5.121901267366256623e-03
3.138316095099100700e+00 9.081683945441687555e+00 1.238985119830528170e+00 2.541041190280206481e-03 5.003238535000532039e+01 1.549938428353444486e+01 8.036653679970737763e-01 3.681439999999999824e+00 2.579246973372290813e+04 5.121901267366256623e-03
3.138316095099100700e+00 9.081683810114054012e+00 1.238985138292845178e+00 2.541041190280206481e-03 5.003238535000532039e+01 1.549938428353444486e+01 8.036653679970737763e-01 3.681439999999999824e+00 2.579246973372290813e+04 5.121901267366256623e-03
3.138316095099100700e+00 9.081683810114054012e+00 1.238985119830528170e+00 2.541056091441400329e-03 5.003238535000532039e+01 1.549938428353444486e+01 8.036653679970737763e-01 3.681439999999999824e+00 2.579246973372290813e+04 5.121901267366256623e-03
3.138316095099100700e+00 9.081683810114054012e+00 1.238985119830528170e+00 2.541041190280206481e-03 5.003238609554595939e+01 1.549938428353444486e+01 8.036653679970737763e-01 3.681439999999999824e+00 2.579246973372290813e+04 5.121901267366256623e-03
3.138316095099100700e+00 9.081683810114054012e+00 1.238985119830528170e+00 2.541041190280206481e-03 5.003238535000532039e+01 1.549938451449326848e+01 8.036653679970737763e-01 3.681439999999999824e+00 2.579246973372290813e+04 5.121901267366256623e-03
3.138316095099100700e+00 9.081683810114054012e+00 1.238985119830528170e+00 2.541041190280206481e-03 5.003238535000532039e+01 1.549938428353444486e+01 8.036653828982349701e-01 3.681439999999999824e+00 2.579246973372290813e+04 5.121901267366256623e-03
3.138316095099100700e+00 9.081683810114054012e+00 1.238985119830528170e+00 2.541041190280206481e-03 5.003238535000532039e+01 1.549938428353444486e+01 8.036653679970737763e-01 3.681439999999999824e+00 2.579247011806065711e+04 5.121901267366256623e-03
3.138316095099100700e+00 9.081683810114054012e+00 1.238985119830528170e+00 2.541041190280206481e-03 5.003238535000532039e+01 1.549938428353444486e+01 8.036653679970737763e-01 3.681439999999999824e+00 2.579246973372290813e+04 5.121916168527450471e-03
3.138347670754075835e+00 9.081329675547754832e+00 1.238995430641971707e+00 2.540936712236392409e-03 5.003238484653820706e+01 1.549938237843859845e+01 8.036709517457139018e-01 3.681439999999999824e+00 2.579247146319768581e+04 5.120559292626755514e-03
3.138347717519100577e+00 9.081329675547754832e+00 1.238995430641971707e+00 2.540936712236392409e-03 5.003238484653820706e+01 1.549938237843859845e+01 8.036709517457139018e-01 3.681439999999999824e+00 2.579247146319768581e+04 5.120559292626755514e-03
3.138347670754075835e+00 9.081329810870112595e+00 1.238995430641971707e+00 2.540936712236392409e-03 5.003238484653820706e+01 1.549938237843859845e+01 8.036709517457139018e-01 3.681439999999999824e+00 2.579247146319768581e+04 5.120559292626755514e-03
3.138347670754075835e+00 9.081329675547754832e+00 1.238995449104442370e+00 2.540936712236392409e-03 5.003238484653820706e+01 1.549938237843859845e+01 8.036709517457139018e-01 3.681439999999999824e+00 2.579247146319768581e+04 5.120559292626755514e-03
3.138347670754075835e+00 9.081329675547754832e+00 1.238995430641971707e+00 2.540951613397586257e-03 5.003238484653820706e+01 1.549938237843859845e+01 8.036709517457139018e-01 3.681439999999999824e+00 2.579247146319768581e+04 5.120559292626755514e-03
3.138347670754075835e+00 9.081329675547754832e+00 1.238995430641971707e+00 2.540936712236392409e-03 5.003238559207883895e+01 1.549938237843859845e+01 8.036709517457139018e-01 3.681439999999999824e+00 2.579247146319768581e+04 5.120559292626755514e-03
3.138347670754075835e+00 9.081329675547754832e+00 1.238995430641971707e+00 2.540936712236392409e-03 5.003238484653820706e+01 1.549938260939739365e+01 8.036709517457139018e-01 3.681439999999999824e+00 2.579247146319768581e+04 5.120559292626755514e-03
3.138347670754075835e+00 9.081329675547754832e+00 1.238995430641971707e+00 2.540936712236392409e-03 5.003238484653820706e+01 1.549938237843859845e+01 8.036709666468750957e-01 3.681439999999999824e+00 2.579247146319768581e+04 5.120559292626755514e-03
3.138347670754075835e+00 9.081329675547754832e+00 1.238995430641971707e+00 2.540936712236392409e-03 5.003238484653820706e+01 1.549938237843859845e+01 8.036709517457139018e-01 3.681439999999999824e+00 2.579247184753546026e+04 5.120559292626755514e-03
3.138347670754075835e+00 9.081329675547754832e+00 1.238995430641971707e+00 2.540936712236392409e-03 5.003238484653820706e+01 1.549938237843859845e+01 8.036709517457139018e-01 3.681439999999999824e+00 2.579247146319768581e+04 5.120574193787949362e-03
3.138317236281994660e+00 9.080608839581456593e+00 1.238977675216903052e+00 2.540819226155907953e-03 5.003229992668593695e+01 1.549937871136129708e+01 8.037188879844183731e-01 3.681439999999999824e+00 2.579247146334760691e+04 5.119961959547375714e-03
3.138317283046565542e+00 9.080608839581456593e+00 1.238977675216903052e+00 2.540819226155907953e-03 5.003229992668593695e+01 1.549937871136129708e+01 8.037188879844183731e-01 3.681439999999999824e+00 2.579247146334760691e+04 5.119961959547375714e-03
3.138317236281994660e+00 9.080608974893072727e+00 1.238977675216903052e+00 2.540819226155907953e-03 5.003229992668593695e+01 1.549937871136129708e+01 8.037188879844183731e-01 3.681439999999999824e+00 2.579247146334760691e+04 5.119961959547375714e-03
3.138317236281994660e+00 9.080608839581456593e+00 1.238977693679109038e+00 2.540819226155907953e-03 5.003229992668593695e+01 1.549937871136129708e+01 8.037188879844183731e-01 3.681439999999999824e+00 2.579247146334760691e+04 5.119961959547375714e-03
3.138317236281994660e+00 9.080608839581456593e+00 1.238977675216903052e+00 2.540834127317101801e-03 5.003229992668593695e+01 1.549937871136129708e+01 8.037188879844183731e-01 3.681439999999999824e+00 2.579247146334760691e+04 5.119961959547375714e-03
3.138317236281994660e+00 9.080608839581456593e+00 1.238977675216903052e+00 2.540819226155907953e-03 5.003230067222530408e+01 1.549937871136129708e+01 8.037188879844183731e-01 3.681439999999999824e+00 2.579247146334760691e+04 5.119961959547375714e-03
3.138317236281994660e+00 9.080608839581456593e+00 1.238977675216903052e+00 2.540819226155907953e-03 5.003229992668593695e+01 1.549937894232003721e+01 8.037188879844183731e-01 3.681439999999999824e+00 2.579247146334760691e+04 5.119961959547375714e-03
3.138317236281994660e+00 9.080608839581456593e+00 1.238977675216903052e+00 2.540819226155907953e-03 5.003229992668593695e+01 1.549937871136129708e+01 8.037189028855795669e-01 3.681439999999999824e+00 2.579247146334760691e+04 5.119961959547375714e-03
3.138317236281994660e+00 9.080608839581456593e+00 1.238977675216903052e+00 2.540819226155907953e-03 5.003229992668593695e+01 1.549937871136129708e+01 8.037188879844183731e-01 3.681439999999999824e+00 2.579247184768538136e+04 5.119961959547375714e-03
3.138317236281994660e+00 9.080608839581456593e+00 1.238977675216903052e+00 2.540819226155907953e-03 5.003229992668593695e+01 1.549937871136129708e+01 8.037188879844183731e-01 3.681439999999999824e+00 2.579247146334760691e+04 5.119976860708569562e-03
3.138298918570675777e+00 9.079131494833527327e+00 1.238962774170332404e+00 2.540574329031743562e-03 5.003212945476320783e+01 1.549937077830260534e+01 8.037379118417148360e-01 3.681439999999999824e+00 2.579247146366001834e+04 5.116951786145778475e-03
3.138298965334973989e+00 9.079131494833527327e+00 1.238962774170332404e+00 2.540574329031743562e-03 5.003212945476320783e+01 1.549937077830260534e+01 8.037379118417148360e-01 3.681439999999999824e+00 2.579247146366001834e+04 5.116951786145778475e-03
3.138298918570675777e+00 9.079131630123129071e+00 1.238962774170332404e+00 2.540574329031743562e-03 5.003212945476320783e+01 1.549937077830260534e+01 8.037379118417148360e-01 3.681439999999999824e+00 2.579247146366001834e+04 5.116951786145778475e-03
3.138298918570675777e+00 9.079131494833527327e+00 1.238962792632316345e+00 2.540574329031743562e-03 5.003212945476320783e+01 1.549937077830260534e+01 8.037379118417148360e-01 3.681439999999999824e+00 2.579247146366001834e+04 5.116951786145778475e-03
3.138298918570675777e+00 9.079131494833527327e+00 1.238962774170332404e+00 2.540589230192937410e-03 5.003212945476320783e+01 1.549937077830260534e+01 8.037379118417148360e-01 3.681439999999999824e+00 2.579247146366001834e+04 5.116951786145778475e-03
3.138298918570675777e+00 9.079131494833527327e+00 1.238962774170332404e+00 2.540574329031743562e-03 5.003213020030003122e+01 1.549937077830260534e+01 8.037379118417148360e-01 3.681439999999999824e+00 2.579247146366001834e+04 5.116951786145778475e-03
3.138298918570675777e+00 9.079131494833527327e+00 1.238962774170332404e+00 2.540574329031743562e-03 5.003212945476320783e+01 1.549937100926122824e+01 8.037379118417148360e-01 3.681439999999999824e+00 2.579247146366001834e+04 5.116951786145778475e-03
3.138298918570675777e+00 9.079131494833527327e+00 1.238962774170332404e+00 2.540574329031743562e-03 5.003212945476320783e+01 1.549937077830260534e+01 8.037379267428760299e-01 3.681439999999999824e+00 2.579247146366001834e+04 5.116951786145778475e-03
3.138298918570675777e+00 9.079131494833527327e+00 1.238962774170332404e+00 2.540574329031743562e-03 5.003212945476320783e+01 1.549937077830260534e+01 8.037379118417148360e-01 3.681439999999999824e+00 2.579247184799779279e+04 5.116951786145778475e-03
3.138298918570675777e+00 9.079131494833527327e+00 1.238962774170332404e+00 2.540574329031743562e-03 5.003212945476320783e+01 1.549937077830260534e+01 8.037379118417148360e-01 3.681439999999999824e+00 2.579247146366001834e+04 5.116966687306972322e-03
3.138236891960559660e+00 9.076230982741700259e+00 1.238902578973695157e+00 2.539669630058762582e-03 5.003179903446008581e+01 1.549935566504813700e+01 8.038217096269015816e-01 3.681439999999999824e+00 2.579247146424178572e+04 5.112674542962018440e-03
3.138236938723933278e+00 9.076230982741700259e+00 1.238902578973695157e+00 2.539669630058762582e-03 5.003179903446008581e+01 1.549935566504813700e+01 8.038217096269015816e-01 3.681439999999999824e+00 2.579247146424178572e+04 5.112674542962018440e-03
3.138236891960559660e+00 9.076231117988081465e+00 1.238902578973695157e+00 2.539669630058762582e-03 5.003179903446008581e+01 1.549935566504813700e+01 8.038217096269015816e-01 3.681439999999999824e+00 2.579247146424178572e+04 5.112674542962018440e-03
3.138236891960559660e+00 9.076230982741700259e+00 1.238902597434782260e+00 2.539669630058762582e-03 5.003179903446008581e+01 1.549935566504813700e+01 8.038217096269015816e-01 3.681439999999999824e+00 2.579247146424178572e+04 5.112674542962018440e-03
3.138236891960559660e+00 9.076230982741700259e+00 1.238902578973695157e+00 2.539684531219956430e-03 5.003179903446008581e+01 1.549935566504813700e+01 8.038217096269015816e-01 3.681439999999999824e+00 2.579247146424178572e+04 5.112674542962018440e-03
3.138236891960559660e+00 9.076230982741700259e+00 1.238902578973695157e+00 2.539669630058762582e-03 5.003179977999198513e+01 1.549935566504813700e+01 8.038217096269015816e-01 3.681439999999999824e+00 2.579247146424178572e+04 5.112674542962018440e-03
3.138236891960559660e+00 9.076230982741700259e+00 1.238902578973695157e+00 2.539669630058762582e-03 5.003179903446008581e+01 1.549935589600653429e+01 8.038217096269015816e-01 3.681439999999999824e+00 2.579247146424178572e+04 5.112674542962018440e-03
3.138236891960559660e+00 9.076230982741700259e+00 1.238902578973695157e+00 2.539669630058762582e-03 5.003179903446008581e+01 1.549935566504813700e+01 8.038217245280627754e-01 3.681439999999999824e+00 2.579247146424178572e+04 5.112674542962018440e-03
3.138236891960559660e+00 9.076230982741700259e+00 1.238902578973695157e+00 2.539669630058762582e-03 5.003179903446008581e+01 1.549935566504813700e+01 8.038217096269015816e-01 3.681439999999999824e+00 2.579247184857956017e+04 5.112674542962018440e-03
3.138236891960559660e+00 9.076230982741700259e+00 1.238902578973695157e+00 2.539669630058762582e-03 5.003179903446008581e+01 1.549935566504813700e+01 8.038217096269015816e-01 3.681439999999999824e+00 2.579247146424178572e+04 5.112689444123212287e-03
3.138152686064100028e+00 9.070406368721085855e+00 1.238819823833677392e+00 2.538705102285968799e-03 5.003178602459630042e+01 1.549932097313377177e+01 8.039855934418902450e-01 3.681439999999999824e+00 2.579247146548565070e+04 5.101930201575417129e-03
3.138152732826219093e+00 9.070406368721085855e+00 1.238819823833677392e+00 2.538705102285968799e-03 5.003178602459630042e+01 1.549932097313377177e+01 8.039855934418902450e-01 3.681439999999999824e+00 2.579247146548565070e+04 5.101930201575417129e-03
3.138152686064100028e+00 9.070406503880672489e+00 1.238819823833677392e+00 2.538705102285968799e-03 5.003178602459630042e+01 1.549932097313377177e+01 8.039855934418902450e-01 3.681439999999999824e+00 2.579247146548565070e+04 5.101930201575417129e-03
3.138152686064100028e+00 9.070406368721085855e+00 1.238819842293531259e+00 2.538705102285968799e-03 5.003178602459630042e+01 1.549932097313377177e+01 8.039855934418902450e-01 3.681439999999999824e+00 2.579247146548565070e+04 5.101930201575417129e-03
3.138152686064100028e+00 9.070406368721085855e+00 1.238819823833677392e+00 2.538720003447162647e-03 5.003178602459630042e+01 1.549932097313377177e+01 8.039855934418902450e-01 3.681439999999999824e+00 2.579247146548565070e+04 5.101930201575417129e-03
3.138152686064100028e+00 9.070406368721085855e+00 1.238819823833677392e+00 2.538705102285968799e-03 5.003178677012800790e+01 1.549932097313377177e+01 8.039855934418902450e-01 3.681439999999999824e+00 2.579247146548565070e+04 5.101930201575417129e-03
3.138152686064100028e+00 9.070406368721085855e+00 1.238819823833677392e+00 2.538705102285968799e-03 5.003178602459630042e+01 1.549932120409165215e+01 8.039855934418902450e-01 3.681439999999999824e+00 2.579247146548565070e+04 5.101930201575417129e-03
3.138152686064100028e+00 9.070406368721085855e+00 1.238819823833677392e+00 2.538705102285968799e-03 5.003178602459630042e+01 1.549932097313377177e+01 8.039856083430514389e-01 3.681439999999999824e+00 2.579247146548565070e+04 5.101930201575417129e-03
3.138152686064100028e+00 9.070406368721085855e+00 1.238819823833677392e+00 2.538705102285968799e-03 5.003178602459630042e+01 1.549932097313377177e+01 8.039855934418902450e-01 3.681439999999999824e+00 2.579247184982342515e+04 5.101930201575417129e-03
3.138152686064100028e+00 9.070406368721085855e+00 1.238819823833677392e+00 2.538705102285968799e-03 5.003178602459630042e+01 1.549932097313377177e+01 8.039855934418902450e-01 3.681439999999999824e+00 2.579247146548565070e+04 5.101945102736610976e-03
3.137772598670464763e+00 9.066614777005350234e+00 1.238326344342693952e+00 2.533272246619487026e-03 5.002777558755927600e+01 1.549926429087750357e+01 8.046815261360875660e-01 3.681439999999999824e+00 2.579247147237917306e+04 5.111801663817958953e-03
3.137882979466757760e+00 9.069593352287517618e+00 1.238584170570002918e+00 2.537506433029767128e-03 5.003090145103843156e+01 1.549930826964348185e+01 8.044127284487455620e-01 3.681439999999999824e+00 2.579247146700650774e+04 5.111676854610381487e-03
3.138013588623242089e+00 9.070274819112809084e+00 1.238759094504649383e+00 2.538500063829398322e-03 5.003163057438575834e+01 1.549931870085289987e+01 8.041504462308547430e-01 3.681439999999999824e+00 2.579247146574685394e+04 5.106893050201451872e-03
3.138095477332615069e+00 9.070381139868493037e+00 1.238803045288848104e+00 2.538664301354980404e-03 5.003175226272853138e+01 1.549932052364077428e+01 8.040243089266527754e-01 3.681439999999999824e+00 2.579247146553769926e+04 5.103980225694629801e-03
3.138095524093881483e+00 9.070381139868493037e+00 1.238803045288848104e+00 2.538664301354980404e-03 5.003175226272853138e+01 1.549932052364077428e+01 8.040243089266527754e-01 3.681439999999999824e+00 2.579247146553769926e+04 5.103980225694629801e-03
3.138095477332615069e+00 9.070381275027704859e+00 1.238803045288848104e+00 2.538664301354980404e-03 5.003175226272853138e+01 1.549932052364077428e+01 8.040243089266527754e-01 3.681439999999999824e+00 2.579247146553769926e+04 5.103980225694629801e-03
3.138095477332615069e+00 9.070381139868493037e+00 1.238803063748451949e+00 2.538664301354980404e-03 5.003175226272853138e+01 1.549932052364077428e+01 8.040243089266527754e-01 3.681439999999999824e+00 2.579247146553769926e+04 5.103980225694629801e-03
3.138095477332615069e+00 9.070381139868493037e+00 1.238803045288848104e+00 2.538679202516174252e-03 5.003175226272853138e+01 1.549932052364077428e+01 8.040243089266527754e-01 3.681439999999999824e+00 2.579247146553769926e+04 5.103980225694629801e-03
3.138095477332615069e+00 9.070381139868493037e+00 1.238803045288848104e+00 2.538664301354980404e-03 5.003175300825973437e+01 1.549932052364077428e+01 8.040243089266527754e-01 3.681439999999999824e+00 2.579247146553769926e+04 5.103980225694629801e-03
3.138095477332615069e+00 9.070381139868493037e+00 1.238803045288848104e+00 2.538664301354980404e-03 5.003175226272853138e+01 1.549932075459864755e+01 8.040243089266527754e-01 3.681439999999999824e+00 2.579247146553769926e+04 5.103980225694629801e-03
3.138095477332615069e+00 9.070381139868493037e+00 1.238803045288848104e+00 2.538664301354980404e-03 5.003175226272853138e+01 1.549932052364077428e+01 8.040243238278139692e-01 3.681439999999999824e+00 2.579247146553769926e+04 5.103980225694629801e-03
3.138095477332615069e+00 9.070381139868493037e+00 1.238803045288848104e+00 2.538664301354980404e-03 5.003175226272853138e+01 1.549932052364077428e+01 8.040243089266527754e-01 3.681439999999999824e+00 2.579247184987547371e+04 5.103980225694629801e-03
3.138095477332615069e+00 9.070381139868493037e+00 1.238803045288848104e+00 2.538664301354980404e-03 5.003175226272853138e+01 1.549932052364077428e+01 8.040243089266527754e-01 3.681439999999999824e+00 2.579247146553769926e+04 5.103995126855823648e-03
