3.303662000000000099e+00 1.054415000000000013e+01 2.926740999999999815e+00 1.671997199999999850e+01 3.571733999999999742e-01 1.530525399999999969e+01 7.001581000000000055e-01 3.097326999999999941e+00 3.016286899999999878e+04 3.253563999999999901e+00 8.825920999999999239e+00 1.059549999999999992e+00 1.834474000000000160e+01 2.191357299999999952e+01 1.500000000000000000e+01 7.234983000000000386e-01 3.013116999999999823e+00 1.906309500000000116e+04 0.000000000000000000e+00
3.303662049228400122e+00 1.054415000000000013e+01 2.926740999999999815e+00 1.671997199999999850e+01 3.571733999999999742e-01 1.530525399999999969e+01 7.001581000000000055e-01 3.097326999999999941e+00 3.016286899999999878e+04 3.253563999999999901e+00 8.825920999999999239e+00 1.059549999999999992e+00 1.834474000000000160e+01 2.191357299999999952e+01 1.500000000000000000e+01 7.234983000000000386e-01 3.013116999999999823e+00 1.906309500000000116e+04 0.000000000000000000e+00
3.303662000000000099e+00 1.054415015712007886e+01 2.926740999999999815e+00 1.671997199999999850e+01 3.571733999999999742e-01 1.530525399999999969e+01 7.001581000000000055e-01 3.097326999999999941e+00 3.016286899999999878e+04 3.253563999999999901e+00 8.825920999999999239e+00 1.059549999999999992e+00 1.834474000000000160e+01 2.191357299999999952e+01 1.500000000000000000e+01 7.234983000000000386e-01 3.013116999999999823e+00 1.906309500000000116e+04 0.000000000000000000e+00
3.303662000000000099e+00 1.054415000000000013e+01 2.926741043611839288e+00 1.671997199999999850e+01 3.571733999999999742e-01 1.530525399999999969e+01 7.001581000000000055e-01 3.097326999999999941e+00 3.016286899999999878e+04 3.253563999999999901e+00 8.825920999999999239e+00 1.059549999999999992e+00 1.834474000000000160e+01 2.191357299999999952e+01 1.500000000000000000e+01 7.234983000000000386e-01 3.013116999999999823e+00 1.906309500000000116e+04 0.000000000000000000e+00
3.303662000000000099e+00 1.054415000000000013e+01 2.926740999999999815e+00 1.671997224914699487e+01 3.571733999999999742e-01 1.530525399999999969e+01 7.001581000000000055e-01 3.097326999999999941e+00 3.016286899999999878e+04 3.253563999999999901e+00 8.825920999999999239e+00 1.059549999999999992e+00 1.834474000000000160e+01 2.191357299999999952e+01 1.500000000000000000e+01 7.234983000000000386e-01 3.013116999999999823e+00 1.906309500000000116e+04 0.000000000000000000e+00
3.303662000000000099e+00 1.054415000000000013e+01 2.926740999999999815e+00 1.671997199999999850e+01 3.571734149011611681e-01 1.530525399999999969e+01 7.001581000000000055e-01 3.097326999999999941e+00 3.016286899999999878e+04 3.253563999999999901e+00 8.825920999999999239e+00 1.059549999999999992e+00 1.834474000000000160e+01 2.191357299999999952e+01 1.500000000000000000e+01 7.234983000000000386e-01 3.013116999999999823e+00 1.906309500000000116e+04 0.000000000000000000e+00
3.303662000000000099e+00 1.054415000000000013e+01 2.926740999999999815e+00 1.671997199999999850e+01 3.571733999999999742e-01 1.530525399999999969e+01 7.001581000000000055e-01 3.097326999999999941e+00 3.016286944946177027e+04 3.253563999999999901e+00 8.825920999999999239e+00 1.059549999999999992e+00 1.834474000000000160e+01 2.191357299999999952e+01 1.500000000000000000e+01 7.234983000000000386e-01 3.013116999999999823e+00 1.906309500000000116e+04 0.000000000000000000e+00
3.303662000000000099e+00 1.054415000000000013e+01 2.926740999999999815e+00 1.671997199999999850e+01 3.571733999999999742e-01 1.530525399999999969e+01 7.001581000000000055e-01 3.097326999999999941e+00 3.016286899999999878e+04 3.253564048481881521e+00 8.825920999999999239e+00 1.059549999999999992e+00 1.834474000000000160e+01 2.191357299999999952e+01 1.500000000000000000e+01 7.234983000000000386e-01 3.013116999999999823e+00 1.906309500000000116e+04 0.000000000000000000e+00
3.303662000000000099e+00 1.054415000000000013e+01 2.926740999999999815e+00 1.671997199999999850e+01 3.571733999999999742e-01 1.530525399999999969e+01 7.001581000000000055e-01 3.097326999999999941e+00 3.016286899999999878e+04 3.253563999999999901e+00 8.825921131516471618e+00 1.059549999999999992e+00 1.834474000000000160e+01 2.191357299999999952e+01 1.500000000000000000e+01 7.234983000000000386e-01 3.013116999999999823e+00 1.906309500000000116e+04 0.000000000000000000e+00
3.303662000000000099e+00 1.054415000000000013e+01 2.926740999999999815e+00 1.671997199999999850e+01 3.571733999999999742e-01 1.530525399999999969e+01 7.001581000000000055e-01 3.097326999999999941e+00 3.016286899999999878e+04 3.253563999999999901e+00 8.825920999999999239e+00 1.059550015788525368e+00 1.834474000000000160e+01 2.191357299999999952e+01 1.500000000000000000e+01 7.234983000000000386e-01 3.013116999999999823e+00 1.906309500000000116e+04 0.000000000000000000e+00
3.303662000000000099e+00 1.054415000000000013e+01 2.926740999999999815e+00 1.671997199999999850e+01 3.571733999999999742e-01 1.530525399999999969e+01 7.001581000000000055e-01 3.097326999999999941e+00 3.016286899999999878e+04 3.253563999999999901e+00 8.825920999999999239e+00 1.059549999999999992e+00 1.834474027335792812e+01 2.191357299999999952e+01 1.500000000000000000e+01 7.234983000000000386e-01 3.013116999999999823e+00 1.906309500000000116e+04 0.000000000000000000e+00
3.303662000000000099e+00 1.054415000000000013e+01 2.926740999999999815e+00 1.671997199999999850e+01 3.571733999999999742e-01 1.530525399999999969e+01 7.001581000000000055e-01 3.097326999999999941e+00 3.016286899999999878e+04 3.253563999999999901e+00 8.825920999999999239e+00 1.059549999999999992e+00 1.834474000000000160e+01 2.191357332653768353e+01 1.500000000000000000e+01 7.234983000000000386e-01 3.013116999999999823e+00 1.906309500000000116e+04 0.000000000000000000e+00
3.303662000000000099e+00 1.054415000000000013e+01 2.926740999999999815e+00 1.671997199999999850e+01 3.571733999999999742e-01 1.530525399999999969e+01 7.001581000000000055e-01 3.097326999999999941e+00 3.016286899999999878e+04 3.253563999999999901e+00 8.825920999999999239e+00 1.059549999999999992e+00 1.834474000000000160e+01 2.191357299999999952e+01 1.500000000000000000e+01 7.234983000000000386e-01 3.013116999999999823e+00 1.906309528406225218e+04 0.000000000000000000e+00
3.303662000000000099e+00 1.054415000000000013e+01 2.926740999999999815e+00 1.671997199999999850e+01 3.571733999999999742e-01 1.530525399999999969e+01 7.001581000000000055e-01 3.097326999999999941e+00 3.016286899999999878e+04 3.253563999999999901e+00 8.825920999999999239e+00 1.059549999999999992e+00 1.834474000000000160e+01 2.191357299999999952e+01 1.500000000000000000e+01 7.234983000000000386e-01 3.013116999999999823e+00 1.906309500000000116e+04 1.490116119384765625e-08
3.303985989675839008e+00 1.054408732641106283e+01 2.926741359532587516e+00 1.671997746007023267e+01 3.571792735857350354e-01 1.530525399999999969e+01 7.001581000000000055e-01 3.097326999999999941e+00 3.016286876391710757e+04 3.253956851256508465e+00 8.825804136866327809e+00 1.059689692635680469e+00 1.834474509152703092e+01 2.191357449709677852e+01 1.500000000000000000e+01 7.234983000000000386e-01 3.013116999999999823e+00 1.906309485208516344e+04 6.100284152583328005e-03
3.303986038909066725e+00 1.054408732641106283e+01 2.926741359532587516e+00 1.671997746007023267e+01 3.571792735857350354e-01 1.530525399999999969e+01 7.001581000000000055e-01 3.097326999999999941e+00 3.016286876391710757e+04 3.253956851256508465e+00 8.825804136866327809e+00 1.059689692635680469e+00 1.834474509152703092e+01 2.191357449709677852e+01 1.500000000000000000e+01 7.234983000000000386e-01 3.013116999999999823e+00 1.906309485208516344e+04 6.100284152583328005e-03
3.303985989675839008e+00 1.054408748353020719e+01 2.926741359532587516e+00 1.671997746007023267e+01 3.571792735857350354e-01 1.530525399999999969e+01 7.001581000000000055e-01 3.097326999999999941e+00 3.016286876391710757e+04 3.253956851256508465e+00 8.825804136866327809e+00 1.059689692635680469e+00 1.834474509152703092e+01 2.191357449709677852e+01 1.500000000000000000e+01 7.234983000000000386e-01 3.013116999999999823e+00 1.906309485208516344e+04 6.100284152583328005e-03
3.303985989675839008e+00 1.054408732641106283e+01 2.926741403144432319e+00 1.671997746007023267e+01 3.571792735857350354e-01 1.530525399999999969e+01 7.001581000000000055e-01 3.097326999999999941e+00 3.016286876391710757e+04 3.253956851256508465e+00 8.825804136866327809e+00 1.059689692635680469e+00 1.834474509152703092e+01 2.191357449709677852e+01 1.500000000000000000e+01 7.234983000000000386e-01 3.013116999999999823e+00 1.906309485208516344e+04 6.100284152583328005e-03
3.303985989675839008e+00 1.054408732641106283e+01 2.926741359532587516e+00 1.671997770921731075e+01 3.571792735857350354e-01 1.530525399999999969e+01 7.001581000000000055e-01 3.097326999999999941e+00 3.016286876391710757e+04 3.253956851256508465e+00 8.825804136866327809e+00 1.059689692635680469e+00 1.834474509152703092e+01 2.191357449709677852e+01 1.500000000000000000e+01 7.234983000000000386e-01 3.013116999999999823e+00 1.906309485208516344e+04 6.100284152583328005e-03
3.303985989675839008e+00 1.054408732641106283e+01 2.926741359532587516e+00 1.671997746007023267e+01 3.571792884868962292e-01 1.530525399999999969e+01 7.001581000000000055e-01 3.097326999999999941e+00 3.016286876391710757e+04 3.253956851256508465e+00 8.825804136866327809e+00 1.059689692635680469e+00 1.834474509152703092e+01 2.191357449709677852e+01 1.500000000000000000e+01 7.234983000000000386e-01 3.013116999999999823e+00 1.906309485208516344e+04 6.100284152583328005e-03
3.303985989675839008e+00 1.054408732641106283e+01 2.926741359532587516e+00 1.671997746007023267e+01 3.571792735857350354e-01 1.530525399999999969e+01 7.001581000000000055e-01 3.097326999999999941e+00 3.016286921337887543e+04 3.253956851256508465e+00 8.825804136866327809e+00 1.059689692635680469e+00 1.834474509152703092e+01 2.191357449709677852e+01 1.500000000000000000e+01 7.234983000000000386e-01 3.013116999999999823e+00 1.906309485208516344e+04 6.100284152583328005e-03
3.303985989675839008e+00 1.054408732641106283e+01 2.926741359532587516e+00 1.671997746007023267e+01 3.571792735857350354e-01 1.530525399999999969e+01 7.001581000000000055e-01 3.097326999999999941e+00 3.016286876391710757e+04 3.253956899744244069e+00 8.825804136866327809e+00 1.059689692635680469e+00 1.834474509152703092e+01 2.191357449709677852e+01 1.500000000000000000e+01 7.234983000000000386e-01 3.013116999999999823e+00 1.906309485208516344e+04 6.100284152583328005e-03
3.303985989675839008e+00 1.054408732641106283e+01 2.926741359532587516e+00 1.671997746007023267e+01 3.571792735857350354e-01 1.530525399999999969e+01 7.001581000000000055e-01 3.097326999999999941e+00 3.016286876391710757e+04 3.253956851256508465e+00 8.825804268381057582e+00 1.059689692635680469e+00 1.834474509152703092e+01 2.191357449709677852e+01 1.500000000000000000e+01 7.234983000000000386e-01 3.013116999999999823e+00 1.906309485208516344e+04 6.100284152583328005e-03
3.303985989675839008e+00 1.054408732641106283e+01 2.926741359532587516e+00 1.671997746007023267e+01 3.571792735857350354e-01 1.530525399999999969e+01 7.001581000000000055e-01 3.097326999999999941e+00 3.016286876391710757e+04 3.253956851256508465e+00 8.825804136866327809e+00 1.059689708426287291e+00 1.834474509152703092e+01 2.191357449709677852e+01 1.500000000000000000e+01 7.234983000000000386e-01 3.013116999999999823e+00 1.906309485208516344e+04 6.100284152583328005e-03
3.303985989675839008e+00 1.054408732641106283e+01 2.926741359532587516e+00 1.671997746007023267e+01 3.571792735857350354e-01 1.530525399999999969e+01 7.001581000000000055e-01 3.097326999999999941e+00 3.016286876391710757e+04 3.253956851256508465e+00 8.825804136866327809e+00 1.059689692635680469e+00 1.834474536488503560e+01 2.191357449709677852e+01 1.500000000000000000e+01 7.234983000000000386e-01 3.013116999999999823e+00 1.906309485208516344e+04 6.100284152583328005e-03
3.303985989675839008e+00 1.054408732641106283e+01 2.926741359532587516e+00 1.671997746007023267e+01 3.571792735857350354e-01 1.530525399999999969e+01 7.001581000000000055e-01 3.097326999999999941e+00 3.016286876391710757e+04 3.253956851256508465e+00 8.825804136866327809e+00 1.059689692635680469e+00 1.834474509152703092e+01 2.191357482363448383e+01 1.500000000000000000e+01 7.234983000000000386e-01 3.013116999999999823e+00 1.906309485208516344e+04 6.100284152583328005e-03
3.303985989675839008e+00 1.054408732641106283e+01 2.926741359532587516e+00 1.671997746007023267e+01 3.571792735857350354e-01 1.530525399999999969e+01 7.001581000000000055e-01 3.097326999999999941e+00 3.016286876391710757e+04 3.253956851256508465e+00 8.825804136866327809e+00 1.059689692635680469e+00 1.834474509152703092e+01 2.191357449709677852e+01 1.500000000000000000e+01 7.234983000000000386e-01 3.013116999999999823e+00 1.906309513614741445e+04 6.100284152583328005e-03
3.303985989675839008e+00 1.054408732641106283e+01 2.926741359532587516e+00 1.671997746007023267e+01 3.571792735857350354e-01 1.530525399999999969e+01 7.001581000000000055e-01 3.097326999999999941e+00 3.016286876391710757e+04 3.253956851256508465e+00 8.825804136866327809e+00 1.059689692635680469e+00 1.834474509152703092e+01 2.191357449709677852e+01 1.500000000000000000e+01 7.234983000000000386e-01 3.013116999999999823e+00 1.906309485208516344e+04 6.100299053744521853e-03
3.412601105617969921e+00 1.054408732641105928e+01 1.385617639500580367e-02 1.061796723543423759e+01 7.063821356975230614e-01 1.530525399999999969e+01 7.001581000000000055e-01 3.097326999999999941e+00 3.016286876391710757e+04 3.227851421225101269e+00 8.825804136866329586e+00 1.031991304986886959e+00 2.006940962883525614e+01 2.264198821238764836e+01 1.500000000000000000e+01 7.234983000000000386e-01 3.013116999999999823e+00 1.906309485208516344e+04 5.997929425566854260e-03
3.602508182544691184e+00 1.054408732641054058e+01 2.924852255103239429e+00 1.658739007126093767e+01 2.859217052690321559e-04 1.530525399999999969e+01 7.001581000000000055e-01 3.097326999999999941e+00 3.016286876391687474e+04 3.092329251771556820e+00 8.825804136866231886e+00 7.641153685732273715e-01 1.844576517547125860e+01 2.177274011305929236e+01 1.500000000000000000e+01 7.234983000000000386e-01 3.013116999999999823e+00 1.906309485208501428e+04 8.184923169410652372e-03
3.387205464565563595e+00 1.054537881854107262e+01 2.926739908087736097e+00 1.672150387601797306e+01 3.610627471616710826e-01 1.530525399999999969e+01 7.001581000000000055e-01 3.097326999999999941e+00 3.016283639394005877e+04 3.144898484952153517e+00 8.827380024938261016e+00 1.128648578984049911e+00 1.834567835519671775e+01 2.191116304088694022e+01 1.500000000000000000e+01 7.234983000000000386e-01 3.013116999999999823e+00 1.906307678232062972e+04 7.123008668186769921e-03
3.328819996882173893e+00 1.054516427402808887e+01 2.926745832870137676e+00 1.672043116396215012e+01 3.583056546889571425e-01 1.530525399999999969e+01 7.001581000000000055e-01 3.097326999999999941e+00 3.016285891762980827e+04 3.231544209754217967e+00 8.827404210930037465e+00 1.078493019440023293e+00 1.834503878384911957e+01 2.191299691145845685e+01 1.500000000000000000e+01 7.234983000000000386e-01 3.013116999999999823e+00 1.906308924368799853e+04 5.797344159496832690e-03
3.312202459953885736e+00 1.054441611810070079e+01 2.926746442885510113e+00 1.672012624671765479e+01 3.575280688776023563e-01 1.530525399999999969e+01 7.001581000000000055e-01 3.097326999999999941e+00 3.016286540899071770e+04 3.253982517416092346e+00 8.826217478597268240e+00 1.064607243139561010e+00 1.834485341796282398e+01 2.191348770747336872e+01 1.500000000000000000e+01 7.234983000000000386e-01 3.013116999999999823e+00 1.906309285971998906e+04 5.551155633824892202e-03
3.305879467705282515e+00 1.054412968215873470e+01 2.926743069682405274e+00 1.672001154985660776e+01 3.572560838227425428e-01 1.530525399999999969e+01 7.001581000000000055e-01 3.097326999999999941e+00 3.016286797658719661e+04 3.255075203986814714e+00 8.825772100007739596e+00 1.060628045047222967e+00 1.834477172322180749e+01 2.191357009052951454e+01 1.500000000000000000e+01 7.234983000000000386e-01 3.013116999999999823e+00 1.906309437268433976e+04 5.907486755467527932e-03
3.304449952448247352e+00 1.054409669072617106e+01 2.926741792332373304e+00 1.671998580803438728e+01 3.571980032039749897e-01 1.530525399999999969e+01 7.001581000000000055e-01 3.097326999999999941e+00 3.016286857061466435e+04 3.254259307772620513e+00 8.825792110782986200e+00 1.059914642179297983e+00 1.834475165981123013e+01 2.191357381567046758e+01 1.500000000000000000e+01 7.234983000000000386e-01 3.013116999999999823e+00 1.906309473408695339e+04 6.052583174471834818e-03
3.304101558757426726e+00 1.054408959586532468e+01 2.926741468025249482e+00 1.671997953915209578e+01 3.571839342309390264e-01 1.530525399999999969e+01 7.001581000000000055e-01 3.097326999999999941e+00 3.016286871572873861e+04 3.254033620048480291e+00 8.825800910825085666e+00 1.059745478135501573e+00 1.834474672982083732e+01 2.191357434727126474e+01 1.500000000000000000e+01 7.234983000000000386e-01 3.013116999999999823e+00 1.906309482265408951e+04 6.089577029026215123e-03
3.304101607992376621e+00 1.054408959586532468e+01 2.926741468025249482e+00 1.671997953915209578e+01 3.571839342309390264e-01 1.530525399999999969e+01 7.001581000000000055e-01 3.097326999999999941e+00 3.016286871572873861e+04 3.254033620048480291e+00 8.825800910825085666e+00 1.059745478135501573e+00 1.834474672982083732e+01 2.191357434727126474e+01 1.500000000000000000e+01 7.234983000000000386e-01 3.013116999999999823e+00 1.906309482265408951e+04 6.089577029026215123e-03
3.304101558757426726e+00 1.054408975298450279e+01 2.926741468025249482e+00 1.671997953915209578e+01 3.571839342309390264e-01 1.530525399999999969e+01 7.001581000000000055e-01 3.097326999999999941e+00 3.016286871572873861e+04 3.254033620048480291e+00 8.825800910825085666e+00 1.059745478135501573e+00 1.834474672982083732e+01 2.191357434727126474e+01 1.500000000000000000e+01 7.234983000000000386e-01 3.013116999999999823e+00 1.906309482265408951e+04 6.089577029026215123e-03
3.304101558757426726e+00 1.054408959586532468e+01 2.926741511637096060e+00 1.671997953915209578e+01 3.571839342309390264e-01 1.530525399999999969e+01 7.001581000000000055e-01 3.097326999999999941e+00 3.016286871572873861e+04 3.254033620048480291e+00 8.825800910825085666e+00 1.059745478135501573e+00 1.834474672982083732e+01 2.191357434727126474e+01 1.500000000000000000e+01 7.234983000000000386e-01 3.013116999999999823e+00 1.906309482265408951e+04 6.089577029026215123e-03
3.304101558757426726e+00 1.054408959586532468e+01 2.926741468025249482e+00 1.671997978829920584e+01 3.571839342309390264e-01 1.530525399999999969e+01 7.001581000000000055e-01 3.097326999999999941e+00 3.016286871572873861e+04 3.254033620048480291e+00 8.825800910825085666e+00 1.059745478135501573e+00 1.834474672982083732e+01 2.191357434727126474e+01 1.500000000000000000e+01 7.234983000000000386e-01 3.013116999999999823e+00 1.906309482265408951e+04 6.089577029026215123e-03
3.304101558757426726e+00 1.054408959586532468e+01 2.926741468025249482e+00 1.671997953915209578e+01 3.571839491321002202e-01 1.530525399999999969e+01 7.001581000000000055e-01 3.097326999999999941e+00 3.016286871572873861e+04 3.254033620048480291e+00 8.825800910825085666e+00 1.059745478135501573e+00 1.834474672982083732e+01 2.191357434727126474e+01 1.500000000000000000e+01 7.234983000000000386e-01 3.013116999999999823e+00 1.906309482265408951e+04 6.089577029026215123e-03
3.304101558757426726e+00 1.054408959586532468e+01 2.926741468025249482e+00 1.671997953915209578e+01 3.571839342309390264e-01 1.530525399999999969e+01 7.001581000000000055e-01 3.097326999999999941e+00 3.016286916519050646e+04 3.254033620048480291e+00 8.825800910825085666e+00 1.059745478135501573e+00 1.834474672982083732e+01 2.191357434727126474e+01 1.500000000000000000e+01 7.234983000000000386e-01 3.013116999999999823e+00 1.906309482265408951e+04 6.089577029026215123e-03
3.304101558757426726e+00 1.054408959586532468e+01 2.926741468025249482e+00 1.671997953915209578e+01 3.571839342309390264e-01 1.530525399999999969e+01 7.001581000000000055e-01 3.097326999999999941e+00 3.016286871572873861e+04 3.254033668537359869e+00 8.825800910825085666e+00 1.059745478135501573e+00 1.834474672982083732e+01 2.191357434727126474e+01 1.500000000000000000e+01 7.234983000000000386e-01 3.013116999999999823e+00 1.906309482265408951e+04 6.089577029026215123e-03
3.304101558757426726e+00 1.054408959586532468e+01 2.926741468025249482e+00 1.671997953915209578e+01 3.571839342309390264e-01 1.530525399999999969e+01 7.001581000000000055e-01 3.097326999999999941e+00 3.016286871572873861e+04 3.254033620048480291e+00 8.825801042339767477e+00 1.059745478135501573e+00 1.834474672982083732e+01 2.191357434727126474e+01 1.500000000000000000e+01 7.234983000000000386e-01 3.013116999999999823e+00 1.906309482265408951e+04 6.089577029026215123e-03
3.304101558757426726e+00 1.054408959586532468e+01 2.926741468025249482e+00 1.671997953915209578e+01 3.571839342309390264e-01 1.530525399999999969e+01 7.001581000000000055e-01 3.097326999999999941e+00 3.016286871572873861e+04 3.254033620048480291e+00 8.825800910825085666e+00 1.059745493926939730e+00 1.834474672982083732e+01 2.191357434727126474e+01 1.500000000000000000e+01 7.234983000000000386e-01 3.013116999999999823e+00 1.906309482265408951e+04 6.089577029026215123e-03
3.304101558757426726e+00 1.054408959586532468e+01 2.926741468025249482e+00 1.671997953915209578e+01 3.571839342309390264e-01 1.530525399999999969e+01 7.001581000000000055e-01 3.097326999999999941e+00 3.016286871572873861e+04 3.254033620048480291e+00 8.825800910825085666e+00 1.059745478135501573e+00 1.834474700317886686e+01 2.191357434727126474e+01 1.500000000000000000e+01 7.234983000000000386e-01 3.013116999999999823e+00 1.906309482265408951e+04 6.089577029026215123e-03
3.304101558757426726e+00 1.054408959586532468e+01 2.926741468025249482e+00 1.671997953915209578e+01 3.571839342309390264e-01 1.530525399999999969e+01 7.001581000000000055e-01 3.097326999999999941e+00 3.016286871572873861e+04 3.254033620048480291e+00 8.825800910825085666e+00 1.059745478135501573e+00 1.834474672982083732e+01 2.191357467380897006e+01 1.500000000000000000e+01 7.234983000000000386e-01 3.013116999999999823e+00 1.906309482265408951e+04 6.089577029026215123e-03
3.304101558757426726e+00 1.054408959586532468e+01 2.926741468025249482e+00 1.671997953915209578e+01 3.571839342309390264e-01 1.530525399999999969e+01 7.001581000000000055e-01 3.097326999999999941e+00 3.016286871572873861e+04 3.254033620048480291e+00 8.825800910825085666e+00 1.059745478135501573e+00 1.834474672982083732e+01 2.191357434727126474e+01 1.500000000000000000e+01 7.234983000000000386e-01 3.013116999999999823e+00 1.906309510671633689e+04 6.089577029026215123e-03
3.304101558757426726e+00 1.054408959586532468e+01 2.926741468025249482e+00 1.671997953915209578e+01 3.571839342309390264e-01 1.530525399999999969e+01 7.001581000000000055e-01 3.097326999999999941e+00 3.016286871572873861e+04 3.254033620048480291e+00 8.825800910825085666e+00 1.059745478135501573e+00 1.834474672982083732e+01 2.191357434727126474e+01 1.500000000000000000e+01 7.234983000000000386e-01 3.013116999999999823e+00 1.906309482265408951e+04 6.089591930187408970e-03
