3.205843000000000220e+00 7.511125999999999969e+00 1.235333999999999932e+00 1.528337999999999867e-05 3.753042800000000057e+01 1.549994700000000059e+01 7.954442999999999930e-01 3.681439999999999824e+00 2.571453499999999985e+04 0.000000000000000000e+00
3.205843047770783549e+00 7.511125999999999969e+00 1.235333999999999932e+00 1.528337999999999867e-05 3.753042800000000057e+01 1.549994700000000059e+01 7.954442999999999930e-01 3.681439999999999824e+00 2.571453499999999985e+04 0.000000000000000000e+00
3.205843000000000220e+00 7.511126111924498971e+00 1.235333999999999932e+00 1.528337999999999867e-05 3.753042800000000057e+01 1.549994700000000059e+01 7.954442999999999930e-01 3.681439999999999824e+00 2.571453499999999985e+04 0.000000000000000000e+00
3.205843000000000220e+00 7.511125999999999969e+00 1.235334018407910905e+00 1.528337999999999867e-05 3.753042800000000057e+01 1.549994700000000059e+01 7.954442999999999930e-01 3.681439999999999824e+00 2.571453499999999985e+04 0.000000000000000000e+00
3.205843000000000220e+00 7.511125999999999969e+00 1.235333999999999932e+00 1.529828116119384633e-05 3.753042800000000057e+01 1.549994700000000059e+01 7.954442999999999930e-01 3.681439999999999824e+00 2.571453499999999985e+04 0.000000000000000000e+00
3.205843000000000220e+00 7.511125999999999969e+00 1.235333999999999932e+00 1.528337999999999867e-05 3.753042855924695687e+01 1.549994700000000059e+01 7.954442999999999930e-01 3.681439999999999824e+00 2.571453499999999985e+04 0.000000000000000000e+00
3.205843000000000220e+00 7.511125999999999969e+00 1.235333999999999932e+00 1.528337999999999867e-05 3.753042800000000057e+01 1.549994700000000059e+01 7.954442999999999930e-01 3.681439999999999824e+00 2.571453538317642960e+04 0.000000000000000000e+00
3.205843000000000220e+00 7.511125999999999969e+00 1.235333999999999932e+00 1.528337999999999867e-05 3.753042800000000057e+01 1.549994700000000059e+01 7.954442999999999930e-01 3.681439999999999824e+00 2.571453499999999985e+04 1.490116119384765625e-08
3.213780764019110947e+00 6.466895062900287705e+00 1.251405438693643069e+00 1.530705414226048321e-05 3.762347019925423552e+01 1.549994700000000059e+01 7.954442999999999930e-01 3.681439999999999824e+00 2.922273164685201846e+04 3.301809313571010904e-03
3.213780811908176105e+00 6.466895062900287705e+00 1.251405438693643069e+00 1.530705414226048321e-05 3.762347019925423552e+01 1.549994700000000059e+01 7.954442999999999930e-01 3.681439999999999824e+00 2.922273164685201846e+04 3.301809313571010904e-03
3.213780764019110947e+00 6.466895159264533177e+00 1.251405438693643069e+00 1.530705414226048321e-05 3.762347019925423552e+01 1.549994700000000059e+01 7.954442999999999930e-01 3.681439999999999824e+00 2.922273164685201846e+04 3.301809313571010904e-03
3.213780764019110947e+00 6.466895062900287705e+00 1.251405457341037142e+00 1.530705414226048321e-05 3.762347019925423552e+01 1.549994700000000059e+01 7.954442999999999930e-01 3.681439999999999824e+00 2.922273164685201846e+04 3.301809313571010904e-03
3.213780764019110947e+00 6.466895062900287705e+00 1.251405438693643069e+00 1.532195530345433087e-05 3.762347019925423552e+01 1.549994700000000059e+01 7.954442999999999930e-01 3.681439999999999824e+00 2.922273164685201846e+04 3.301809313571010904e-03
3.213780764019110947e+00 6.466895062900287705e+00 1.251405438693643069e+00 1.530705414226048321e-05 3.762347075988763123e+01 1.549994700000000059e+01 7.954442999999999930e-01 3.681439999999999824e+00 2.922273164685201846e+04 3.301809313571010904e-03
3.213780764019110947e+00 6.466895062900287705e+00 1.251405438693643069e+00 1.530705414226048321e-05 3.762347019925423552e+01 1.549994700000000059e+01 7.954442999999999930e-01 3.681439999999999824e+00 2.922273208230465389e+04 3.301809313571010904e-03
3.213780764019110947e+00 6.466895062900287705e+00 1.251405438693643069e+00 1.530705414226048321e-05 3.762347019925423552e+01 1.549994700000000059e+01 7.954442999999999930e-01 3.681439999999999824e+00 2.922273164685201846e+04 3.301824214732204752e-03
3.221049955442846890e+00 6.529474783763361323e+00 1.262024234276247769e+00 1.531770953339123484e-05 3.771676048161283035e+01 1.549994700000000059e+01 7.954442999999999930e-01 3.681439999999999824e+00 2.975671853336124695e+04 3.237565186659904955e-03
3.221050003440231624e+00 6.529474783763361323e+00 1.262024234276247769e+00 1.531770953339123484e-05 3.771676048161283035e+01 1.549994700000000059e+01 7.954442999999999930e-01 3.681439999999999824e+00 2.975671853336124695e+04 3.237565186659904955e-03
3.221049955442846890e+00 6.529474881060117752e+00 1.262024234276247769e+00 1.531770953339123484e-05 3.771676048161283035e+01 1.549994700000000059e+01 7.954442999999999930e-01 3.681439999999999824e+00 2.975671853336124695e+04 3.237565186659904955e-03
3.221049955442846890e+00 6.529474783763361323e+00 1.262024253081874381e+00 1.531770953339123484e-05 3.771676048161283035e+01 1.549994700000000059e+01 7.954442999999999930e-01 3.681439999999999824e+00 2.975671853336124695e+04 3.237565186659904955e-03
3.221049955442846890e+00 6.529474783763361323e+00 1.262024234276247769e+00 1.533261069458508250e-05 3.771676048161283035e+01 1.549994700000000059e+01 7.954442999999999930e-01 3.681439999999999824e+00 2.975671853336124695e+04 3.237565186659904955e-03
3.221049955442846890e+00 6.529474783763361323e+00 1.262024234276247769e+00 1.531770953339123484e-05 3.771676104363636028e+01 1.549994700000000059e+01 7.954442999999999930e-01 3.681439999999999824e+00 2.975671853336124695e+04 3.237565186659904955e-03
3.221049955442846890e+00 6.529474783763361323e+00 1.262024234276247769e+00 1.531770953339123484e-05 3.771676048161283035e+01 1.549994700000000059e+01 7.954442999999999930e-01 3.681439999999999824e+00 2.975671897677090601e+04 3.237565186659904955e-03
3.221049955442846890e+00 6.529474783763361323e+00 1.262024234276247769e+00 1.531770953339123484e-05 3.771676048161283035e+01 1.549994700000000059e+01 7.954442999999999930e-01 3.681439999999999824e+00 2.975671853336124695e+04 3.237580087821098802e-03
3.221047710177199708e+00 6.529474756502682276e+00 1.262251566289152915e+00 1.732938736643348937e-02 3.772552753263478564e+01 1.549994700000000059e+01 7.954442999999999930e-01 3.681439999999999824e+00 2.975670357157013495e+04 3.238582597143170247e-03
3.221047758174550690e+00 6.529474756502682276e+00 1.262251566289152915e+00 1.732938736643348937e-02 3.772552753263478564e+01 1.549994700000000059e+01 7.954442999999999930e-01 3.681439999999999824e+00 2.975670357157013495e+04 3.238582597143170247e-03
3.221047710177199708e+00 6.529474853799437817e+00 1.262251566289152915e+00 1.732938736643348937e-02 3.772552753263478564e+01 1.549994700000000059e+01 7.954442999999999930e-01 3.681439999999999824e+00 2.975670357157013495e+04 3.238582597143170247e-03
3.221047710177199708e+00 6.529474756502682276e+00 1.262251585098167039e+00 1.732938736643348937e-02 3.772552753263478564e+01 1.549994700000000059e+01 7.954442999999999930e-01 3.681439999999999824e+00 2.975670357157013495e+04 3.238582597143170247e-03
3.221047710177199708e+00 6.529474756502682276e+00 1.262251566289152915e+00 1.732940226759468322e-02 3.772552753263478564e+01 1.549994700000000059e+01 7.954442999999999930e-01 3.681439999999999824e+00 2.975670357157013495e+04 3.238582597143170247e-03
3.221047710177199708e+00 6.529474756502682276e+00 1.262251566289152915e+00 1.732938736643348937e-02 3.772552809478895597e+01 1.549994700000000059e+01 7.954442999999999930e-01 3.681439999999999824e+00 2.975670357157013495e+04 3.238582597143170247e-03
3.221047710177199708e+00 6.529474756502682276e+00 1.262251566289152915e+00 1.732938736643348937e-02 3.772552753263478564e+01 1.549994700000000059e+01 7.954442999999999930e-01 3.681439999999999824e+00 2.975670401497957209e+04 3.238582597143170247e-03
3.221047710177199708e+00 6.529474756502682276e+00 1.262251566289152915e+00 1.732938736643348937e-02 3.772552753263478564e+01 1.549994700000000059e+01 7.954442999999999930e-01 3.681439999999999824e+00 2.975670357157013495e+04 3.238597498304364095e-03
3.271189848857591453e+00 6.043025233333614743e+00 1.392265038959193735e+00 1.740316728035828583e-02 3.836447405904977614e+01 1.549994700000000059e+01 7.954442999999999930e-01 3.681439999999999824e+00 3.668309361250454822e+04 5.679151672756825413e-03
3.225408813442280920e+00 6.305247490465035298e+00 1.314082260923719048e+00 1.626745374697925739e-02 3.778318935808987789e+01 1.549994700000000059e+01 7.954442999999999930e-01 3.681439999999999824e+00 3.148830107134714854e+04 3.419355541261259127e-03
3.225408861504617697e+00 6.305247490465035298e+00 1.314082260923719048e+00 1.626745374697925739e-02 3.778318935808987789e+01 1.549994700000000059e+01 7.954442999999999930e-01 3.681439999999999824e+00 3.148830107134714854e+04 3.419355541261259127e-03
3.225408813442280920e+00 6.305247584420544449e+00 1.314082260923719048e+00 1.626745374697925739e-02 3.778318935808987789e+01 1.549994700000000059e+01 7.954442999999999930e-01 3.681439999999999824e+00 3.148830107134714854e+04 3.419355541261259127e-03
3.225408813442280920e+00 6.305247490465035298e+00 1.314082280505070699e+00 1.626745374697925739e-02 3.778318935808987789e+01 1.549994700000000059e+01 7.954442999999999930e-01 3.681439999999999824e+00 3.148830107134714854e+04 3.419355541261259127e-03
3.225408813442280920e+00 6.305247490465035298e+00 1.314082260923719048e+00 1.626746864814045124e-02 3.778318935808987789e+01 1.549994700000000059e+01 7.954442999999999930e-01 3.681439999999999824e+00 3.148830107134714854e+04 3.419355541261259127e-03
3.225408813442280920e+00 6.305247490465035298e+00 1.314082260923719048e+00 1.626745374697925739e-02 3.778318992110327201e+01 1.549994700000000059e+01 7.954442999999999930e-01 3.681439999999999824e+00 3.148830107134714854e+04 3.419355541261259127e-03
3.225408813442280920e+00 6.305247490465035298e+00 1.314082260923719048e+00 1.626745374697925739e-02 3.778318935808987789e+01 1.549994700000000059e+01 7.954442999999999930e-01 3.681439999999999824e+00 3.148830154055939784e+04 3.419355541261259127e-03
3.225408813442280920e+00 6.305247490465035298e+00 1.314082260923719048e+00 1.626745374697925739e-02 3.778318935808987789e+01 1.549994700000000059e+01 7.954442999999999930e-01 3.681439999999999824e+00 3.148830107134714854e+04 3.419370442422452975e-03
3.225442700032612020e+00 6.305247456116637395e+00 1.314572063493219423e+00 4.521193938344936214e-03 3.780474409594992835e+01 1.549994700000000059e+01 7.954442999999999930e-01 3.681439999999999824e+00 3.148825832418408390e+04 3.421463147967966894e-03
3.225442748095453727e+00 6.305247456116637395e+00 1.314572063493219423e+00 4.521193938344936214e-03 3.780474409594992835e+01 1.549994700000000059e+01 7.954442999999999930e-01 3.681439999999999824e+00 3.148825832418408390e+04 3.421463147967966894e-03
3.225442700032612020e+00 6.305247550072146545e+00 1.314572063493219423e+00 4.521193938344936214e-03 3.780474409594992835e+01 1.549994700000000059e+01 7.954442999999999930e-01 3.681439999999999824e+00 3.148825832418408390e+04 3.421463147967966894e-03
3.225442700032612020e+00 6.305247456116637395e+00 1.314572083081869680e+00 4.521193938344936214e-03 3.780474409594992835e+01 1.549994700000000059e+01 7.954442999999999930e-01 3.681439999999999824e+00 3.148825832418408390e+04 3.421463147967966894e-03
3.225442700032612020e+00 6.305247456116637395e+00 1.314572063493219423e+00 4.521208839506130062e-03 3.780474409594992835e+01 1.549994700000000059e+01 7.954442999999999930e-01 3.681439999999999824e+00 3.148825832418408390e+04 3.421463147967966894e-03
3.225442700032612020e+00 6.305247456116637395e+00 1.314572063493219423e+00 4.521193938344936214e-03 3.780474465928451622e+01 1.549994700000000059e+01 7.954442999999999930e-01 3.681439999999999824e+00 3.148825832418408390e+04 3.421463147967966894e-03
3.225442700032612020e+00 6.305247456116637395e+00 1.314572063493219423e+00 4.521193938344936214e-03 3.780474409594992835e+01 1.549994700000000059e+01 7.954442999999999930e-01 3.681439999999999824e+00 3.148825879339569656e+04 3.421463147967966894e-03
3.225442700032612020e+00 6.305247456116637395e+00 1.314572063493219423e+00 4.521193938344936214e-03 3.780474409594992835e+01 1.549994700000000059e+01 7.954442999999999930e-01 3.681439999999999824e+00 3.148825832418408390e+04 3.421478049129160742e-03
3.244644182681851952e+00 6.316505805364176496e+00 1.332659948407252326e+00 4.278184817471391774e-03 3.807941665665677533e+01 1.549994700000000059e+01 7.954442999999999930e-01 3.681439999999999824e+00 3.321985583841764310e+04 4.307823256325128344e-03
3.244644231030818116e+00 6.316505805364176496e+00 1.332659948407252326e+00 4.278184817471391774e-03 3.807941665665677533e+01 1.549994700000000059e+01 7.954442999999999930e-01 3.681439999999999824e+00 3.321985583841764310e+04 4.307823256325128344e-03
3.244644182681851952e+00 6.316505899487447451e+00 1.332659948407252326e+00 4.278184817471391774e-03 3.807941665665677533e+01 1.549994700000000059e+01 7.954442999999999930e-01 3.681439999999999824e+00 3.321985583841764310e+04 4.307823256325128344e-03
3.244644182681851952e+00 6.316505805364176496e+00 1.332659968265432981e+00 4.278184817471391774e-03 3.807941665665677533e+01 1.549994700000000059e+01 7.954442999999999930e-01 3.681439999999999824e+00 3.321985583841764310e+04 4.307823256325128344e-03
3.244644182681851952e+00 6.316505805364176496e+00 1.332659948407252326e+00 4.278199718632585621e-03 3.807941665665677533e+01 1.549994700000000059e+01 7.954442999999999930e-01 3.681439999999999824e+00 3.321985583841764310e+04 4.307823256325128344e-03
3.244644182681851952e+00 6.316505805364176496e+00 1.332659948407252326e+00 4.278184817471391774e-03 3.807941722408430252e+01 1.549994700000000059e+01 7.954442999999999930e-01 3.681439999999999824e+00 3.321985583841764310e+04 4.307823256325128344e-03
3.244644182681851952e+00 6.316505805364176496e+00 1.332659948407252326e+00 4.278184817471391774e-03 3.807941665665677533e+01 1.549994700000000059e+01 7.954442999999999930e-01 3.681439999999999824e+00 3.321985633343207155e+04 4.307823256325128344e-03
3.244644182681851952e+00 6.316505805364176496e+00 1.332659948407252326e+00 4.278184817471391774e-03 3.807941665665677533e+01 1.549994700000000059e+01 7.954442999999999930e-01 3.681439999999999824e+00 3.321985583841764310e+04 4.307838157486322192e-03
3.244674181349490816e+00 6.316505814404785646e+00 1.332790021332517449e+00 1.234646737331006848e-03 3.808350129339540047e+01 1.549994700000000059e+01 7.954442999999999930e-01 3.681439999999999824e+00 3.321981849603466253e+04 4.308194851151238465e-03
3.244674229698903734e+00 6.316505814404785646e+00 1.332790021332517449e+00 1.234646737331006848e-03 3.808350129339540047e+01 1.549994700000000059e+01 7.954442999999999930e-01 3.681439999999999824e+00 3.321981849603466253e+04 4.308194851151238465e-03
3.244674181349490816e+00 6.316505908528056601e+00 1.332790021332517449e+00 1.234646737331006848e-03 3.808350129339540047e+01 1.549994700000000059e+01 7.954442999999999930e-01 3.681439999999999824e+00 3.321981849603466253e+04 4.308194851151238465e-03
3.244674181349490816e+00 6.316505814404785646e+00 1.332790041192636332e+00 1.234646737331006848e-03 3.808350129339540047e+01 1.549994700000000059e+01 7.954442999999999930e-01 3.681439999999999824e+00 3.321981849603466253e+04 4.308194851151238465e-03
3.244674181349490816e+00 6.316505814404785646e+00 1.332790021332517449e+00 1.234661638492200696e-03 3.808350129339540047e+01 1.549994700000000059e+01 7.954442999999999930e-01 3.681439999999999824e+00 3.321981849603466253e+04 4.308194851151238465e-03
3.244674181349490816e+00 6.316505814404785646e+00 1.332790021332517449e+00 1.234646737331006848e-03 3.808350186088379274e+01 1.549994700000000059e+01 7.954442999999999930e-01 3.681439999999999824e+00 3.321981849603466253e+04 4.308194851151238465e-03
3.244674181349490816e+00 6.316505814404785646e+00 1.332790021332517449e+00 1.234646737331006848e-03 3.808350129339540047e+01 1.549994700000000059e+01 7.954442999999999930e-01 3.681439999999999824e+00 3.321981899104853073e+04 4.308194851151238465e-03
3.244674181349490816e+00 6.316505814404785646e+00 1.332790021332517449e+00 1.234646737331006848e-03 3.808350129339540047e+01 1.549994700000000059e+01 7.954442999999999930e-01 3.681439999999999824e+00 3.321981849603466253e+04 4.308209752312432313e-03
3.275977637374269058e+00 6.152295320328253325e+00 1.382786661536607786e+00 1.066300682577647025e-03 3.848117098575765027e+01 1.549994700000000059e+01 7.954442999999999930e-01 3.681439999999999824e+00 3.668301352113476605e+04 5.316296393533093134e-03
3.253389652085710182e+00 6.285261146495234819e+00 1.342893431024452466e+00 1.022722183339108215e-03 3.819484400945518132e+01 1.549994700000000059e+01 7.954442999999999930e-01 3.681439999999999824e+00 3.408561725268172449e+04 4.614660991416003576e-03
3.253389700564993881e+00 6.285261146495234819e+00 1.342893431024452466e+00 1.022722183339108215e-03 3.819484400945518132e+01 1.549994700000000059e+01 7.954442999999999930e-01 3.681439999999999824e+00 3.408561725268172449e+04 4.614660991416003576e-03
3.253389652085710182e+00 6.285261240152924422e+00 1.342893431024452466e+00 1.022722183339108215e-03 3.819484400945518132e+01 1.549994700000000059e+01 7.954442999999999930e-01 3.681439999999999824e+00 3.408561725268172449e+04 4.614660991416003576e-03
3.253389652085710182e+00 6.285261146495234819e+00 1.342893451035124031e+00 1.022722183339108215e-03 3.819484400945518132e+01 1.549994700000000059e+01 7.954442999999999930e-01 3.681439999999999824e+00 3.408561725268172449e+04 4.614660991416003576e-03
3.253389652085710182e+00 6.285261146495234819e+00 1.342893431024452466e+00 1.022737084500302063e-03 3.819484400945518132e+01 1.549994700000000059e+01 7.954442999999999930e-01 3.681439999999999824e+00 3.408561725268172449e+04 4.614660991416003576e-03
3.253389652085710182e+00 6.285261146495234819e+00 1.342893431024452466e+00 1.022722183339108215e-03 3.819484457860271220e+01 1.549994700000000059e+01 7.954442999999999930e-01 3.681439999999999824e+00 3.408561725268172449e+04 4.614660991416003576e-03
3.253389652085710182e+00 6.285261146495234819e+00 1.342893431024452466e+00 1.022722183339108215e-03 3.819484400945518132e+01 1.549994700000000059e+01 7.954442999999999930e-01 3.681439999999999824e+00 3.408561776059700060e+04 4.614660991416003576e-03
3.253389652085710182e+00 6.285261146495234819e+00 1.342893431024452466e+00 1.022722183339108215e-03 3.819484400945518132e+01 1.549994700000000059e+01 7.954442999999999930e-01 3.681439999999999824e+00 3.408561725268172449e+04 4.614675892577197423e-03
3.253391466509916619e+00 6.285260761547466046e+00 1.342894370858052300e+00 1.022771318633638148e-03 3.819484403166022446e+01 1.549994700000000059e+01 7.954442999999999930e-01 3.681439999999999824e+00 3.408561725131960702e+04 4.633582523824018688e-03
3.253391514989227407e+00 6.285260761547466046e+00 1.342894370858052300e+00 1.022771318633638148e-03 3.819484403166022446e+01 1.549994700000000059e+01 7.954442999999999930e-01 3.681439999999999824e+00 3.408561725131960702e+04 4.633582523824018688e-03
3.253391466509916619e+00 6.285260855205149433e+00 1.342894370858052300e+00 1.022771318633638148e-03 3.819484403166022446e+01 1.549994700000000059e+01 7.954442999999999930e-01 3.681439999999999824e+00 3.408561725131960702e+04 4.633582523824018688e-03
3.253391466509916619e+00 6.285260761547466046e+00 1.342894390868737853e+00 1.022771318633638148e-03 3.819484403166022446e+01 1.549994700000000059e+01 7.954442999999999930e-01 3.681439999999999824e+00 3.408561725131960702e+04 4.633582523824018688e-03
3.253391466509916619e+00 6.285260761547466046e+00 1.342894370858052300e+00 1.022786219794831995e-03 3.819484403166022446e+01 1.549994700000000059e+01 7.954442999999999930e-01 3.681439999999999824e+00 3.408561725131960702e+04 4.633582523824018688e-03
3.253391466509916619e+00 6.285260761547466046e+00 1.342894370858052300e+00 1.022771318633638148e-03 3.819484460080775534e+01 1.549994700000000059e+01 7.954442999999999930e-01 3.681439999999999824e+00 3.408561725131960702e+04 4.633582523824018688e-03
3.253391466509916619e+00 6.285260761547466046e+00 1.342894370858052300e+00 1.022771318633638148e-03 3.819484403166022446e+01 1.549994700000000059e+01 7.954442999999999930e-01 3.681439999999999824e+00 3.408561775923488312e+04 4.633582523824018688e-03
3.253391466509916619e+00 6.285260761547466046e+00 1.342894370858052300e+00 1.022771318633638148e-03 3.819484403166022446e+01 1.549994700000000059e+01 7.954442999999999930e-01 3.681439999999999824e+00 3.408561725131960702e+04 4.633597424985212536e-03
