3.205843000000000220e+00 7.511125999999999969e+00 1.235333999999999932e+00 1.528337999999999867e-05 3.753042800000000057e+01 1.549994700000000059e+01 7.954442999999999930e-01 3.681439999999999824e+00 2.571453499999999985e+04 0.000000000000000000e+00
3.205843047770783549e+00 7.511125999999999969e+00 1.235333999999999932e+00 1.528337999999999867e-05 3.753042800000000057e+01 1.549994700000000059e+01 7.954442999999999930e-01 3.681439999999999824e+00 2.571453499999999985e+04 0.000000000000000000e+00
3.205843000000000220e+00 7.511126111924498971e+00 1.235333999999999932e+00 1.528337999999999867e-05 3.753042800000000057e+01 1.549994700000000059e+01 7.954442999999999930e-01 3.681439999999999824e+00 2.571453499999999985e+04 0.000000000000000000e+00
3.205843000000000220e+00 7.511125999999999969e+00 1.235334018407910905e+00 1.528337999999999867e-05 3.753042800000000057e+01 1.549994700000000059e+01 7.954442999999999930e-01 3.681439999999999824e+00 2.571453499999999985e+04 0.000000000000000000e+00
3.205843000000000220e+00 7.511125999999999969e+00 1.235333999999999932e+00 1.529828116119384633e-05 3.753042800000000057e+01 1.549994700000000059e+01 7.954442999999999930e-01 3.681439999999999824e+00 2.571453499999999985e+04 0.000000000000000000e+00
3.205843000000000220e+00 7.511125999999999969e+00 1.235333999999999932e+00 1.528337999999999867e-05 3.753042855924695687e+01 1.549994700000000059e+01 7.954442999999999930e-01 3.681439999999999824e+00 2.571453499999999985e+04 0.000000000000000000e+00
3.205843000000000220e+00 7.511125999999999969e+00 1.235333999999999932e+00 1.528337999999999867e-05 3.753042800000000057e+01 1.549994700000000059e+01 7.954442999999999930e-01 3.681439999999999824e+00 2.571453538317642960e+04 0.000000000000000000e+00
3.205843000000000220e+00 7.511125999999999969e+00 1.235333999999999932e+00 1.528337999999999867e-05 3.753042800000000057e+01 1.549994700000000059e+01 7.954442999999999930e-01 3.681439999999999824e+00 2.571453499999999985e+04 1.490116119384765625e-08
3.134959339123816857e+00 7.511125716638209049e+00 1.679504616298546082e+00 3.207145298477731110e+00 2.300211736858414469e+01 1.549994700000000059e+01 7.954442999999999930e-01 3.681439999999999824e+00 2.571453470346517861e+04 -3.548212346197621592e-04
3.197952863189240880e+00 7.511118500006577214e+00 1.432214530957736764e+00 9.968447732580894005e-01 3.395062431068866715e+01 1.549994700000000059e+01 7.954442999999999930e-01 3.681439999999999824e+00 2.571452830809084480e+04 -3.469783797671392961e-04
3.197952910842452035e+00 7.511118500006577214e+00 1.432214530957736764e+00 9.968447732580894005e-01 3.395062431068866715e+01 1.549994700000000059e+01 7.954442999999999930e-01 3.681439999999999824e+00 2.571452830809084480e+04 -3.469783797671392961e-04
3.197952863189240880e+00 7.511118611930964306e+00 1.432214530957736764e+00 9.968447732580894005e-01 3.395062431068866715e+01 1.549994700000000059e+01 7.954442999999999930e-01 3.681439999999999824e+00 2.571452830809084480e+04 -3.469783797671392961e-04
3.197952863189240880e+00 7.511118500006577214e+00 1.432214552299396315e+00 9.968447732580894005e-01 3.395062431068866715e+01 1.549994700000000059e+01 7.954442999999999930e-01 3.681439999999999824e+00 2.571452830809084480e+04 -3.469783797671392961e-04
3.197952863189240880e+00 7.511118500006577214e+00 1.432214530957736764e+00 9.968447881592505944e-01 3.395062431068866715e+01 1.549994700000000059e+01 7.954442999999999930e-01 3.681439999999999824e+00 2.571452830809084480e+04 -3.469783797671392961e-04
3.197952863189240880e+00 7.511118500006577214e+00 1.432214530957736764e+00 9.968447732580894005e-01 3.395062481659239495e+01 1.549994700000000059e+01 7.954442999999999930e-01 3.681439999999999824e+00 2.571452830809084480e+04 -3.469783797671392961e-04
3.197952863189240880e+00 7.511118500006577214e+00 1.432214530957736764e+00 9.968447732580894005e-01 3.395062431068866715e+01 1.549994700000000059e+01 7.954442999999999930e-01 3.681439999999999824e+00 2.571452869126717633e+04 -3.469783797671392961e-04
3.197952863189240880e+00 7.511118500006577214e+00 1.432214530957736764e+00 9.968447732580894005e-01 3.395062431068866715e+01 1.549994700000000059e+01 7.954442999999999930e-01 3.681439999999999824e+00 2.571452830809084480e+04 -3.469932809283331437e-04
3.215969354234158306e+00 7.511120830940315685e+00 1.434451709202243075e+00 4.074294537575958719e-01 3.524854716953963418e+01 1.549994700000000059e+01 7.954442999999999930e-01 3.681439999999999824e+00 2.571453135454560470e+04 -3.767478456648880271e-04
3.215969402155836043e+00 7.511120830940315685e+00 1.434451709202243075e+00 4.074294537575958719e-01 3.524854716953963418e+01 1.549994700000000059e+01 7.954442999999999930e-01 3.681439999999999824e+00 2.571453135454560470e+04 -3.767478456648880271e-04
3.215969354234158306e+00 7.511120942864738304e+00 1.434451709202243075e+00 4.074294537575958719e-01 3.524854716953963418e+01 1.549994700000000059e+01 7.954442999999999930e-01 3.681439999999999824e+00 2.571453135454560470e+04 -3.767478456648880271e-04
3.215969354234158306e+00 7.511120830940315685e+00 1.434451730577239292e+00 4.074294537575958719e-01 3.524854716953963418e+01 1.549994700000000059e+01 7.954442999999999930e-01 3.681439999999999824e+00 2.571453135454560470e+04 -3.767478456648880271e-04
3.215969354234158306e+00 7.511120830940315685e+00 1.434451709202243075e+00 4.074294686587570657e-01 3.524854716953963418e+01 1.549994700000000059e+01 7.954442999999999930e-01 3.681439999999999824e+00 2.571453135454560470e+04 -3.767478456648880271e-04
3.215969354234158306e+00 7.511120830940315685e+00 1.434451709202243075e+00 4.074294537575958719e-01 3.524854769478391603e+01 1.549994700000000059e+01 7.954442999999999930e-01 3.681439999999999824e+00 2.571453135454560470e+04 -3.767478456648880271e-04
3.215969354234158306e+00 7.511120830940315685e+00 1.434451709202243075e+00 4.074294537575958719e-01 3.524854716953963418e+01 1.549994700000000059e+01 7.954442999999999930e-01 3.681439999999999824e+00 2.571453173772197988e+04 -3.767478456648880271e-04
3.215969354234158306e+00 7.511120830940315685e+00 1.434451709202243075e+00 4.074294537575958719e-01 3.524854716953963418e+01 1.549994700000000059e+01 7.954442999999999930e-01 3.681439999999999824e+00 2.571453135454560470e+04 -3.767627468260818747e-04
3.214741965411869185e+00 7.540208862021799519e+00 1.433545378575431295e+00 4.072090849409643054e-01 3.523299519507283151e+01 1.549994700000000059e+01 7.954442999999999930e-01 3.681439999999999824e+00 2.572197373971988782e+04 -3.048341507389425707e-04
3.214742013315257552e+00 7.540208862021799519e+00 1.433545378575431295e+00 4.072090849409643054e-01 3.523299519507283151e+01 1.549994700000000059e+01 7.954442999999999930e-01 3.681439999999999824e+00 2.572197373971988782e+04 -3.048341507389425707e-04
3.214741965411869185e+00 7.540208974379667417e+00 1.433545378575431295e+00 4.072090849409643054e-01 3.523299519507283151e+01 1.549994700000000059e+01 7.954442999999999930e-01 3.681439999999999824e+00 2.572197373971988782e+04 -3.048341507389425707e-04
3.214741965411869185e+00 7.540208862021799519e+00 1.433545399936922093e+00 4.072090849409643054e-01 3.523299519507283151e+01 1.549994700000000059e+01 7.954442999999999930e-01 3.681439999999999824e+00 2.572197373971988782e+04 -3.048341507389425707e-04
3.214741965411869185e+00 7.540208862021799519e+00 1.433545378575431295e+00 4.072090998421254993e-01 3.523299519507283151e+01 1.549994700000000059e+01 7.954442999999999930e-01 3.681439999999999824e+00 2.572197373971988782e+04 -3.048341507389425707e-04
3.214741965411869185e+00 7.540208862021799519e+00 1.433545378575431295e+00 4.072090849409643054e-01 3.523299572008536984e+01 1.549994700000000059e+01 7.954442999999999930e-01 3.681439999999999824e+00 2.572197373971988782e+04 -3.048341507389425707e-04
3.214741965411869185e+00 7.540208862021799519e+00 1.433545378575431295e+00 4.072090849409643054e-01 3.523299519507283151e+01 1.549994700000000059e+01 7.954442999999999930e-01 3.681439999999999824e+00 2.572197412300716314e+04 -3.048341507389425707e-04
3.214741965411869185e+00 7.540208862021799519e+00 1.433545378575431295e+00 4.072090849409643054e-01 3.523299519507283151e+01 1.549994700000000059e+01 7.954442999999999930e-01 3.681439999999999824e+00 2.572197373971988782e+04 -3.048490519001364183e-04
3.225138942547021603e+00 7.464940444110236939e+00 1.402379012860781149e+00 4.023114682785612350e-01 3.537304069411832330e+01 1.549994700000000059e+01 7.954442999999999930e-01 3.681439999999999824e+00 2.573685838995868835e+04 -5.432483915073280491e-04
3.225015592305210621e+00 7.466077199456455205e+00 1.402251757730005988e+00 4.022828539955002891e-01 3.537150179875275313e+01 1.549994700000000059e+01 7.954442999999999930e-01 3.681439999999999824e+00 2.572569404511043103e+04 -5.476969617213355663e-04
3.224984790592690498e+00 7.466363505435807291e+00 1.402219922658079376e+00 4.022757411124907034e-01 3.537111364579463668e+01 1.549994700000000059e+01 7.954442999999999930e-01 3.681439999999999824e+00 2.572290039846420405e+04 -5.488051509486002733e-04
3.224977265361331114e+00 7.466444168034271911e+00 1.402211834964716797e+00 4.022741350304298025e-01 3.537100190228617436e+01 1.549994700000000059e+01 7.954442999999999930e-01 3.681439999999999824e+00 2.572219130034945556e+04 -5.490650910464117858e-04
3.225862907512454747e+00 7.491584552124752605e+00 1.402307226372544680e+00 4.030742707194602259e-01 3.532782115213468188e+01 1.549994700000000059e+01 7.954442999999999930e-01 3.681439999999999824e+00 2.572197379800370982e+04 -4.819573089717823838e-04
3.221574136581278225e+00 7.538701137934609164e+00 1.416859379047817891e+00 4.069350067473581078e-01 3.523485113353513754e+01 1.549994700000000059e+01 7.954442999999999930e-01 3.681439999999999824e+00 2.572197374026474063e+04 -3.310902564982179321e-04
3.216346118982732261e+00 7.539975311920383838e+00 1.429338508233252369e+00 4.071633827968007546e-01 3.523311393653818868e+01 1.549994700000000059e+01 7.954442999999999930e-01 3.681439999999999824e+00 2.572197373980552220e+04 -3.054257867574900051e-04
3.215026920803529364e+00 7.540155719665882827e+00 1.432476506619775547e+00 4.071981032486765573e-01 3.523299714891205525e+01 1.549994700000000059e+01 7.954442999999999930e-01 3.681439999999999824e+00 2.572197373974030779e+04 -2.994045445300977382e-04
3.215026968711163669e+00 7.540155719665882827e+00 1.432476506619775547e+00 4.071981032486765573e-01 3.523299714891205525e+01 1.549994700000000059e+01 7.954442999999999930e-01 3.681439999999999824e+00 2.572197373974030779e+04 -2.994045445300977382e-04
3.215026920803529364e+00 7.540155832022958471e+00 1.432476506619775547e+00 4.071981032486765573e-01 3.523299714891205525e+01 1.549994700000000059e+01 7.954442999999999930e-01 3.681439999999999824e+00 2.572197373974030779e+04 -2.994045445300977382e-04
3.215026920803529364e+00 7.540155719665882827e+00 1.432476527965338864e+00 4.071981032486765573e-01 3.523299714891205525e+01 1.549994700000000059e+01 7.954442999999999930e-01 3.681439999999999824e+00 2.572197373974030779e+04 -2.994045445300977382e-04
3.215026920803529364e+00 7.540155719665882827e+00 1.432476506619775547e+00 4.071981181498377511e-01 3.523299714891205525e+01 1.549994700000000059e+01 7.954442999999999930e-01 3.681439999999999824e+00 2.572197373974030779e+04 -2.994045445300977382e-04
3.215026920803529364e+00 7.540155719665882827e+00 1.432476506619775547e+00 4.071981032486765573e-01 3.523299767392462201e+01 1.549994700000000059e+01 7.954442999999999930e-01 3.681439999999999824e+00 2.572197373974030779e+04 -2.994045445300977382e-04
3.215026920803529364e+00 7.540155719665882827e+00 1.432476506619775547e+00 4.071981032486765573e-01 3.523299714891205525e+01 1.549994700000000059e+01 7.954442999999999930e-01 3.681439999999999824e+00 2.572197412302758312e+04 -2.994045445300977382e-04
3.215026920803529364e+00 7.540155719665882827e+00 1.432476506619775547e+00 4.071981032486765573e-01 3.523299714891205525e+01 1.549994700000000059e+01 7.954442999999999930e-01 3.681439999999999824e+00 2.572197373974030779e+04 -2.994194456912915858e-04
3.215365597618699667e+00 7.540102173673130181e+00 1.431415062714216591e+00 4.071868421222629153e-01 3.523299913527202420e+01 1.549994700000000059e+01 7.954442999999999930e-01 3.681439999999999824e+00 2.572197373976092422e+04 -3.015970506886019357e-04
3.215097662214501106e+00 7.540142774713837426e+00 1.432209302898258763e+00 4.071953227361523320e-01 3.523299531526625117e+01 1.549994700000000059e+01 7.954442999999999930e-01 3.681439999999999824e+00 2.572197373974539005e+04 -3.000941158074881552e-04
3.215097710123189678e+00 7.540142774713837426e+00 1.432209302898258763e+00 4.071953227361523320e-01 3.523299531526625117e+01 1.549994700000000059e+01 7.954442999999999930e-01 3.681439999999999824e+00 2.572197373974539005e+04 -3.000941158074881552e-04
3.215097662214501106e+00 7.540142887070720334e+00 1.432209302898258763e+00 4.071953227361523320e-01 3.523299531526625117e+01 1.549994700000000059e+01 7.954442999999999930e-01 3.681439999999999824e+00 2.572197373974539005e+04 -3.000941158074881552e-04
3.215097662214501106e+00 7.540142774713837426e+00 1.432209324239840376e+00 4.071953227361523320e-01 3.523299531526625117e+01 1.549994700000000059e+01 7.954442999999999930e-01 3.681439999999999824e+00 2.572197373974539005e+04 -3.000941158074881552e-04
3.215097662214501106e+00 7.540142774713837426e+00 1.432209302898258763e+00 4.071953376373135258e-01 3.523299531526625117e+01 1.549994700000000059e+01 7.954442999999999930e-01 3.681439999999999824e+00 2.572197373974539005e+04 -3.000941158074881552e-04
3.215097662214501106e+00 7.540142774713837426e+00 1.432209302898258763e+00 4.071953227361523320e-01 3.523299584027879661e+01 1.549994700000000059e+01 7.954442999999999930e-01 3.681439999999999824e+00 2.572197373974539005e+04 -3.000941158074881552e-04
3.215097662214501106e+00 7.540142774713837426e+00 1.432209302898258763e+00 4.071953227361523320e-01 3.523299531526625117e+01 1.549994700000000059e+01 7.954442999999999930e-01 3.681439999999999824e+00 2.572197412303266537e+04 -3.000941158074881552e-04
3.215097662214501106e+00 7.540142774713837426e+00 1.432209302898258763e+00 4.071953227361523320e-01 3.523299531526625117e+01 1.549994700000000059e+01 7.954442999999999930e-01 3.681439999999999824e+00 2.572197373974539005e+04 -3.001090169686820028e-04
3.215242305536337053e+00 7.539880407670621842e+00 1.431789681788017132e+00 4.071810007376828189e-01 3.523299619529455384e+01 1.549994700000000059e+01 7.954442999999999930e-01 3.681439999999999824e+00 2.572197401737318069e+04 -3.014574757521467545e-04
3.215137005570750883e+00 7.540076665219316965e+00 1.432105590154619801e+00 4.071918088219785847e-01 3.523299556971311119e+01 1.549994700000000059e+01 7.954442999999999930e-01 3.681439999999999824e+00 2.572197380773083205e+04 -3.002577190268753749e-04
3.215137053480025653e+00 7.540076665219316965e+00 1.432105590154619801e+00 4.071918088219785847e-01 3.523299556971311119e+01 1.549994700000000059e+01 7.954442999999999930e-01 3.681439999999999824e+00 2.572197380773083205e+04 -3.002577190268753749e-04
3.215137005570750883e+00 7.540076777575214884e+00 1.432105590154619801e+00 4.071918088219785847e-01 3.523299556971311119e+01 1.549994700000000059e+01 7.954442999999999930e-01 3.681439999999999824e+00 2.572197380773083205e+04 -3.002577190268753749e-04
3.215137005570750883e+00 7.540076665219316965e+00 1.432105611494655983e+00 4.071918088219785847e-01 3.523299556971311119e+01 1.549994700000000059e+01 7.954442999999999930e-01 3.681439999999999824e+00 2.572197380773083205e+04 -3.002577190268753749e-04
3.215137005570750883e+00 7.540076665219316965e+00 1.432105590154619801e+00 4.071918237231397786e-01 3.523299556971311119e+01 1.549994700000000059e+01 7.954442999999999930e-01 3.681439999999999824e+00 2.572197380773083205e+04 -3.002577190268753749e-04
3.215137005570750883e+00 7.540076665219316965e+00 1.432105590154619801e+00 4.071918088219785847e-01 3.523299609472565663e+01 1.549994700000000059e+01 7.954442999999999930e-01 3.681439999999999824e+00 2.572197380773083205e+04 -3.002577190268753749e-04
3.215137005570750883e+00 7.540076665219316965e+00 1.432105590154619801e+00 4.071918088219785847e-01 3.523299556971311119e+01 1.549994700000000059e+01 7.954442999999999930e-01 3.681439999999999824e+00 2.572197419101811101e+04 -3.002577190268753749e-04
3.215137005570750883e+00 7.540076665219316965e+00 1.432105590154619801e+00 4.071918088219785847e-01 3.523299556971311119e+01 1.549994700000000059e+01 7.954442999999999930e-01 3.681439999999999824e+00 2.572197380773083205e+04 -3.002726201880692226e-04
