3.179195819821229119e+00 8.792632388171359281e+00 1.210054902726088288e+00 1.000000000000000036e-10 4.207728725409931059e+01 1.549994700000000059e+01 7.954442999999999930e-01 3.681439999999999824e+00 2.379552184800789109e+04 2.596868052745004117e-03
3.179195867194938518e+00 8.792632388171359281e+00 1.210054902726088288e+00 1.000000000000000036e-10 4.207728725409931059e+01 1.549994700000000059e+01 7.954442999999999930e-01 3.681439999999999824e+00 2.379552184800789109e+04 2.596868052745004117e-03
3.179195819821229119e+00 8.792632519191791118e+00 1.210054902726088288e+00 1.000000000000000036e-10 4.207728725409931059e+01 1.549994700000000059e+01 7.954442999999999930e-01 3.681439999999999824e+00 2.379552184800789109e+04 2.596868052745004117e-03
3.179195819821229119e+00 8.792632388171359281e+00 1.210054920757311470e+00 1.000000000000000036e-10 4.207728725409931059e+01 1.549994700000000059e+01 7.954442999999999930e-01 3.681439999999999824e+00 2.379552184800789109e+04 2.596868052745004117e-03
3.179195819821229119e+00 8.792632388171359281e+00 1.210054902726088288e+00 1.500116119384765715e-08 4.207728725409931059e+01 1.549994700000000059e+01 7.954442999999999930e-01 3.681439999999999824e+00 2.379552184800789109e+04 2.596868052745004117e-03
3.179195819821229119e+00 8.792632388171359281e+00 1.210054902726088288e+00 1.000000000000000036e-10 4.207728788109974971e+01 1.549994700000000059e+01 7.954442999999999930e-01 3.681439999999999824e+00 2.379552184800789109e+04 2.596868052745004117e-03
3.179195819821229119e+00 8.792632388171359281e+00 1.210054902726088288e+00 1.000000000000000036e-10 4.207728725409931059e+01 1.549994723096720861e+01 7.954442999999999930e-01 3.681439999999999824e+00 2.379552184800789109e+04 2.596868052745004117e-03
3.179195819821229119e+00 8.792632388171359281e+00 1.210054902726088288e+00 1.000000000000000036e-10 4.207728725409931059e+01 1.549994700000000059e+01 7.954443149011611869e-01 3.681439999999999824e+00 2.379552184800789109e+04 2.596868052745004117e-03
3.179195819821229119e+00 8.792632388171359281e+00 1.210054902726088288e+00 1.000000000000000036e-10 4.207728725409931059e+01 1.549994700000000059e+01 7.954442999999999930e-01 3.681439999999999824e+00 2.379552220258879606e+04 2.596868052745004117e-03
3.179195819821229119e+00 8.792632388171359281e+00 1.210054902726088288e+00 1.000000000000000036e-10 4.207728725409931059e+01 1.549994700000000059e+01 7.954442999999999930e-01 3.681439999999999824e+00 2.379552184800789109e+04 2.596882953906197965e-03
3.182094092353450865e+00 8.855472025111872370e+00 1.204889399318576082e+00 2.456687746289564656e-12 4.155839517939383398e+01 1.413583201076760787e+01 7.868286372077386570e-01 3.681439999999999824e+00 2.363633496199728324e+04 2.573656771423399672e-03
3.182094139770347940e+00 8.855472025111872370e+00 1.204889399318576082e+00 2.456687746289564656e-12 4.155839517939383398e+01 1.413583201076760787e+01 7.868286372077386570e-01 3.681439999999999824e+00 2.363633496199728324e+04 2.573656771423399672e-03
3.182094092353450865e+00 8.855472157068687622e+00 1.204889399318576082e+00 2.456687746289564656e-12 4.155839517939383398e+01 1.413583201076760787e+01 7.868286372077386570e-01 3.681439999999999824e+00 2.363633496199728324e+04 2.573656771423399672e-03
3.182094092353450865e+00 8.855472025111872370e+00 1.204889417272827279e+00 2.456687746289564656e-12 4.155839517939383398e+01 1.413583201076760787e+01 7.868286372077386570e-01 3.681439999999999824e+00 2.363633496199728324e+04 2.573656771423399672e-03
3.182094092353450865e+00 8.855472025111872370e+00 1.204889399318576082e+00 1.490361788159394554e-08 4.155839517939383398e+01 1.413583201076760787e+01 7.868286372077386570e-01 3.681439999999999824e+00 2.363633496199728324e+04 2.573656771423399672e-03
3.182094092353450865e+00 8.855472025111872370e+00 1.204889399318576082e+00 2.456687746289564656e-12 4.155839579866218259e+01 1.413583201076760787e+01 7.868286372077386570e-01 3.681439999999999824e+00 2.363633496199728324e+04 2.573656771423399672e-03
3.182094092353450865e+00 8.855472025111872370e+00 1.204889399318576082e+00 2.456687746289564656e-12 4.155839517939383398e+01 1.413583222140791840e+01 7.868286372077386570e-01 3.681439999999999824e+00 2.363633496199728324e+04 2.573656771423399672e-03
3.182094092353450865e+00 8.855472025111872370e+00 1.204889399318576082e+00 2.456687746289564656e-12 4.155839517939383398e+01 1.413583201076760787e+01 7.868286521088998509e-01 3.681439999999999824e+00 2.363633496199728324e+04 2.573656771423399672e-03
3.182094092353450865e+00 8.855472025111872370e+00 1.204889399318576082e+00 2.456687746289564656e-12 4.155839517939383398e+01 1.413583201076760787e+01 7.868286372077386570e-01 3.681439999999999824e+00 2.363633531420612053e+04 2.573656771423399672e-03
3.182094092353450865e+00 8.855472025111872370e+00 1.204889399318576082e+00 2.456687746289564656e-12 4.155839517939383398e+01 1.413583201076760787e+01 7.868286372077386570e-01 3.681439999999999824e+00 2.363633496199728324e+04 2.573671672584593520e-03
3.181975042781381990e+00 8.855470942747018626e+00 1.205091722702633428e+00 2.623555946194646923e-02 4.158568659597025174e+01 1.413580764277259227e+01 7.868151088400933135e-01 3.681439999999999824e+00 2.363466549575898534e+04 2.573116522674387136e-03
3.181975090196504929e+00 8.855470942747018626e+00 1.205091722702633428e+00 2.623555946194646923e-02 4.158568659597025174e+01 1.413580764277259227e+01 7.868151088400933135e-01 3.681439999999999824e+00 2.363466549575898534e+04 2.573116522674387136e-03
3.181975042781381990e+00 8.855471074703817891e+00 1.205091722702633428e+00 2.623555946194646923e-02 4.158568659597025174e+01 1.413580764277259227e+01 7.868151088400933135e-01 3.681439999999999824e+00 2.363466549575898534e+04 2.573116522674387136e-03
3.181975042781381990e+00 8.855470942747018626e+00 1.205091740659899546e+00 2.623555946194646923e-02 4.158568659597025174e+01 1.413580764277259227e+01 7.868151088400933135e-01 3.681439999999999824e+00 2.363466549575898534e+04 2.573116522674387136e-03
3.181975042781381990e+00 8.855470942747018626e+00 1.205091722702633428e+00 2.623557436310766308e-02 4.158568659597025174e+01 1.413580764277259227e+01 7.868151088400933135e-01 3.681439999999999824e+00 2.363466549575898534e+04 2.573116522674387136e-03
3.181975042781381990e+00 8.855470942747018626e+00 1.205091722702633428e+00 2.623555946194646923e-02 4.158568721564527237e+01 1.413580764277259227e+01 7.868151088400933135e-01 3.681439999999999824e+00 2.363466549575898534e+04 2.573116522674387136e-03
3.181975042781381990e+00 8.855470942747018626e+00 1.205091722702633428e+00 2.623555946194646923e-02 4.158568659597025174e+01 1.413580785341254042e+01 7.868151088400933135e-01 3.681439999999999824e+00 2.363466549575898534e+04 2.573116522674387136e-03
3.181975042781381990e+00 8.855470942747018626e+00 1.205091722702633428e+00 2.623555946194646923e-02 4.158568659597025174e+01 1.413580764277259227e+01 7.868151237412545074e-01 3.681439999999999824e+00 2.363466549575898534e+04 2.573116522674387136e-03
3.181975042781381990e+00 8.855470942747018626e+00 1.205091722702633428e+00 2.623555946194646923e-02 4.158568659597025174e+01 1.413580764277259227e+01 7.868151088400933135e-01 3.681439999999999824e+00 2.363466584794294613e+04 2.573116522674387136e-03
3.181975042781381990e+00 8.855470942747018626e+00 1.205091722702633428e+00 2.623555946194646923e-02 4.158568659597025174e+01 1.413580764277259227e+01 7.868151088400933135e-01 3.681439999999999824e+00 2.363466549575898534e+04 2.573131423835580984e-03
3.182677979586064687e+00 8.862814270976816289e+00 1.206843833091812535e+00 1.346412671571354906e-02 4.163329914684594968e+01 1.401433104444011590e+01 7.854926416760800167e-01 3.681439999999999824e+00 2.372640388608030480e+04 2.631207935961082066e-03
3.182678027011662358e+00 8.862814270976816289e+00 1.206843833091812535e+00 1.346412671571354906e-02 4.163329914684594968e+01 1.401433104444011590e+01 7.854926416760800167e-01 3.681439999999999824e+00 2.372640388608030480e+04 2.631207935961082066e-03
3.182677979586064687e+00 8.862814403043040912e+00 1.206843833091812535e+00 1.346412671571354906e-02 4.163329914684594968e+01 1.401433104444011590e+01 7.854926416760800167e-01 3.681439999999999824e+00 2.372640388608030480e+04 2.631207935961082066e-03
3.182677979586064687e+00 8.862814270976816289e+00 1.206843851075187102e+00 1.346412671571354906e-02 4.163329914684594968e+01 1.401433104444011590e+01 7.854926416760800167e-01 3.681439999999999824e+00 2.372640388608030480e+04 2.631207935961082066e-03
3.182677979586064687e+00 8.862814270976816289e+00 1.206843833091812535e+00 1.346414161687474291e-02 4.163329914684594968e+01 1.401433104444011590e+01 7.854926416760800167e-01 3.681439999999999824e+00 2.372640388608030480e+04 2.631207935961082066e-03
3.182677979586064687e+00 8.862814270976816289e+00 1.206843833091812535e+00 1.346412671571354906e-02 4.163329976723045434e+01 1.401433104444011590e+01 7.854926416760800167e-01 3.681439999999999824e+00 2.372640388608030480e+04 2.631207935961082066e-03
3.182677979586064687e+00 8.862814270976816289e+00 1.206843833091812535e+00 1.346412671571354906e-02 4.163329914684594968e+01 1.401433125326992268e+01 7.854926416760800167e-01 3.681439999999999824e+00 2.372640388608030480e+04 2.631207935961082066e-03
3.182677979586064687e+00 8.862814270976816289e+00 1.206843833091812535e+00 1.346412671571354906e-02 4.163329914684594968e+01 1.401433104444011590e+01 7.854926565772412106e-01 3.681439999999999824e+00 2.372640388608030480e+04 2.631207935961082066e-03
3.182677979586064687e+00 8.862814270976816289e+00 1.206843833091812535e+00 1.346412671571354906e-02 4.163329914684594968e+01 1.401433104444011590e+01 7.854926416760800167e-01 3.681439999999999824e+00 2.372640423963127250e+04 2.631207935961082066e-03
3.182677979586064687e+00 8.862814270976816289e+00 1.206843833091812535e+00 1.346412671571354906e-02 4.163329914684594968e+01 1.401433104444011590e+01 7.854926416760800167e-01 3.681439999999999824e+00 2.372640388608030480e+04 2.631222837122275914e-03
3.182480105855673980e+00 8.862816219450188271e+00 1.207065448175225653e+00 1.567936346770873457e-02 4.167202323124041641e+01 1.401432665532184529e+01 7.854748784448505328e-01 3.681439999999999824e+00 2.372415650534587621e+04 2.630502917777049945e-03
3.182480153278322899e+00 8.862816219450188271e+00 1.207065448175225653e+00 1.567936346770873457e-02 4.167202323124041641e+01 1.401432665532184529e+01 7.854748784448505328e-01 3.681439999999999824e+00 2.372415650534587621e+04 2.630502917777049945e-03
3.182480105855673980e+00 8.862816351516441316e+00 1.207065448175225653e+00 1.567936346770873457e-02 4.167202323124041641e+01 1.401432665532184529e+01 7.854748784448505328e-01 3.681439999999999824e+00 2.372415650534587621e+04 2.630502917777049945e-03
3.182480105855673980e+00 8.862816219450188271e+00 1.207065466161902467e+00 1.567936346770873457e-02 4.167202323124041641e+01 1.401432665532184529e+01 7.854748784448505328e-01 3.681439999999999824e+00 2.372415650534587621e+04 2.630502917777049945e-03
3.182480105855673980e+00 8.862816219450188271e+00 1.207065448175225653e+00 1.567937836886992842e-02 4.167202323124041641e+01 1.401432665532184529e+01 7.854748784448505328e-01 3.681439999999999824e+00 2.372415650534587621e+04 2.630502917777049945e-03
3.182480105855673980e+00 8.862816219450188271e+00 1.207065448175225653e+00 1.567936346770873457e-02 4.167202385220195282e+01 1.401432665532184529e+01 7.854748784448505328e-01 3.681439999999999824e+00 2.372415650534587621e+04 2.630502917777049945e-03
3.182480105855673980e+00 8.862816219450188271e+00 1.207065448175225653e+00 1.567936346770873457e-02 4.167202323124041641e+01 1.401432686415158635e+01 7.854748784448505328e-01 3.681439999999999824e+00 2.372415650534587621e+04 2.630502917777049945e-03
3.182480105855673980e+00 8.862816219450188271e+00 1.207065448175225653e+00 1.567936346770873457e-02 4.167202323124041641e+01 1.401432665532184529e+01 7.854748933460117266e-01 3.681439999999999824e+00 2.372415650534587621e+04 2.630502917777049945e-03
3.182480105855673980e+00 8.862816219450188271e+00 1.207065448175225653e+00 1.567936346770873457e-02 4.167202323124041641e+01 1.401432665532184529e+01 7.854748784448505328e-01 3.681439999999999824e+00 2.372415685886335632e+04 2.630502917777049945e-03
3.182480105855673980e+00 8.862816219450188271e+00 1.207065448175225653e+00 1.567936346770873457e-02 4.167202323124041641e+01 1.401432665532184529e+01 7.854748784448505328e-01 3.681439999999999824e+00 2.372415650534587621e+04 2.630517818938243792e-03
1.959670803067191880e+00 5.968383857725629404e+00 1.207485230688134292e+00 1.967566184115169745e-03 1.616435288802732941e+02 1.400668465691560627e+01 7.837152294081615178e-01 3.681439999999999824e+00 2.368115452225577246e+04 2.621426395996404122e-03
2.968487648604383189e+00 8.371690603689714294e+00 1.207096642511948703e+00 3.539342330913849283e-04 6.270810414710557268e+01 1.400740892398196102e+01 7.839976169955292784e-01 3.681439999999999824e+00 2.369139134051359724e+04 2.624400256761327301e-03
3.146207658538125784e+00 8.794989219387010948e+00 1.207030287288336501e+00 3.503225515191429884e-05 4.527888462359668864e+01 1.400755227750794774e+01 7.840524655540974663e-01 3.681439999999999824e+00 2.369339125508582219e+04 2.624984312448267257e-03
3.177141950562781147e+00 8.868426528440835455e+00 1.207031043481696653e+00 5.589092751112634261e-08 4.224534058591263630e+01 1.400757372518285138e+01 7.840724230539592998e-01 3.681439999999999824e+00 2.369450205214560265e+04 2.625378085180501368e-03
3.183102461859775190e+00 8.875193847193623142e+00 1.207481177579620146e+00 1.252944344110051844e-08 4.167397720469312361e+01 1.400930262555665884e+01 7.843359021110601903e-01 3.681439999999999824e+00 2.372187927589922037e+04 2.636599188115021711e-03
3.183102509291698023e+00 8.875193847193623142e+00 1.207481177579620146e+00 1.252944344110051844e-08 4.167397720469312361e+01 1.400930262555665884e+01 7.843359021110601903e-01 3.681439999999999824e+00 2.372187927589922037e+04 2.636599188115021711e-03
3.183102461859775190e+00 8.875193979444317094e+00 1.207481177579620146e+00 1.252944344110051844e-08 4.167397720469312361e+01 1.400930262555665884e+01 7.843359021110601903e-01 3.681439999999999824e+00 2.372187927589922037e+04 2.636599188115021711e-03
3.183102461859775190e+00 8.875193847193623142e+00 1.207481195572491783e+00 1.252944344110051844e-08 4.167397720469312361e+01 1.400930262555665884e+01 7.843359021110601903e-01 3.681439999999999824e+00 2.372187927589922037e+04 2.636599188115021711e-03
3.183102461859775190e+00 8.875193847193623142e+00 1.207481177579620146e+00 2.743060463494817469e-08 4.167397720469312361e+01 1.400930262555665884e+01 7.843359021110601903e-01 3.681439999999999824e+00 2.372187927589922037e+04 2.636599188115021711e-03
3.183102461859775190e+00 8.875193847193623142e+00 1.207481177579620146e+00 1.252944344110051844e-08 4.167397782568377806e+01 1.400930262555665884e+01 7.843359021110601903e-01 3.681439999999999824e+00 2.372187927589922037e+04 2.636599188115021711e-03
3.183102461859775190e+00 8.875193847193623142e+00 1.207481177579620146e+00 1.252944344110051844e-08 4.167397720469312361e+01 1.400930283431153534e+01 7.843359021110601903e-01 3.681439999999999824e+00 2.372187927589922037e+04 2.636599188115021711e-03
3.183102461859775190e+00 8.875193847193623142e+00 1.207481177579620146e+00 1.252944344110051844e-08 4.167397720469312361e+01 1.400930262555665884e+01 7.843359170122213841e-01 3.681439999999999824e+00 2.372187927589922037e+04 2.636599188115021711e-03
3.183102461859775190e+00 8.875193847193623142e+00 1.207481177579620146e+00 1.252944344110051844e-08 4.167397720469312361e+01 1.400930262555665884e+01 7.843359021110601903e-01 3.681439999999999824e+00 2.372187962938276905e+04 2.636599188115021711e-03
3.183102461859775190e+00 8.875193847193623142e+00 1.207481177579620146e+00 1.252944344110051844e-08 4.167397720469312361e+01 1.400930262555665884e+01 7.843359021110601903e-01 3.681439999999999824e+00 2.372187927589922037e+04 2.636614089276215558e-03
3.183480885724096598e+00 8.889935165917844273e+00 1.207863420296523493e+00 6.410213331159487686e-09 4.168092425177566440e+01 1.400123661408120057e+01 7.834619964540988635e-01 3.681439999999999824e+00 2.372183529816941882e+04 2.645285121596727303e-03
3.183480933161658477e+00 8.889935165917844273e+00 1.207863420296523493e+00 6.410213331159487686e-09 4.168092425177566440e+01 1.400123661408120057e+01 7.834619964540988635e-01 3.681439999999999824e+00 2.372183529816941882e+04 2.645285121596727303e-03
3.183480885724096598e+00 8.889935298388200735e+00 1.207863420296523493e+00 6.410213331159487686e-09 4.168092425177566440e+01 1.400123661408120057e+01 7.834619964540988635e-01 3.681439999999999824e+00 2.372183529816941882e+04 2.645285121596727303e-03
3.183480885724096598e+00 8.889935165917844273e+00 1.207863438295091019e+00 6.410213331159487686e-09 4.168092425177566440e+01 1.400123661408120057e+01 7.834619964540988635e-01 3.681439999999999824e+00 2.372183529816941882e+04 2.645285121596727303e-03
3.183480885724096598e+00 8.889935165917844273e+00 1.207863420296523493e+00 2.131137452500714559e-08 4.168092425177566440e+01 1.400123661408120057e+01 7.834619964540988635e-01 3.681439999999999824e+00 2.372183529816941882e+04 2.645285121596727303e-03
3.183480885724096598e+00 8.889935165917844273e+00 1.207863420296523493e+00 6.410213331159487686e-09 4.168092487286983783e+01 1.400123661408120057e+01 7.834619964540988635e-01 3.681439999999999824e+00 2.372183529816941882e+04 2.645285121596727303e-03
3.183480885724096598e+00 8.889935165917844273e+00 1.207863420296523493e+00 6.410213331159487686e-09 4.168092425177566440e+01 1.400123682271588343e+01 7.834619964540988635e-01 3.681439999999999824e+00 2.372183529816941882e+04 2.645285121596727303e-03
3.183480885724096598e+00 8.889935165917844273e+00 1.207863420296523493e+00 6.410213331159487686e-09 4.168092425177566440e+01 1.400123661408120057e+01 7.834620113552600573e-01 3.681439999999999824e+00 2.372183529816941882e+04 2.645285121596727303e-03
3.183480885724096598e+00 8.889935165917844273e+00 1.207863420296523493e+00 6.410213331159487686e-09 4.168092425177566440e+01 1.400123661408120057e+01 7.834619964540988635e-01 3.681439999999999824e+00 2.372183565165230902e+04 2.645285121596727303e-03
3.183480885724096598e+00 8.889935165917844273e+00 1.207863420296523493e+00 6.410213331159487686e-09 4.168092425177566440e+01 1.400123661408120057e+01 7.834619964540988635e-01 3.681439999999999824e+00 2.372183529816941882e+04 2.645300022757921150e-03
3.183980030512039594e+00 8.901269313807794958e+00 1.208224951338502162e+00 3.613173967623446767e-09 4.168130784077951034e+01 1.400162175445326085e+01 7.815494122832453705e-01 3.681439999999999824e+00 2.372175965287436702e+04 2.651747610704423535e-03
3.184045447624054948e+00 8.904049616652159216e+00 1.208338229135491382e+00 3.844593252186546958e-09 4.168850687407223177e+01 1.400078495318918215e+01 7.810199303275352500e-01 3.681439999999999824e+00 2.372183521935958925e+04 2.653295273025267718e-03
3.183663168621217565e+00 8.894492955752371088e+00 1.208085699920844691e+00 6.086123483652029559e-09 4.168519046070556300e+01 1.400121264118439157e+01 7.823369633473642448e-01 3.681439999999999824e+00 2.372183529586561781e+04 2.647198318499874824e-03
3.183537260762962173e+00 8.890899529808683255e+00 1.207984533016525752e+00 6.350956909042605696e-09 4.168185531701577418e+01 1.400123249931000835e+01 7.828479737442266551e-01 3.681439999999999824e+00 2.372183529785232531e+04 2.644949545969020165e-03
3.183537308201364269e+00 8.890899529808683255e+00 1.207984533016525752e+00 6.350956909042605696e-09 4.168185531701577418e+01 1.400123249931000835e+01 7.828479737442266551e-01 3.681439999999999824e+00 2.372183529785232531e+04 2.644949545969020165e-03
3.183537260762962173e+00 8.890899662293410444e+00 1.207984533016525752e+00 6.350956909042605696e-09 4.168185531701577418e+01 1.400123249931000835e+01 7.828479737442266551e-01 3.681439999999999824e+00 2.372183529785232531e+04 2.644949545969020165e-03
3.183537260762962173e+00 8.890899529808683255e+00 1.207984551016898056e+00 6.350956909042605696e-09 4.168185531701577418e+01 1.400123249931000835e+01 7.828479737442266551e-01 3.681439999999999824e+00 2.372183529785232531e+04 2.644949545969020165e-03
3.183537260762962173e+00 8.890899529808683255e+00 1.207984533016525752e+00 2.125211810289026195e-08 4.168185531701577418e+01 1.400123249931000835e+01 7.828479737442266551e-01 3.681439999999999824e+00 2.372183529785232531e+04 2.644949545969020165e-03
3.183537260762962173e+00 8.890899529808683255e+00 1.207984533016525752e+00 6.350956909042605696e-09 4.168185593812381740e+01 1.400123249931000835e+01 7.828479737442266551e-01 3.681439999999999824e+00 2.372183529785232531e+04 2.644949545969020165e-03
3.183537260762962173e+00 8.890899529808683255e+00 1.207984533016525752e+00 6.350956909042605696e-09 4.168185531701577418e+01 1.400123270794463082e+01 7.828479737442266551e-01 3.681439999999999824e+00 2.372183529785232531e+04 2.644949545969020165e-03
3.183537260762962173e+00 8.890899529808683255e+00 1.207984533016525752e+00 6.350956909042605696e-09 4.168185531701577418e+01 1.400123249931000835e+01 7.828479886453878489e-01 3.681439999999999824e+00 2.372183529785232531e+04 2.644949545969020165e-03
3.183537260762962173e+00 8.890899529808683255e+00 1.207984533016525752e+00 6.350956909042605696e-09 4.168185531701577418e+01 1.400123249931000835e+01 7.828479737442266551e-01 3.681439999999999824e+00 2.372183565133521552e+04 2.644949545969020165e-03
3.183537260762962173e+00 8.890899529808683255e+00 1.207984533016525752e+00 6.350956909042605696e-09 4.168185531701577418e+01 1.400123249931000835e+01 7.828479737442266551e-01 3.681439999999999824e+00 2.372183529785232531e+04 2.644964447130214013e-03
3.183579053054513164e+00 8.891746062783481008e+00 1.208048276235979879e+00 6.347708070780227440e-09 4.168185793810209816e+01 1.400123227515312685e+01 7.828799790031312211e-01 3.681439999999999824e+00 2.372183504684007858e+04 2.644587542667715778e-03
3.183579100493537872e+00 8.891746062783481008e+00 1.208048276235979879e+00 6.347708070780227440e-09 4.168185793810209816e+01 1.400123227515312685e+01 7.828799790031312211e-01 3.681439999999999824e+00 2.372183504684007858e+04 2.644587542667715778e-03
3.183579053054513164e+00 8.891746195280822107e+00 1.208048276235979879e+00 6.347708070780227440e-09 4.168185793810209816e+01 1.400123227515312685e+01 7.828799790031312211e-01 3.681439999999999824e+00 2.372183504684007858e+04 2.644587542667715778e-03
3.183579053054513164e+00 8.891746062783481008e+00 1.208048294237301867e+00 6.347708070780227440e-09 4.168185793810209816e+01 1.400123227515312685e+01 7.828799790031312211e-01 3.681439999999999824e+00 2.372183504684007858e+04 2.644587542667715778e-03
3.183579053054513164e+00 8.891746062783481008e+00 1.208048276235979879e+00 2.124886926462788452e-08 4.168185793810209816e+01 1.400123227515312685e+01 7.828799790031312211e-01 3.681439999999999824e+00 2.372183504684007858e+04 2.644587542667715778e-03
3.183579053054513164e+00 8.891746062783481008e+00 1.208048276235979879e+00 6.347708070780227440e-09 4.168185855921018401e+01 1.400123227515312685e+01 7.828799790031312211e-01 3.681439999999999824e+00 2.372183504684007858e+04 2.644587542667715778e-03
3.183579053054513164e+00 8.891746062783481008e+00 1.208048276235979879e+00 6.347708070780227440e-09 4.168185793810209816e+01 1.400123248378774576e+01 7.828799790031312211e-01 3.681439999999999824e+00 2.372183504684007858e+04 2.644587542667715778e-03
3.183579053054513164e+00 8.891746062783481008e+00 1.208048276235979879e+00 6.347708070780227440e-09 4.168185793810209816e+01 1.400123227515312685e+01 7.828799939042924150e-01 3.681439999999999824e+00 2.372183504684007858e+04 2.644587542667715778e-03
3.183579053054513164e+00 8.891746062783481008e+00 1.208048276235979879e+00 6.347708070780227440e-09 4.168185793810209816e+01 1.400123227515312685e+01 7.828799790031312211e-01 3.681439999999999824e+00 2.372183540032296514e+04 2.644587542667715778e-03
3.183579053054513164e+00 8.891746062783481008e+00 1.208048276235979879e+00 6.347708070780227440e-09 4.168185793810209816e+01 1.400123227515312685e+01 7.828799790031312211e-01 3.681439999999999824e+00 2.372183504684007858e+04 2.644602443828909626e-03
3.183628358344301912e+00 8.893345280456323110e+00 1.208084246355825897e+00 6.337600804518576212e-09 4.168186229962180533e+01 1.400123161500954261e+01 7.827541726303023362e-01 3.681439999999999824e+00 2.372183357365040501e+04 2.646417610229438895e-03
3.183628405784061144e+00 8.893345280456323110e+00 1.208084246355825897e+00 6.337600804518576212e-09 4.168186229962180533e+01 1.400123161500954261e+01 7.827541726303023362e-01 3.681439999999999824e+00 2.372183357365040501e+04 2.646417610229438895e-03
3.183628358344301912e+00 8.893345412977494036e+00 1.208084246355825897e+00 6.337600804518576212e-09 4.168186229962180533e+01 1.400123161500954261e+01 7.827541726303023362e-01 3.681439999999999824e+00 2.372183357365040501e+04 2.646417610229438895e-03
3.183628358344301912e+00 8.893345280456323110e+00 1.208084264357683901e+00 6.337600804518576212e-09 4.168186229962180533e+01 1.400123161500954261e+01 7.827541726303023362e-01 3.681439999999999824e+00 2.372183357365040501e+04 2.646417610229438895e-03
3.183628358344301912e+00 8.893345280456323110e+00 1.208084246355825897e+00 2.123876199836623163e-08 4.168186229962180533e+01 1.400123161500954261e+01 7.827541726303023362e-01 3.681439999999999824e+00 2.372183357365040501e+04 2.646417610229438895e-03
3.183628358344301912e+00 8.893345280456323110e+00 1.208084246355825897e+00 6.337600804518576212e-09 4.168186292072995514e+01 1.400123161500954261e+01 7.827541726303023362e-01 3.681439999999999824e+00 2.372183357365040501e+04 2.646417610229438895e-03
3.183628358344301912e+00 8.893345280456323110e+00 1.208084246355825897e+00 6.337600804518576212e-09 4.168186229962180533e+01 1.400123182364415264e+01 7.827541726303023362e-01 3.681439999999999824e+00 2.372183357365040501e+04 2.646417610229438895e-03
3.183628358344301912e+00 8.893345280456323110e+00 1.208084246355825897e+00 6.337600804518576212e-09 4.168186229962180533e+01 1.400123161500954261e+01 7.827541875314635300e-01 3.681439999999999824e+00 2.372183357365040501e+04 2.646417610229438895e-03
3.183628358344301912e+00 8.893345280456323110e+00 1.208084246355825897e+00 6.337600804518576212e-09 4.168186229962180533e+01 1.400123161500954261e+01 7.827541726303023362e-01 3.681439999999999824e+00 2.372183392713326975e+04 2.646417610229438895e-03
3.183628358344301912e+00 8.893345280456323110e+00 1.208084246355825897e+00 6.337600804518576212e-09 4.168186229962180533e+01 1.400123161500954261e+01 7.827541726303023362e-01 3.681439999999999824e+00 2.372183357365040501e+04 2.646432511390632743e-03
3.183748584975576890e+00 8.896618916572080593e+00 1.208251530430309861e+00 6.318445780506362801e-09 4.168187250981277714e+01 1.400123035880831956e+01 7.825407528986941808e-01 3.681439999999999824e+00 2.372183070412719098e+04 2.648030963980957560e-03
3.183664682663674306e+00 8.894180417608270162e+00 1.208123881511408815e+00 6.333331743226066824e-09 4.168186494235591510e+01 1.400123133451608481e+01 7.827080765899203652e-01 3.681439999999999824e+00 2.372183303366671316e+04 2.646488288570582586e-03
3.183664730103974883e+00 8.894180417608270162e+00 1.208123881511408815e+00 6.333331743226066824e-09 4.168186494235591510e+01 1.400123133451608481e+01 7.827080765899203652e-01 3.681439999999999824e+00 2.372183303366671316e+04 2.646488288570582586e-03
3.183664682663674306e+00 8.894180550141886243e+00 1.208123881511408815e+00 6.333331743226066824e-09 4.168186494235591510e+01 1.400123133451608481e+01 7.827080765899203652e-01 3.681439999999999824e+00 2.372183303366671316e+04 2.646488288570582586e-03
3.183664682663674306e+00 8.894180417608270162e+00 1.208123899513857458e+00 6.333331743226066824e-09 4.168186494235591510e+01 1.400123133451608481e+01 7.827080765899203652e-01 3.681439999999999824e+00 2.372183303366671316e+04 2.646488288570582586e-03
3.183664682663674306e+00 8.894180417608270162e+00 1.208123881511408815e+00 2.123449293707372225e-08 4.168186494235591510e+01 1.400123133451608481e+01 7.827080765899203652e-01 3.681439999999999824e+00 2.372183303366671316e+04 2.646488288570582586e-03
3.183664682663674306e+00 8.894180417608270162e+00 1.208123881511408815e+00 6.333331743226066824e-09 4.168186556346410043e+01 1.400123133451608481e+01 7.827080765899203652e-01 3.681439999999999824e+00 2.372183303366671316e+04 2.646488288570582586e-03
3.183664682663674306e+00 8.894180417608270162e+00 1.208123881511408815e+00 6.333331743226066824e-09 4.168186494235591510e+01 1.400123154315068952e+01 7.827080765899203652e-01 3.681439999999999824e+00 2.372183303366671316e+04 2.646488288570582586e-03
3.183664682663674306e+00 8.894180417608270162e+00 1.208123881511408815e+00 6.333331743226066824e-09 4.168186494235591510e+01 1.400123133451608481e+01 7.827080914910815590e-01 3.681439999999999824e+00 2.372183303366671316e+04 2.646488288570582586e-03
3.183664682663674306e+00 8.894180417608270162e+00 1.208123881511408815e+00 6.333331743226066824e-09 4.168186494235591510e+01 1.400123133451608481e+01 7.827080765899203652e-01 3.681439999999999824e+00 2.372183338714957063e+04 2.646488288570582586e-03
3.183664682663674306e+00 8.894180417608270162e+00 1.208123881511408815e+00 6.333331743226066824e-09 4.168186494235591510e+01 1.400123133451608481e+01 7.827080765899203652e-01 3.681439999999999824e+00 2.372183303366671316e+04 2.646503189731776434e-03
3.183674669302024363e+00 8.894457420431413297e+00 1.208137356214514568e+00 6.322217532530070528e-09 4.168214532172686404e+01 1.400123057036796048e+01 7.826115411053408133e-01 3.681439999999999824e+00 2.372183303361760409e+04 2.646451765168980879e-03
3.183674716742473709e+00 8.894457420431413297e+00 1.208137356214514568e+00 6.322217532530070528e-09 4.168214532172686404e+01 1.400123057036796048e+01 7.826115411053408133e-01 3.681439999999999824e+00 2.372183303361760409e+04 2.646451765168980879e-03
3.183674669302024363e+00 8.894457552969157632e+00 1.208137356214514568e+00 6.322217532530070528e-09 4.168214532172686404e+01 1.400123057036796048e+01 7.826115411053408133e-01 3.681439999999999824e+00 2.372183303361760409e+04 2.646451765168980879e-03
3.183674669302024363e+00 8.894457420431413297e+00 1.208137374217164162e+00 6.322217532530070528e-09 4.168214532172686404e+01 1.400123057036796048e+01 7.826115411053408133e-01 3.681439999999999824e+00 2.372183303361760409e+04 2.646451765168980879e-03
3.183674669302024363e+00 8.894457420431413297e+00 1.208137356214514568e+00 2.122337872637772843e-08 4.168214532172686404e+01 1.400123057036796048e+01 7.826115411053408133e-01 3.681439999999999824e+00 2.372183303361760409e+04 2.646451765168980879e-03
3.183674669302024363e+00 8.894457420431413297e+00 1.208137356214514568e+00 6.322217532530070528e-09 4.168214594283922736e+01 1.400123057036796048e+01 7.826115411053408133e-01 3.681439999999999824e+00 2.372183303361760409e+04 2.646451765168980879e-03
3.183674669302024363e+00 8.894457420431413297e+00 1.208137356214514568e+00 6.322217532530070528e-09 4.168214532172686404e+01 1.400123077900255453e+01 7.826115411053408133e-01 3.681439999999999824e+00 2.372183303361760409e+04 2.646451765168980879e-03
3.183674669302024363e+00 8.894457420431413297e+00 1.208137356214514568e+00 6.322217532530070528e-09 4.168214532172686404e+01 1.400123057036796048e+01 7.826115560065020071e-01 3.681439999999999824e+00 2.372183303361760409e+04 2.646451765168980879e-03
3.183674669302024363e+00 8.894457420431413297e+00 1.208137356214514568e+00 6.322217532530070528e-09 4.168214532172686404e+01 1.400123057036796048e+01 7.826115411053408133e-01 3.681439999999999824e+00 2.372183338710046155e+04 2.646451765168980879e-03
3.183674669302024363e+00 8.894457420431413297e+00 1.208137356214514568e+00 6.322217532530070528e-09 4.168214532172686404e+01 1.400123057036796048e+01 7.826115411053408133e-01 3.681439999999999824e+00 2.372183303361760409e+04 2.646466666330174727e-03
3.183688304144835168e+00 8.894677189355995495e+00 1.208146202908171540e+00 6.321295860094375354e-09 4.168214603821382269e+01 1.400123050697380123e+01 7.826117217688087768e-01 3.681439999999999824e+00 2.372183293647040045e+04 2.646466107993395139e-03
3.183688351585487908e+00 8.894677189355995495e+00 1.208146202908171540e+00 6.321295860094375354e-09 4.168214603821382269e+01 1.400123050697380123e+01 7.826117217688087768e-01 3.681439999999999824e+00 2.372183293647040045e+04 2.646466107993395139e-03
3.183688304144835168e+00 8.894677321897013655e+00 1.208146202908171540e+00 6.321295860094375354e-09 4.168214603821382269e+01 1.400123050697380123e+01 7.826117217688087768e-01 3.681439999999999824e+00 2.372183293647040045e+04 2.646466107993395139e-03
3.183688304144835168e+00 8.894677189355995495e+00 1.208146220910952806e+00 6.321295860094375354e-09 4.168214603821382269e+01 1.400123050697380123e+01 7.826117217688087768e-01 3.681439999999999824e+00 2.372183293647040045e+04 2.646466107993395139e-03
3.183688304144835168e+00 8.894677189355995495e+00 1.208146202908171540e+00 2.122245705394203243e-08 4.168214603821382269e+01 1.400123050697380123e+01 7.826117217688087768e-01 3.681439999999999824e+00 2.372183293647040045e+04 2.646466107993395139e-03
3.183688304144835168e+00 8.894677189355995495e+00 1.208146202908171540e+00 6.321295860094375354e-09 4.168214665932620022e+01 1.400123050697380123e+01 7.826117217688087768e-01 3.681439999999999824e+00 2.372183293647040045e+04 2.646466107993395139e-03
3.183688304144835168e+00 8.894677189355995495e+00 1.208146202908171540e+00 6.321295860094375354e-09 4.168214603821382269e+01 1.400123071560839350e+01 7.826117217688087768e-01 3.681439999999999824e+00 2.372183293647040045e+04 2.646466107993395139e-03
3.183688304144835168e+00 8.894677189355995495e+00 1.208146202908171540e+00 6.321295860094375354e-09 4.168214603821382269e+01 1.400123050697380123e+01 7.826117366699699707e-01 3.681439999999999824e+00 2.372183293647040045e+04 2.646466107993395139e-03
3.183688304144835168e+00 8.894677189355995495e+00 1.208146202908171540e+00 6.321295860094375354e-09 4.168214603821382269e+01 1.400123050697380123e+01 7.826117217688087768e-01 3.681439999999999824e+00 2.372183328995325792e+04 2.646466107993395139e-03
3.183688304144835168e+00 8.894677189355995495e+00 1.208146202908171540e+00 6.321295860094375354e-09 4.168214603821382269e+01 1.400123050697380123e+01 7.826117217688087768e-01 3.681439999999999824e+00 2.372183293647040045e+04 2.646481009154588986e-03
3.183690913132928735e+00 8.894824716800776798e+00 1.208157356723595699e+00 6.315914177619295995e-09 4.168229812688257141e+01 1.400123013530382288e+01 7.825975121126284018e-01 3.681439999999999824e+00 2.372183293644856167e+04 2.646516632365769357e-03
3.183690960573620110e+00 8.894824716800776798e+00 1.208157356723595699e+00 6.315914177619295995e-09 4.168229812688257141e+01 1.400123013530382288e+01 7.825975121126284018e-01 3.681439999999999824e+00 2.372183293644856167e+04 2.646516632365769357e-03
3.183690913132928735e+00 8.894824849343994089e+00 1.208157356723595699e+00 6.315914177619295995e-09 4.168229812688257141e+01 1.400123013530382288e+01 7.825975121126284018e-01 3.681439999999999824e+00 2.372183293644856167e+04 2.646516632365769357e-03
3.183690913132928735e+00 8.894824716800776798e+00 1.208157374726543276e+00 6.315914177619295995e-09 4.168229812688257141e+01 1.400123013530382288e+01 7.825975121126284018e-01 3.681439999999999824e+00 2.372183293644856167e+04 2.646516632365769357e-03
3.183690913132928735e+00 8.894824716800776798e+00 1.208157356723595699e+00 2.121707537146695225e-08 4.168229812688257141e+01 1.400123013530382288e+01 7.825975121126284018e-01 3.681439999999999824e+00 2.372183293644856167e+04 2.646516632365769357e-03
3.183690913132928735e+00 8.894824716800776798e+00 1.208157356723595699e+00 6.315914177619295995e-09 4.168229874799721557e+01 1.400123013530382288e+01 7.825975121126284018e-01 3.681439999999999824e+00 2.372183293644856167e+04 2.646516632365769357e-03
3.183690913132928735e+00 8.894824716800776798e+00 1.208157356723595699e+00 6.315914177619295995e-09 4.168229812688257141e+01 1.400123034393840982e+01 7.825975121126284018e-01 3.681439999999999824e+00 2.372183293644856167e+04 2.646516632365769357e-03
3.183690913132928735e+00 8.894824716800776798e+00 1.208157356723595699e+00 6.315914177619295995e-09 4.168229812688257141e+01 1.400123013530382288e+01 7.825975270137895956e-01 3.681439999999999824e+00 2.372183293644856167e+04 2.646516632365769357e-03
3.183690913132928735e+00 8.894824716800776798e+00 1.208157356723595699e+00 6.315914177619295995e-09 4.168229812688257141e+01 1.400123013530382288e+01 7.825975121126284018e-01 3.681439999999999824e+00 2.372183328993141913e+04 2.646516632365769357e-03
3.183690913132928735e+00 8.894824716800776798e+00 1.208157356723595699e+00 6.315914177619295995e-09 4.168229812688257141e+01 1.400123013530382288e+01 7.825975121126284018e-01 3.681439999999999824e+00 2.372183293644856167e+04 2.646531533526963204e-03
