3.205843000000000220e+00 7.511125999999999969e+00 1.235333999999999932e+00 1.528337999999999867e-05 3.753042800000000057e+01 1.549994700000000059e+01 7.954442999999999930e-01 3.681439999999999824e+00 2.571453499999999985e+04 0.000000000000000000e+00
3.205843047770783549e+00 7.511125999999999969e+00 1.235333999999999932e+00 1.528337999999999867e-05 3.753042800000000057e+01 1.549994700000000059e+01 7.954442999999999930e-01 3.681439999999999824e+00 2.571453499999999985e+04 0.000000000000000000e+00
3.205843000000000220e+00 7.511126111924498971e+00 1.235333999999999932e+00 1.528337999999999867e-05 3.753042800000000057e+01 1.549994700000000059e+01 7.954442999999999930e-01 3.681439999999999824e+00 2.571453499999999985e+04 0.000000000000000000e+00
3.205843000000000220e+00 7.511125999999999969e+00 1.235334018407910905e+00 1.528337999999999867e-05 3.753042800000000057e+01 1.549994700000000059e+01 7.954442999999999930e-01 3.681439999999999824e+00 2.571453499999999985e+04 0.000000000000000000e+00
3.205843000000000220e+00 7.511125999999999969e+00 1.235333999999999932e+00 1.529828116119384633e-05 3.753042800000000057e+01 1.549994700000000059e+01 7.954442999999999930e-01 3.681439999999999824e+00 2.571453499999999985e+04 0.000000000000000000e+00
3.205843000000000220e+00 7.511125999999999969e+00 1.235333999999999932e+00 1.528337999999999867e-05 3.753042855924695687e+01 1.549994700000000059e+01 7.954442999999999930e-01 3.681439999999999824e+00 2.571453499999999985e+04 0.000000000000000000e+00
3.205843000000000220e+00 7.511125999999999969e+00 1.235333999999999932e+00 1.528337999999999867e-05 3.753042800000000057e+01 1.549994700000000059e+01 7.954442999999999930e-01 3.681439999999999824e+00 2.571453538317642960e+04 0.000000000000000000e+00
3.205843000000000220e+00 7.511125999999999969e+00 1.235333999999999932e+00 1.528337999999999867e-05 3.753042800000000057e+01 1.549994700000000059e+01 7.954442999999999930e-01 3.681439999999999824e+00 2.571453499999999985e+04 1.490116119384765625e-08
3.192792400871332870e+00 7.511125919921635585e+00 1.321834031807247678e+00 9.396085569520248315e-01 3.954378952600274744e+01 1.549994700000000059e+01 7.954442999999999930e-01 3.681439999999999824e+00 2.571399013248156189e+04 -3.667262163826021288e-05
3.192792448447647313e+00 7.511125919921635585e+00 1.321834031807247678e+00 9.396085569520248315e-01 3.954378952600274744e+01 1.549994700000000059e+01 7.954442999999999930e-01 3.681439999999999824e+00 2.571399013248156189e+04 -3.667262163826021288e-05
3.192792400871332870e+00 7.511126031846133699e+00 1.321834031807247678e+00 9.396085569520248315e-01 3.954378952600274744e+01 1.549994700000000059e+01 7.954442999999999930e-01 3.681439999999999824e+00 2.571399013248156189e+04 -3.667262163826021288e-05
3.192792400871332870e+00 7.511125919921635585e+00 1.321834051504109597e+00 9.396085569520248315e-01 3.954378952600274744e+01 1.549994700000000059e+01 7.954442999999999930e-01 3.681439999999999824e+00 2.571399013248156189e+04 -3.667262163826021288e-05
3.192792400871332870e+00 7.511125919921635585e+00 1.321834031807247678e+00 9.396085718531860254e-01 3.954378952600274744e+01 1.549994700000000059e+01 7.954442999999999930e-01 3.681439999999999824e+00 2.571399013248156189e+04 -3.667262163826021288e-05
3.192792400871332870e+00 7.511125919921635585e+00 1.321834031807247678e+00 9.396085569520248315e-01 3.954379011525112730e+01 1.549994700000000059e+01 7.954442999999999930e-01 3.681439999999999824e+00 2.571399013248156189e+04 -3.667262163826021288e-05
3.192792400871332870e+00 7.511125919921635585e+00 1.321834031807247678e+00 9.396085569520248315e-01 3.954378952600274744e+01 1.549994700000000059e+01 7.954442999999999930e-01 3.681439999999999824e+00 2.571399051564987531e+04 -3.667262163826021288e-05
3.192792400871332870e+00 7.511125919921635585e+00 1.321834031807247678e+00 9.396085569520248315e-01 3.954378952600274744e+01 1.549994700000000059e+01 7.954442999999999930e-01 3.681439999999999824e+00 2.571399013248156189e+04 -3.668752279945406054e-05
3.195242477700712236e+00 7.511125897357766590e+00 1.340709204683626199e+00 3.836454937398106058e-01 3.986589387337981094e+01 1.549994700000000059e+01 7.954442999999999930e-01 3.681439999999999824e+00 2.571342362472222521e+04 -4.355235880252724605e-05
3.195242525313535253e+00 7.511125897357766590e+00 1.340709204683626199e+00 3.836454937398106058e-01 3.986589387337981094e+01 1.549994700000000059e+01 7.954442999999999930e-01 3.681439999999999824e+00 2.571342362472222521e+04 -4.355235880252724605e-05
3.195242477700712236e+00 7.511126009282264704e+00 1.340709204683626199e+00 3.836454937398106058e-01 3.986589387337981094e+01 1.549994700000000059e+01 7.954442999999999930e-01 3.681439999999999824e+00 2.571342362472222521e+04 -4.355235880252724605e-05
3.195242477700712236e+00 7.511125897357766590e+00 1.340709224661750243e+00 3.836454937398106058e-01 3.986589387337981094e+01 1.549994700000000059e+01 7.954442999999999930e-01 3.681439999999999824e+00 2.571342362472222521e+04 -4.355235880252724605e-05
3.195242477700712236e+00 7.511125897357766590e+00 1.340709204683626199e+00 3.836455086409717996e-01 3.986589387337981094e+01 1.549994700000000059e+01 7.954442999999999930e-01 3.681439999999999824e+00 2.571342362472222521e+04 -4.355235880252724605e-05
3.195242477700712236e+00 7.511125897357766590e+00 1.340709204683626199e+00 3.836454937398106058e-01 3.986589446742792120e+01 1.549994700000000059e+01 7.954442999999999930e-01 3.681439999999999824e+00 2.571342362472222521e+04 -4.355235880252724605e-05
3.195242477700712236e+00 7.511125897357766590e+00 1.340709204683626199e+00 3.836454937398106058e-01 3.986589387337981094e+01 1.549994700000000059e+01 7.954442999999999930e-01 3.681439999999999824e+00 2.571342400788209488e+04 -4.355235880252724605e-05
3.195242477700712236e+00 7.511125897357766590e+00 1.340709204683626199e+00 3.836454937398106058e-01 3.986589387337981094e+01 1.549994700000000059e+01 7.954442999999999930e-01 3.681439999999999824e+00 2.571342362472222521e+04 -4.356725996372109370e-05
3.197075834205496569e+00 7.511125994433381692e+00 1.352829076569680433e+00 6.962652716312711654e-02 4.007572312164779049e+01 1.549994700000000059e+01 7.954442999999999930e-01 3.681439999999999824e+00 2.571242352511431454e+04 -4.781612449315928890e-05
3.197075881845639067e+00 7.511125994433381692e+00 1.352829076569680433e+00 6.962652716312711654e-02 4.007572312164779049e+01 1.549994700000000059e+01 7.954442999999999930e-01 3.681439999999999824e+00 2.571242352511431454e+04 -4.781612449315928890e-05
3.197075834205496569e+00 7.511126106357880694e+00 1.352829076569680433e+00 6.962652716312711654e-02 4.007572312164779049e+01 1.549994700000000059e+01 7.954442999999999930e-01 3.681439999999999824e+00 2.571242352511431454e+04 -4.781612449315928890e-05
3.197075834205496569e+00 7.511125994433381692e+00 1.352829096728404679e+00 6.962652716312711654e-02 4.007572312164779049e+01 1.549994700000000059e+01 7.954442999999999930e-01 3.681439999999999824e+00 2.571242352511431454e+04 -4.781612449315928890e-05
3.197075834205496569e+00 7.511125994433381692e+00 1.352829076569680433e+00 6.962654206428831039e-02 4.007572312164779049e+01 1.549994700000000059e+01 7.954442999999999930e-01 3.681439999999999824e+00 2.571242352511431454e+04 -4.781612449315928890e-05
3.197075834205496569e+00 7.511125994433381692e+00 1.352829076569680433e+00 6.962652716312711654e-02 4.007572371882260143e+01 1.549994700000000059e+01 7.954442999999999930e-01 3.681439999999999824e+00 2.571242352511431454e+04 -4.781612449315928890e-05
3.197075834205496569e+00 7.511125994433381692e+00 1.352829076569680433e+00 6.962652716312711654e-02 4.007572312164779049e+01 1.549994700000000059e+01 7.954442999999999930e-01 3.681439999999999824e+00 2.571242390825928305e+04 -4.781612449315928890e-05
3.197075834205496569e+00 7.511125994433381692e+00 1.352829076569680433e+00 6.962652716312711654e-02 4.007572312164779049e+01 1.549994700000000059e+01 7.954442999999999930e-01 3.681439999999999824e+00 2.571242352511431454e+04 -4.783102565435313656e-05
3.180035267213062067e+00 7.559447271757235853e+00 1.407469703007164119e+00 7.012776653028869600e-02 3.981983342376587842e+01 1.549994700000000059e+01 7.954442999999999930e-01 3.681439999999999824e+00 2.554767409002862769e+04 -2.409490656623971367e-04
3.180035314599280127e+00 7.559447271757235853e+00 1.407469703007164119e+00 7.012776653028869600e-02 3.981983342376587842e+01 1.549994700000000059e+01 7.954442999999999930e-01 3.681439999999999824e+00 2.554767409002862769e+04 -2.409490656623971367e-04
3.180035267213062067e+00 7.559447384401778436e+00 1.407469703007164119e+00 7.012776653028869600e-02 3.981983342376587842e+01 1.549994700000000059e+01 7.954442999999999930e-01 3.681439999999999824e+00 2.554767409002862769e+04 -2.409490656623971367e-04
3.180035267213062067e+00 7.559447271757235853e+00 1.407469723980097065e+00 7.012776653028869600e-02 3.981983342376587842e+01 1.549994700000000059e+01 7.954442999999999930e-01 3.681439999999999824e+00 2.554767409002862769e+04 -2.409490656623971367e-04
3.180035267213062067e+00 7.559447271757235853e+00 1.407469703007164119e+00 7.012778143144988985e-02 3.981983342376587842e+01 1.549994700000000059e+01 7.954442999999999930e-01 3.681439999999999824e+00 2.554767409002862769e+04 -2.409490656623971367e-04
3.180035267213062067e+00 7.559447271757235853e+00 1.407469703007164119e+00 7.012776653028869600e-02 3.981983401712763282e+01 1.549994700000000059e+01 7.954442999999999930e-01 3.681439999999999824e+00 2.554767409002862769e+04 -2.409490656623971367e-04
3.180035267213062067e+00 7.559447271757235853e+00 1.407469703007164119e+00 7.012776653028869600e-02 3.981983342376587842e+01 1.549994700000000059e+01 7.954442999999999930e-01 3.681439999999999824e+00 2.554767447071863717e+04 -2.409490656623971367e-04
3.180035267213062067e+00 7.559447271757235853e+00 1.407469703007164119e+00 7.012776653028869600e-02 3.981983342376587842e+01 1.549994700000000059e+01 7.954442999999999930e-01 3.681439999999999824e+00 2.554767409002862769e+04 -2.409639668235909844e-04
3.171170962110698266e+00 7.489899176864359909e+00 1.434966280173903375e+00 6.902731821742442986e-02 3.969153250988212989e+01 1.549994700000000059e+01 7.954442999999999930e-01 3.681439999999999824e+00 2.567810448056859241e+04 -3.065324784527027348e-04
3.170428727940205249e+00 7.500770188323698129e+00 1.433231072457864519e+00 6.898262837180044182e-02 3.968073888805911764e+01 1.549994700000000059e+01 7.954442999999999930e-01 3.681439999999999824e+00 2.558028162504353531e+04 -3.454849811709830715e-04
3.170243168000754341e+00 7.503487962291483626e+00 1.432797267401305419e+00 6.897145599563929419e-02 3.967804047249885713e+01 1.549994700000000059e+01 7.954442999999999930e-01 3.681439999999999824e+00 2.555582573681862050e+04 -3.552231707861478621e-04
3.170196772426711274e+00 7.504167490224276094e+00 1.432688803622945706e+00 6.896866324289650796e-02 3.967736582818951518e+01 1.549994700000000059e+01 7.954442999999999930e-01 3.681439999999999824e+00 2.554971106716608119e+04 -3.576579740066289804e-04
3.170185151055677775e+00 7.504337711846807757e+00 1.432661637361744678e+00 6.896796644055462611e-02 3.967719700536198246e+01 1.549994700000000059e+01 7.954442999999999930e-01 3.681439999999999824e+00 2.554817959505284671e+04 -3.582677028733554422e-04
3.170182238397306396e+00 7.504382277120839717e+00 1.432654391379406533e+00 6.896781023941667144e-02 3.967715548178581741e+01 1.549994700000000059e+01 7.954442999999999930e-01 3.681439999999999824e+00 2.554778445415889655e+04 -3.584235032438008728e-04
3.169744732189761383e+00 7.536969467451942961e+00 1.431928420846552807e+00 6.996759089693194156e-02 3.977519358821241724e+01 1.549994700000000059e+01 7.954442999999999930e-01 3.681439999999999824e+00 2.554767408763760614e+04 -2.607207898443714774e-04
3.176193683810669466e+00 7.559329436537902680e+00 1.416559505821424647e+00 7.013052038056274973e-02 3.981903733981874183e+01 1.549994700000000059e+01 7.954442999999999930e-01 3.681439999999999824e+00 2.554767408991387856e+04 -2.358178017957289138e-04
3.176193731139643539e+00 7.559329436537902680e+00 1.416559505821424647e+00 7.013052038056274973e-02 3.981903733981874183e+01 1.549994700000000059e+01 7.954442999999999930e-01 3.681439999999999824e+00 2.554767408991387856e+04 -2.358178017957289138e-04
3.176193683810669466e+00 7.559329549180689334e+00 1.416559505821424647e+00 7.013052038056274973e-02 3.981903733981874183e+01 1.549994700000000059e+01 7.954442999999999930e-01 3.681439999999999824e+00 2.554767408991387856e+04 -2.358178017957289138e-04
3.176193683810669466e+00 7.559329436537902680e+00 1.416559526929806134e+00 7.013052038056274973e-02 3.981903733981874183e+01 1.549994700000000059e+01 7.954442999999999930e-01 3.681439999999999824e+00 2.554767408991387856e+04 -2.358178017957289138e-04
3.176193683810669466e+00 7.559329436537902680e+00 1.416559505821424647e+00 7.013053528172394357e-02 3.981903733981874183e+01 1.549994700000000059e+01 7.954442999999999930e-01 3.681439999999999824e+00 2.554767408991387856e+04 -2.358178017957289138e-04
3.176193683810669466e+00 7.559329436537902680e+00 1.416559505821424647e+00 7.013052038056274973e-02 3.981903793316863727e+01 1.549994700000000059e+01 7.954442999999999930e-01 3.681439999999999824e+00 2.554767408991387856e+04 -2.358178017957289138e-04
3.176193683810669466e+00 7.559329436537902680e+00 1.416559505821424647e+00 7.013052038056274973e-02 3.981903733981874183e+01 1.549994700000000059e+01 7.954442999999999930e-01 3.681439999999999824e+00 2.554767447060388804e+04 -2.358178017957289138e-04
3.176193683810669466e+00 7.559329436537902680e+00 1.416559505821424647e+00 7.013052038056274973e-02 3.981903733981874183e+01 1.549994700000000059e+01 7.954442999999999930e-01 3.681439999999999824e+00 2.554767408991387856e+04 -2.358327029569227615e-04
3.174023749266608796e+00 7.556609206123793498e+00 1.424154459771292736e+00 7.017989023219531330e-02 3.981900621097770454e+01 1.549994700000000059e+01 7.954442999999999930e-01 3.681439999999999824e+00 2.554767023433869690e+04 -2.225179809649753039e-04
3.174023796563248290e+00 7.556609206123793498e+00 1.424154459771292736e+00 7.017989023219531330e-02 3.981900621097770454e+01 1.549994700000000059e+01 7.954442999999999930e-01 3.681439999999999824e+00 2.554767023433869690e+04 -2.225179809649753039e-04
3.174023749266608796e+00 7.556609318726045466e+00 1.424154459771292736e+00 7.017989023219531330e-02 3.981900621097770454e+01 1.549994700000000059e+01 7.954442999999999930e-01 3.681439999999999824e+00 2.554767023433869690e+04 -2.225179809649753039e-04
3.174023749266608796e+00 7.556609206123793498e+00 1.424154480992847915e+00 7.017989023219531330e-02 3.981900621097770454e+01 1.549994700000000059e+01 7.954442999999999930e-01 3.681439999999999824e+00 2.554767023433869690e+04 -2.225179809649753039e-04
3.174023749266608796e+00 7.556609206123793498e+00 1.424154459771292736e+00 7.017990513335650715e-02 3.981900621097770454e+01 1.549994700000000059e+01 7.954442999999999930e-01 3.681439999999999824e+00 2.554767023433869690e+04 -2.225179809649753039e-04
3.174023749266608796e+00 7.556609206123793498e+00 1.424154459771292736e+00 7.017989023219531330e-02 3.981900680432713813e+01 1.549994700000000059e+01 7.954442999999999930e-01 3.681439999999999824e+00 2.554767023433869690e+04 -2.225179809649753039e-04
3.174023749266608796e+00 7.556609206123793498e+00 1.424154459771292736e+00 7.017989023219531330e-02 3.981900621097770454e+01 1.549994700000000059e+01 7.954442999999999930e-01 3.681439999999999824e+00 2.554767061502864817e+04 -2.225179809649753039e-04
3.174023749266608796e+00 7.556609206123793498e+00 1.424154459771292736e+00 7.017989023219531330e-02 3.981900621097770454e+01 1.549994700000000059e+01 7.954442999999999930e-01 3.681439999999999824e+00 2.554767023433869690e+04 -2.225328821261691515e-04
3.171052307229165201e+00 7.542602743076232130e+00 1.432311036156258544e+00 7.002954974926106635e-02 3.980172554161032394e+01 1.549994700000000059e+01 7.954442999999999930e-01 3.681439999999999824e+00 2.554767023287667325e+04 -2.411207534413605392e-04
3.171052354481526780e+00 7.542602743076232130e+00 1.432311036156258544e+00 7.002954974926106635e-02 3.980172554161032394e+01 1.549994700000000059e+01 7.954442999999999930e-01 3.681439999999999824e+00 2.554767023287667325e+04 -2.411207534413605392e-04
3.171052307229165201e+00 7.542602855469771050e+00 1.432311036156258544e+00 7.002954974926106635e-02 3.980172554161032394e+01 1.549994700000000059e+01 7.954442999999999930e-01 3.681439999999999824e+00 2.554767023287667325e+04 -2.411207534413605392e-04
3.171052307229165201e+00 7.542602743076232130e+00 1.432311057499356277e+00 7.002954974926106635e-02 3.980172554161032394e+01 1.549994700000000059e+01 7.954442999999999930e-01 3.681439999999999824e+00 2.554767023287667325e+04 -2.411207534413605392e-04
3.171052307229165201e+00 7.542602743076232130e+00 1.432311036156258544e+00 7.002956465042226020e-02 3.980172554161032394e+01 1.549994700000000059e+01 7.954442999999999930e-01 3.681439999999999824e+00 2.554767023287667325e+04 -2.411207534413605392e-04
3.171052307229165201e+00 7.542602743076232130e+00 1.432311036156258544e+00 7.002954974926106635e-02 3.980172613470224974e+01 1.549994700000000059e+01 7.954442999999999930e-01 3.681439999999999824e+00 2.554767023287667325e+04 -2.411207534413605392e-04
3.171052307229165201e+00 7.542602743076232130e+00 1.432311036156258544e+00 7.002954974926106635e-02 3.980172554161032394e+01 1.549994700000000059e+01 7.954442999999999930e-01 3.681439999999999824e+00 2.554767061356662452e+04 -2.411207534413605392e-04
3.171052307229165201e+00 7.542602743076232130e+00 1.432311036156258544e+00 7.002954974926106635e-02 3.980172554161032394e+01 1.549994700000000059e+01 7.954442999999999930e-01 3.681439999999999824e+00 2.554767023287667325e+04 -2.411356546025543869e-04
3.170517909482879482e+00 7.538688992088452778e+00 1.432589757802375852e+00 7.000349563743527015e-02 3.979787673092360478e+01 1.549994700000000059e+01 7.954442999999999930e-01 3.681439999999999824e+00 2.554767023257968685e+04 -2.525444944783251477e-04
3.170517956727278097e+00 7.538688992088452778e+00 1.432589757802375852e+00 7.000349563743527015e-02 3.979787673092360478e+01 1.549994700000000059e+01 7.954442999999999930e-01 3.681439999999999824e+00 2.554767023257968685e+04 -2.525444944783251477e-04
3.170517909482879482e+00 7.538689104423673015e+00 1.432589757802375852e+00 7.000349563743527015e-02 3.979787673092360478e+01 1.549994700000000059e+01 7.954442999999999930e-01 3.681439999999999824e+00 2.554767023257968685e+04 -2.525444944783251477e-04
3.170517909482879482e+00 7.538688992088452778e+00 1.432589779149626708e+00 7.000349563743527015e-02 3.979787673092360478e+01 1.549994700000000059e+01 7.954442999999999930e-01 3.681439999999999824e+00 2.554767023257968685e+04 -2.525444944783251477e-04
3.170517909482879482e+00 7.538688992088452778e+00 1.432589757802375852e+00 7.000351053859646400e-02 3.979787673092360478e+01 1.549994700000000059e+01 7.954442999999999930e-01 3.681439999999999824e+00 2.554767023257968685e+04 -2.525444944783251477e-04
3.170517909482879482e+00 7.538688992088452778e+00 1.432589757802375852e+00 7.000349563743527015e-02 3.979787732395818267e+01 1.549994700000000059e+01 7.954442999999999930e-01 3.681439999999999824e+00 2.554767023257968685e+04 -2.525444944783251477e-04
3.170517909482879482e+00 7.538688992088452778e+00 1.432589757802375852e+00 7.000349563743527015e-02 3.979787673092360478e+01 1.549994700000000059e+01 7.954442999999999930e-01 3.681439999999999824e+00 2.554767061326963812e+04 -2.525444944783251477e-04
3.170517909482879482e+00 7.538688992088452778e+00 1.432589757802375852e+00 7.000349563743527015e-02 3.979787673092360478e+01 1.549994700000000059e+01 7.954442999999999930e-01 3.681439999999999824e+00 2.554767023257968685e+04 -2.525593956395189954e-04
3.170216538790210148e+00 7.516956554668717594e+00 1.432903150976483353e+00 6.927946980013692524e-02 3.979779139414671363e+01 1.549994700000000059e+01 7.954442999999999930e-01 3.681439999999999824e+00 2.554766560287255561e+04 -3.126532766461916080e-04
3.170216586030117689e+00 7.516956554668717594e+00 1.432903150976483353e+00 6.927946980013692524e-02 3.979779139414671363e+01 1.549994700000000059e+01 7.954442999999999930e-01 3.681439999999999824e+00 2.554766560287255561e+04 -3.126532766461916080e-04
3.170216538790210148e+00 7.516956666680099097e+00 1.432903150976483353e+00 6.927946980013692524e-02 3.979779139414671363e+01 1.549994700000000059e+01 7.954442999999999930e-01 3.681439999999999824e+00 2.554766560287255561e+04 -3.126532766461916080e-04
3.170216538790210148e+00 7.516956554668717594e+00 1.432903172328404251e+00 6.927946980013692524e-02 3.979779139414671363e+01 1.549994700000000059e+01 7.954442999999999930e-01 3.681439999999999824e+00 2.554766560287255561e+04 -3.126532766461916080e-04
3.170216538790210148e+00 7.516956554668717594e+00 1.432903150976483353e+00 6.927948470129811909e-02 3.979779139414671363e+01 1.549994700000000059e+01 7.954442999999999930e-01 3.681439999999999824e+00 2.554766560287255561e+04 -3.126532766461916080e-04
3.170216538790210148e+00 7.516956554668717594e+00 1.432903150976483353e+00 6.927946980013692524e-02 3.979779198718001965e+01 1.549994700000000059e+01 7.954442999999999930e-01 3.681439999999999824e+00 2.554766560287255561e+04 -3.126532766461916080e-04
3.170216538790210148e+00 7.516956554668717594e+00 1.432903150976483353e+00 6.927946980013692524e-02 3.979779139414671363e+01 1.549994700000000059e+01 7.954442999999999930e-01 3.681439999999999824e+00 2.554766598356243776e+04 -3.126532766461916080e-04
3.170216538790210148e+00 7.516956554668717594e+00 1.432903150976483353e+00 6.927946980013692524e-02 3.979779139414671363e+01 1.549994700000000059e+01 7.954442999999999930e-01 3.681439999999999824e+00 2.554766560287255561e+04 -3.126681778073854556e-04
3.169997918192762221e+00 7.502105287707556691e+00 1.433127343677247367e+00 6.780705099477216113e-02 3.978982782331796386e+01 1.549994700000000059e+01 7.954442999999999930e-01 3.681439999999999824e+00 2.554766560942052820e+04 -3.606210261507043118e-04
3.169997965429412368e+00 7.502105287707556691e+00 1.433127343677247367e+00 6.780705099477216113e-02 3.978982782331796386e+01 1.549994700000000059e+01 7.954442999999999930e-01 3.681439999999999824e+00 2.554766560942052820e+04 -3.606210261507043118e-04
3.169997918192762221e+00 7.502105399497636995e+00 1.433127343677247367e+00 6.780705099477216113e-02 3.978982782331796386e+01 1.549994700000000059e+01 7.954442999999999930e-01 3.681439999999999824e+00 2.554766560942052820e+04 -3.606210261507043118e-04
3.169997918192762221e+00 7.502105287707556691e+00 1.433127365032508926e+00 6.780705099477216113e-02 3.978982782331796386e+01 1.549994700000000059e+01 7.954442999999999930e-01 3.681439999999999824e+00 2.554766560942052820e+04 -3.606210261507043118e-04
3.169997918192762221e+00 7.502105287707556691e+00 1.433127343677247367e+00 6.780706589593335498e-02 3.978982782331796386e+01 1.549994700000000059e+01 7.954442999999999930e-01 3.681439999999999824e+00 2.554766560942052820e+04 -3.606210261507043118e-04
3.169997918192762221e+00 7.502105287707556691e+00 1.433127343677247367e+00 6.780705099477216113e-02 3.978982841623260214e+01 1.549994700000000059e+01 7.954442999999999930e-01 3.681439999999999824e+00 2.554766560942052820e+04 -3.606210261507043118e-04
3.169997918192762221e+00 7.502105287707556691e+00 1.433127343677247367e+00 6.780705099477216113e-02 3.978982782331796386e+01 1.549994700000000059e+01 7.954442999999999930e-01 3.681439999999999824e+00 2.554766599011041035e+04 -3.606210261507043118e-04
3.169997918192762221e+00 7.502105287707556691e+00 1.433127343677247367e+00 6.780705099477216113e-02 3.978982782331796386e+01 1.549994700000000059e+01 7.954442999999999930e-01 3.681439999999999824e+00 2.554766560942052820e+04 -3.606359273118981594e-04
3.170131070494303760e+00 7.499974686992053385e+00 1.433351876127990199e+00 5.190928491245128118e-02 3.978983484497649670e+01 1.549994700000000059e+01 7.954442999999999930e-01 3.681439999999999824e+00 2.554771293555390730e+04 -3.641890776147820659e-04
3.170131117732937653e+00 7.499974686992053385e+00 1.433351876127990199e+00 5.190928491245128118e-02 3.978983484497649670e+01 1.549994700000000059e+01 7.954442999999999930e-01 3.681439999999999824e+00 2.554771293555390730e+04 -3.641890776147820659e-04
3.170131070494303760e+00 7.499974798750384863e+00 1.433351876127990199e+00 5.190928491245128118e-02 3.978983484497649670e+01 1.549994700000000059e+01 7.954442999999999930e-01 3.681439999999999824e+00 2.554771293555390730e+04 -3.641890776147820659e-04
3.170131070494303760e+00 7.499974686992053385e+00 1.433351897486597526e+00 5.190928491245128118e-02 3.978983484497649670e+01 1.549994700000000059e+01 7.954442999999999930e-01 3.681439999999999824e+00 2.554771293555390730e+04 -3.641890776147820659e-04
3.170131070494303760e+00 7.499974686992053385e+00 1.433351876127990199e+00 5.190929981361247503e-02 3.978983484497649670e+01 1.549994700000000059e+01 7.954442999999999930e-01 3.681439999999999824e+00 2.554771293555390730e+04 -3.641890776147820659e-04
3.170131070494303760e+00 7.499974686992053385e+00 1.433351876127990199e+00 5.190928491245128118e-02 3.978983543789124155e+01 1.549994700000000059e+01 7.954442999999999930e-01 3.681439999999999824e+00 2.554771293555390730e+04 -3.641890776147820659e-04
3.170131070494303760e+00 7.499974686992053385e+00 1.433351876127990199e+00 5.190928491245128118e-02 3.978983484497649670e+01 1.549994700000000059e+01 7.954442999999999930e-01 3.681439999999999824e+00 2.554771331624449522e+04 -3.641890776147820659e-04
3.170131070494303760e+00 7.499974686992053385e+00 1.433351876127990199e+00 5.190928491245128118e-02 3.978983484497649670e+01 1.549994700000000059e+01 7.954442999999999930e-01 3.681439999999999824e+00 2.554771293555390730e+04 -3.642039787759759136e-04
3.170096601195294461e+00 7.499708470917661352e+00 1.433437266473230220e+00 4.828455727617885634e-02 3.979337276785544475e+01 1.549994700000000059e+01 7.954442999999999930e-01 3.681439999999999824e+00 2.554771296900696689e+04 -3.647901160438308307e-04
3.170096648433414988e+00 7.499708470917661352e+00 1.433437266473230220e+00 4.828455727617885634e-02 3.979337276785544475e+01 1.549994700000000059e+01 7.954442999999999930e-01 3.681439999999999824e+00 2.554771296900696689e+04 -3.647901160438308307e-04
3.170096601195294461e+00 7.499708582672026225e+00 1.433437266473230220e+00 4.828455727617885634e-02 3.979337276785544475e+01 1.549994700000000059e+01 7.954442999999999930e-01 3.681439999999999824e+00 2.554771296900696689e+04 -3.647901160438308307e-04
3.170096601195294461e+00 7.499708470917661352e+00 1.433437287833110085e+00 4.828455727617885634e-02 3.979337276785544475e+01 1.549994700000000059e+01 7.954442999999999930e-01 3.681439999999999824e+00 2.554771296900696689e+04 -3.647901160438308307e-04
3.170096601195294461e+00 7.499708470917661352e+00 1.433437266473230220e+00 4.828457217734005019e-02 3.979337276785544475e+01 1.549994700000000059e+01 7.954442999999999930e-01 3.681439999999999824e+00 2.554771296900696689e+04 -3.647901160438308307e-04
3.170096601195294461e+00 7.499708470917661352e+00 1.433437266473230220e+00 4.828455727617885634e-02 3.979337336082290477e+01 1.549994700000000059e+01 7.954442999999999930e-01 3.681439999999999824e+00 2.554771296900696689e+04 -3.647901160438308307e-04
3.170096601195294461e+00 7.499708470917661352e+00 1.433437266473230220e+00 4.828455727617885634e-02 3.979337276785544475e+01 1.549994700000000059e+01 7.954442999999999930e-01 3.681439999999999824e+00 2.554771334969755480e+04 -3.647901160438308307e-04
3.170096601195294461e+00 7.499708470917661352e+00 1.433437266473230220e+00 4.828455727617885634e-02 3.979337276785544475e+01 1.549994700000000059e+01 7.954442999999999930e-01 3.681439999999999824e+00 2.554771296900696689e+04 -3.648050172050246783e-04
3.170058470634959047e+00 7.499610563971171651e+00 1.433447181383107116e+00 4.478967055625163174e-02 3.979794376191631500e+01 1.549994700000000059e+01 7.954442999999999930e-01 3.681439999999999824e+00 2.554771300373097984e+04 -3.647829515503590880e-04
3.170058517872511139e+00 7.499610563971171651e+00 1.433447181383107116e+00 4.478967055625163174e-02 3.979794376191631500e+01 1.549994700000000059e+01 7.954442999999999930e-01 3.681439999999999824e+00 2.554771300373097984e+04 -3.647829515503590880e-04
3.170058470634959047e+00 7.499610675724077247e+00 1.433447181383107116e+00 4.478967055625163174e-02 3.979794376191631500e+01 1.549994700000000059e+01 7.954442999999999930e-01 3.681439999999999824e+00 2.554771300373097984e+04 -3.647829515503590880e-04
3.170058470634959047e+00 7.499610563971171651e+00 1.433447202743134641e+00 4.478967055625163174e-02 3.979794376191631500e+01 1.549994700000000059e+01 7.954442999999999930e-01 3.681439999999999824e+00 2.554771300373097984e+04 -3.647829515503590880e-04
3.170058470634959047e+00 7.499610563971171651e+00 1.433447181383107116e+00 4.478968545741282559e-02 3.979794376191631500e+01 1.549994700000000059e+01 7.954442999999999930e-01 3.681439999999999824e+00 2.554771300373097984e+04 -3.647829515503590880e-04
3.170058470634959047e+00 7.499610563971171651e+00 1.433447181383107116e+00 4.478967055625163174e-02 3.979794435495188765e+01 1.549994700000000059e+01 7.954442999999999930e-01 3.681439999999999824e+00 2.554771300373097984e+04 -3.647829515503590880e-04
3.170058470634959047e+00 7.499610563971171651e+00 1.433447181383107116e+00 4.478967055625163174e-02 3.979794376191631500e+01 1.549994700000000059e+01 7.954442999999999930e-01 3.681439999999999824e+00 2.554771338442156775e+04 -3.647829515503590880e-04
3.170058470634959047e+00 7.499610563971171651e+00 1.433447181383107116e+00 4.478967055625163174e-02 3.979794376191631500e+01 1.549994700000000059e+01 7.954442999999999930e-01 3.681439999999999824e+00 2.554771300373097984e+04 -3.647978527115529356e-04
3.170397172406561825e+00 7.499982898387294483e+00 1.434109579155483871e+00 1.296097938338723610e-02 3.979797748737449581e+01 1.549994700000000059e+01 7.954442999999999930e-01 3.681439999999999824e+00 2.554780904438749349e+04 -3.646243450493964690e-04
3.170148414082876620e+00 7.499705694930911548e+00 1.433623999663985238e+00 3.683281930933829385e-02 3.979795215962742105e+01 1.549994700000000059e+01 7.954442999999999930e-01 3.681439999999999824e+00 2.554773717554187897e+04 -3.647629678265515147e-04
3.170086328527056629e+00 7.499635917246377126e+00 1.433502251703515196e+00 4.280080008632371202e-02 3.979794591375488011e+01 1.549994700000000059e+01 7.954442999999999930e-01 3.681439999999999824e+00 2.554771905134703775e+04 -3.647999935148467962e-04
3.170086375765023945e+00 7.499635917246377126e+00 1.433502251703515196e+00 4.280080008632371202e-02 3.979794591375488011e+01 1.549994700000000059e+01 7.954442999999999930e-01 3.681439999999999824e+00 2.554771905134703775e+04 -3.647999935148467962e-04
3.170086328527056629e+00 7.499636028999661086e+00 1.433502251703515196e+00 4.280080008632371202e-02 3.979794591375488011e+01 1.549994700000000059e+01 7.954442999999999930e-01 3.681439999999999824e+00 2.554771905134703775e+04 -3.647999935148467962e-04
3.170086328527056629e+00 7.499635917246377126e+00 1.433502273064363397e+00 4.280080008632371202e-02 3.979794591375488011e+01 1.549994700000000059e+01 7.954442999999999930e-01 3.681439999999999824e+00 2.554771905134703775e+04 -3.647999935148467962e-04
3.170086328527056629e+00 7.499635917246377126e+00 1.433502251703515196e+00 4.280081498748490587e-02 3.979794591375488011e+01 1.549994700000000059e+01 7.954442999999999930e-01 3.681439999999999824e+00 2.554771905134703775e+04 -3.647999935148467962e-04
3.170086328527056629e+00 7.499635917246377126e+00 1.433502251703515196e+00 4.280080008632371202e-02 3.979794650679048829e+01 1.549994700000000059e+01 7.954442999999999930e-01 3.681439999999999824e+00 2.554771905134703775e+04 -3.647999935148467962e-04
3.170086328527056629e+00 7.499635917246377126e+00 1.433502251703515196e+00 4.280080008632371202e-02 3.979794591375488011e+01 1.549994700000000059e+01 7.954442999999999930e-01 3.681439999999999824e+00 2.554771943203771662e+04 -3.647999935148467962e-04
3.170086328527056629e+00 7.499635917246377126e+00 1.433502251703515196e+00 4.280080008632371202e-02 3.979794591375488011e+01 1.549994700000000059e+01 7.954442999999999930e-01 3.681439999999999824e+00 2.554771905134703775e+04 -3.648148946760406438e-04
3.170078809110699503e+00 7.499633843192706095e+00 1.433492709485251426e+00 4.238952457484963798e-02 3.979854017729353899e+01 1.549994700000000059e+01 7.954442999999999930e-01 3.681439999999999824e+00 2.554771905372662513e+04 -3.647573126422770889e-04
3.170078856348554908e+00 7.499633843192706095e+00 1.433492709485251426e+00 4.238952457484963798e-02 3.979854017729353899e+01 1.549994700000000059e+01 7.954442999999999930e-01 3.681439999999999824e+00 2.554771905372662513e+04 -3.647573126422770889e-04
3.170078809110699503e+00 7.499633954945958969e+00 1.433492709485251426e+00 4.238952457484963798e-02 3.979854017729353899e+01 1.549994700000000059e+01 7.954442999999999930e-01 3.681439999999999824e+00 2.554771905372662513e+04 -3.647573126422770889e-04
3.170078809110699503e+00 7.499633843192706095e+00 1.433492730845957297e+00 4.238952457484963798e-02 3.979854017729353899e+01 1.549994700000000059e+01 7.954442999999999930e-01 3.681439999999999824e+00 2.554771905372662513e+04 -3.647573126422770889e-04
3.170078809110699503e+00 7.499633843192706095e+00 1.433492709485251426e+00 4.238953947601083183e-02 3.979854017729353899e+01 1.549994700000000059e+01 7.954442999999999930e-01 3.681439999999999824e+00 2.554771905372662513e+04 -3.647573126422770889e-04
3.170078809110699503e+00 7.499633843192706095e+00 1.433492709485251426e+00 4.238952457484963798e-02 3.979854077033800053e+01 1.549994700000000059e+01 7.954442999999999930e-01 3.681439999999999824e+00 2.554771905372662513e+04 -3.647573126422770889e-04
3.170078809110699503e+00 7.499633843192706095e+00 1.433492709485251426e+00 4.238952457484963798e-02 3.979854017729353899e+01 1.549994700000000059e+01 7.954442999999999930e-01 3.681439999999999824e+00 2.554771943441730400e+04 -3.647573126422770889e-04
3.170078809110699503e+00 7.499633843192706095e+00 1.433492709485251426e+00 4.238952457484963798e-02 3.979854017729353899e+01 1.549994700000000059e+01 7.954442999999999930e-01 3.681439999999999824e+00 2.554771905372662513e+04 -3.647722138034709366e-04
3.170088171072305006e+00 7.499637299526410672e+00 1.433513282456117199e+00 4.157358203326504131e-02 3.979855550413337539e+01 1.549994700000000059e+01 7.954442999999999930e-01 3.681439999999999824e+00 2.554777825342660435e+04 -3.647349956880763353e-04
3.170088218310299855e+00 7.499637299526410672e+00 1.433513282456117199e+00 4.157358203326504131e-02 3.979855550413337539e+01 1.549994700000000059e+01 7.954442999999999930e-01 3.681439999999999824e+00 2.554777825342660435e+04 -3.647349956880763353e-04
3.170088171072305006e+00 7.499637411279715060e+00 1.433513282456117199e+00 4.157358203326504131e-02 3.979855550413337539e+01 1.549994700000000059e+01 7.954442999999999930e-01 3.681439999999999824e+00 2.554777825342660435e+04 -3.647349956880763353e-04
3.170088171072305006e+00 7.499637299526410672e+00 1.433513303817129714e+00 4.157358203326504131e-02 3.979855550413337539e+01 1.549994700000000059e+01 7.954442999999999930e-01 3.681439999999999824e+00 2.554777825342660435e+04 -3.647349956880763353e-04
3.170088171072305006e+00 7.499637299526410672e+00 1.433513282456117199e+00 4.157359693442623516e-02 3.979855550413337539e+01 1.549994700000000059e+01 7.954442999999999930e-01 3.681439999999999824e+00 2.554777825342660435e+04 -3.647349956880763353e-04
3.170088171072305006e+00 7.499637299526410672e+00 1.433513282456117199e+00 4.157358203326504131e-02 3.979855609717806431e+01 1.549994700000000059e+01 7.954442999999999930e-01 3.681439999999999824e+00 2.554777825342660435e+04 -3.647349956880763353e-04
3.170088171072305006e+00 7.499637299526410672e+00 1.433513282456117199e+00 4.157358203326504131e-02 3.979855550413337539e+01 1.549994700000000059e+01 7.954442999999999930e-01 3.681439999999999824e+00 2.554777863411816725e+04 -3.647349956880763353e-04
3.170088171072305006e+00 7.499637299526410672e+00 1.433513282456117199e+00 4.157358203326504131e-02 3.979855550413337539e+01 1.549994700000000059e+01 7.954442999999999930e-01 3.681439999999999824e+00 2.554777825342660435e+04 -3.647498968492701829e-04
3.170089126372394706e+00 7.499634504624719256e+00 1.433523564708540032e+00 4.076222488537781241e-02 3.979915641827614081e+01 1.549994700000000059e+01 7.954442999999999930e-01 3.681439999999999824e+00 2.554777825583982849e+04 -3.647194665413839784e-04
3.170089173610403765e+00 7.499634504624719256e+00 1.433523564708540032e+00 4.076222488537781241e-02 3.979915641827614081e+01 1.549994700000000059e+01 7.954442999999999930e-01 3.681439999999999824e+00 2.554777825583982849e+04 -3.647194665413839784e-04
3.170089126372394706e+00 7.499634616377981899e+00 1.433523564708540032e+00 4.076222488537781241e-02 3.979915641827614081e+01 1.549994700000000059e+01 7.954442999999999930e-01 3.681439999999999824e+00 2.554777825583982849e+04 -3.647194665413839784e-04
3.170089126372394706e+00 7.499634504624719256e+00 1.433523586069705757e+00 4.076222488537781241e-02 3.979915641827614081e+01 1.549994700000000059e+01 7.954442999999999930e-01 3.681439999999999824e+00 2.554777825583982849e+04 -3.647194665413839784e-04
3.170089126372394706e+00 7.499634504624719256e+00 1.433523564708540032e+00 4.076223978653900626e-02 3.979915641827614081e+01 1.549994700000000059e+01 7.954442999999999930e-01 3.681439999999999824e+00 2.554777825583982849e+04 -3.647194665413839784e-04
3.170089126372394706e+00 7.499634504624719256e+00 1.433523564708540032e+00 4.076222488537781241e-02 3.979915701132978256e+01 1.549994700000000059e+01 7.954442999999999930e-01 3.681439999999999824e+00 2.554777825583982849e+04 -3.647194665413839784e-04
3.170089126372394706e+00 7.499634504624719256e+00 1.433523564708540032e+00 4.076222488537781241e-02 3.979915641827614081e+01 1.549994700000000059e+01 7.954442999999999930e-01 3.681439999999999824e+00 2.554777863653139138e+04 -3.647194665413839784e-04
3.170089126372394706e+00 7.499634504624719256e+00 1.433523564708540032e+00 4.076222488537781241e-02 3.979915641827614081e+01 1.549994700000000059e+01 7.954442999999999930e-01 3.681439999999999824e+00 2.554777825583982849e+04 -3.647343677025778261e-04
3.170089172220257545e+00 7.499630207118091363e+00 1.433530867941043896e+00 3.995886346874455430e-02 3.979980756711354672e+01 1.549994700000000059e+01 7.954442999999999930e-01 3.681439999999999824e+00 2.554777825828066489e+04 -3.647069078938026325e-04
3.170089219458267493e+00 7.499630207118091363e+00 1.433530867941043896e+00 3.995886346874455430e-02 3.979980756711354672e+01 1.549994700000000059e+01 7.954442999999999930e-01 3.681439999999999824e+00 2.554777825828066489e+04 -3.647069078938026325e-04
3.170089172220257545e+00 7.499630318871290058e+00 1.433530867941043896e+00 3.995886346874455430e-02 3.979980756711354672e+01 1.549994700000000059e+01 7.954442999999999930e-01 3.681439999999999824e+00 2.554777825828066489e+04 -3.647069078938026325e-04
3.170089172220257545e+00 7.499630207118091363e+00 1.433530889302318423e+00 3.995886346874455430e-02 3.979980756711354672e+01 1.549994700000000059e+01 7.954442999999999930e-01 3.681439999999999824e+00 2.554777825828066489e+04 -3.647069078938026325e-04
3.170089172220257545e+00 7.499630207118091363e+00 1.433530867941043896e+00 3.995887836990574815e-02 3.979980756711354672e+01 1.549994700000000059e+01 7.954442999999999930e-01 3.681439999999999824e+00 2.554777825828066489e+04 -3.647069078938026325e-04
3.170089172220257545e+00 7.499630207118091363e+00 1.433530867941043896e+00 3.995886346874455430e-02 3.979980816017689449e+01 1.549994700000000059e+01 7.954442999999999930e-01 3.681439999999999824e+00 2.554777825828066489e+04 -3.647069078938026325e-04
3.170089172220257545e+00 7.499630207118091363e+00 1.433530867941043896e+00 3.995886346874455430e-02 3.979980756711354672e+01 1.549994700000000059e+01 7.954442999999999930e-01 3.681439999999999824e+00 2.554777863897222778e+04 -3.647069078938026325e-04
3.170089172220257545e+00 7.499630207118091363e+00 1.433530867941043896e+00 3.995886346874455430e-02 3.979980756711354672e+01 1.549994700000000059e+01 7.954442999999999930e-01 3.681439999999999824e+00 2.554777825828066489e+04 -3.647218090549964801e-04
3.170088491594885927e+00 7.499618335314828244e+00 1.433545977876040656e+00 3.916348799821350868e-02 3.980048716425327626e+01 1.549994700000000059e+01 7.954442999999999930e-01 3.681439999999999824e+00 2.554777826073079268e+04 -3.647096942751662822e-04
3.170088538832885661e+00 7.499618335314828244e+00 1.433545977876040656e+00 3.916348799821350868e-02 3.980048716425327626e+01 1.549994700000000059e+01 7.954442999999999930e-01 3.681439999999999824e+00 2.554777826073079268e+04 -3.647096942751662822e-04
3.170088491594885927e+00 7.499618447067850191e+00 1.433545977876040656e+00 3.916348799821350868e-02 3.980048716425327626e+01 1.549994700000000059e+01 7.954442999999999930e-01 3.681439999999999824e+00 2.554777826073079268e+04 -3.647096942751662822e-04
3.170088491594885927e+00 7.499618335314828244e+00 1.433545999237540336e+00 3.916348799821350868e-02 3.980048716425327626e+01 1.549994700000000059e+01 7.954442999999999930e-01 3.681439999999999824e+00 2.554777826073079268e+04 -3.647096942751662822e-04
3.170088491594885927e+00 7.499618335314828244e+00 1.433545977876040656e+00 3.916350289937470253e-02 3.980048716425327626e+01 1.549994700000000059e+01 7.954442999999999930e-01 3.681439999999999824e+00 2.554777826073079268e+04 -3.647096942751662822e-04
3.170088491594885927e+00 7.499618335314828244e+00 1.433545977876040656e+00 3.916348799821350868e-02 3.980048775732674926e+01 1.549994700000000059e+01 7.954442999999999930e-01 3.681439999999999824e+00 2.554777826073079268e+04 -3.647096942751662822e-04
3.170088491594885927e+00 7.499618335314828244e+00 1.433545977876040656e+00 3.916348799821350868e-02 3.980048716425327626e+01 1.549994700000000059e+01 7.954442999999999930e-01 3.681439999999999824e+00 2.554777864142235558e+04 -3.647096942751662822e-04
3.170088491594885927e+00 7.499618335314828244e+00 1.433545977876040656e+00 3.916348799821350868e-02 3.980048716425327626e+01 1.549994700000000059e+01 7.954442999999999930e-01 3.681439999999999824e+00 2.554777826073079268e+04 -3.647245954363601298e-04
3.170076722448643469e+00 7.499591232587888179e+00 1.433548383632717416e+00 3.837696627203264488e-02 3.980185770439025816e+01 1.549994700000000059e+01 7.954442999999999930e-01 3.681439999999999824e+00 2.554777826571202968e+04 -3.646935973125093764e-04
3.170076769686467788e+00 7.499591232587888179e+00 1.433548383632717416e+00 3.837696627203264488e-02 3.980185770439025816e+01 1.549994700000000059e+01 7.954442999999999930e-01 3.681439999999999824e+00 2.554777826571202968e+04 -3.646935973125093764e-04
3.170076722448643469e+00 7.499591344340506005e+00 1.433548383632717416e+00 3.837696627203264488e-02 3.980185770439025816e+01 1.549994700000000059e+01 7.954442999999999930e-01 3.681439999999999824e+00 2.554777826571202968e+04 -3.646935973125093764e-04
3.170076722448643469e+00 7.499591232587888179e+00 1.433548404994253067e+00 3.837696627203264488e-02 3.980185770439025816e+01 1.549994700000000059e+01 7.954442999999999930e-01 3.681439999999999824e+00 2.554777826571202968e+04 -3.646935973125093764e-04
3.170076722448643469e+00 7.499591232587888179e+00 1.433548383632717416e+00 3.837698117319383873e-02 3.980185770439025816e+01 1.549994700000000059e+01 7.954442999999999930e-01 3.681439999999999824e+00 2.554777826571202968e+04 -3.646935973125093764e-04
3.170076722448643469e+00 7.499591232587888179e+00 1.433548383632717416e+00 3.837696627203264488e-02 3.980185829748415216e+01 1.549994700000000059e+01 7.954442999999999930e-01 3.681439999999999824e+00 2.554777826571202968e+04 -3.646935973125093764e-04
3.170076722448643469e+00 7.499591232587888179e+00 1.433548383632717416e+00 3.837696627203264488e-02 3.980185770439025816e+01 1.549994700000000059e+01 7.954442999999999930e-01 3.681439999999999824e+00 2.554777864640359257e+04 -3.646935973125093764e-04
3.170076722448643469e+00 7.499591232587888179e+00 1.433548383632717416e+00 3.837696627203264488e-02 3.980185770439025816e+01 1.549994700000000059e+01 7.954442999999999930e-01 3.681439999999999824e+00 2.554777826571202968e+04 -3.647084984737032241e-04
3.170087380308072245e+00 7.499572127697962998e+00 1.433571920300581670e+00 3.684599646696802566e-02 3.980191227482372796e+01 1.549994700000000059e+01 7.954442999999999930e-01 3.681439999999999824e+00 2.554802048090800599e+04 -3.646098501514672958e-04
3.170087427546055103e+00 7.499572127697962998e+00 1.433571920300581670e+00 3.684599646696802566e-02 3.980191227482372796e+01 1.549994700000000059e+01 7.954442999999999930e-01 3.681439999999999824e+00 2.554802048090800599e+04 -3.646098501514672958e-04
3.170087380308072245e+00 7.499572239450295719e+00 1.433571920300581670e+00 3.684599646696802566e-02 3.980191227482372796e+01 1.549994700000000059e+01 7.954442999999999930e-01 3.681439999999999824e+00 2.554802048090800599e+04 -3.646098501514672958e-04
3.170087380308072245e+00 7.499572127697962998e+00 1.433571941662467930e+00 3.684599646696802566e-02 3.980191227482372796e+01 1.549994700000000059e+01 7.954442999999999930e-01 3.681439999999999824e+00 2.554802048090800599e+04 -3.646098501514672958e-04
3.170087380308072245e+00 7.499572127697962998e+00 1.433571920300581670e+00 3.684601136812921951e-02 3.980191227482372796e+01 1.549994700000000059e+01 7.954442999999999930e-01 3.681439999999999824e+00 2.554802048090800599e+04 -3.646098501514672958e-04
3.170087380308072245e+00 7.499572127697962998e+00 1.433571920300581670e+00 3.684599646696802566e-02 3.980191286791843908e+01 1.549994700000000059e+01 7.954442999999999930e-01 3.681439999999999824e+00 2.554802048090800599e+04 -3.646098501514672958e-04
3.170087380308072245e+00 7.499572127697962998e+00 1.433571920300581670e+00 3.684599646696802566e-02 3.980191227482372796e+01 1.549994700000000059e+01 7.954442999999999930e-01 3.681439999999999824e+00 2.554802086160317776e+04 -3.646098501514672958e-04
3.170087380308072245e+00 7.499572127697962998e+00 1.433571920300581670e+00 3.684599646696802566e-02 3.980191227482372796e+01 1.549994700000000059e+01 7.954442999999999930e-01 3.681439999999999824e+00 2.554802048090800599e+04 -3.646247513126611435e-04
3.170175517386186748e+00 7.499670789617598032e+00 1.433739939214979664e+00 2.093679782284990978e-02 3.980193510952376101e+01 1.549994700000000059e+01 7.954442999999999930e-01 3.681439999999999824e+00 2.554811631874397426e+04 -3.645343186469664144e-04
3.170113036594162992e+00 7.499600639116794198e+00 1.433617667352225844e+00 3.286877345977035764e-02 3.980191802043763261e+01 1.549994700000000059e+01 7.954442999999999930e-01 3.681439999999999824e+00 2.554804448347071593e+04 -3.645916221175358649e-04
3.170113083832528211e+00 7.499600639116794198e+00 1.433617667352225844e+00 3.286877345977035764e-02 3.980191802043763261e+01 1.549994700000000059e+01 7.954442999999999930e-01 3.681439999999999824e+00 2.554804448347071593e+04 -3.645916221175358649e-04
3.170113036594162992e+00 7.499600750869552357e+00 1.433617667352225844e+00 3.286877345977035764e-02 3.980191802043763261e+01 1.549994700000000059e+01 7.954442999999999930e-01 3.681439999999999824e+00 2.554804448347071593e+04 -3.645916221175358649e-04
3.170113036594162992e+00 7.499600639116794198e+00 1.433617688714793781e+00 3.286877345977035764e-02 3.980191802043763261e+01 1.549994700000000059e+01 7.954442999999999930e-01 3.681439999999999824e+00 2.554804448347071593e+04 -3.645916221175358649e-04
3.170113036594162992e+00 7.499600639116794198e+00 1.433617667352225844e+00 3.286878836093155148e-02 3.980191802043763261e+01 1.549994700000000059e+01 7.954442999999999930e-01 3.681439999999999824e+00 2.554804448347071593e+04 -3.645916221175358649e-04
3.170113036594162992e+00 7.499600639116794198e+00 1.433617667352225844e+00 3.286877345977035764e-02 3.980191861353242899e+01 1.549994700000000059e+01 7.954442999999999930e-01 3.681439999999999824e+00 2.554804448347071593e+04 -3.645916221175358649e-04
3.170113036594162992e+00 7.499600639116794198e+00 1.433617667352225844e+00 3.286877345977035764e-02 3.980191802043763261e+01 1.549994700000000059e+01 7.954442999999999930e-01 3.681439999999999824e+00 2.554804486416624422e+04 -3.645916221175358649e-04
3.170113036594162992e+00 7.499600639116794198e+00 1.433617667352225844e+00 3.286877345977035764e-02 3.980191802043763261e+01 1.549994700000000059e+01 7.954442999999999930e-01 3.681439999999999824e+00 2.554804448347071593e+04 -3.646065232787297126e-04
3.170180056079419550e+00 7.499658014269206419e+00 1.433713228864630151e+00 2.889082867707061172e-02 3.980192175900118201e+01 1.549994700000000059e+01 7.954442999999999930e-01 3.681439999999999824e+00 2.554805647092054642e+04 -3.645836869716703884e-04
3.170141297230994137e+00 7.499617289566113953e+00 1.433652079590600037e+00 3.187486063386742174e-02 3.980191910360531438e+01 1.549994700000000059e+01 7.954442999999999930e-01 3.681439999999999824e+00 2.554804747549162494e+04 -3.646099996536282723e-04
3.170141344469780798e+00 7.499617289566113953e+00 1.433652079590600037e+00 3.187486063386742174e-02 3.980191910360531438e+01 1.549994700000000059e+01 7.954442999999999930e-01 3.681439999999999824e+00 2.554804747549162494e+04 -3.646099996536282723e-04
3.170141297230994137e+00 7.499617401319119914e+00 1.433652079590600037e+00 3.187486063386742174e-02 3.980191910360531438e+01 1.549994700000000059e+01 7.954442999999999930e-01 3.681439999999999824e+00 2.554804747549162494e+04 -3.646099996536282723e-04
3.170141297230994137e+00 7.499617289566113953e+00 1.433652100953680675e+00 3.187486063386742174e-02 3.980191910360531438e+01 1.549994700000000059e+01 7.954442999999999930e-01 3.681439999999999824e+00 2.554804747549162494e+04 -3.646099996536282723e-04
3.170141297230994137e+00 7.499617289566113953e+00 1.433652079590600037e+00 3.187487553502861559e-02 3.980191910360531438e+01 1.549994700000000059e+01 7.954442999999999930e-01 3.681439999999999824e+00 2.554804747549162494e+04 -3.646099996536282723e-04
3.170141297230994137e+00 7.499617289566113953e+00 1.433652079590600037e+00 3.187486063386742174e-02 3.980191969670012497e+01 1.549994700000000059e+01 7.954442999999999930e-01 3.681439999999999824e+00 2.554804747549162494e+04 -3.646099996536282723e-04
3.170141297230994137e+00 7.499617289566113953e+00 1.433652079590600037e+00 3.187486063386742174e-02 3.980191910360531438e+01 1.549994700000000059e+01 7.954442999999999930e-01 3.681439999999999824e+00 2.554804785618719689e+04 -3.646099996536282723e-04
3.170141297230994137e+00 7.499617289566113953e+00 1.433652079590600037e+00 3.187486063386742174e-02 3.980191910360531438e+01 1.549994700000000059e+01 7.954442999999999930e-01 3.681439999999999824e+00 2.554804747549162494e+04 -3.646249008148221200e-04
3.170133394040540509e+00 7.499623494600416329e+00 1.433648988485560771e+00 3.169724502302913305e-02 3.980205220276326372e+01 1.549994700000000059e+01 7.954442999999999930e-01 3.681439999999999824e+00 2.554804747616363966e+04 -3.645786217227400274e-04
3.170133441279209041e+00 7.499623494600416329e+00 1.433648988485560771e+00 3.169724502302913305e-02 3.980205220276326372e+01 1.549994700000000059e+01 7.954442999999999930e-01 3.681439999999999824e+00 2.554804747616363966e+04 -3.645786217227400274e-04
3.170133394040540509e+00 7.499623606353514660e+00 1.433648988485560771e+00 3.169724502302913305e-02 3.980205220276326372e+01 1.549994700000000059e+01 7.954442999999999930e-01 3.681439999999999824e+00 2.554804747616363966e+04 -3.645786217227400274e-04
3.170133394040540509e+00 7.499623494600416329e+00 1.433649009848595446e+00 3.169724502302913305e-02 3.980205220276326372e+01 1.549994700000000059e+01 7.954442999999999930e-01 3.681439999999999824e+00 2.554804747616363966e+04 -3.645786217227400274e-04
3.170133394040540509e+00 7.499623494600416329e+00 1.433648988485560771e+00 3.169725992419032690e-02 3.980205220276326372e+01 1.549994700000000059e+01 7.954442999999999930e-01 3.681439999999999824e+00 2.554804747616363966e+04 -3.645786217227400274e-04
3.170133394040540509e+00 7.499623494600416329e+00 1.433648988485560771e+00 3.169724502302913305e-02 3.980205279586005673e+01 1.549994700000000059e+01 7.954442999999999930e-01 3.681439999999999824e+00 2.554804747616363966e+04 -3.645786217227400274e-04
3.170133394040540509e+00 7.499623494600416329e+00 1.433648988485560771e+00 3.169724502302913305e-02 3.980205220276326372e+01 1.549994700000000059e+01 7.954442999999999930e-01 3.681439999999999824e+00 2.554804785685921161e+04 -3.645786217227400274e-04
3.170133394040540509e+00 7.499623494600416329e+00 1.433648988485560771e+00 3.169724502302913305e-02 3.980205220276326372e+01 1.549994700000000059e+01 7.954442999999999930e-01 3.681439999999999824e+00 2.554804747616363966e+04 -3.645935228839338751e-04
