3.147663178631852077e+00 7.853853469702262835e+00 1.381113095596969709e+00 6.811830835432565210e-06 4.242072603430747790e+01 1.549994700000000059e+01 7.954442999999999930e-01 3.681439999999999824e+00 2.399642547063680104e+04 -5.171128403390064070e-04
3.147663225535688447e+00 7.853853469702262835e+00 1.381113095596969709e+00 6.811830835432565210e-06 4.242072603430747790e+01 1.549994700000000059e+01 7.954442999999999930e-01 3.681439999999999824e+00 2.399642547063680104e+04 -5.171128403390064070e-04
3.147663178631852077e+00 7.853853586733799297e+00 1.381113095596969709e+00 6.811830835432565210e-06 4.242072603430747790e+01 1.549994700000000059e+01 7.954442999999999930e-01 3.681439999999999824e+00 2.399642547063680104e+04 -5.171128403390064070e-04
3.147663178631852077e+00 7.853853469702262835e+00 1.381113116177158595e+00 6.811830835432565210e-06 4.242072603430747790e+01 1.549994700000000059e+01 7.954442999999999930e-01 3.681439999999999824e+00 2.399642547063680104e+04 -5.171128403390064070e-04
3.147663178631852077e+00 7.853853469702262835e+00 1.381113095596969709e+00 6.826731996626412866e-06 4.242072603430747790e+01 1.549994700000000059e+01 7.954442999999999930e-01 3.681439999999999824e+00 2.399642547063680104e+04 -5.171128403390064070e-04
3.147663178631852077e+00 7.853853469702262835e+00 1.381113095596969709e+00 6.811830835432565210e-06 4.242072666642555134e+01 1.549994700000000059e+01 7.954442999999999930e-01 3.681439999999999824e+00 2.399642547063680104e+04 -5.171128403390064070e-04
3.147663178631852077e+00 7.853853469702262835e+00 1.381113095596969709e+00 6.811830835432565210e-06 4.242072603430747790e+01 1.549994723096720861e+01 7.954442999999999930e-01 3.681439999999999824e+00 2.399642547063680104e+04 -5.171128403390064070e-04
3.147663178631852077e+00 7.853853469702262835e+00 1.381113095596969709e+00 6.811830835432565210e-06 4.242072603430747790e+01 1.549994700000000059e+01 7.954443149011611869e-01 3.681439999999999824e+00 2.399642547063680104e+04 -5.171128403390064070e-04
3.147663178631852077e+00 7.853853469702262835e+00 1.381113095596969709e+00 6.811830835432565210e-06 4.242072603430747790e+01 1.549994700000000059e+01 7.954442999999999930e-01 3.681439999999999824e+00 2.399642582821140604e+04 -5.171128403390064070e-04
3.147663178631852077e+00 7.853853469702262835e+00 1.381113095596969709e+00 6.811830835432565210e-06 4.242072603430747790e+01 1.549994700000000059e+01 7.954442999999999930e-01 3.681439999999999824e+00 2.399642547063680104e+04 -5.171277415002002546e-04
2.662765926797735272e+00 7.844755997687974158e+00 1.363978384709917169e+00 1.379849968647882860e-05 9.896744636378664950e+01 1.579440115784430709e+01 6.632511631973804223e-01 3.681439999999999824e+00 2.136748535257907133e+04 -4.477657860616641983e-04
3.158994225840931591e+00 9.060308578663102352e+00 1.369770333149722408e+00 1.332811448124310252e-05 4.383436466014324395e+01 1.580060515302888646e+01 6.658056964888137141e-01 3.681439999999999824e+00 2.172245652236799651e+04 -3.347257828546518362e-04
3.179437826040523607e+00 8.789369735954766227e+00 1.398284145315997096e+00 9.969210824789486027e-06 4.246638168837981908e+01 1.582629568227008399e+01 6.751008448194573131e-01 3.681439999999999824e+00 2.343210417682661136e+04 2.412390392780214537e-04
3.181713778764170719e+00 8.708249789136829122e+00 1.405503078787054383e+00 4.666735107819540074e-06 4.243033835485505989e+01 1.576709265767960133e+01 6.775102508479560193e-01 3.681439999999999824e+00 2.387682805137525429e+04 3.891119997663214152e-04
3.172287306892579650e+00 8.433915161663096072e+00 1.400135343404951715e+00 6.691167107167918136e-06 4.242268558982546978e+01 1.550333672249254313e+01 7.091906493136660439e-01 3.681439999999999824e+00 2.399621098315174459e+04 1.105370212925789897e-04
3.154788409615504108e+00 7.986817706497316927e+00 1.387701319825347612e+00 6.803228098751130609e-06 4.242118446018937306e+01 1.550009803813424369e+01 7.675388796240755207e-01 3.681439999999999824e+00 2.399645221944715013e+04 -4.609229845617183975e-04
3.154788456625514659e+00 7.986817706497316927e+00 1.387701319825347612e+00 6.803228098751130609e-06 4.242118446018937306e+01 1.550009803813424369e+01 7.675388796240755207e-01 3.681439999999999824e+00 2.399645221944715013e+04 -4.609229845617183975e-04
3.154788409615504108e+00 7.986817825510175162e+00 1.387701319825347612e+00 6.803228098751130609e-06 4.242118446018937306e+01 1.550009803813424369e+01 7.675388796240755207e-01 3.681439999999999824e+00 2.399645221944715013e+04 -4.609229845617183975e-04
3.154788409615504108e+00 7.986817706497316927e+00 1.387701340503708636e+00 6.803228098751130609e-06 4.242118446018937306e+01 1.550009803813424369e+01 7.675388796240755207e-01 3.681439999999999824e+00 2.399645221944715013e+04 -4.609229845617183975e-04
3.154788409615504108e+00 7.986817706497316927e+00 1.387701319825347612e+00 6.818129259944978265e-06 4.242118446018937306e+01 1.550009803813424369e+01 7.675388796240755207e-01 3.681439999999999824e+00 2.399645221944715013e+04 -4.609229845617183975e-04
3.154788409615504108e+00 7.986817706497316927e+00 1.387701319825347612e+00 6.803228098751130609e-06 4.242118509231428192e+01 1.550009803813424369e+01 7.675388796240755207e-01 3.681439999999999824e+00 2.399645221944715013e+04 -4.609229845617183975e-04
3.154788409615504108e+00 7.986817706497316927e+00 1.387701319825347612e+00 6.803228098751130609e-06 4.242118446018937306e+01 1.550009826910370236e+01 7.675388796240755207e-01 3.681439999999999824e+00 2.399645221944715013e+04 -4.609229845617183975e-04
3.154788409615504108e+00 7.986817706497316927e+00 1.387701319825347612e+00 6.803228098751130609e-06 4.242118446018937306e+01 1.550009803813424369e+01 7.675388945252367145e-01 3.681439999999999824e+00 2.399645221944715013e+04 -4.609229845617183975e-04
3.154788409615504108e+00 7.986817706497316927e+00 1.387701319825347612e+00 6.803228098751130609e-06 4.242118446018937306e+01 1.550009803813424369e+01 7.675388796240755207e-01 3.681439999999999824e+00 2.399645257702215167e+04 -4.609229845617183975e-04
3.154788409615504108e+00 7.986817706497316927e+00 1.387701319825347612e+00 6.803228098751130609e-06 4.242118446018937306e+01 1.550009803813424369e+01 7.675388796240755207e-01 3.681439999999999824e+00 2.399645221944715013e+04 -4.609378857229122451e-04
3.156636654178437418e+00 8.026990408962713985e+00 1.388420790289990325e+00 3.731410228381914725e-04 4.242133213705111672e+01 1.550013129399475709e+01 7.669251301612598493e-01 3.681439999999999824e+00 2.399646262858489354e+04 -4.238385615202855676e-04
3.156636701215989049e+00 8.026990408962713985e+00 1.388420790289990325e+00 3.731410228381914725e-04 4.242133213705111672e+01 1.550013129399475709e+01 7.669251301612598493e-01 3.681439999999999824e+00 2.399646262858489354e+04 -4.238385615202855676e-04
3.156636654178437418e+00 8.026990528574192041e+00 1.388420790289990325e+00 3.731410228381914725e-04 4.242133213705111672e+01 1.550013129399475709e+01 7.669251301612598493e-01 3.681439999999999824e+00 2.399646262858489354e+04 -4.238385615202855676e-04
3.156636654178437418e+00 8.026990408962713985e+00 1.388420810979072328e+00 3.731410228381914725e-04 4.242133213705111672e+01 1.550013129399475709e+01 7.669251301612598493e-01 3.681439999999999824e+00 2.399646262858489354e+04 -4.238385615202855676e-04
3.156636654178437418e+00 8.026990408962713985e+00 1.388420790289990325e+00 3.731559239993853202e-04 4.242133213705111672e+01 1.550013129399475709e+01 7.669251301612598493e-01 3.681439999999999824e+00 2.399646262858489354e+04 -4.238385615202855676e-04
3.156636654178437418e+00 8.026990408962713985e+00 1.388420790289990325e+00 3.731410228381914725e-04 4.242133276917822826e+01 1.550013129399475709e+01 7.669251301612598493e-01 3.681439999999999824e+00 2.399646262858489354e+04 -4.238385615202855676e-04
3.156636654178437418e+00 8.026990408962713985e+00 1.388420790289990325e+00 3.731410228381914725e-04 4.242133213705111672e+01 1.550013152496471136e+01 7.669251301612598493e-01 3.681439999999999824e+00 2.399646262858489354e+04 -4.238385615202855676e-04
3.156636654178437418e+00 8.026990408962713985e+00 1.388420790289990325e+00 3.731410228381914725e-04 4.242133213705111672e+01 1.550013129399475709e+01 7.669251450624210431e-01 3.681439999999999824e+00 2.399646262858489354e+04 -4.238385615202855676e-04
3.156636654178437418e+00 8.026990408962713985e+00 1.388420790289990325e+00 3.731410228381914725e-04 4.242133213705111672e+01 1.550013129399475709e+01 7.669251301612598493e-01 3.681439999999999824e+00 2.399646298616005151e+04 -4.238385615202855676e-04
3.156636654178437418e+00 8.026990408962713985e+00 1.388420790289990325e+00 3.731410228381914725e-04 4.242133213705111672e+01 1.550013129399475709e+01 7.669251301612598493e-01 3.681439999999999824e+00 2.399646262858489354e+04 -4.238534626814794153e-04
3.159100864988030111e+00 8.100458554061663818e+00 1.389669910273667819e+00 5.217375623092544799e-04 4.242157520246400537e+01 1.550034015422441414e+01 7.609939674920517261e-01 3.681439999999999824e+00 2.399647474805847378e+04 -3.128457619557409785e-04
3.159100912062301258e+00 8.100458554061663818e+00 1.389669910273667819e+00 5.217375623092544799e-04 4.242157520246400537e+01 1.550034015422441414e+01 7.609939674920517261e-01 3.681439999999999824e+00 2.399647474805847378e+04 -3.128457619557409785e-04
3.159100864988030111e+00 8.100458674767901712e+00 1.389669910273667819e+00 5.217375623092544799e-04 4.242157520246400537e+01 1.550034015422441414e+01 7.609939674920517261e-01 3.681439999999999824e+00 2.399647474805847378e+04 -3.128457619557409785e-04
3.159100864988030111e+00 8.100458554061663818e+00 1.389669930981363155e+00 5.217375623092544799e-04 4.242157520246400537e+01 1.550034015422441414e+01 7.609939674920517261e-01 3.681439999999999824e+00 2.399647474805847378e+04 -3.128457619557409785e-04
3.159100864988030111e+00 8.100458554061663818e+00 1.389669910273667819e+00 5.217524634704483275e-04 4.242157520246400537e+01 1.550034015422441414e+01 7.609939674920517261e-01 3.681439999999999824e+00 2.399647474805847378e+04 -3.128457619557409785e-04
3.159100864988030111e+00 8.100458554061663818e+00 1.389669910273667819e+00 5.217375623092544799e-04 4.242157583459473358e+01 1.550034015422441414e+01 7.609939674920517261e-01 3.681439999999999824e+00 2.399647474805847378e+04 -3.128457619557409785e-04
3.159100864988030111e+00 8.100458554061663818e+00 1.389669910273667819e+00 5.217375623092544799e-04 4.242157520246400537e+01 1.550034038519748059e+01 7.609939674920517261e-01 3.681439999999999824e+00 2.399647474805847378e+04 -3.128457619557409785e-04
3.159100864988030111e+00 8.100458554061663818e+00 1.389669910273667819e+00 5.217375623092544799e-04 4.242157520246400537e+01 1.550034015422441414e+01 7.609939823932129199e-01 3.681439999999999824e+00 2.399647474805847378e+04 -3.128457619557409785e-04
3.159100864988030111e+00 8.100458554061663818e+00 1.389669910273667819e+00 5.217375623092544799e-04 4.242157520246400537e+01 1.550034015422441414e+01 7.609939674920517261e-01 3.681439999999999824e+00 2.399647510563381366e+04 -3.128457619557409785e-04
3.159100864988030111e+00 8.100458554061663818e+00 1.389669910273667819e+00 5.217375623092544799e-04 4.242157520246400537e+01 1.550034015422441414e+01 7.609939674920517261e-01 3.681439999999999824e+00 2.399647474805847378e+04 -3.128606631169348262e-04
3.160036047279529914e+00 8.126110627107882678e+00 1.390310835478020479e+00 5.211328091612719461e-04 4.244701633970608867e+01 1.550045715478884567e+01 7.500553118580223222e-01 3.681439999999999824e+00 2.399647474955903817e+04 -2.872259426665738167e-04
3.160036094367736581e+00 8.126110627107882678e+00 1.390310835478020479e+00 5.211328091612719461e-04 4.244701633970608867e+01 1.550045715478884567e+01 7.500553118580223222e-01 3.681439999999999824e+00 2.399647474955903817e+04 -2.872259426665738167e-04
3.160036047279529914e+00 8.126110748196367695e+00 1.390310835478020479e+00 5.211328091612719461e-04 4.244701633970608867e+01 1.550045715478884567e+01 7.500553118580223222e-01 3.681439999999999824e+00 2.399647474955903817e+04 -2.872259426665738167e-04
3.160036047279529914e+00 8.126110627107882678e+00 1.390310856195266398e+00 5.211328091612719461e-04 4.244701633970608867e+01 1.550045715478884567e+01 7.500553118580223222e-01 3.681439999999999824e+00 2.399647474955903817e+04 -2.872259426665738167e-04
3.160036047279529914e+00 8.126110627107882678e+00 1.390310835478020479e+00 5.211477103224657938e-04 4.244701633970608867e+01 1.550045715478884567e+01 7.500553118580223222e-01 3.681439999999999824e+00 2.399647474955903817e+04 -2.872259426665738167e-04
3.160036047279529914e+00 8.126110627107882678e+00 1.390310835478020479e+00 5.211328091612719461e-04 4.244701697221591985e+01 1.550045715478884567e+01 7.500553118580223222e-01 3.681439999999999824e+00 2.399647474955903817e+04 -2.872259426665738167e-04
3.160036047279529914e+00 8.126110627107882678e+00 1.390310835478020479e+00 5.211328091612719461e-04 4.244701633970608867e+01 1.550045738576365650e+01 7.500553118580223222e-01 3.681439999999999824e+00 2.399647474955903817e+04 -2.872259426665738167e-04
3.160036047279529914e+00 8.126110627107882678e+00 1.390310835478020479e+00 5.211328091612719461e-04 4.244701633970608867e+01 1.550045715478884567e+01 7.500553267591835160e-01 3.681439999999999824e+00 2.399647474955903817e+04 -2.872259426665738167e-04
3.160036047279529914e+00 8.126110627107882678e+00 1.390310835478020479e+00 5.211328091612719461e-04 4.244701633970608867e+01 1.550045715478884567e+01 7.500553118580223222e-01 3.681439999999999824e+00 2.399647510713437805e+04 -2.872259426665738167e-04
3.160036047279529914e+00 8.126110627107882678e+00 1.390310835478020479e+00 5.211328091612719461e-04 4.244701633970608867e+01 1.550045715478884567e+01 7.500553118580223222e-01 3.681439999999999824e+00 2.399647474955903817e+04 -2.872408438277676643e-04
3.162931831670082072e+00 8.200645234348474588e+00 1.391508202556461349e+00 9.094363221076570735e-04 4.244730020519875779e+01 1.550078742898514861e+01 7.441964360091715136e-01 3.681439999999999824e+00 2.399647728179166370e+04 -1.730973238935412867e-04
3.160989485107830621e+00 8.146173889617536190e+00 1.390731661713934919e+00 2.983375059614315787e-04 4.244708665211331322e+01 1.550047851639566865e+01 7.494925408436472480e-01 3.681439999999999824e+00 2.399647782218346038e+04 -2.621559307505361863e-04
3.160989532210244590e+00 8.146173889617536190e+00 1.390731661713934919e+00 2.983375059614315787e-04 4.244708665211331322e+01 1.550047851639566865e+01 7.494925408436472480e-01 3.681439999999999824e+00 2.399647782218346038e+04 -2.621559307505361863e-04
3.160989485107830621e+00 8.146174011004985616e+00 1.390731661713934919e+00 2.983375059614315787e-04 4.244708665211331322e+01 1.550047851639566865e+01 7.494925408436472480e-01 3.681439999999999824e+00 2.399647782218346038e+04 -2.621559307505361863e-04
3.160989485107830621e+00 8.146173889617536190e+00 1.390731682437451600e+00 2.983375059614315787e-04 4.244708665211331322e+01 1.550047851639566865e+01 7.494925408436472480e-01 3.681439999999999824e+00 2.399647782218346038e+04 -2.621559307505361863e-04
3.160989485107830621e+00 8.146173889617536190e+00 1.390731661713934919e+00 2.983524071226254263e-04 4.244708665211331322e+01 1.550047851639566865e+01 7.494925408436472480e-01 3.681439999999999824e+00 2.399647782218346038e+04 -2.621559307505361863e-04
3.160989485107830621e+00 8.146173889617536190e+00 1.390731661713934919e+00 2.983375059614315787e-04 4.244708728462419600e+01 1.550047851639566865e+01 7.494925408436472480e-01 3.681439999999999824e+00 2.399647782218346038e+04 -2.621559307505361863e-04
3.160989485107830621e+00 8.146173889617536190e+00 1.390731661713934919e+00 2.983375059614315787e-04 4.244708665211331322e+01 1.550047874737079745e+01 7.494925408436472480e-01 3.681439999999999824e+00 2.399647782218346038e+04 -2.621559307505361863e-04
3.160989485107830621e+00 8.146173889617536190e+00 1.390731661713934919e+00 2.983375059614315787e-04 4.244708665211331322e+01 1.550047851639566865e+01 7.494925557448084419e-01 3.681439999999999824e+00 2.399647782218346038e+04 -2.621559307505361863e-04
3.160989485107830621e+00 8.146173889617536190e+00 1.390731661713934919e+00 2.983375059614315787e-04 4.244708665211331322e+01 1.550047851639566865e+01 7.494925408436472480e-01 3.681439999999999824e+00 2.399647817975884391e+04 -2.621559307505361863e-04
3.160989485107830621e+00 8.146173889617536190e+00 1.390731661713934919e+00 2.983375059614315787e-04 4.244708665211331322e+01 1.550047851639566865e+01 7.494925408436472480e-01 3.681439999999999824e+00 2.399647782218346038e+04 -2.621708319117300339e-04
3.161388541215066184e+00 8.160077457067009377e+00 1.391146233243699015e+00 2.981568579870385086e-04 4.246101875563368111e+01 1.550049745929923084e+01 7.467929760432711062e-01 3.681439999999999824e+00 2.399647782298171660e+04 -2.489253763241412211e-04
3.161388588323426507e+00 8.160077457067009377e+00 1.391146233243699015e+00 2.981568579870385086e-04 4.246101875563368111e+01 1.550049745929923084e+01 7.467929760432711062e-01 3.681439999999999824e+00 2.399647782298171660e+04 -2.489253763241412211e-04
3.161388541215066184e+00 8.160077578661638853e+00 1.391146233243699015e+00 2.981568579870385086e-04 4.246101875563368111e+01 1.550049745929923084e+01 7.467929760432711062e-01 3.681439999999999824e+00 2.399647782298171660e+04 -2.489253763241412211e-04
3.161388541215066184e+00 8.160077457067009377e+00 1.391146253973393199e+00 2.981568579870385086e-04 4.246101875563368111e+01 1.550049745929923084e+01 7.467929760432711062e-01 3.681439999999999824e+00 2.399647782298171660e+04 -2.489253763241412211e-04
3.161388541215066184e+00 8.160077457067009377e+00 1.391146233243699015e+00 2.981717591482323563e-04 4.246101875563368111e+01 1.550049745929923084e+01 7.467929760432711062e-01 3.681439999999999824e+00 2.399647782298171660e+04 -2.489253763241412211e-04
3.161388541215066184e+00 8.160077457067009377e+00 1.391146233243699015e+00 2.981568579870385086e-04 4.246101938835216316e+01 1.550049745929923084e+01 7.467929760432711062e-01 3.681439999999999824e+00 2.399647782298171660e+04 -2.489253763241412211e-04
3.161388541215066184e+00 8.160077457067009377e+00 1.391146233243699015e+00 2.981568579870385086e-04 4.246101875563368111e+01 1.550049769027464208e+01 7.467929760432711062e-01 3.681439999999999824e+00 2.399647782298171660e+04 -2.489253763241412211e-04
3.161388541215066184e+00 8.160077457067009377e+00 1.391146233243699015e+00 2.981568579870385086e-04 4.246101875563368111e+01 1.550049745929923084e+01 7.467929909444323000e-01 3.681439999999999824e+00 2.399647782298171660e+04 -2.489253763241412211e-04
3.161388541215066184e+00 8.160077457067009377e+00 1.391146233243699015e+00 2.981568579870385086e-04 4.246101875563368111e+01 1.550049745929923084e+01 7.467929760432711062e-01 3.681439999999999824e+00 2.399647818055710013e+04 -2.489253763241412211e-04
3.161388541215066184e+00 8.160077457067009377e+00 1.391146233243699015e+00 2.981568579870385086e-04 4.246101875563368111e+01 1.550049745929923084e+01 7.467929760432711062e-01 3.681439999999999824e+00 2.399647782298171660e+04 -2.489402774853350687e-04
3.161582015007764479e+00 8.173557271763664644e+00 1.391262181649208562e+00 2.979594143722436961e-04 4.247448177094209854e+01 1.550053693331874172e+01 7.427598767091052601e-01 3.681439999999999824e+00 2.399647782363560691e+04 -2.245020120695460052e-04
3.161582062119007830e+00 8.173557271763664644e+00 1.391262181649208562e+00 2.979594143722436961e-04 4.247448177094209854e+01 1.550053693331874172e+01 7.427598767091052601e-01 3.681439999999999824e+00 2.399647782363560691e+04 -2.245020120695460052e-04
3.161582015007764479e+00 8.173557393559159223e+00 1.391262181649208562e+00 2.979594143722436961e-04 4.247448177094209854e+01 1.550053693331874172e+01 7.427598767091052601e-01 3.681439999999999824e+00 2.399647782363560691e+04 -2.245020120695460052e-04
3.161582015007764479e+00 8.173557271763664644e+00 1.391262202380630697e+00 2.979594143722436961e-04 4.247448177094209854e+01 1.550053693331874172e+01 7.427598767091052601e-01 3.681439999999999824e+00 2.399647782363560691e+04 -2.245020120695460052e-04
3.161582015007764479e+00 8.173557271763664644e+00 1.391262181649208562e+00 2.979743155334375437e-04 4.247448177094209854e+01 1.550053693331874172e+01 7.427598767091052601e-01 3.681439999999999824e+00 2.399647782363560691e+04 -2.245020120695460052e-04
3.161582015007764479e+00 8.173557271763664644e+00 1.391262181649208562e+00 2.979594143722436961e-04 4.247448240386119522e+01 1.550053693331874172e+01 7.427598767091052601e-01 3.681439999999999824e+00 2.399647782363560691e+04 -2.245020120695460052e-04
3.161582015007764479e+00 8.173557271763664644e+00 1.391262181649208562e+00 2.979594143722436961e-04 4.247448177094209854e+01 1.550053716429474093e+01 7.427598767091052601e-01 3.681439999999999824e+00 2.399647782363560691e+04 -2.245020120695460052e-04
3.161582015007764479e+00 8.173557271763664644e+00 1.391262181649208562e+00 2.979594143722436961e-04 4.247448177094209854e+01 1.550053693331874172e+01 7.427598916102664539e-01 3.681439999999999824e+00 2.399647782363560691e+04 -2.245020120695460052e-04
3.161582015007764479e+00 8.173557271763664644e+00 1.391262181649208562e+00 2.979594143722436961e-04 4.247448177094209854e+01 1.550053693331874172e+01 7.427598767091052601e-01 3.681439999999999824e+00 2.399647818121099044e+04 -2.245020120695460052e-04
3.161582015007764479e+00 8.173557271763664644e+00 1.391262181649208562e+00 2.979594143722436961e-04 4.247448177094209854e+01 1.550053693331874172e+01 7.427598767091052601e-01 3.681439999999999824e+00 2.399647782363560691e+04 -2.245169132307398528e-04
3.163585918620571036e+00 8.238887506882159428e+00 1.391741498778576336e+00 7.706820074005785951e-04 4.247470587085015126e+01 1.550120716303079682e+01 7.339153189213772910e-01 3.681439999999999824e+00 2.399645942600444687e+04 -1.032432336463660763e-04
3.163585965761674945e+00 8.238887506882159428e+00 1.391741498778576336e+00 7.706820074005785951e-04 4.247470587085015126e+01 1.550120716303079682e+01 7.339153189213772910e-01 3.681439999999999824e+00 2.399645942600444687e+04 -1.032432336463660763e-04
3.163585918620571036e+00 8.238887629651150846e+00 1.391741498778576336e+00 7.706820074005785951e-04 4.247470587085015126e+01 1.550120716303079682e+01 7.339153189213772910e-01 3.681439999999999824e+00 2.399645942600444687e+04 -1.032432336463660763e-04
3.163585918620571036e+00 8.238887506882159428e+00 1.391741519517140757e+00 7.706820074005785951e-04 4.247470587085015126e+01 1.550120716303079682e+01 7.339153189213772910e-01 3.681439999999999824e+00 2.399645942600444687e+04 -1.032432336463660763e-04
3.163585918620571036e+00 8.238887506882159428e+00 1.391741498778576336e+00 7.706969085617724428e-04 4.247470587085015126e+01 1.550120716303079682e+01 7.339153189213772910e-01 3.681439999999999824e+00 2.399645942600444687e+04 -1.032432336463660763e-04
3.163585918620571036e+00 8.238887506882159428e+00 1.391741498778576336e+00 7.706820074005785951e-04 4.247470650377258750e+01 1.550120716303079682e+01 7.339153189213772910e-01 3.681439999999999824e+00 2.399645942600444687e+04 -1.032432336463660763e-04
3.163585918620571036e+00 8.238887506882159428e+00 1.391741498778576336e+00 7.706820074005785951e-04 4.247470587085015126e+01 1.550120739401678271e+01 7.339153189213772910e-01 3.681439999999999824e+00 2.399645942600444687e+04 -1.032432336463660763e-04
3.163585918620571036e+00 8.238887506882159428e+00 1.391741498778576336e+00 7.706820074005785951e-04 4.247470587085015126e+01 1.550120716303079682e+01 7.339153338225384848e-01 3.681439999999999824e+00 2.399645942600444687e+04 -1.032432336463660763e-04
3.163585918620571036e+00 8.238887506882159428e+00 1.391741498778576336e+00 7.706820074005785951e-04 4.247470587085015126e+01 1.550120716303079682e+01 7.339153189213772910e-01 3.681439999999999824e+00 2.399645978357955755e+04 -1.032432336463660763e-04
3.163585918620571036e+00 8.238887506882159428e+00 1.391741498778576336e+00 7.706820074005785951e-04 4.247470587085015126e+01 1.550120716303079682e+01 7.339153189213772910e-01 3.681439999999999824e+00 2.399645942600444687e+04 -1.032581348075599240e-04
3.164887687141718864e+00 8.290262292534531952e+00 1.393192359668077529e+00 7.652034477741037101e-04 4.252366209285907672e+01 1.550158083645965768e+01 7.124754671290869368e-01 3.681439999999999824e+00 2.399645942397775798e+04 -5.257598082275501589e-05
3.164887734302220590e+00 8.290262292534531952e+00 1.393192359668077529e+00 7.652034477741037101e-04 4.252366209285907672e+01 1.550158083645965768e+01 7.124754671290869368e-01 3.681439999999999824e+00 2.399645942397775798e+04 -5.257598082275501589e-05
3.164887687141718864e+00 8.290262416069067442e+00 1.393192359668077529e+00 7.652034477741037101e-04 4.252366209285907672e+01 1.550158083645965768e+01 7.124754671290869368e-01 3.681439999999999824e+00 2.399645942397775798e+04 -5.257598082275501589e-05
3.164887687141718864e+00 8.290262292534531952e+00 1.393192380428261545e+00 7.652034477741037101e-04 4.252366209285907672e+01 1.550158083645965768e+01 7.124754671290869368e-01 3.681439999999999824e+00 2.399645942397775798e+04 -5.257598082275501589e-05
3.164887687141718864e+00 8.290262292534531952e+00 1.393192359668077529e+00 7.652183489352975578e-04 4.252366209285907672e+01 1.550158083645965768e+01 7.124754671290869368e-01 3.681439999999999824e+00 2.399645942397775798e+04 -5.257598082275501589e-05
3.164887687141718864e+00 8.290262292534531952e+00 1.393192359668077529e+00 7.652034477741037101e-04 4.252366272651102008e+01 1.550158083645965768e+01 7.124754671290869368e-01 3.681439999999999824e+00 2.399645942397775798e+04 -5.257598082275501589e-05
3.164887687141718864e+00 8.290262292534531952e+00 1.393192359668077529e+00 7.652034477741037101e-04 4.252366209285907672e+01 1.550158106745121245e+01 7.124754671290869368e-01 3.681439999999999824e+00 2.399645942397775798e+04 -5.257598082275501589e-05
3.164887687141718864e+00 8.290262292534531952e+00 1.393192359668077529e+00 7.652034477741037101e-04 4.252366209285907672e+01 1.550158083645965768e+01 7.124754820302481306e-01 3.681439999999999824e+00 2.399645942397775798e+04 -5.257598082275501589e-05
3.164887687141718864e+00 8.290262292534531952e+00 1.393192359668077529e+00 7.652034477741037101e-04 4.252366209285907672e+01 1.550158083645965768e+01 7.124754671290869368e-01 3.681439999999999824e+00 2.399645978155286866e+04 -5.257598082275501589e-05
3.164887687141718864e+00 8.290262292534531952e+00 1.393192359668077529e+00 7.652034477741037101e-04 4.252366209285907672e+01 1.550158083645965768e+01 7.124754671290869368e-01 3.681439999999999824e+00 2.399645942397775798e+04 -5.259088198394886354e-05
3.165791313560331499e+00 8.313291417373706693e+00 1.393553950295961519e+00 7.106731338036943735e-03 4.252388087447600640e+01 1.550291034322370010e+01 7.047390857602785497e-01 3.681439999999999824e+00 2.399628458053583017e+04 -1.062536621725699372e-05
3.165791360734298010e+00 8.313291417373706693e+00 1.393553950295961519e+00 7.106731338036943735e-03 4.252388087447600640e+01 1.550291034322370010e+01 7.047390857602785497e-01 3.681439999999999824e+00 2.399628458053583017e+04 -1.062536621725699372e-05
3.165791313560331499e+00 8.313291541251402350e+00 1.393553950295961519e+00 7.106731338036943735e-03 4.252388087447600640e+01 1.550291034322370010e+01 7.047390857602785497e-01 3.681439999999999824e+00 2.399628458053583017e+04 -1.062536621725699372e-05
3.165791313560331499e+00 8.313291417373706693e+00 1.393553971061533669e+00 7.106731338036943735e-03 4.252388087447600640e+01 1.550291034322370010e+01 7.047390857602785497e-01 3.681439999999999824e+00 2.399628458053583017e+04 -1.062536621725699372e-05
3.165791313560331499e+00 8.313291417373706693e+00 1.393553950295961519e+00 7.106746239198137582e-03 4.252388087447600640e+01 1.550291034322370010e+01 7.047390857602785497e-01 3.681439999999999824e+00 2.399628458053583017e+04 -1.062536621725699372e-05
3.165791313560331499e+00 8.313291417373706693e+00 1.393553950295961519e+00 7.106731338036943735e-03 4.252388150813121115e+01 1.550291034322370010e+01 7.047390857602785497e-01 3.681439999999999824e+00 2.399628458053583017e+04 -1.062536621725699372e-05
3.165791313560331499e+00 8.313291417373706693e+00 1.393553950295961519e+00 7.106731338036943735e-03 4.252388087447600640e+01 1.550291057423506658e+01 7.047390857602785497e-01 3.681439999999999824e+00 2.399628458053583017e+04 -1.062536621725699372e-05
3.165791313560331499e+00 8.313291417373706693e+00 1.393553950295961519e+00 7.106731338036943735e-03 4.252388087447600640e+01 1.550291034322370010e+01 7.047391006614397435e-01 3.681439999999999824e+00 2.399628458053583017e+04 -1.062536621725699372e-05
3.165791313560331499e+00 8.313291417373706693e+00 1.393553950295961519e+00 7.106731338036943735e-03 4.252388087447600640e+01 1.550291034322370010e+01 7.047390857602785497e-01 3.681439999999999824e+00 2.399628493810833606e+04 -1.062536621725699372e-05
3.165791313560331499e+00 8.313291417373706693e+00 1.393553950295961519e+00 7.106731338036943735e-03 4.252388087447600640e+01 1.550291034322370010e+01 7.047390857602785497e-01 3.681439999999999824e+00 2.399628458053583017e+04 -1.064026737845084138e-05
3.166700208131992156e+00 8.363015694622051299e+00 1.394056072856789896e+00 7.027474501919745049e-03 4.256932743141950226e+01 1.550332954215385151e+01 6.809691554856046602e-01 3.681439999999999824e+00 2.399628456992466090e+04 5.950288157582034012e-05
3.166700255319502499e+00 8.363015694622051299e+00 1.394056072856789896e+00 7.027474501919745049e-03 4.256932743141950226e+01 1.550332954215385151e+01 6.809691554856046602e-01 3.681439999999999824e+00 2.399628456992466090e+04 5.950288157582034012e-05
3.166700208131992156e+00 8.363015819240695592e+00 1.394056072856789896e+00 7.027474501919745049e-03 4.256932743141950226e+01 1.550332954215385151e+01 6.809691554856046602e-01 3.681439999999999824e+00 2.399628456992466090e+04 5.950288157582034012e-05
3.166700208131992156e+00 8.363015694622051299e+00 1.394056093629844062e+00 7.027474501919745049e-03 4.256932743141950226e+01 1.550332954215385151e+01 6.809691554856046602e-01 3.681439999999999824e+00 2.399628456992466090e+04 5.950288157582034012e-05
3.166700208131992156e+00 8.363015694622051299e+00 1.394056072856789896e+00 7.027489403080938897e-03 4.256932743141950226e+01 1.550332954215385151e+01 6.809691554856046602e-01 3.681439999999999824e+00 2.399628456992466090e+04 5.950288157582034012e-05
3.166700208131992156e+00 8.363015694622051299e+00 1.394056072856789896e+00 7.027474501919745049e-03 4.256932806575191108e+01 1.550332954215385151e+01 6.809691554856046602e-01 3.681439999999999824e+00 2.399628456992466090e+04 5.950288157582034012e-05
3.166700208131992156e+00 8.363015694622051299e+00 1.394056072856789896e+00 7.027474501919745049e-03 4.256932743141950226e+01 1.550332977317146366e+01 6.809691554856046602e-01 3.681439999999999824e+00 2.399628456992466090e+04 5.950288157582034012e-05
3.166700208131992156e+00 8.363015694622051299e+00 1.394056072856789896e+00 7.027474501919745049e-03 4.256932743141950226e+01 1.550332954215385151e+01 6.809691703867658541e-01 3.681439999999999824e+00 2.399628456992466090e+04 5.950288157582034012e-05
3.166700208131992156e+00 8.363015694622051299e+00 1.394056072856789896e+00 7.027474501919745049e-03 4.256932743141950226e+01 1.550332954215385151e+01 6.809691554856046602e-01 3.681439999999999824e+00 2.399628492749716679e+04 5.950288157582034012e-05
3.166700208131992156e+00 8.363015694622051299e+00 1.394056072856789896e+00 7.027474501919745049e-03 4.256932743141950226e+01 1.550332954215385151e+01 6.809691554856046602e-01 3.681439999999999824e+00 2.399628456992466090e+04 5.951778273701418778e-05
3.166963379201701567e+00 8.369049063161947188e+00 1.394322971526639643e+00 5.092257666061906357e-03 4.256945324278637344e+01 1.550416109853300206e+01 6.762268468686002398e-01 3.681439999999999824e+00 2.399596049000915446e+04 7.023859220840861467e-05
3.166963426393133219e+00 8.369049063161947188e+00 1.394322971526639643e+00 5.092257666061906357e-03 4.256945324278637344e+01 1.550416109853300206e+01 6.762268468686002398e-01 3.681439999999999824e+00 2.399596049000915446e+04 7.023859220840861467e-05
3.166963379201701567e+00 8.369049187870496453e+00 1.394322971526639643e+00 5.092257666061906357e-03 4.256945324278637344e+01 1.550416109853300206e+01 6.762268468686002398e-01 3.681439999999999824e+00 2.399596049000915446e+04 7.023859220840861467e-05
3.166963379201701567e+00 8.369049063161947188e+00 1.394322992303671072e+00 5.092257666061906357e-03 4.256945324278637344e+01 1.550416109853300206e+01 6.762268468686002398e-01 3.681439999999999824e+00 2.399596049000915446e+04 7.023859220840861467e-05
3.166963379201701567e+00 8.369049063161947188e+00 1.394322971526639643e+00 5.092272567223100205e-03 4.256945324278637344e+01 1.550416109853300206e+01 6.762268468686002398e-01 3.681439999999999824e+00 2.399596049000915446e+04 7.023859220840861467e-05
3.166963379201701567e+00 8.369049063161947188e+00 1.394322971526639643e+00 5.092257666061906357e-03 4.256945387712065809e+01 1.550416109853300206e+01 6.762268468686002398e-01 3.681439999999999824e+00 2.399596049000915446e+04 7.023859220840861467e-05
3.166963379201701567e+00 8.369049063161947188e+00 1.394322971526639643e+00 5.092257666061906357e-03 4.256945324278637344e+01 1.550416132956300608e+01 6.762268468686002398e-01 3.681439999999999824e+00 2.399596049000915446e+04 7.023859220840861467e-05
3.166963379201701567e+00 8.369049063161947188e+00 1.394322971526639643e+00 5.092257666061906357e-03 4.256945324278637344e+01 1.550416109853300206e+01 6.762268617697614337e-01 3.681439999999999824e+00 2.399596049000915446e+04 7.023859220840861467e-05
3.166963379201701567e+00 8.369049063161947188e+00 1.394322971526639643e+00 5.092257666061906357e-03 4.256945324278637344e+01 1.550416109853300206e+01 6.762268468686002398e-01 3.681439999999999824e+00 2.399596084757682911e+04 7.023859220840861467e-05
3.166963379201701567e+00 8.369049063161947188e+00 1.394322971526639643e+00 5.092257666061906357e-03 4.256945324278637344e+01 1.550416109853300206e+01 6.762268468686002398e-01 3.681439999999999824e+00 2.399596049000915446e+04 7.025349336960246232e-05
3.168441008807285186e+00 8.422773064520608699e+00 1.394683314963009790e+00 4.837182246496764607e-03 4.257070113790989296e+01 1.550591461613327482e+01 6.191274722000700281e-01 3.681439999999999824e+00 2.399319378025481637e+04 1.602751177307957132e-04
3.168441056020735225e+00 8.422773064520608699e+00 1.394683314963009790e+00 4.837182246496764607e-03 4.257070113790989296e+01 1.550591461613327482e+01 6.191274722000700281e-01 3.681439999999999824e+00 2.399319378025481637e+04 1.602751177307957132e-04
3.168441008807285186e+00 8.422773190029708701e+00 1.394683314963009790e+00 4.837182246496764607e-03 4.257070113790989296e+01 1.550591461613327482e+01 6.191274722000700281e-01 3.681439999999999824e+00 2.399319378025481637e+04 1.602751177307957132e-04
3.168441008807285186e+00 8.422773064520608699e+00 1.394683335745410702e+00 4.837182246496764607e-03 4.257070113790989296e+01 1.550591461613327482e+01 6.191274722000700281e-01 3.681439999999999824e+00 2.399319378025481637e+04 1.602751177307957132e-04
3.168441008807285186e+00 8.422773064520608699e+00 1.394683314963009790e+00 4.837197147657958454e-03 4.257070113790989296e+01 1.550591461613327482e+01 6.191274722000700281e-01 3.681439999999999824e+00 2.399319378025481637e+04 1.602751177307957132e-04
3.168441008807285186e+00 8.422773064520608699e+00 1.394683314963009790e+00 4.837182246496764607e-03 4.257070177226277252e+01 1.550591461613327482e+01 6.191274722000700281e-01 3.681439999999999824e+00 2.399319378025481637e+04 1.602751177307957132e-04
3.168441008807285186e+00 8.422773064520608699e+00 1.394683314963009790e+00 4.837182246496764607e-03 4.257070113790989296e+01 1.550591484718940727e+01 6.191274722000700281e-01 3.681439999999999824e+00 2.399319378025481637e+04 1.602751177307957132e-04
3.168441008807285186e+00 8.422773064520608699e+00 1.394683314963009790e+00 4.837182246496764607e-03 4.257070113790989296e+01 1.550591461613327482e+01 6.191274871012312220e-01 3.681439999999999824e+00 2.399319378025481637e+04 1.602751177307957132e-04
3.168441008807285186e+00 8.422773064520608699e+00 1.394683314963009790e+00 4.837182246496764607e-03 4.257070113790989296e+01 1.550591461613327482e+01 6.191274722000700281e-01 3.681439999999999824e+00 2.399319413778126545e+04 1.602751177307957132e-04
3.168441008807285186e+00 8.422773064520608699e+00 1.394683314963009790e+00 4.837182246496764607e-03 4.257070113790989296e+01 1.550591461613327482e+01 6.191274722000700281e-01 3.681439999999999824e+00 2.399319378025481637e+04 1.602900188919895608e-04
3.168425819698029944e+00 8.424256283337747675e+00 1.394541227158751617e+00 4.698801221050749599e-03 4.257154816731281244e+01 1.550614948032577800e+01 5.965295939582794249e-01 3.681439999999999824e+00 2.399319369408207785e+04 1.634666763672293647e-04
3.168425866911253941e+00 8.424256283337747675e+00 1.394541227158751617e+00 4.698801221050749599e-03 4.257154816731281244e+01 1.550614948032577800e+01 5.965295939582794249e-01 3.681439999999999824e+00 2.399319369408207785e+04 1.634666763672293647e-04
3.168425819698029944e+00 8.424256408868949109e+00 1.394541227158751617e+00 4.698801221050749599e-03 4.257154816731281244e+01 1.550614948032577800e+01 5.965295939582794249e-01 3.681439999999999824e+00 2.399319369408207785e+04 1.634666763672293647e-04
3.168425819698029944e+00 8.424256283337747675e+00 1.394541247939035333e+00 4.698801221050749599e-03 4.257154816731281244e+01 1.550614948032577800e+01 5.965295939582794249e-01 3.681439999999999824e+00 2.399319369408207785e+04 1.634666763672293647e-04
3.168425819698029944e+00 8.424256283337747675e+00 1.394541227158751617e+00 4.698816122211943447e-03 4.257154816731281244e+01 1.550614948032577800e+01 5.965295939582794249e-01 3.681439999999999824e+00 2.399319369408207785e+04 1.634666763672293647e-04
3.168425819698029944e+00 8.424256283337747675e+00 1.394541227158751617e+00 4.698801221050749599e-03 4.257154880167831124e+01 1.550614948032577800e+01 5.965295939582794249e-01 3.681439999999999824e+00 2.399319369408207785e+04 1.634666763672293647e-04
3.168425819698029944e+00 8.424256283337747675e+00 1.394541227158751617e+00 4.698801221050749599e-03 4.257154816731281244e+01 1.550614971138541165e+01 5.965295939582794249e-01 3.681439999999999824e+00 2.399319369408207785e+04 1.634666763672293647e-04
3.168425819698029944e+00 8.424256283337747675e+00 1.394541227158751617e+00 4.698801221050749599e-03 4.257154816731281244e+01 1.550614948032577800e+01 5.965296088594406188e-01 3.681439999999999824e+00 2.399319369408207785e+04 1.634666763672293647e-04
3.168425819698029944e+00 8.424256283337747675e+00 1.394541227158751617e+00 4.698801221050749599e-03 4.257154816731281244e+01 1.550614948032577800e+01 5.965295939582794249e-01 3.681439999999999824e+00 2.399319405160852330e+04 1.634666763672293647e-04
3.168425819698029944e+00 8.424256283337747675e+00 1.394541227158751617e+00 4.698801221050749599e-03 4.257154816731281244e+01 1.550614948032577800e+01 5.965295939582794249e-01 3.681439999999999824e+00 2.399319369408207785e+04 1.634815775284232124e-04
3.168481428816524836e+00 8.426753534985563121e+00 1.394515219766624625e+00 4.244594767126647766e-03 4.257364415597707108e+01 1.550661189289094288e+01 5.523388497930679097e-01 3.681439999999999824e+00 2.399319328229059829e+04 1.673253809462152885e-04
3.168481476030577504e+00 8.426753534985563121e+00 1.394515219766624625e+00 4.244594767126647766e-03 4.257364415597707108e+01 1.550661189289094288e+01 5.523388497930679097e-01 3.681439999999999824e+00 2.399319328229059829e+04 1.673253809462152885e-04
3.168481428816524836e+00 8.426753660553975678e+00 1.394515219766624625e+00 4.244594767126647766e-03 4.257364415597707108e+01 1.550661189289094288e+01 5.523388497930679097e-01 3.681439999999999824e+00 2.399319328229059829e+04 1.673253809462152885e-04
3.168481428816524836e+00 8.426753534985563121e+00 1.394515240546520651e+00 4.244594767126647766e-03 4.257364415597707108e+01 1.550661189289094288e+01 5.523388497930679097e-01 3.681439999999999824e+00 2.399319328229059829e+04 1.673253809462152885e-04
3.168481428816524836e+00 8.426753534985563121e+00 1.394515219766624625e+00 4.244609668287841614e-03 4.257364415597707108e+01 1.550661189289094288e+01 5.523388497930679097e-01 3.681439999999999824e+00 2.399319328229059829e+04 1.673253809462152885e-04
3.168481428816524836e+00 8.426753534985563121e+00 1.394515219766624625e+00 4.244594767126647766e-03 4.257364479037380534e+01 1.550661189289094288e+01 5.523388497930679097e-01 3.681439999999999824e+00 2.399319328229059829e+04 1.673253809462152885e-04
3.168481428816524836e+00 8.426753534985563121e+00 1.394515219766624625e+00 4.244594767126647766e-03 4.257364415597707108e+01 1.550661212395746702e+01 5.523388497930679097e-01 3.681439999999999824e+00 2.399319328229059829e+04 1.673253809462152885e-04
3.168481428816524836e+00 8.426753534985563121e+00 1.394515219766624625e+00 4.244594767126647766e-03 4.257364415597707108e+01 1.550661189289094288e+01 5.523388646942291036e-01 3.681439999999999824e+00 2.399319328229059829e+04 1.673253809462152885e-04
3.168481428816524836e+00 8.426753534985563121e+00 1.394515219766624625e+00 4.244594767126647766e-03 4.257364415597707108e+01 1.550661189289094288e+01 5.523388497930679097e-01 3.681439999999999824e+00 2.399319363981704009e+04 1.673253809462152885e-04
3.168481428816524836e+00 8.426753534985563121e+00 1.394515219766624625e+00 4.244594767126647766e-03 4.257364415597707108e+01 1.550661189289094288e+01 5.523388497930679097e-01 3.681439999999999824e+00 2.399319328229059829e+04 1.673402821074091362e-04
3.168409355190505927e+00 8.424214790876582981e+00 1.394480900419098779e+00 3.473833012941145507e-03 4.257370888272964748e+01 1.550749229880891633e+01 5.105688167394898391e-01 3.681439999999999824e+00 2.399318907585474517e+04 1.635936550895953799e-04
3.168409402403484343e+00 8.424214790876582981e+00 1.394480900419098779e+00 3.473833012941145507e-03 4.257370888272964748e+01 1.550749229880891633e+01 5.105688167394898391e-01 3.681439999999999824e+00 2.399318907585474517e+04 1.635936550895953799e-04
3.168409355190505927e+00 8.424214916407166243e+00 1.394480900419098779e+00 3.473833012941145507e-03 4.257370888272964748e+01 1.550749229880891633e+01 5.105688167394898391e-01 3.681439999999999824e+00 2.399318907585474517e+04 1.635936550895953799e-04
3.168409355190505927e+00 8.424214790876582981e+00 1.394480921198483436e+00 3.473833012941145507e-03 4.257370888272964748e+01 1.550749229880891633e+01 5.105688167394898391e-01 3.681439999999999824e+00 2.399318907585474517e+04 1.635936550895953799e-04
3.168409355190505927e+00 8.424214790876582981e+00 1.394480900419098779e+00 3.473847914102339354e-03 4.257370888272964748e+01 1.550749229880891633e+01 5.105688167394898391e-01 3.681439999999999824e+00 2.399318907585474517e+04 1.635936550895953799e-04
3.168409355190505927e+00 8.424214790876582981e+00 1.394480900419098779e+00 3.473833012941145507e-03 4.257370951712734808e+01 1.550749229880891633e+01 5.105688167394898391e-01 3.681439999999999824e+00 2.399318907585474517e+04 1.635936550895953799e-04
3.168409355190505927e+00 8.424214790876582981e+00 1.394480900419098779e+00 3.473833012941145507e-03 4.257370888272964748e+01 1.550749252988855886e+01 5.105688167394898391e-01 3.681439999999999824e+00 2.399318907585474517e+04 1.635936550895953799e-04
3.168409355190505927e+00 8.424214790876582981e+00 1.394480900419098779e+00 3.473833012941145507e-03 4.257370888272964748e+01 1.550749229880891633e+01 5.105688316406510330e-01 3.681439999999999824e+00 2.399318907585474517e+04 1.635936550895953799e-04
3.168409355190505927e+00 8.424214790876582981e+00 1.394480900419098779e+00 3.473833012941145507e-03 4.257370888272964748e+01 1.550749229880891633e+01 5.105688167394898391e-01 3.681439999999999824e+00 2.399318943338112149e+04 1.635936550895953799e-04
3.168409355190505927e+00 8.424214790876582981e+00 1.394480900419098779e+00 3.473833012941145507e-03 4.257370888272964748e+01 1.550749229880891633e+01 5.105688167394898391e-01 3.681439999999999824e+00 2.399318907585474517e+04 1.636085562507892275e-04
3.168232237457060840e+00 8.426198293416526042e+00 1.394179073817825687e+00 2.355405439162068775e-03 4.257707313986719555e+01 1.550754792974877105e+01 5.100479760127861750e-01 3.681439999999999824e+00 2.397557359771519623e+04 1.553117114886976469e-04
3.168232284667400034e+00 8.426198293416526042e+00 1.394179073817825687e+00 2.355405439162068775e-03 4.257707313986719555e+01 1.550754792974877105e+01 5.100479760127861750e-01 3.681439999999999824e+00 2.397557359771519623e+04 1.553117114886976469e-04
3.168232237457060840e+00 8.426198418976664328e+00 1.394179073817825687e+00 2.355405439162068775e-03 4.257707313986719555e+01 1.550754792974877105e+01 5.100479760127861750e-01 3.681439999999999824e+00 2.397557359771519623e+04 1.553117114886976469e-04
3.168232237457060840e+00 8.426198293416526042e+00 1.394179094592712831e+00 2.355405439162068775e-03 4.257707313986719555e+01 1.550754792974877105e+01 5.100479760127861750e-01 3.681439999999999824e+00 2.397557359771519623e+04 1.553117114886976469e-04
3.168232237457060840e+00 8.426198293416526042e+00 1.394179073817825687e+00 2.355420340323262623e-03 4.257707313986719555e+01 1.550754792974877105e+01 5.100479760127861750e-01 3.681439999999999824e+00 2.397557359771519623e+04 1.553117114886976469e-04
3.168232237457060840e+00 8.426198293416526042e+00 1.394179073817825687e+00 2.355405439162068775e-03 4.257707377431502493e+01 1.550754792974877105e+01 5.100479760127861750e-01 3.681439999999999824e+00 2.397557359771519623e+04 1.553117114886976469e-04
3.168232237457060840e+00 8.426198293416526042e+00 1.394179073817825687e+00 2.355405439162068775e-03 4.257707313986719555e+01 1.550754816082924314e+01 5.100479760127861750e-01 3.681439999999999824e+00 2.397557359771519623e+04 1.553117114886976469e-04
3.168232237457060840e+00 8.426198293416526042e+00 1.394179073817825687e+00 2.355405439162068775e-03 4.257707313986719555e+01 1.550754792974877105e+01 5.100479909139473689e-01 3.681439999999999824e+00 2.397557359771519623e+04 1.553117114886976469e-04
3.168232237457060840e+00 8.426198293416526042e+00 1.394179073817825687e+00 2.355405439162068775e-03 4.257707313986719555e+01 1.550754792974877105e+01 5.100479760127861750e-01 3.681439999999999824e+00 2.397557395497908146e+04 1.553117114886976469e-04
3.168232237457060840e+00 8.426198293416526042e+00 1.394179073817825687e+00 2.355405439162068775e-03 4.257707313986719555e+01 1.550754792974877105e+01 5.100479760127861750e-01 3.681439999999999824e+00 2.397557359771519623e+04 1.553266126498914945e-04
3.168250525521458805e+00 8.426249348553927376e+00 1.394210815470854570e+00 1.498499035099582453e-03 4.257707471128868093e+01 1.550754880532217683e+01 5.100377944120930707e-01 3.681439999999999824e+00 2.397535462198257301e+04 1.552184780690225104e-04
3.168250572732070669e+00 8.426249348553927376e+00 1.394210815470854570e+00 1.498499035099582453e-03 4.257707471128868093e+01 1.550754880532217683e+01 5.100377944120930707e-01 3.681439999999999824e+00 2.397535462198257301e+04 1.552184780690225104e-04
3.168250525521458805e+00 8.426249474114827720e+00 1.394210815470854570e+00 1.498499035099582453e-03 4.257707471128868093e+01 1.550754880532217683e+01 5.100377944120930707e-01 3.681439999999999824e+00 2.397535462198257301e+04 1.552184780690225104e-04
3.168250525521458805e+00 8.426249348553927376e+00 1.394210836246214669e+00 1.498499035099582453e-03 4.257707471128868093e+01 1.550754880532217683e+01 5.100377944120930707e-01 3.681439999999999824e+00 2.397535462198257301e+04 1.552184780690225104e-04
3.168250525521458805e+00 8.426249348553927376e+00 1.394210815470854570e+00 1.498513936260776301e-03 4.257707471128868093e+01 1.550754880532217683e+01 5.100377944120930707e-01 3.681439999999999824e+00 2.397535462198257301e+04 1.552184780690225104e-04
3.168250525521458805e+00 8.426249348553927376e+00 1.394210815470854570e+00 1.498499035099582453e-03 4.257707534573653163e+01 1.550754880532217683e+01 5.100377944120930707e-01 3.681439999999999824e+00 2.397535462198257301e+04 1.552184780690225104e-04
3.168250525521458805e+00 8.426249348553927376e+00 1.394210815470854570e+00 1.498499035099582453e-03 4.257707471128868093e+01 1.550754903640266136e+01 5.100377944120930707e-01 3.681439999999999824e+00 2.397535462198257301e+04 1.552184780690225104e-04
3.168250525521458805e+00 8.426249348553927376e+00 1.394210815470854570e+00 1.498499035099582453e-03 4.257707471128868093e+01 1.550754880532217683e+01 5.100378093132542645e-01 3.681439999999999824e+00 2.397535462198257301e+04 1.552184780690225104e-04
3.168250525521458805e+00 8.426249348553927376e+00 1.394210815470854570e+00 1.498499035099582453e-03 4.257707471128868093e+01 1.550754880532217683e+01 5.100377944120930707e-01 3.681439999999999824e+00 2.397535497924319861e+04 1.552184780690225104e-04
3.168250525521458805e+00 8.426249348553927376e+00 1.394210815470854570e+00 1.498499035099582453e-03 4.257707471128868093e+01 1.550754880532217683e+01 5.100377944120930707e-01 3.681439999999999824e+00 2.397535462198257301e+04 1.552333792302163580e-04
3.167983281848777199e+00 8.431404570634402518e+00 1.393551950068418810e+00 8.123340799963754688e-04 4.257721467540901727e+01 1.550761531092379109e+01 5.057653893537034095e-01 3.681439999999999824e+00 2.393976231080186335e+04 1.391168664554116516e-04
3.167983329055406916e+00 8.431404570634402518e+00 1.393551950068418810e+00 8.123340799963754688e-04 4.257721467540901727e+01 1.550761531092379109e+01 5.057653893537034095e-01 3.681439999999999824e+00 2.393976231080186335e+04 1.391168664554116516e-04
3.167983281848777199e+00 8.431404696272121413e+00 1.393551950068418810e+00 8.123340799963754688e-04 4.257721467540901727e+01 1.550761531092379109e+01 5.057653893537034095e-01 3.681439999999999824e+00 2.393976231080186335e+04 1.391168664554116516e-04
3.167983281848777199e+00 8.431404570634402518e+00 1.393551970833960985e+00 8.123340799963754688e-04 4.257721467540901727e+01 1.550761531092379109e+01 5.057653893537034095e-01 3.681439999999999824e+00 2.393976231080186335e+04 1.391168664554116516e-04
3.167983281848777199e+00 8.431404570634402518e+00 1.393551950068418810e+00 8.123489811575693165e-04 4.257721467540901727e+01 1.550761531092379109e+01 5.057653893537034095e-01 3.681439999999999824e+00 2.393976231080186335e+04 1.391168664554116516e-04
3.167983281848777199e+00 8.431404570634402518e+00 1.393551950068418810e+00 8.123340799963754688e-04 4.257721530985895697e+01 1.550761531092379109e+01 5.057653893537034095e-01 3.681439999999999824e+00 2.393976231080186335e+04 1.391168664554116516e-04
3.167983281848777199e+00 8.431404570634402518e+00 1.393551950068418810e+00 8.123340799963754688e-04 4.257721467540901727e+01 1.550761554200526682e+01 5.057653893537034095e-01 3.681439999999999824e+00 2.393976231080186335e+04 1.391168664554116516e-04
3.167983281848777199e+00 8.431404570634402518e+00 1.393551950068418810e+00 8.123340799963754688e-04 4.257721467540901727e+01 1.550761531092379109e+01 5.057654042548646034e-01 3.681439999999999824e+00 2.393976231080186335e+04 1.391168664554116516e-04
3.167983281848777199e+00 8.431404570634402518e+00 1.393551950068418810e+00 8.123340799963754688e-04 4.257721467540901727e+01 1.550761531092379109e+01 5.057653893537034095e-01 3.681439999999999824e+00 2.393976266753211894e+04 1.391168664554116516e-04
3.167983281848777199e+00 8.431404570634402518e+00 1.393551950068418810e+00 8.123340799963754688e-04 4.257721467540901727e+01 1.550761531092379109e+01 5.057653893537034095e-01 3.681439999999999824e+00 2.393976231080186335e+04 1.391317676166054992e-04
3.168006746420313657e+00 8.431443815198088387e+00 1.393604463147297245e+00 2.089265085100347214e-03 4.257721572371082885e+01 1.550761525901568483e+01 5.057592277229981947e-01 3.681439999999999824e+00 2.393968124295814414e+04 1.390878676565042936e-04
3.168006793627292872e+00 8.431443815198088387e+00 1.393604463147297245e+00 2.089265085100347214e-03 4.257721572371082885e+01 1.550761525901568483e+01 5.057592277229981947e-01 3.681439999999999824e+00 2.393968124295814414e+04 1.390878676565042936e-04
3.168006746420313657e+00 8.431443940836391704e+00 1.393604463147297245e+00 2.089265085100347214e-03 4.257721572371082885e+01 1.550761525901568483e+01 5.057592277229981947e-01 3.681439999999999824e+00 2.393968124295814414e+04 1.390878676565042936e-04
3.168006746420313657e+00 8.431443815198088387e+00 1.393604483913621905e+00 2.089265085100347214e-03 4.257721572371082885e+01 1.550761525901568483e+01 5.057592277229981947e-01 3.681439999999999824e+00 2.393968124295814414e+04 1.390878676565042936e-04
3.168006746420313657e+00 8.431443815198088387e+00 1.393604463147297245e+00 2.089279986261541062e-03 4.257721572371082885e+01 1.550761525901568483e+01 5.057592277229981947e-01 3.681439999999999824e+00 2.393968124295814414e+04 1.390878676565042936e-04
3.168006746420313657e+00 8.431443815198088387e+00 1.393604463147297245e+00 2.089265085100347214e-03 4.257721635816078276e+01 1.550761525901568483e+01 5.057592277229981947e-01 3.681439999999999824e+00 2.393968124295814414e+04 1.390878676565042936e-04
3.168006746420313657e+00 8.431443815198088387e+00 1.393604463147297245e+00 2.089265085100347214e-03 4.257721572371082885e+01 1.550761549009715878e+01 5.057592277229981947e-01 3.681439999999999824e+00 2.393968124295814414e+04 1.390878676565042936e-04
3.168006746420313657e+00 8.431443815198088387e+00 1.393604463147297245e+00 2.089265085100347214e-03 4.257721572371082885e+01 1.550761525901568483e+01 5.057592426241593886e-01 3.681439999999999824e+00 2.393968124295814414e+04 1.390878676565042936e-04
3.168006746420313657e+00 8.431443815198088387e+00 1.393604463147297245e+00 2.089265085100347214e-03 4.257721572371082885e+01 1.550761525901568483e+01 5.057592277229981947e-01 3.681439999999999824e+00 2.393968159968719192e+04 1.390878676565042936e-04
3.168006746420313657e+00 8.431443815198088387e+00 1.393604463147297245e+00 2.089265085100347214e-03 4.257721572371082885e+01 1.550761525901568483e+01 5.057592277229981947e-01 3.681439999999999824e+00 2.393968124295814414e+04 1.391027688176981413e-04
3.168018376740026287e+00 8.431475453610017823e+00 1.393624473321090074e+00 4.010273011949144761e-04 4.257721635659650872e+01 1.550761544200953423e+01 5.057492556469577183e-01 3.681439999999999824e+00 2.393954353671872741e+04 1.390298257435151907e-04
3.168018423947178697e+00 8.431475453610017823e+00 1.393624473321090074e+00 4.010273011949144761e-04 4.257721635659650872e+01 1.550761544200953423e+01 5.057492556469577183e-01 3.681439999999999824e+00 2.393954353671872741e+04 1.390298257435151907e-04
3.168018376740026287e+00 8.431475579248791874e+00 1.393624473321090074e+00 4.010273011949144761e-04 4.257721635659650872e+01 1.550761544200953423e+01 5.057492556469577183e-01 3.681439999999999824e+00 2.393954353671872741e+04 1.390298257435151907e-04
3.168018376740026287e+00 8.431475453610017823e+00 1.393624494087712939e+00 4.010273011949144761e-04 4.257721635659650872e+01 1.550761544200953423e+01 5.057492556469577183e-01 3.681439999999999824e+00 2.393954353671872741e+04 1.390298257435151907e-04
3.168018376740026287e+00 8.431475453610017823e+00 1.393624473321090074e+00 4.010422023561083238e-04 4.257721635659650872e+01 1.550761544200953423e+01 5.057492556469577183e-01 3.681439999999999824e+00 2.393954353671872741e+04 1.390298257435151907e-04
3.168018376740026287e+00 8.431475453610017823e+00 1.393624473321090074e+00 4.010273011949144761e-04 4.257721699104646973e+01 1.550761544200953423e+01 5.057492556469577183e-01 3.681439999999999824e+00 2.393954353671872741e+04 1.390298257435151907e-04
3.168018376740026287e+00 8.431475453610017823e+00 1.393624473321090074e+00 4.010273011949144761e-04 4.257721635659650872e+01 1.550761567309101174e+01 5.057492556469577183e-01 3.681439999999999824e+00 2.393954353671872741e+04 1.390298257435151907e-04
3.168018376740026287e+00 8.431475453610017823e+00 1.393624473321090074e+00 4.010273011949144761e-04 4.257721635659650872e+01 1.550761544200953423e+01 5.057492705481189121e-01 3.681439999999999824e+00 2.393954353671872741e+04 1.390298257435151907e-04
3.168018376740026287e+00 8.431475453610017823e+00 1.393624473321090074e+00 4.010273011949144761e-04 4.257721635659650872e+01 1.550761544200953423e+01 5.057492556469577183e-01 3.681439999999999824e+00 2.393954389344572337e+04 1.390298257435151907e-04
3.168018376740026287e+00 8.431475453610017823e+00 1.393624473321090074e+00 4.010273011949144761e-04 4.257721635659650872e+01 1.550761544200953423e+01 5.057492556469577183e-01 3.681439999999999824e+00 2.393954353671872741e+04 1.390447269047090384e-04
3.167745537697356006e+00 8.435942896355374643e+00 1.392936810564711303e+00 1.505079083161795146e-04 4.257727385999775294e+01 1.550765702966612558e+01 5.051125169615081623e-01 3.681439999999999824e+00 2.390391276957021546e+04 1.228697623336555444e-04
3.167745584900442779e+00 8.435942896355374643e+00 1.392936810564711303e+00 1.505079083161795146e-04 4.257727385999775294e+01 1.550765702966612558e+01 5.051125169615081623e-01 3.681439999999999824e+00 2.390391276957021546e+04 1.228697623336555444e-04
3.167745537697356006e+00 8.435943022060719443e+00 1.392936810564711303e+00 1.505079083161795146e-04 4.257727385999775294e+01 1.550765702966612558e+01 5.051125169615081623e-01 3.681439999999999824e+00 2.390391276957021546e+04 1.228697623336555444e-04
3.167745537697356006e+00 8.435942896355374643e+00 1.392936831321087254e+00 1.505079083161795146e-04 4.257727385999775294e+01 1.550765702966612558e+01 5.051125169615081623e-01 3.681439999999999824e+00 2.390391276957021546e+04 1.228697623336555444e-04
3.167745537697356006e+00 8.435942896355374643e+00 1.392936810564711303e+00 1.505228094773733622e-04 4.257727385999775294e+01 1.550765702966612558e+01 5.051125169615081623e-01 3.681439999999999824e+00 2.390391276957021546e+04 1.228697623336555444e-04
3.167745537697356006e+00 8.435942896355374643e+00 1.392936810564711303e+00 1.505079083161795146e-04 4.257727449444857371e+01 1.550765702966612558e+01 5.051125169615081623e-01 3.681439999999999824e+00 2.390391276957021546e+04 1.228697623336555444e-04
3.167745537697356006e+00 8.435942896355374643e+00 1.392936810564711303e+00 1.505079083161795146e-04 4.257727385999775294e+01 1.550765726074822304e+01 5.051125169615081623e-01 3.681439999999999824e+00 2.390391276957021546e+04 1.228697623336555444e-04
3.167745537697356006e+00 8.435942896355374643e+00 1.392936810564711303e+00 1.505079083161795146e-04 4.257727385999775294e+01 1.550765702966612558e+01 5.051125318626693561e-01 3.681439999999999824e+00 2.390391276957021546e+04 1.228697623336555444e-04
3.167745537697356006e+00 8.435942896355374643e+00 1.392936810564711303e+00 1.505079083161795146e-04 4.257727385999775294e+01 1.550765702966612558e+01 5.051125169615081623e-01 3.681439999999999824e+00 2.390391312576627388e+04 1.228697623336555444e-04
3.167745537697356006e+00 8.435942896355374643e+00 1.392936810564711303e+00 1.505079083161795146e-04 4.257727385999775294e+01 1.550765702966612558e+01 5.051125169615081623e-01 3.681439999999999824e+00 2.390391276957021546e+04 1.228846634948493920e-04
3.167760118702738215e+00 8.435985337760879332e+00 1.392962448730997060e+00 2.927427529311508927e-03 4.257727567673727975e+01 1.550765734096631832e+01 5.050996102396491105e-01 3.681439999999999824e+00 2.390374864121637438e+04 1.227987142688580073e-04
3.167760165906042147e+00 8.435985337760879332e+00 1.392962448730997060e+00 2.927427529311508927e-03 4.257727567673727975e+01 1.550765734096631832e+01 5.050996102396491105e-01 3.681439999999999824e+00 2.390374864121637438e+04 1.227987142688580073e-04
3.167760118702738215e+00 8.435985463466856515e+00 1.392962448730997060e+00 2.927427529311508927e-03 4.257727567673727975e+01 1.550765734096631832e+01 5.050996102396491105e-01 3.681439999999999824e+00 2.390374864121637438e+04 1.227987142688580073e-04
3.167760118702738215e+00 8.435985337760879332e+00 1.392962469487755151e+00 2.927427529311508927e-03 4.257727567673727975e+01 1.550765734096631832e+01 5.050996102396491105e-01 3.681439999999999824e+00 2.390374864121637438e+04 1.227987142688580073e-04
3.167760118702738215e+00 8.435985337760879332e+00 1.392962448730997060e+00 2.927442430472702774e-03 4.257727567673727975e+01 1.550765734096631832e+01 5.050996102396491105e-01 3.681439999999999824e+00 2.390374864121637438e+04 1.227987142688580073e-04
3.167760118702738215e+00 8.435985337760879332e+00 1.392962448730997060e+00 2.927427529311508927e-03 4.257727631118812894e+01 1.550765734096631832e+01 5.050996102396491105e-01 3.681439999999999824e+00 2.390374864121637438e+04 1.227987142688580073e-04
3.167760118702738215e+00 8.435985337760879332e+00 1.392962448730997060e+00 2.927427529311508927e-03 4.257727567673727975e+01 1.550765757204841933e+01 5.050996102396491105e-01 3.681439999999999824e+00 2.390374864121637438e+04 1.227987142688580073e-04
3.167760118702738215e+00 8.435985337760879332e+00 1.392962448730997060e+00 2.927427529311508927e-03 4.257727567673727975e+01 1.550765734096631832e+01 5.050996251408103044e-01 3.681439999999999824e+00 2.390374864121637438e+04 1.227987142688580073e-04
3.167760118702738215e+00 8.435985337760879332e+00 1.392962448730997060e+00 2.927427529311508927e-03 4.257727567673727975e+01 1.550765734096631832e+01 5.050996102396491105e-01 3.681439999999999824e+00 2.390374899740998444e+04 1.227987142688580073e-04
3.167760118702738215e+00 8.435985337760879332e+00 1.392962448730997060e+00 2.927427529311508927e-03 4.257727567673727975e+01 1.550765734096631832e+01 5.050996102396491105e-01 3.681439999999999824e+00 2.390374864121637438e+04 1.228136154300518549e-04
3.167743777335512601e+00 8.436827373549267151e+00 1.392946363468585913e+00 1.512816869744890852e-03 4.258278672416004440e+01 1.550824997163959118e+01 2.362088926417346690e-01 3.681439999999999824e+00 2.390348608269850592e+04 1.239129028321744202e-04
3.167743824538573172e+00 8.436827373549267151e+00 1.392946363468585913e+00 1.512816869744890852e-03 4.258278672416004440e+01 1.550824997163959118e+01 2.362088926417346690e-01 3.681439999999999824e+00 2.390348608269850592e+04 1.239129028321744202e-04
3.167743777335512601e+00 8.436827499267792518e+00 1.392946363468585913e+00 1.512816869744890852e-03 4.258278672416004440e+01 1.550824997163959118e+01 2.362088926417346690e-01 3.681439999999999824e+00 2.390348608269850592e+04 1.239129028321744202e-04
3.167743777335512601e+00 8.436827373549267151e+00 1.392946384225104195e+00 1.512816869744890852e-03 4.258278672416004440e+01 1.550824997163959118e+01 2.362088926417346690e-01 3.681439999999999824e+00 2.390348608269850592e+04 1.239129028321744202e-04
3.167743777335512601e+00 8.436827373549267151e+00 1.392946363468585913e+00 1.512831770906084700e-03 4.258278672416004440e+01 1.550824997163959118e+01 2.362088926417346690e-01 3.681439999999999824e+00 2.390348608269850592e+04 1.239129028321744202e-04
3.167743777335512601e+00 8.436827373549267151e+00 1.392946363468585913e+00 1.512816869744890852e-03 4.258278735869301102e+01 1.550824997163959118e+01 2.362088926417346690e-01 3.681439999999999824e+00 2.390348608269850592e+04 1.239129028321744202e-04
3.167743777335512601e+00 8.436827373549267151e+00 1.392946363468585913e+00 1.512816869744890852e-03 4.258278672416004440e+01 1.550825020273052424e+01 2.362088926417346690e-01 3.681439999999999824e+00 2.390348608269850592e+04 1.239129028321744202e-04
3.167743777335512601e+00 8.436827373549267151e+00 1.392946363468585913e+00 1.512816869744890852e-03 4.258278672416004440e+01 1.550824997163959118e+01 2.362089075428958629e-01 3.681439999999999824e+00 2.390348608269850592e+04 1.239129028321744202e-04
3.167743777335512601e+00 8.436827373549267151e+00 1.392946363468585913e+00 1.512816869744890852e-03 4.258278672416004440e+01 1.550824997163959118e+01 2.362088926417346690e-01 3.681439999999999824e+00 2.390348643888820516e+04 1.239129028321744202e-04
3.167743777335512601e+00 8.436827373549267151e+00 1.392946363468585913e+00 1.512816869744890852e-03 4.258278672416004440e+01 1.550824997163959118e+01 2.362088926417346690e-01 3.681439999999999824e+00 2.390348608269850592e+04 1.239278039933682679e-04
3.166600939688463789e+00 8.454904310692455738e+00 1.390348236782345426e+00 2.989097773777619690e-04 4.258318431581220409e+01 1.550824997163959118e+01 2.362088926417346690e-01 3.681439999999999824e+00 2.376094099513164474e+04 5.773575690834088369e-05
3.166600986874494872e+00 8.454904310692455738e+00 1.390348236782345426e+00 2.989097773777619690e-04 4.258318431581220409e+01 1.550824997163959118e+01 2.362088926417346690e-01 3.681439999999999824e+00 2.376094099513164474e+04 5.773575690834088369e-05
3.166600939688463789e+00 8.454904436680347857e+00 1.390348236782345426e+00 2.989097773777619690e-04 4.258318431581220409e+01 1.550824997163959118e+01 2.362088926417346690e-01 3.681439999999999824e+00 2.376094099513164474e+04 5.773575690834088369e-05
3.166600939688463789e+00 8.454904310692455738e+00 1.390348257500148677e+00 2.989097773777619690e-04 4.258318431581220409e+01 1.550824997163959118e+01 2.362088926417346690e-01 3.681439999999999824e+00 2.376094099513164474e+04 5.773575690834088369e-05
3.166600939688463789e+00 8.454904310692455738e+00 1.390348236782345426e+00 2.989246785389558167e-04 4.258318431581220409e+01 1.550824997163959118e+01 2.362088926417346690e-01 3.681439999999999824e+00 2.376094099513164474e+04 5.773575690834088369e-05
3.166600939688463789e+00 8.454904310692455738e+00 1.390348236782345426e+00 2.989097773777619690e-04 4.258318495035109663e+01 1.550824997163959118e+01 2.362088926417346690e-01 3.681439999999999824e+00 2.376094099513164474e+04 5.773575690834088369e-05
3.166600939688463789e+00 8.454904310692455738e+00 1.390348236782345426e+00 2.989097773777619690e-04 4.258318431581220409e+01 1.550825020273052424e+01 2.362088926417346690e-01 3.681439999999999824e+00 2.376094099513164474e+04 5.773575690834088369e-05
3.166600939688463789e+00 8.454904310692455738e+00 1.390348236782345426e+00 2.989097773777619690e-04 4.258318431581220409e+01 1.550824997163959118e+01 2.362089075428958629e-01 3.681439999999999824e+00 2.376094099513164474e+04 5.773575690834088369e-05
3.166600939688463789e+00 8.454904310692455738e+00 1.390348236782345426e+00 2.989097773777619690e-04 4.258318431581220409e+01 1.550824997163959118e+01 2.362088926417346690e-01 3.681439999999999824e+00 2.376094134919725548e+04 5.773575690834088369e-05
3.166600939688463789e+00 8.454904310692455738e+00 1.390348236782345426e+00 2.989097773777619690e-04 4.258318431581220409e+01 1.550824997163959118e+01 2.362088926417346690e-01 3.681439999999999824e+00 2.376094099513164474e+04 5.775065806953473134e-05
3.166655439206330414e+00 8.455089122429965798e+00 1.390457957195582184e+00 1.196646846986346158e-02 4.258320214224749378e+01 1.550824997163959118e+01 2.362088926417346690e-01 3.681439999999999824e+00 2.376036473356577699e+04 5.748962537928890680e-05
3.166655486393173735e+00 8.455089122429965798e+00 1.390457957195582184e+00 1.196646846986346158e-02 4.258320214224749378e+01 1.550824997163959118e+01 2.362088926417346690e-01 3.681439999999999824e+00 2.376036473356577699e+04 5.748962537928890680e-05
3.166655439206330414e+00 8.455089248420611270e+00 1.390457957195582184e+00 1.196646846986346158e-02 4.258320214224749378e+01 1.550824997163959118e+01 2.362088926417346690e-01 3.681439999999999824e+00 2.376036473356577699e+04 5.748962537928890680e-05
3.166655439206330414e+00 8.455089122429965798e+00 1.390457977915020349e+00 1.196646846986346158e-02 4.258320214224749378e+01 1.550824997163959118e+01 2.362088926417346690e-01 3.681439999999999824e+00 2.376036473356577699e+04 5.748962537928890680e-05
3.166655439206330414e+00 8.455089122429965798e+00 1.390457957195582184e+00 1.196648337102465542e-02 4.258320214224749378e+01 1.550824997163959118e+01 2.362088926417346690e-01 3.681439999999999824e+00 2.376036473356577699e+04 5.748962537928890680e-05
3.166655439206330414e+00 8.455089122429965798e+00 1.390457957195582184e+00 1.196646846986346158e-02 4.258320277678665633e+01 1.550824997163959118e+01 2.362088926417346690e-01 3.681439999999999824e+00 2.376036473356577699e+04 5.748962537928890680e-05
3.166655439206330414e+00 8.455089122429965798e+00 1.390457957195582184e+00 1.196646846986346158e-02 4.258320214224749378e+01 1.550825020273052424e+01 2.362088926417346690e-01 3.681439999999999824e+00 2.376036473356577699e+04 5.748962537928890680e-05
3.166655439206330414e+00 8.455089122429965798e+00 1.390457957195582184e+00 1.196646846986346158e-02 4.258320214224749378e+01 1.550824997163959118e+01 2.362089075428958629e-01 3.681439999999999824e+00 2.376036473356577699e+04 5.748962537928890680e-05
3.166655439206330414e+00 8.455089122429965798e+00 1.390457957195582184e+00 1.196646846986346158e-02 4.258320214224749378e+01 1.550824997163959118e+01 2.362088926417346690e-01 3.681439999999999824e+00 2.376036508762280209e+04 5.748962537928890680e-05
3.166655439206330414e+00 8.455089122429965798e+00 1.390457957195582184e+00 1.196646846986346158e-02 4.258320214224749378e+01 1.550824997163959118e+01 2.362088926417346690e-01 3.681439999999999824e+00 2.376036473356577699e+04 5.750452654048275445e-05
3.166668924761024240e+00 8.455756059514961009e+00 1.390319873127325190e+00 9.632558912249681443e-03 4.258690834436941230e+01 1.550824997163960184e+01 2.362088926417346690e-01 3.681439999999999824e+00 2.376013509077851631e+04 5.774104537679404617e-05
3.166668971948068290e+00 8.455756059514961009e+00 1.390319873127325190e+00 9.632558912249681443e-03 4.258690834436941230e+01 1.550824997163960184e+01 2.362088926417346690e-01 3.681439999999999824e+00 2.376013509077851631e+04 5.774104537679404617e-05
3.166668924761024240e+00 8.455756185515545198e+00 1.390319873127325190e+00 9.632558912249681443e-03 4.258690834436941230e+01 1.550824997163960184e+01 2.362088926417346690e-01 3.681439999999999824e+00 2.376013509077851631e+04 5.774104537679404617e-05
3.166668924761024240e+00 8.455756059514961009e+00 1.390319893844705668e+00 9.632558912249681443e-03 4.258690834436941230e+01 1.550824997163960184e+01 2.362088926417346690e-01 3.681439999999999824e+00 2.376013509077851631e+04 5.774104537679404617e-05
3.166668924761024240e+00 8.455756059514961009e+00 1.390319873127325190e+00 9.632573813410875291e-03 4.258690834436941230e+01 1.550824997163960184e+01 2.362088926417346690e-01 3.681439999999999824e+00 2.376013509077851631e+04 5.774104537679404617e-05
3.166668924761024240e+00 8.455756059514961009e+00 1.390319873127325190e+00 9.632558912249681443e-03 4.258690897896379823e+01 1.550824997163960184e+01 2.362088926417346690e-01 3.681439999999999824e+00 2.376013509077851631e+04 5.774104537679404617e-05
3.166668924761024240e+00 8.455756059514961009e+00 1.390319873127325190e+00 9.632558912249681443e-03 4.258690834436941230e+01 1.550825020273053489e+01 2.362088926417346690e-01 3.681439999999999824e+00 2.376013509077851631e+04 5.774104537679404617e-05
3.166668924761024240e+00 8.455756059514961009e+00 1.390319873127325190e+00 9.632558912249681443e-03 4.258690834436941230e+01 1.550824997163960184e+01 2.362089075428958629e-01 3.681439999999999824e+00 2.376013509077851631e+04 5.774104537679404617e-05
3.166668924761024240e+00 8.455756059514961009e+00 1.390319873127325190e+00 9.632558912249681443e-03 4.258690834436941230e+01 1.550824997163960184e+01 2.362088926417346690e-01 3.681439999999999824e+00 2.376013544483211808e+04 5.774104537679404617e-05
3.166668924761024240e+00 8.455756059514961009e+00 1.390319873127325190e+00 9.632558912249681443e-03 4.258690834436941230e+01 1.550824997163960184e+01 2.362088926417346690e-01 3.681439999999999824e+00 2.376013509077851631e+04 5.775594653798789383e-05
3.166706397670229656e+00 8.455875110716252863e+00 1.390403841835160526e+00 3.996184019923864489e-04 4.258691317759983264e+01 1.550824997163960184e+01 2.362088926417346690e-01 3.681439999999999824e+00 2.375965554093564060e+04 5.753539389305062666e-05
3.166706444857831926e+00 8.455875110716252863e+00 1.390403841835160526e+00 3.996184019923864489e-04 4.258691317759983264e+01 1.550824997163960184e+01 2.362088926417346690e-01 3.681439999999999824e+00 2.375965554093564060e+04 5.753539389305062666e-05
3.166706397670229656e+00 8.455875236718611632e+00 1.390403841835160526e+00 3.996184019923864489e-04 4.258691317759983264e+01 1.550824997163960184e+01 2.362088926417346690e-01 3.681439999999999824e+00 2.375965554093564060e+04 5.753539389305062666e-05
3.166706397670229656e+00 8.455875110716252863e+00 1.390403862553792225e+00 3.996184019923864489e-04 4.258691317759983264e+01 1.550824997163960184e+01 2.362088926417346690e-01 3.681439999999999824e+00 2.375965554093564060e+04 5.753539389305062666e-05
3.166706397670229656e+00 8.455875110716252863e+00 1.390403841835160526e+00 3.996333031535802965e-04 4.258691317759983264e+01 1.550824997163960184e+01 2.362088926417346690e-01 3.681439999999999824e+00 2.375965554093564060e+04 5.753539389305062666e-05
3.166706397670229656e+00 8.455875110716252863e+00 1.390403841835160526e+00 3.996184019923864489e-04 4.258691381219428962e+01 1.550824997163960184e+01 2.362088926417346690e-01 3.681439999999999824e+00 2.375965554093564060e+04 5.753539389305062666e-05
3.166706397670229656e+00 8.455875110716252863e+00 1.390403841835160526e+00 3.996184019923864489e-04 4.258691317759983264e+01 1.550825020273053489e+01 2.362088926417346690e-01 3.681439999999999824e+00 2.375965554093564060e+04 5.753539389305062666e-05
3.166706397670229656e+00 8.455875110716252863e+00 1.390403841835160526e+00 3.996184019923864489e-04 4.258691317759983264e+01 1.550824997163960184e+01 2.362089075428958629e-01 3.681439999999999824e+00 2.375965554093564060e+04 5.753539389305062666e-05
3.166706397670229656e+00 8.455875110716252863e+00 1.390403841835160526e+00 3.996184019923864489e-04 4.258691317759983264e+01 1.550824997163960184e+01 2.362088926417346690e-01 3.681439999999999824e+00 2.375965589498209738e+04 5.753539389305062666e-05
3.166706397670229656e+00 8.455875110716252863e+00 1.390403841835160526e+00 3.996184019923864489e-04 4.258691317759983264e+01 1.550824997163960184e+01 2.362088926417346690e-01 3.681439999999999824e+00 2.375965554093564060e+04 5.755029505424447432e-05
3.166706536915810055e+00 8.455875047179395310e+00 1.390403887943284511e+00 3.996192414080883271e-04 4.258691317886410133e+01 1.550824997163960184e+01 2.362088926417346690e-01 3.681439999999999824e+00 2.375965554082990275e+04 5.973236302997620090e-05
3.166706584103414546e+00 8.455875047179395310e+00 1.390403887943284511e+00 3.996192414080883271e-04 4.258691317886410133e+01 1.550824997163960184e+01 2.362088926417346690e-01 3.681439999999999824e+00 2.375965554082990275e+04 5.973236302997620090e-05
3.166706536915810055e+00 8.455875173181752302e+00 1.390403887943284511e+00 3.996192414080883271e-04 4.258691317886410133e+01 1.550824997163960184e+01 2.362088926417346690e-01 3.681439999999999824e+00 2.375965554082990275e+04 5.973236302997620090e-05
3.166706536915810055e+00 8.455875047179395310e+00 1.390403908661916876e+00 3.996192414080883271e-04 4.258691317886410133e+01 1.550824997163960184e+01 2.362088926417346690e-01 3.681439999999999824e+00 2.375965554082990275e+04 5.973236302997620090e-05
3.166706536915810055e+00 8.455875047179395310e+00 1.390403887943284511e+00 3.996341425692821747e-04 4.258691317886410133e+01 1.550824997163960184e+01 2.362088926417346690e-01 3.681439999999999824e+00 2.375965554082990275e+04 5.973236302997620090e-05
3.166706536915810055e+00 8.455875047179395310e+00 1.390403887943284511e+00 3.996192414080883271e-04 4.258691381345855831e+01 1.550824997163960184e+01 2.362088926417346690e-01 3.681439999999999824e+00 2.375965554082990275e+04 5.973236302997620090e-05
3.166706536915810055e+00 8.455875047179395310e+00 1.390403887943284511e+00 3.996192414080883271e-04 4.258691317886410133e+01 1.550825020273053489e+01 2.362088926417346690e-01 3.681439999999999824e+00 2.375965554082990275e+04 5.973236302997620090e-05
3.166706536915810055e+00 8.455875047179395310e+00 1.390403887943284511e+00 3.996192414080883271e-04 4.258691317886410133e+01 1.550824997163960184e+01 2.362089075428958629e-01 3.681439999999999824e+00 2.375965554082990275e+04 5.973236302997620090e-05
3.166706536915810055e+00 8.455875047179395310e+00 1.390403887943284511e+00 3.996192414080883271e-04 4.258691317886410133e+01 1.550824997163960184e+01 2.362088926417346690e-01 3.681439999999999824e+00 2.375965589487635953e+04 5.973236302997620090e-05
3.166706536915810055e+00 8.455875047179395310e+00 1.390403887943284511e+00 3.996192414080883271e-04 4.258691317886410133e+01 1.550824997163960184e+01 2.362088926417346690e-01 3.681439999999999824e+00 2.375965554082990275e+04 5.974726419117004856e-05
