3.205851528745701007e+00 6.588293583655659980e+00 1.235337713074942778e+00 1.528499289763308783e-05 3.753053318289256168e+01 1.549994700000000059e+01 7.954442999999999930e-01 3.681439999999999824e+00 2.807622193082319791e+04 2.269489260749125818e-03
3.205851576516611345e+00 6.588293583655659980e+00 1.235337713074942778e+00 1.528499289763308783e-05 3.753053318289256168e+01 1.549994700000000059e+01 7.954442999999999930e-01 3.681439999999999824e+00 2.807622193082319791e+04 2.269489260749125818e-03
3.205851528745701007e+00 6.588293681828885084e+00 1.235337713074942778e+00 1.528499289763308783e-05 3.753053318289256168e+01 1.549994700000000059e+01 7.954442999999999930e-01 3.681439999999999824e+00 2.807622193082319791e+04 2.269489260749125818e-03
3.205851528745701007e+00 6.588293583655659980e+00 1.235337731482909263e+00 1.528499289763308783e-05 3.753053318289256168e+01 1.549994700000000059e+01 7.954442999999999930e-01 3.681439999999999824e+00 2.807622193082319791e+04 2.269489260749125818e-03
3.205851528745701007e+00 6.588293583655659980e+00 1.235337713074942778e+00 1.529989405882693548e-05 3.753053318289256168e+01 1.549994700000000059e+01 7.954442999999999930e-01 3.681439999999999824e+00 2.807622193082319791e+04 2.269489260749125818e-03
3.205851528745701007e+00 6.588293583655659980e+00 1.235337713074942778e+00 1.528499289763308783e-05 3.753053374214108828e+01 1.549994700000000059e+01 7.954442999999999930e-01 3.681439999999999824e+00 2.807622193082319791e+04 2.269489260749125818e-03
3.205851528745701007e+00 6.588293583655659980e+00 1.235337713074942778e+00 1.528499289763308783e-05 3.753053318289256168e+01 1.549994723096720861e+01 7.954442999999999930e-01 3.681439999999999824e+00 2.807622193082319791e+04 2.269489260749125818e-03
3.205851528745701007e+00 6.588293583655659980e+00 1.235337713074942778e+00 1.528499289763308783e-05 3.753053318289256168e+01 1.549994700000000059e+01 7.954443149011611869e-01 3.681439999999999824e+00 2.807622193082319791e+04 2.269489260749125818e-03
3.205851528745701007e+00 6.588293583655659980e+00 1.235337713074942778e+00 1.528499289763308783e-05 3.753053318289256168e+01 1.549994700000000059e+01 7.954442999999999930e-01 3.681439999999999824e+00 2.807622234919150651e+04 2.269489260749125818e-03
3.205851528745701007e+00 6.588293583655659980e+00 1.235337713074942778e+00 1.528499289763308783e-05 3.753053318289256168e+01 1.549994700000000059e+01 7.954442999999999930e-01 3.681439999999999824e+00 2.807622193082319791e+04 2.269504161910319666e-03
3.247126219812904502e+00 5.003575364723231722e+00 1.251784100507979502e+00 1.525203996129326086e-05 3.802521073364719228e+01 1.555952923760765039e+01 8.606446935439471257e-01 3.681439999999999824e+00 3.134064427124031863e+04 -1.189351949872123615e-03
3.209487335570603506e+00 5.214388117909721565e+00 1.236953232729068874e+00 1.504311717899026735e-05 3.756289548626298114e+01 1.556749601989369758e+01 8.611503840114249630e-01 3.681439999999999824e+00 2.889232644742057164e+04 -1.758373605412190573e-03
3.200077580752186179e+00 5.267092900285549995e+00 1.233245499668056189e+00 1.499088623666819587e-05 3.744731612161355372e+01 1.556948771549083865e+01 8.612767402328483923e-01 3.681439999999999824e+00 2.828024403589524809e+04 -1.900625385645822972e-03
3.197725006998990427e+00 5.280275474683818970e+00 1.232318501926087162e+00 1.497782751390615092e-05 3.741841906879136559e+01 1.556998563948375569e+01 8.613080635928852535e-01 3.681439999999999824e+00 2.812721160831949965e+04 -1.936173789306580399e-03
3.197136322174412459e+00 5.283596795986061245e+00 1.232086493801945348e+00 1.497455887129567818e-05 3.741118592899020712e+01 1.557011012031259867e+01 8.613148242542894018e-01 3.681439999999999824e+00 2.808890604087294560e+04 -1.945002283092312108e-03
3.196986910719497033e+00 5.284542644225024510e+00 1.232027404439225649e+00 1.497372513666362322e-05 3.740934009838025531e+01 1.557014115198447257e+01 8.613116443654236232e-01 3.681439999999999824e+00 2.807912834984485016e+04 -1.946939507281148472e-03
3.201371722872468961e+00 5.797806107909879714e+00 1.232677713444839673e+00 1.497890758279306979e-05 3.741351665885439814e+01 1.556275650794231424e+01 8.356384050038480060e-01 3.681439999999999824e+00 2.807622232293082561e+04 -2.918892235565123151e-04
3.206115696129627324e+00 6.394484012168533127e+00 1.233310064168192000e+00 1.503113950633242561e-05 3.744900514167256489e+01 1.553014570142721595e+01 8.056778929770166409e-01 3.681439999999999824e+00 2.807622196674095539e+04 1.641916972599705843e-03
3.206809865977185314e+00 6.540802586883255110e+00 1.233374521838247917e+00 1.513949163078526983e-05 3.749523487572858471e+01 1.550941417124245802e+01 7.982491968813939520e-01 3.681439999999999824e+00 2.807622193822992267e+04 2.122106847264965557e-03
3.206678330247222153e+00 6.576640619879531080e+00 1.233601291704479186e+00 1.523201413946552567e-05 3.751983773016470991e+01 1.550244089345847520e+01 7.963964199470713323e-01 3.681439999999999824e+00 2.807622193258181142e+04 2.241917612190277159e-03
3.206266985223581223e+00 6.585559671371622237e+00 1.234234937676693455e+00 1.527075949080704514e-05 3.752781757516670069e+01 1.550054598211815282e+01 7.959037920383603693e-01 3.681439999999999824e+00 2.807622193123836405e+04 2.273607524482156896e-03
3.205843807480296181e+00 6.587733467539909959e+00 1.234927958430849015e+00 1.528187938957222057e-05 3.752993491065343790e+01 1.550007306428454257e+01 7.957462304757481064e-01 3.681439999999999824e+00 2.807622193091273584e+04 2.282277038188614687e-03
3.205733676143163180e+00 6.588255679760484540e+00 1.235277892609653039e+00 1.528472077530571032e-05 3.753047435889912720e+01 1.549995729668219546e+01 7.955956712140874743e-01 3.681439999999999824e+00 2.807622193083205639e+04 2.278631520762437225e-03
