3.205843000000000220e+00 7.511125999999999969e+00 1.235333999999999932e+00 1.528337999999999867e-05 3.753042800000000057e+01 1.549994700000000059e+01 7.954442999999999930e-01 3.681439999999999824e+00 2.571453499999999985e+04 0.000000000000000000e+00
3.205843047770783549e+00 7.511125999999999969e+00 1.235333999999999932e+00 1.528337999999999867e-05 3.753042800000000057e+01 1.549994700000000059e+01 7.954442999999999930e-01 3.681439999999999824e+00 2.571453499999999985e+04 0.000000000000000000e+00
3.205843000000000220e+00 7.511126111924498971e+00 1.235333999999999932e+00 1.528337999999999867e-05 3.753042800000000057e+01 1.549994700000000059e+01 7.954442999999999930e-01 3.681439999999999824e+00 2.571453499999999985e+04 0.000000000000000000e+00
3.205843000000000220e+00 7.511125999999999969e+00 1.235334018407910905e+00 1.528337999999999867e-05 3.753042800000000057e+01 1.549994700000000059e+01 7.954442999999999930e-01 3.681439999999999824e+00 2.571453499999999985e+04 0.000000000000000000e+00
3.205843000000000220e+00 7.511125999999999969e+00 1.235333999999999932e+00 1.529828116119384633e-05 3.753042800000000057e+01 1.549994700000000059e+01 7.954442999999999930e-01 3.681439999999999824e+00 2.571453499999999985e+04 0.000000000000000000e+00
3.205843000000000220e+00 7.511125999999999969e+00 1.235333999999999932e+00 1.528337999999999867e-05 3.753042855924695687e+01 1.549994700000000059e+01 7.954442999999999930e-01 3.681439999999999824e+00 2.571453499999999985e+04 0.000000000000000000e+00
3.205843000000000220e+00 7.511125999999999969e+00 1.235333999999999932e+00 1.528337999999999867e-05 3.753042800000000057e+01 1.549994700000000059e+01 7.954442999999999930e-01 3.681439999999999824e+00 2.571453538317642960e+04 0.000000000000000000e+00
3.205843000000000220e+00 7.511125999999999969e+00 1.235333999999999932e+00 1.528337999999999867e-05 3.753042800000000057e+01 1.549994700000000059e+01 7.954442999999999930e-01 3.681439999999999824e+00 2.571453499999999985e+04 1.490116119384765625e-08
3.139863076549837650e+00 7.511125995033000713e+00 1.251877269941762405e+00 7.925295174136713916e-01 4.469923414996551969e+01 1.549994700000000059e+01 7.954442999999999930e-01 3.681439999999999824e+00 2.571453445839084452e+04 5.263866892238936671e-04
3.139863123337443440e+00 7.511125995033000713e+00 1.251877269941762405e+00 7.925295174136713916e-01 4.469923414996551969e+01 1.549994700000000059e+01 7.954442999999999930e-01 3.681439999999999824e+00 2.571453445839084452e+04 5.263866892238936671e-04
3.139863076549837650e+00 7.511126106957499715e+00 1.251877269941762405e+00 7.925295174136713916e-01 4.469923414996551969e+01 1.549994700000000059e+01 7.954442999999999930e-01 3.681439999999999824e+00 2.571453445839084452e+04 5.263866892238936671e-04
3.139863076549837650e+00 7.511125995033000713e+00 1.251877288596187299e+00 7.925295174136713916e-01 4.469923414996551969e+01 1.549994700000000059e+01 7.954442999999999930e-01 3.681439999999999824e+00 2.571453445839084452e+04 5.263866892238936671e-04
3.139863076549837650e+00 7.511125995033000713e+00 1.251877269941762405e+00 7.925295323148325854e-01 4.469923414996551969e+01 1.549994700000000059e+01 7.954442999999999930e-01 3.681439999999999824e+00 2.571453445839084452e+04 5.263866892238936671e-04
3.139863076549837650e+00 7.511125995033000713e+00 1.251877269941762405e+00 7.925295174136713916e-01 4.469923481603601090e+01 1.549994700000000059e+01 7.954442999999999930e-01 3.681439999999999824e+00 2.571453445839084452e+04 5.263866892238936671e-04
3.139863076549837650e+00 7.511125995033000713e+00 1.251877269941762405e+00 7.925295174136713916e-01 4.469923414996551969e+01 1.549994700000000059e+01 7.954442999999999930e-01 3.681439999999999824e+00 2.571453484156726699e+04 5.263866892238936671e-04
3.139863076549837650e+00 7.511125995033000713e+00 1.251877269941762405e+00 7.925295174136713916e-01 4.469923414996551969e+01 1.549994700000000059e+01 7.954442999999999930e-01 3.681439999999999824e+00 2.571453445839084452e+04 5.264015903850875148e-04
3.087314331901464648e+00 7.511125985540149763e+00 1.264754501168109391e+00 6.184730305693382224e-01 5.054192549907713072e+01 1.549994700000000059e+01 7.954442999999999930e-01 3.681439999999999824e+00 2.571453334613487823e+04 8.942413525188915111e-04
2.678527087583768118e+00 7.513069047509732812e+00 2.105462602932644423e+00 6.339638529278179835e-02 4.495603348771387431e+01 1.549994700000000059e+01 7.954442999999999930e-01 3.681439999999999824e+00 2.571903600865717817e+04 2.135620416152516493e-03
3.007273673427792282e+00 7.511972859401726765e+00 1.531271114443175207e+00 7.697990171950652716e-01 4.469932338541653394e+01 1.549994700000000059e+01 7.954442999999999930e-01 3.681439999999999824e+00 2.571597351122729742e+04 4.715061626986377739e-04
3.124829046515283704e+00 7.511610632067040605e+00 1.327781839770618033e+00 7.877766147721309009e-01 4.469929562806581202e+01 1.549994700000000059e+01 7.954442999999999930e-01 3.681439999999999824e+00 2.571486900627720388e+04 -9.263299054283432362e-05
3.124829093078865139e+00 7.511610632067040605e+00 1.327781839770618033e+00 7.877766147721309009e-01 4.469929562806581202e+01 1.549994700000000059e+01 7.954442999999999930e-01 3.681439999999999824e+00 2.571486900627720388e+04 -9.263299054283432362e-05
3.124829046515283704e+00 7.511610743998761386e+00 1.327781839770618033e+00 7.877766147721309009e-01 4.469929562806581202e+01 1.549994700000000059e+01 7.954442999999999930e-01 3.681439999999999824e+00 2.571486900627720388e+04 -9.263299054283432362e-05
3.124829046515283704e+00 7.511610632067040605e+00 1.327781859556109278e+00 7.877766147721309009e-01 4.469929562806581202e+01 1.549994700000000059e+01 7.954442999999999930e-01 3.681439999999999824e+00 2.571486900627720388e+04 -9.263299054283432362e-05
3.124829046515283704e+00 7.511610632067040605e+00 1.327781839770618033e+00 7.877766296732920948e-01 4.469929562806581202e+01 1.549994700000000059e+01 7.954442999999999930e-01 3.681439999999999824e+00 2.571486900627720388e+04 -9.263299054283432362e-05
3.124829046515283704e+00 7.511610632067040605e+00 1.327781839770618033e+00 7.877766147721309009e-01 4.469929629413721983e+01 1.549994700000000059e+01 7.954442999999999930e-01 3.681439999999999824e+00 2.571486900627720388e+04 -9.263299054283432362e-05
3.124829046515283704e+00 7.511610632067040605e+00 1.327781839770618033e+00 7.877766147721309009e-01 4.469929562806581202e+01 1.549994700000000059e+01 7.954442999999999930e-01 3.681439999999999824e+00 2.571486938945861039e+04 -9.263299054283432362e-05
3.124829046515283704e+00 7.511610632067040605e+00 1.327781839770618033e+00 7.877766147721309009e-01 4.469929562806581202e+01 1.549994700000000059e+01 7.954442999999999930e-01 3.681439999999999824e+00 2.571486900627720388e+04 -9.264789170402817128e-05
3.163945801638731847e+00 7.514490332419130780e+00 1.261034085004386851e+00 7.826731181247066349e-01 4.470003389098771152e+01 1.549994700000000059e+01 7.954442999999999930e-01 3.681439999999999824e+00 2.571508299901898499e+04 -2.593863986915405156e-04
3.163945848785198134e+00 7.514490332419130780e+00 1.261034085004386851e+00 7.826731181247066349e-01 4.470003389098771152e+01 1.549994700000000059e+01 7.954442999999999930e-01 3.681439999999999824e+00 2.571508299901898499e+04 -2.593863986915405156e-04
3.163945801638731847e+00 7.514490444393762125e+00 1.261034085004386851e+00 7.826731181247066349e-01 4.470003389098771152e+01 1.549994700000000059e+01 7.954442999999999930e-01 3.681439999999999824e+00 2.571508299901898499e+04 -2.593863986915405156e-04
3.163945801638731847e+00 7.514490332419130780e+00 1.261034103795259043e+00 7.826731181247066349e-01 4.470003389098771152e+01 1.549994700000000059e+01 7.954442999999999930e-01 3.681439999999999824e+00 2.571508299901898499e+04 -2.593863986915405156e-04
3.163945801638731847e+00 7.514490332419130780e+00 1.261034085004386851e+00 7.826731330258678287e-01 4.470003389098771152e+01 1.549994700000000059e+01 7.954442999999999930e-01 3.681439999999999824e+00 2.571508299901898499e+04 -2.593863986915405156e-04
3.163945801638731847e+00 7.514490332419130780e+00 1.261034085004386851e+00 7.826731181247066349e-01 4.470003455707011852e+01 1.549994700000000059e+01 7.954442999999999930e-01 3.681439999999999824e+00 2.571508299901898499e+04 -2.593863986915405156e-04
3.163945801638731847e+00 7.514490332419130780e+00 1.261034085004386851e+00 7.826731181247066349e-01 4.470003389098771152e+01 1.549994700000000059e+01 7.954442999999999930e-01 3.681439999999999824e+00 2.571508338220358200e+04 -2.593863986915405156e-04
3.163945801638731847e+00 7.514490332419130780e+00 1.261034085004386851e+00 7.826731181247066349e-01 4.470003389098771152e+01 1.549994700000000059e+01 7.954442999999999930e-01 3.681439999999999824e+00 2.571508299901898499e+04 -2.594012998527343633e-04
3.161195916256370086e+00 7.591747106190060101e+00 1.260078154259850480e+00 7.810209876861876621e-01 4.465804491730966674e+01 1.549994700000000059e+01 7.954442999999999930e-01 3.681439999999999824e+00 2.571508342481734144e+04 -3.191791182647759034e-05
3.161195963361859818e+00 7.591747106190060101e+00 1.260078154259850480e+00 7.810209876861876621e-01 4.465804491730966674e+01 1.549994700000000059e+01 7.954442999999999930e-01 3.681439999999999824e+00 2.571508342481734144e+04 -3.191791182647759034e-05
3.161195916256370086e+00 7.591747219315907458e+00 1.260078154259850480e+00 7.810209876861876621e-01 4.465804491730966674e+01 1.549994700000000059e+01 7.954442999999999930e-01 3.681439999999999824e+00 2.571508342481734144e+04 -3.191791182647759034e-05
3.161195916256370086e+00 7.591747106190060101e+00 1.260078173036478066e+00 7.810209876861876621e-01 4.465804491730966674e+01 1.549994700000000059e+01 7.954442999999999930e-01 3.681439999999999824e+00 2.571508342481734144e+04 -3.191791182647759034e-05
3.161195916256370086e+00 7.591747106190060101e+00 1.260078154259850480e+00 7.810210025873488560e-01 4.465804491730966674e+01 1.549994700000000059e+01 7.954442999999999930e-01 3.681439999999999824e+00 2.571508342481734144e+04 -3.191791182647759034e-05
3.161195916256370086e+00 7.591747106190060101e+00 1.260078154259850480e+00 7.810209876861876621e-01 4.465804558276639114e+01 1.549994700000000059e+01 7.954442999999999930e-01 3.681439999999999824e+00 2.571508342481734144e+04 -3.191791182647759034e-05
3.161195916256370086e+00 7.591747106190060101e+00 1.260078154259850480e+00 7.810209876861876621e-01 4.465804491730966674e+01 1.549994700000000059e+01 7.954442999999999930e-01 3.681439999999999824e+00 2.571508380800194573e+04 -3.191791182647759034e-05
3.161195916256370086e+00 7.591747106190060101e+00 1.260078154259850480e+00 7.810209876861876621e-01 4.465804491730966674e+01 1.549994700000000059e+01 7.954442999999999930e-01 3.681439999999999824e+00 2.571508342481734144e+04 -3.193281298767143800e-05
3.084720990880596148e+00 7.624105239793554922e+00 1.393377327887938888e+00 7.649487477141292402e-01 4.465781202390139981e+01 1.549994700000000059e+01 7.954442999999999930e-01 3.681439999999999824e+00 2.571616999713181940e+04 4.776338845064520078e-04
3.141955682389042437e+00 7.603115875831994330e+00 1.293245708775224934e+00 7.772893038943571309e-01 4.465797310313805468e+01 1.549994700000000059e+01 7.954442999999999930e-01 3.681439999999999824e+00 2.571533543340488905e+04 1.201938773314478802e-04
3.156231868922102279e+00 7.595006488401772948e+00 1.268260374064273277e+00 7.801041888152629999e-01 4.465802490118267087e+01 1.549994700000000059e+01 7.954442999999999930e-01 3.681439999999999824e+00 2.571514532429656538e+04 2.134851842327110163e-05
3.159800530658995577e+00 7.592594260540191264e+00 1.262019798127471892e+00 7.807922973378860210e-01 4.465803822793250788e+01 1.549994700000000059e+01 7.954442999999999930e-01 3.681439999999999824e+00 2.571509882369027400e+04 -4.852192433052308386e-06
3.160719885891451142e+00 7.591948966725103887e+00 1.260440459476251052e+00 7.809663864934771604e-01 4.465804175729408598e+01 1.549994700000000059e+01 7.954442999999999930e-01 3.681439999999999824e+00 2.571508705929487769e+04 -1.249524444508922602e-05
3.161046568822214020e+00 7.591770470099144852e+00 1.260058784616570282e+00 7.810142015024532647e-01 4.465804353696729834e+01 1.549994700000000059e+01 7.954442999999999930e-01 3.681439999999999824e+00 2.571508384973488137e+04 -2.015994073543547483e-05
3.161046615925478420e+00 7.591770470099144852e+00 1.260058784616570282e+00 7.810142015024532647e-01 4.465804353696729834e+01 1.549994700000000059e+01 7.954442999999999930e-01 3.681439999999999824e+00 2.571508384973488137e+04 -2.015994073543547483e-05
3.161046568822214020e+00 7.591770583225340374e+00 1.260058784616570282e+00 7.810142015024532647e-01 4.465804353696729834e+01 1.549994700000000059e+01 7.954442999999999930e-01 3.681439999999999824e+00 2.571508384973488137e+04 -2.015994073543547483e-05
3.161046568822214020e+00 7.591770470099144852e+00 1.260058803392909432e+00 7.810142015024532647e-01 4.465804353696729834e+01 1.549994700000000059e+01 7.954442999999999930e-01 3.681439999999999824e+00 2.571508384973488137e+04 -2.015994073543547483e-05
3.161046568822214020e+00 7.591770470099144852e+00 1.260058784616570282e+00 7.810142164036144585e-01 4.465804353696729834e+01 1.549994700000000059e+01 7.954442999999999930e-01 3.681439999999999824e+00 2.571508384973488137e+04 -2.015994073543547483e-05
3.161046568822214020e+00 7.591770470099144852e+00 1.260058784616570282e+00 7.810142015024532647e-01 4.465804420242400141e+01 1.549994700000000059e+01 7.954442999999999930e-01 3.681439999999999824e+00 2.571508384973488137e+04 -2.015994073543547483e-05
3.161046568822214020e+00 7.591770470099144852e+00 1.260058784616570282e+00 7.810142015024532647e-01 4.465804353696729834e+01 1.549994700000000059e+01 7.954442999999999930e-01 3.681439999999999824e+00 2.571508423291948930e+04 -2.015994073543547483e-05
3.161046568822214020e+00 7.591770470099144852e+00 1.260058784616570282e+00 7.810142015024532647e-01 4.465804353696729834e+01 1.549994700000000059e+01 7.954442999999999930e-01 3.681439999999999824e+00 2.571508384973488137e+04 -2.017484189662932249e-05
3.160860057571301063e+00 7.591868546348440994e+00 1.260288465123464707e+00 7.809614052242394022e-01 4.465804289040837460e+01 1.549994700000000059e+01 7.954442999999999930e-01 3.681439999999999824e+00 2.571508561082410961e+04 -1.210961746726096154e-05
3.160860104671786353e+00 7.591868546348440994e+00 1.260288465123464707e+00 7.809614052242394022e-01 4.465804289040837460e+01 1.549994700000000059e+01 7.954442999999999930e-01 3.681439999999999824e+00 2.571508561082410961e+04 -1.210961746726096154e-05
3.160860057571301063e+00 7.591868659476097569e+00 1.260288465123464707e+00 7.809614052242394022e-01 4.465804289040837460e+01 1.549994700000000059e+01 7.954442999999999930e-01 3.681439999999999824e+00 2.571508561082410961e+04 -1.210961746726096154e-05
3.160860057571301063e+00 7.591868546348440994e+00 1.260288483903226231e+00 7.809614052242394022e-01 4.465804289040837460e+01 1.549994700000000059e+01 7.954442999999999930e-01 3.681439999999999824e+00 2.571508561082410961e+04 -1.210961746726096154e-05
3.160860057571301063e+00 7.591868546348440994e+00 1.260288465123464707e+00 7.809614201254005961e-01 4.465804289040837460e+01 1.549994700000000059e+01 7.954442999999999930e-01 3.681439999999999824e+00 2.571508561082410961e+04 -1.210961746726096154e-05
3.160860057571301063e+00 7.591868546348440994e+00 1.260288465123464707e+00 7.809614052242394022e-01 4.465804355586507057e+01 1.549994700000000059e+01 7.954442999999999930e-01 3.681439999999999824e+00 2.571508561082410961e+04 -1.210961746726096154e-05
3.160860057571301063e+00 7.591868546348440994e+00 1.260288465123464707e+00 7.809614052242394022e-01 4.465804289040837460e+01 1.549994700000000059e+01 7.954442999999999930e-01 3.681439999999999824e+00 2.571508599400874664e+04 -1.210961746726096154e-05
3.160860057571301063e+00 7.591868546348440994e+00 1.260288465123464707e+00 7.809614052242394022e-01 4.465804289040837460e+01 1.549994700000000059e+01 7.954442999999999930e-01 3.681439999999999824e+00 2.571508561082410961e+04 -1.212451862845480920e-05
3.160636008595896218e+00 7.591912961428771034e+00 1.260945893659597195e+00 7.808927448931659576e-01 4.465815368915163219e+01 1.549994700000000059e+01 7.954442999999999930e-01 3.681439999999999824e+00 2.571508561105545232e+04 -9.421284959216476293e-06
3.160780685410050417e+00 7.591879571690158812e+00 1.260448968559431115e+00 7.809443240982908430e-01 4.465806679343232588e+01 1.549994700000000059e+01 7.954442999999999930e-01 3.681439999999999824e+00 2.571508561088157148e+04 -1.035718155858115008e-05
