2.962099760406463833e+00 1.395529300082378832e+01 2.891872794252591472e+00 1.646081010618675222e+01 3.228687674037882815e-01 1.530525399999999969e+01 7.001581000000000055e-01 3.097326999999999941e+00 3.016377361995831598e+04 3.344464974091703624e+00 8.783754371481157008e+00 1.613515836239542978e+00 1.815427465625620584e+01 2.164158527201168880e+01 1.500000000000000000e+01 7.234983000000000386e-01 3.013116999999999823e+00 1.906398062517088329e+04 1.794589911700657106e-03
2.962099804545189841e+00 1.395529300082378832e+01 2.891872794252591472e+00 1.646081010618675222e+01 3.228687674037882815e-01 1.530525399999999969e+01 7.001581000000000055e-01 3.097326999999999941e+00 3.016377361995831598e+04 3.344464974091703624e+00 8.783754371481157008e+00 1.613515836239542978e+00 1.815427465625620584e+01 2.164158527201168880e+01 1.500000000000000000e+01 7.234983000000000386e-01 3.013116999999999823e+00 1.906398062517088329e+04 1.794589911700657106e-03
2.962099760406463833e+00 1.395529320877385970e+01 2.891872794252591472e+00 1.646081010618675222e+01 3.228687674037882815e-01 1.530525399999999969e+01 7.001581000000000055e-01 3.097326999999999941e+00 3.016377361995831598e+04 3.344464974091703624e+00 8.783754371481157008e+00 1.613515836239542978e+00 1.815427465625620584e+01 2.164158527201168880e+01 1.500000000000000000e+01 7.234983000000000386e-01 3.013116999999999823e+00 1.906398062517088329e+04 1.794589911700657106e-03
2.962099760406463833e+00 1.395529300082378832e+01 2.891872837344854119e+00 1.646081010618675222e+01 3.228687674037882815e-01 1.530525399999999969e+01 7.001581000000000055e-01 3.097326999999999941e+00 3.016377361995831598e+04 3.344464974091703624e+00 8.783754371481157008e+00 1.613515836239542978e+00 1.815427465625620584e+01 2.164158527201168880e+01 1.500000000000000000e+01 7.234983000000000386e-01 3.013116999999999823e+00 1.906398062517088329e+04 1.794589911700657106e-03
2.962099760406463833e+00 1.395529300082378832e+01 2.891872794252591472e+00 1.646081035147193816e+01 3.228687674037882815e-01 1.530525399999999969e+01 7.001581000000000055e-01 3.097326999999999941e+00 3.016377361995831598e+04 3.344464974091703624e+00 8.783754371481157008e+00 1.613515836239542978e+00 1.815427465625620584e+01 2.164158527201168880e+01 1.500000000000000000e+01 7.234983000000000386e-01 3.013116999999999823e+00 1.906398062517088329e+04 1.794589911700657106e-03
2.962099760406463833e+00 1.395529300082378832e+01 2.891872794252591472e+00 1.646081010618675222e+01 3.228687823049494754e-01 1.530525399999999969e+01 7.001581000000000055e-01 3.097326999999999941e+00 3.016377361995831598e+04 3.344464974091703624e+00 8.783754371481157008e+00 1.613515836239542978e+00 1.815427465625620584e+01 2.164158527201168880e+01 1.500000000000000000e+01 7.234983000000000386e-01 3.013116999999999823e+00 1.906398062517088329e+04 1.794589911700657106e-03
2.962099760406463833e+00 1.395529300082378832e+01 2.891872794252591472e+00 1.646081010618675222e+01 3.228687674037882815e-01 1.530525422806605640e+01 7.001581000000000055e-01 3.097326999999999941e+00 3.016377361995831598e+04 3.344464974091703624e+00 8.783754371481157008e+00 1.613515836239542978e+00 1.815427465625620584e+01 2.164158527201168880e+01 1.500000000000000000e+01 7.234983000000000386e-01 3.013116999999999823e+00 1.906398062517088329e+04 1.794589911700657106e-03
2.962099760406463833e+00 1.395529300082378832e+01 2.891872794252591472e+00 1.646081010618675222e+01 3.228687674037882815e-01 1.530525399999999969e+01 7.001581149011611993e-01 3.097326999999999941e+00 3.016377361995831598e+04 3.344464974091703624e+00 8.783754371481157008e+00 1.613515836239542978e+00 1.815427465625620584e+01 2.164158527201168880e+01 1.500000000000000000e+01 7.234983000000000386e-01 3.013116999999999823e+00 1.906398062517088329e+04 1.794589911700657106e-03
2.962099760406463833e+00 1.395529300082378832e+01 2.891872794252591472e+00 1.646081010618675222e+01 3.228687674037882815e-01 1.530525399999999969e+01 7.001581000000000055e-01 3.097326999999999941e+00 3.016377406943356982e+04 3.344464974091703624e+00 8.783754371481157008e+00 1.613515836239542978e+00 1.815427465625620584e+01 2.164158527201168880e+01 1.500000000000000000e+01 7.234983000000000386e-01 3.013116999999999823e+00 1.906398062517088329e+04 1.794589911700657106e-03
2.962099760406463833e+00 1.395529300082378832e+01 2.891872794252591472e+00 1.646081010618675222e+01 3.228687674037882815e-01 1.530525399999999969e+01 7.001581000000000055e-01 3.097326999999999941e+00 3.016377361995831598e+04 3.344465023928115510e+00 8.783754371481157008e+00 1.613515836239542978e+00 1.815427465625620584e+01 2.164158527201168880e+01 1.500000000000000000e+01 7.234983000000000386e-01 3.013116999999999823e+00 1.906398062517088329e+04 1.794589911700657106e-03
2.962099760406463833e+00 1.395529300082378832e+01 2.891872794252591472e+00 1.646081010618675222e+01 3.228687674037882815e-01 1.530525399999999969e+01 7.001581000000000055e-01 3.097326999999999941e+00 3.016377361995831598e+04 3.344464974091703624e+00 8.783754502369296446e+00 1.613515836239542978e+00 1.815427465625620584e+01 2.164158527201168880e+01 1.500000000000000000e+01 7.234983000000000386e-01 3.013116999999999823e+00 1.906398062517088329e+04 1.794589911700657106e-03
2.962099760406463833e+00 1.395529300082378832e+01 2.891872794252591472e+00 1.646081010618675222e+01 3.228687674037882815e-01 1.530525399999999969e+01 7.001581000000000055e-01 3.097326999999999941e+00 3.016377361995831598e+04 3.344464974091703624e+00 8.783754371481157008e+00 1.613515860282802583e+00 1.815427465625620584e+01 2.164158527201168880e+01 1.500000000000000000e+01 7.234983000000000386e-01 3.013116999999999823e+00 1.906398062517088329e+04 1.794589911700657106e-03
2.962099760406463833e+00 1.395529300082378832e+01 2.891872794252591472e+00 1.646081010618675222e+01 3.228687674037882815e-01 1.530525399999999969e+01 7.001581000000000055e-01 3.097326999999999941e+00 3.016377361995831598e+04 3.344464974091703624e+00 8.783754371481157008e+00 1.613515836239542978e+00 1.815427492677597954e+01 2.164158527201168880e+01 1.500000000000000000e+01 7.234983000000000386e-01 3.013116999999999823e+00 1.906398062517088329e+04 1.794589911700657106e-03
2.962099760406463833e+00 1.395529300082378832e+01 2.891872794252591472e+00 1.646081010618675222e+01 3.228687674037882815e-01 1.530525399999999969e+01 7.001581000000000055e-01 3.097326999999999941e+00 3.016377361995831598e+04 3.344464974091703624e+00 8.783754371481157008e+00 1.613515836239542978e+00 1.815427465625620584e+01 2.164158559449644059e+01 1.500000000000000000e+01 7.234983000000000386e-01 3.013116999999999823e+00 1.906398062517088329e+04 1.794589911700657106e-03
2.962099760406463833e+00 1.395529300082378832e+01 2.891872794252591472e+00 1.646081010618675222e+01 3.228687674037882815e-01 1.530525399999999969e+01 7.001581000000000055e-01 3.097326999999999941e+00 3.016377361995831598e+04 3.344464974091703624e+00 8.783754371481157008e+00 1.613515836239542978e+00 1.815427465625620584e+01 2.164158527201168880e+01 1.500000022351741791e+01 7.234983000000000386e-01 3.013116999999999823e+00 1.906398062517088329e+04 1.794589911700657106e-03
2.962099760406463833e+00 1.395529300082378832e+01 2.891872794252591472e+00 1.646081010618675222e+01 3.228687674037882815e-01 1.530525399999999969e+01 7.001581000000000055e-01 3.097326999999999941e+00 3.016377361995831598e+04 3.344464974091703624e+00 8.783754371481157008e+00 1.613515836239542978e+00 1.815427465625620584e+01 2.164158527201168880e+01 1.500000000000000000e+01 7.234983149011612324e-01 3.013116999999999823e+00 1.906398062517088329e+04 1.794589911700657106e-03
2.962099760406463833e+00 1.395529300082378832e+01 2.891872794252591472e+00 1.646081010618675222e+01 3.228687674037882815e-01 1.530525399999999969e+01 7.001581000000000055e-01 3.097326999999999941e+00 3.016377361995831598e+04 3.344464974091703624e+00 8.783754371481157008e+00 1.613515836239542978e+00 1.815427465625620584e+01 2.164158527201168880e+01 1.500000000000000000e+01 7.234983000000000386e-01 3.013116999999999823e+00 1.906398090924633289e+04 1.794589911700657106e-03
2.962099760406463833e+00 1.395529300082378832e+01 2.891872794252591472e+00 1.646081010618675222e+01 3.228687674037882815e-01 1.530525399999999969e+01 7.001581000000000055e-01 3.097326999999999941e+00 3.016377361995831598e+04 3.344464974091703624e+00 8.783754371481157008e+00 1.613515836239542978e+00 1.815427465625620584e+01 2.164158527201168880e+01 1.500000000000000000e+01 7.234983000000000386e-01 3.013116999999999823e+00 1.906398062517088329e+04 1.794604812861850954e-03
2.962099719854553559e+00 1.293869263595199115e+01 2.891872713079312263e+00 1.646080983391102848e+01 3.228687611329407736e-01 1.530525405186206456e+01 7.001580179873644338e-01 3.097326999999999941e+00 2.499359579616269548e+04 3.344464956208156536e+00 8.753721107488596331e+00 1.613515846476003990e+00 1.815427460386883851e+01 2.164158506858769826e+01 1.499999998974135096e+01 7.234982752964587149e-01 3.013116999999999823e+00 2.482025366031809972e+04 2.035269221896395496e-03
2.962101719966625968e+00 1.293357737812357833e+01 2.891870655964939196e+00 1.646082324645005457e+01 3.228690759428968771e-01 1.530525177401472803e+01 7.001606333056166198e-01 3.097326999999999941e+00 2.908065849059094035e+04 3.344464057386294709e+00 8.764785742747164932e+00 1.613517183087582296e+00 1.815427476791800032e+01 2.164157131226301800e+01 1.499999924891908343e+01 7.234988964536015477e-01 3.013116999999999823e+00 2.066661884416274552e+04 2.023938254887434375e-03
2.962102098171816245e+00 1.293243236910326921e+01 2.891870094412145598e+00 1.646082577100317934e+01 3.228691387156536474e-01 1.530525139960703740e+01 7.001610620970183385e-01 3.097326999999999941e+00 3.018199599185785701e+04 3.344463760007296838e+00 8.767772095335297777e+00 1.613517512954387056e+00 1.815427447906240843e+01 2.164156719639257176e+01 1.499999929203362292e+01 7.234988349421663800e-01 3.013116999999999823e+00 1.954721575604071768e+04 2.020830554266681532e-03
2.961614906746171005e+00 1.352989057326813516e+01 2.891847866548998169e+00 1.645752338739471199e+01 3.228022958005297149e-01 1.530597701063395988e+01 6.993246528807706142e-01 3.097326999999999941e+00 3.024991295022139821e+04 3.344296312682339511e+00 8.780705806665149993e+00 1.613425811079159056e+00 1.815326453540058793e+01 2.164032494351269165e+01 1.500073526252465683e+01 7.228048367093901083e-01 3.013116999999999823e+00 1.914880642087416709e+04 1.880201058695957564e-03
2.961423664476180662e+00 1.376449630802575719e+01 2.891839193328841873e+00 1.645622706865776053e+01 3.227760562819406709e-01 1.530626182753141862e+01 6.989963417579910798e-01 3.097326999999999941e+00 3.018531050575117479e+04 3.344230619131540738e+00 8.785534877042419311e+00 1.613389793398069649e+00 1.815286818579127015e+01 2.163983773668543265e+01 1.500102410480599247e+01 7.225324602676047592e-01 3.013116999999999823e+00 1.908518439694118206e+04 1.825259846005701340e-03
2.961375868638724818e+00 1.382315275822891465e+01 2.891837042533516033e+00 1.645590307522056150e+01 3.227694981040737932e-01 1.530633301388146528e+01 6.989142684041927955e-01 3.097326999999999941e+00 3.016915722287212702e+04 3.344214204198562079e+00 8.786742089963304636e+00 1.613380793621554288e+00 1.815276914942992903e+01 2.163971599771535281e+01 1.500109627327920414e+01 7.224643709328957275e-01 3.013116999999999823e+00 1.906928076231094747e+04 1.811523838186061570e-03
2.961363978746953673e+00 1.383783694945751819e+01 2.891836575020082289e+00 1.645582242273117757e+01 3.227678653842911416e-01 1.530635073878472063e+01 6.988937678447957325e-01 3.097326999999999941e+00 3.016511712385432838e+04 3.344210134360682485e+00 8.787043697792217500e+00 1.613378562298452223e+00 1.815274459497743464e+01 2.163968581447177897e+01 1.500111414662660536e+01 7.224473677679280614e-01 3.013116999999999823e+00 1.906530328867207936e+04 1.808086991381021094e-03
2.961361251961672103e+00 1.384159087312466241e+01 2.891836749591631950e+00 1.645580369861157166e+01 3.227674856000693482e-01 1.530635487166323472e+01 6.988887172383760893e-01 3.097326999999999941e+00 3.016410023274418199e+04 3.344209257792346346e+00 8.787118279063982129e+00 1.613378081868768632e+00 1.815273930697197002e+01 2.163967931405262490e+01 1.500111791363583968e+01 7.224431971659563967e-01 3.013116999999999823e+00 1.906430217106292548e+04 1.807216082594082559e-03
2.961364686125190548e+00 1.384360346569994249e+01 2.891841191776541198e+00 1.645582351449346703e+01 3.227678754868930633e-01 1.530635077782987707e+01 6.988893018744093411e-01 3.097326999999999941e+00 3.016380069714004276e+04 3.344211302402895214e+00 8.787119113859676034e+00 1.613379204402962674e+00 1.815275164889087378e+01 2.163969448838205523e+01 1.500110769407228517e+01 7.224439646784377445e-01 3.013116999999999823e+00 1.906400728250620887e+04 1.806867491163932204e-03
2.961742009855254487e+00 1.392587553553059365e+01 2.892189188652090071e+00 1.645807654143549925e+01 3.228123983349943660e-01 1.530570225564173725e+01 6.990667722249188643e-01 3.097326999999999941e+00 3.016377364955053781e+04 3.344420780231684098e+00 8.785226252485788478e+00 1.613494301464849068e+00 1.815401641672350408e+01 2.164124894163164115e+01 1.500023513811695430e+01 7.226459594390178820e-01 3.013116999999999823e+00 1.906398065437191326e+04 1.798525350747287371e-03
2.961846255436696218e+00 1.394811976690214195e+01 2.892112211117102927e+00 1.645878214535666118e+01 3.228261846022209003e-01 1.530538677776556966e+01 6.992202687732040900e-01 3.097326999999999941e+00 3.016377362292860926e+04 3.344476852534909117e+00 8.784691612681285733e+00 1.613525245670549335e+00 1.815435554699827847e+01 2.164166601902968168e+01 1.500005353075787440e+01 7.228782492798361270e-01 3.013116999999999823e+00 1.906398062811318232e+04 1.796240211981846736e-03
2.961883274830906299e+00 1.395383652218460924e+01 2.891954576604494509e+00 1.645934018175534064e+01 3.228368115634925872e-01 1.530528242049113352e+01 6.995670609985795707e-01 3.097326999999999941e+00 3.016377362044728579e+04 3.344488747396961781e+00 8.784478807590330618e+00 1.613532429648953714e+00 1.815443000301015886e+01 2.164175878901456329e+01 1.500001054626515362e+01 7.232279838780696357e-01 3.013116999999999823e+00 1.906398062565735017e+04 1.795545239969614446e-03
2.961958904122868219e+00 1.395514805794023694e+01 2.891883502885627788e+00 1.646045140048726196e+01 3.228601179373024044e-01 1.530525669093270302e+01 7.000480259506954850e-01 3.097326999999999941e+00 3.016377362003212693e+04 3.344480180289183036e+00 8.784149521823541917e+00 1.613531358982573938e+00 1.815438961871409163e+01 2.164171542377034640e+01 1.500000094690746089e+01 7.234632250415530264e-01 3.013116999999999823e+00 1.906398062524490888e+04 1.795033336598400760e-03
2.961958948259495461e+00 1.395514805794023694e+01 2.891883502885627788e+00 1.646045140048726196e+01 3.228601179373024044e-01 1.530525669093270302e+01 7.000480259506954850e-01 3.097326999999999941e+00 3.016377362003212693e+04 3.344480180289183036e+00 8.784149521823541917e+00 1.613531358982573938e+00 1.815438961871409163e+01 2.164171542377034640e+01 1.500000094690746089e+01 7.234632250415530264e-01 3.013116999999999823e+00 1.906398062524490888e+04 1.795033336598400760e-03
2.961958904122868219e+00 1.395514826588814827e+01 2.891883502885627788e+00 1.646045140048726196e+01 3.228601179373024044e-01 1.530525669093270302e+01 7.000480259506954850e-01 3.097326999999999941e+00 3.016377362003212693e+04 3.344480180289183036e+00 8.784149521823541917e+00 1.613531358982573938e+00 1.815438961871409163e+01 2.164171542377034640e+01 1.500000094690746089e+01 7.234632250415530264e-01 3.013116999999999823e+00 1.906398062524490888e+04 1.795033336598400760e-03
2.961958904122868219e+00 1.395514805794023694e+01 2.891883545978049863e+00 1.646045140048726196e+01 3.228601179373024044e-01 1.530525669093270302e+01 7.000480259506954850e-01 3.097326999999999941e+00 3.016377362003212693e+04 3.344480180289183036e+00 8.784149521823541917e+00 1.613531358982573938e+00 1.815438961871409163e+01 2.164171542377034640e+01 1.500000094690746089e+01 7.234632250415530264e-01 3.013116999999999823e+00 1.906398062524490888e+04 1.795033336598400760e-03
2.961958904122868219e+00 1.395514805794023694e+01 2.891883502885627788e+00 1.646045164576710107e+01 3.228601179373024044e-01 1.530525669093270302e+01 7.000480259506954850e-01 3.097326999999999941e+00 3.016377362003212693e+04 3.344480180289183036e+00 8.784149521823541917e+00 1.613531358982573938e+00 1.815438961871409163e+01 2.164171542377034640e+01 1.500000094690746089e+01 7.234632250415530264e-01 3.013116999999999823e+00 1.906398062524490888e+04 1.795033336598400760e-03
2.961958904122868219e+00 1.395514805794023694e+01 2.891883502885627788e+00 1.646045140048726196e+01 3.228601328384635982e-01 1.530525669093270302e+01 7.000480259506954850e-01 3.097326999999999941e+00 3.016377362003212693e+04 3.344480180289183036e+00 8.784149521823541917e+00 1.613531358982573938e+00 1.815438961871409163e+01 2.164171542377034640e+01 1.500000094690746089e+01 7.234632250415530264e-01 3.013116999999999823e+00 1.906398062524490888e+04 1.795033336598400760e-03
2.961958904122868219e+00 1.395514805794023694e+01 2.891883502885627788e+00 1.646045140048726196e+01 3.228601179373024044e-01 1.530525691899880059e+01 7.000480259506954850e-01 3.097326999999999941e+00 3.016377362003212693e+04 3.344480180289183036e+00 8.784149521823541917e+00 1.613531358982573938e+00 1.815438961871409163e+01 2.164171542377034640e+01 1.500000094690746089e+01 7.234632250415530264e-01 3.013116999999999823e+00 1.906398062524490888e+04 1.795033336598400760e-03
2.961958904122868219e+00 1.395514805794023694e+01 2.891883502885627788e+00 1.646045140048726196e+01 3.228601179373024044e-01 1.530525669093270302e+01 7.000480408518566788e-01 3.097326999999999941e+00 3.016377362003212693e+04 3.344480180289183036e+00 8.784149521823541917e+00 1.613531358982573938e+00 1.815438961871409163e+01 2.164171542377034640e+01 1.500000094690746089e+01 7.234632250415530264e-01 3.013116999999999823e+00 1.906398062524490888e+04 1.795033336598400760e-03
2.961958904122868219e+00 1.395514805794023694e+01 2.891883502885627788e+00 1.646045140048726196e+01 3.228601179373024044e-01 1.530525669093270302e+01 7.000480259506954850e-01 3.097326999999999941e+00 3.016377406950738077e+04 3.344480180289183036e+00 8.784149521823541917e+00 1.613531358982573938e+00 1.815438961871409163e+01 2.164171542377034640e+01 1.500000094690746089e+01 7.234632250415530264e-01 3.013116999999999823e+00 1.906398062524490888e+04 1.795033336598400760e-03
2.961958904122868219e+00 1.395514805794023694e+01 2.891883502885627788e+00 1.646045140048726196e+01 3.228601179373024044e-01 1.530525669093270302e+01 7.000480259506954850e-01 3.097326999999999941e+00 3.016377362003212693e+04 3.344480230125821407e+00 8.784149521823541917e+00 1.613531358982573938e+00 1.815438961871409163e+01 2.164171542377034640e+01 1.500000094690746089e+01 7.234632250415530264e-01 3.013116999999999823e+00 1.906398062524490888e+04 1.795033336598400760e-03
2.961958904122868219e+00 1.395514805794023694e+01 2.891883502885627788e+00 1.646045140048726196e+01 3.228601179373024044e-01 1.530525669093270302e+01 7.000480259506954850e-01 3.097326999999999941e+00 3.016377362003212693e+04 3.344480180289183036e+00 8.784149652717569978e+00 1.613531358982573938e+00 1.815438961871409163e+01 2.164171542377034640e+01 1.500000094690746089e+01 7.234632250415530264e-01 3.013116999999999823e+00 1.906398062524490888e+04 1.795033336598400760e-03
2.961958904122868219e+00 1.395514805794023694e+01 2.891883502885627788e+00 1.646045140048726196e+01 3.228601179373024044e-01 1.530525669093270302e+01 7.000480259506954850e-01 3.097326999999999941e+00 3.016377362003212693e+04 3.344480180289183036e+00 8.784149521823541917e+00 1.613531383026064914e+00 1.815438961871409163e+01 2.164171542377034640e+01 1.500000094690746089e+01 7.234632250415530264e-01 3.013116999999999823e+00 1.906398062524490888e+04 1.795033336598400760e-03
2.961958904122868219e+00 1.395514805794023694e+01 2.891883502885627788e+00 1.646045140048726196e+01 3.228601179373024044e-01 1.530525669093270302e+01 7.000480259506954850e-01 3.097326999999999941e+00 3.016377362003212693e+04 3.344480180289183036e+00 8.784149521823541917e+00 1.613531358982573938e+00 1.815438988923557773e+01 2.164171542377034640e+01 1.500000094690746089e+01 7.234632250415530264e-01 3.013116999999999823e+00 1.906398062524490888e+04 1.795033336598400760e-03
2.961958904122868219e+00 1.395514805794023694e+01 2.891883502885627788e+00 1.646045140048726196e+01 3.228601179373024044e-01 1.530525669093270302e+01 7.000480259506954850e-01 3.097326999999999941e+00 3.016377362003212693e+04 3.344480180289183036e+00 8.784149521823541917e+00 1.613531358982573938e+00 1.815438961871409163e+01 2.164171574625703798e+01 1.500000094690746089e+01 7.234632250415530264e-01 3.013116999999999823e+00 1.906398062524490888e+04 1.795033336598400760e-03
2.961958904122868219e+00 1.395514805794023694e+01 2.891883502885627788e+00 1.646045140048726196e+01 3.228601179373024044e-01 1.530525669093270302e+01 7.000480259506954850e-01 3.097326999999999941e+00 3.016377362003212693e+04 3.344480180289183036e+00 8.784149521823541917e+00 1.613531358982573938e+00 1.815438961871409163e+01 2.164171542377034640e+01 1.500000117042489300e+01 7.234632250415530264e-01 3.013116999999999823e+00 1.906398062524490888e+04 1.795033336598400760e-03
2.961958904122868219e+00 1.395514805794023694e+01 2.891883502885627788e+00 1.646045140048726196e+01 3.228601179373024044e-01 1.530525669093270302e+01 7.000480259506954850e-01 3.097326999999999941e+00 3.016377362003212693e+04 3.344480180289183036e+00 8.784149521823541917e+00 1.613531358982573938e+00 1.815438961871409163e+01 2.164171542377034640e+01 1.500000094690746089e+01 7.234632399427142202e-01 3.013116999999999823e+00 1.906398062524490888e+04 1.795033336598400760e-03
2.961958904122868219e+00 1.395514805794023694e+01 2.891883502885627788e+00 1.646045140048726196e+01 3.228601179373024044e-01 1.530525669093270302e+01 7.000480259506954850e-01 3.097326999999999941e+00 3.016377362003212693e+04 3.344480180289183036e+00 8.784149521823541917e+00 1.613531358982573938e+00 1.815438961871409163e+01 2.164171542377034640e+01 1.500000094690746089e+01 7.234632250415530264e-01 3.013116999999999823e+00 1.906398090932035848e+04 1.795033336598400760e-03
2.961958904122868219e+00 1.395514805794023694e+01 2.891883502885627788e+00 1.646045140048726196e+01 3.228601179373024044e-01 1.530525669093270302e+01 7.000480259506954850e-01 3.097326999999999941e+00 3.016377362003212693e+04 3.344480180289183036e+00 8.784149521823541917e+00 1.613531358982573938e+00 1.815438961871409163e+01 2.164171542377034640e+01 1.500000094690746089e+01 7.234632250415530264e-01 3.013116999999999823e+00 1.906398062524490888e+04 1.795048237759594607e-03
2.961764654553013187e+00 1.395441026315803157e+01 2.891883447452503919e+00 1.646044383926976451e+01 3.228602981255061510e-01 1.530525951452493416e+01 7.000180901055469418e-01 3.097326999999999941e+00 3.016377566796997053e+04 3.344467882931279945e+00 8.784718009501172986e+00 1.613839964603340116e+00 1.815440419033322783e+01 2.164172919040138154e+01 1.500000142843309092e+01 7.234583436396537781e-01 3.013116999999999823e+00 1.906398191154858796e+04 1.795768249147858915e-03
2.961892523970781621e+00 1.395502391366800943e+01 2.891883476539048203e+00 1.646045002729227136e+01 3.228595624539728481e-01 1.530525704674657206e+01 7.000441120983789123e-01 3.097326999999999941e+00 3.016377383703784290e+04 3.344489042856519045e+00 8.784391008366162268e+00 1.613563035363992482e+00 1.815439108860522310e+01 2.164171676295071123e+01 1.500000100980329876e+01 7.234625819062701080e-01 3.013116999999999823e+00 1.906398076099914761e+04 1.795277429873236037e-03
2.961944803107266377e+00 1.395512351916235083e+01 2.891883497204900788e+00 1.646045112389579046e+01 3.228599917047663692e-01 1.530525675884109482e+01 7.000472766196145225e-01 3.097326999999999941e+00 3.016377365955956702e+04 3.344483538379758869e+00 8.784218383585907119e+00 1.613537313342934931e+00 1.815438989826152749e+01 2.164171567519746731e+01 1.500000095899340558e+01 7.234631014295341833e-01 3.013116999999999823e+00 1.906398064994778542e+04 1.795085751871619735e-03
2.961944847243683121e+00 1.395512351916235083e+01 2.891883497204900788e+00 1.646045112389579046e+01 3.228599917047663692e-01 1.530525675884109482e+01 7.000472766196145225e-01 3.097326999999999941e+00 3.016377365955956702e+04 3.344483538379758869e+00 8.784218383585907119e+00 1.613537313342934931e+00 1.815438989826152749e+01 2.164171567519746731e+01 1.500000095899340558e+01 7.234631014295341833e-01 3.013116999999999823e+00 1.906398064994778542e+04 1.795085751871619735e-03
2.961944803107266377e+00 1.395512372710989624e+01 2.891883497204900788e+00 1.646045112389579046e+01 3.228599917047663692e-01 1.530525675884109482e+01 7.000472766196145225e-01 3.097326999999999941e+00 3.016377365955956702e+04 3.344483538379758869e+00 8.784218383585907119e+00 1.613537313342934931e+00 1.815438989826152749e+01 2.164171567519746731e+01 1.500000095899340558e+01 7.234631014295341833e-01 3.013116999999999823e+00 1.906398064994778542e+04 1.795085751871619735e-03
2.961944803107266377e+00 1.395512351916235083e+01 2.891883540297322863e+00 1.646045112389579046e+01 3.228599917047663692e-01 1.530525675884109482e+01 7.000472766196145225e-01 3.097326999999999941e+00 3.016377365955956702e+04 3.344483538379758869e+00 8.784218383585907119e+00 1.613537313342934931e+00 1.815438989826152749e+01 2.164171567519746731e+01 1.500000095899340558e+01 7.234631014295341833e-01 3.013116999999999823e+00 1.906398064994778542e+04 1.795085751871619735e-03
2.961944803107266377e+00 1.395512351916235083e+01 2.891883497204900788e+00 1.646045136917562601e+01 3.228599917047663692e-01 1.530525675884109482e+01 7.000472766196145225e-01 3.097326999999999941e+00 3.016377365955956702e+04 3.344483538379758869e+00 8.784218383585907119e+00 1.613537313342934931e+00 1.815438989826152749e+01 2.164171567519746731e+01 1.500000095899340558e+01 7.234631014295341833e-01 3.013116999999999823e+00 1.906398064994778542e+04 1.795085751871619735e-03
2.961944803107266377e+00 1.395512351916235083e+01 2.891883497204900788e+00 1.646045112389579046e+01 3.228600066059275631e-01 1.530525675884109482e+01 7.000472766196145225e-01 3.097326999999999941e+00 3.016377365955956702e+04 3.344483538379758869e+00 8.784218383585907119e+00 1.613537313342934931e+00 1.815438989826152749e+01 2.164171567519746731e+01 1.500000095899340558e+01 7.234631014295341833e-01 3.013116999999999823e+00 1.906398064994778542e+04 1.795085751871619735e-03
2.961944803107266377e+00 1.395512351916235083e+01 2.891883497204900788e+00 1.646045112389579046e+01 3.228599917047663692e-01 1.530525698690719238e+01 7.000472766196145225e-01 3.097326999999999941e+00 3.016377365955956702e+04 3.344483538379758869e+00 8.784218383585907119e+00 1.613537313342934931e+00 1.815438989826152749e+01 2.164171567519746731e+01 1.500000095899340558e+01 7.234631014295341833e-01 3.013116999999999823e+00 1.906398064994778542e+04 1.795085751871619735e-03
2.961944803107266377e+00 1.395512351916235083e+01 2.891883497204900788e+00 1.646045112389579046e+01 3.228599917047663692e-01 1.530525675884109482e+01 7.000472915207757163e-01 3.097326999999999941e+00 3.016377365955956702e+04 3.344483538379758869e+00 8.784218383585907119e+00 1.613537313342934931e+00 1.815438989826152749e+01 2.164171567519746731e+01 1.500000095899340558e+01 7.234631014295341833e-01 3.013116999999999823e+00 1.906398064994778542e+04 1.795085751871619735e-03
2.961944803107266377e+00 1.395512351916235083e+01 2.891883497204900788e+00 1.646045112389579046e+01 3.228599917047663692e-01 1.530525675884109482e+01 7.000472766196145225e-01 3.097326999999999941e+00 3.016377410903482087e+04 3.344483538379758869e+00 8.784218383585907119e+00 1.613537313342934931e+00 1.815438989826152749e+01 2.164171567519746731e+01 1.500000095899340558e+01 7.234631014295341833e-01 3.013116999999999823e+00 1.906398064994778542e+04 1.795085751871619735e-03
2.961944803107266377e+00 1.395512351916235083e+01 2.891883497204900788e+00 1.646045112389579046e+01 3.228599917047663692e-01 1.530525675884109482e+01 7.000472766196145225e-01 3.097326999999999941e+00 3.016377365955956702e+04 3.344483588216446979e+00 8.784218383585907119e+00 1.613537313342934931e+00 1.815438989826152749e+01 2.164171567519746731e+01 1.500000095899340558e+01 7.234631014295341833e-01 3.013116999999999823e+00 1.906398064994778542e+04 1.795085751871619735e-03
2.961944803107266377e+00 1.395512351916235083e+01 2.891883497204900788e+00 1.646045112389579046e+01 3.228599917047663692e-01 1.530525675884109482e+01 7.000472766196145225e-01 3.097326999999999941e+00 3.016377365955956702e+04 3.344483538379758869e+00 8.784218514480961915e+00 1.613537313342934931e+00 1.815438989826152749e+01 2.164171567519746731e+01 1.500000095899340558e+01 7.234631014295341833e-01 3.013116999999999823e+00 1.906398064994778542e+04 1.795085751871619735e-03
2.961944803107266377e+00 1.395512351916235083e+01 2.891883497204900788e+00 1.646045112389579046e+01 3.228599917047663692e-01 1.530525675884109482e+01 7.000472766196145225e-01 3.097326999999999941e+00 3.016377365955956702e+04 3.344483538379758869e+00 8.784218383585907119e+00 1.613537337386514503e+00 1.815438989826152749e+01 2.164171567519746731e+01 1.500000095899340558e+01 7.234631014295341833e-01 3.013116999999999823e+00 1.906398064994778542e+04 1.795085751871619735e-03
2.961944803107266377e+00 1.395512351916235083e+01 2.891883497204900788e+00 1.646045112389579046e+01 3.228599917047663692e-01 1.530525675884109482e+01 7.000472766196145225e-01 3.097326999999999941e+00 3.016377365955956702e+04 3.344483538379758869e+00 8.784218383585907119e+00 1.613537313342934931e+00 1.815439016878301715e+01 2.164171567519746731e+01 1.500000095899340558e+01 7.234631014295341833e-01 3.013116999999999823e+00 1.906398064994778542e+04 1.795085751871619735e-03
2.961944803107266377e+00 1.395512351916235083e+01 2.891883497204900788e+00 1.646045112389579046e+01 3.228599917047663692e-01 1.530525675884109482e+01 7.000472766196145225e-01 3.097326999999999941e+00 3.016377365955956702e+04 3.344483538379758869e+00 8.784218383585907119e+00 1.613537313342934931e+00 1.815438989826152749e+01 2.164171599768416243e+01 1.500000095899340558e+01 7.234631014295341833e-01 3.013116999999999823e+00 1.906398064994778542e+04 1.795085751871619735e-03
2.961944803107266377e+00 1.395512351916235083e+01 2.891883497204900788e+00 1.646045112389579046e+01 3.228599917047663692e-01 1.530525675884109482e+01 7.000472766196145225e-01 3.097326999999999941e+00 3.016377365955956702e+04 3.344483538379758869e+00 8.784218383585907119e+00 1.613537313342934931e+00 1.815438989826152749e+01 2.164171567519746731e+01 1.500000118251083769e+01 7.234631014295341833e-01 3.013116999999999823e+00 1.906398064994778542e+04 1.795085751871619735e-03
2.961944803107266377e+00 1.395512351916235083e+01 2.891883497204900788e+00 1.646045112389579046e+01 3.228599917047663692e-01 1.530525675884109482e+01 7.000472766196145225e-01 3.097326999999999941e+00 3.016377365955956702e+04 3.344483538379758869e+00 8.784218383585907119e+00 1.613537313342934931e+00 1.815438989826152749e+01 2.164171567519746731e+01 1.500000095899340558e+01 7.234631163306953772e-01 3.013116999999999823e+00 1.906398064994778542e+04 1.795085751871619735e-03
2.961944803107266377e+00 1.395512351916235083e+01 2.891883497204900788e+00 1.646045112389579046e+01 3.228599917047663692e-01 1.530525675884109482e+01 7.000472766196145225e-01 3.097326999999999941e+00 3.016377365955956702e+04 3.344483538379758869e+00 8.784218383585907119e+00 1.613537313342934931e+00 1.815438989826152749e+01 2.164171567519746731e+01 1.500000095899340558e+01 7.234631014295341833e-01 3.013116999999999823e+00 1.906398093402323502e+04 1.795085751871619735e-03
2.961944803107266377e+00 1.395512351916235083e+01 2.891883497204900788e+00 1.646045112389579046e+01 3.228599917047663692e-01 1.530525675884109482e+01 7.000472766196145225e-01 3.097326999999999941e+00 3.016377365955956702e+04 3.344483538379758869e+00 8.784218383585907119e+00 1.613537313342934931e+00 1.815438989826152749e+01 2.164171567519746731e+01 1.500000095899340558e+01 7.234631014295341833e-01 3.013116999999999823e+00 1.906398064994778542e+04 1.795100653032813583e-03
