3.205843000000000220e+00 7.511125999999999969e+00 1.235333999999999932e+00 1.528337999999999867e-05 3.753042800000000057e+01 1.549994700000000059e+01 7.954442999999999930e-01 3.681439999999999824e+00 2.571453499999999985e+04 0.000000000000000000e+00
3.205843047770783549e+00 7.511125999999999969e+00 1.235333999999999932e+00 1.528337999999999867e-05 3.753042800000000057e+01 1.549994700000000059e+01 7.954442999999999930e-01 3.681439999999999824e+00 2.571453499999999985e+04 0.000000000000000000e+00
3.205843000000000220e+00 7.511126111924498971e+00 1.235333999999999932e+00 1.528337999999999867e-05 3.753042800000000057e+01 1.549994700000000059e+01 7.954442999999999930e-01 3.681439999999999824e+00 2.571453499999999985e+04 0.000000000000000000e+00
3.205843000000000220e+00 7.511125999999999969e+00 1.235334018407910905e+00 1.528337999999999867e-05 3.753042800000000057e+01 1.549994700000000059e+01 7.954442999999999930e-01 3.681439999999999824e+00 2.571453499999999985e+04 0.000000000000000000e+00
3.205843000000000220e+00 7.511125999999999969e+00 1.235333999999999932e+00 1.529828116119384633e-05 3.753042800000000057e+01 1.549994700000000059e+01 7.954442999999999930e-01 3.681439999999999824e+00 2.571453499999999985e+04 0.000000000000000000e+00
3.205843000000000220e+00 7.511125999999999969e+00 1.235333999999999932e+00 1.528337999999999867e-05 3.753042855924695687e+01 1.549994700000000059e+01 7.954442999999999930e-01 3.681439999999999824e+00 2.571453499999999985e+04 0.000000000000000000e+00
3.205843000000000220e+00 7.511125999999999969e+00 1.235333999999999932e+00 1.528337999999999867e-05 3.753042800000000057e+01 1.549994700000000059e+01 7.954442999999999930e-01 3.681439999999999824e+00 2.571453538317642960e+04 0.000000000000000000e+00
3.205843000000000220e+00 7.511125999999999969e+00 1.235333999999999932e+00 1.528337999999999867e-05 3.753042800000000057e+01 1.549994700000000059e+01 7.954442999999999930e-01 3.681439999999999824e+00 2.571453499999999985e+04 1.490116119384765625e-08
3.205862307276235779e+00 7.511112859570949318e+00 1.235342136602834762e+00 1.567156239344864738e-05 3.753042816256989056e+01 1.549994700000000059e+01 7.954442999999999930e-01 3.681439999999999824e+00 2.571453498071273498e+04 5.889842180962174883e-04
3.205862355047306878e+00 7.511112859570949318e+00 1.235342136602834762e+00 1.567156239344864738e-05 3.753042816256989056e+01 1.549994700000000059e+01 7.954442999999999930e-01 3.681439999999999824e+00 2.571453498071273498e+04 5.889842180962174883e-04
3.205862307276235779e+00 7.511112971495252921e+00 1.235342136602834762e+00 1.567156239344864738e-05 3.753042816256989056e+01 1.549994700000000059e+01 7.954442999999999930e-01 3.681439999999999824e+00 2.571453498071273498e+04 5.889842180962174883e-04
3.205862307276235779e+00 7.511112859570949318e+00 1.235342155010866971e+00 1.567156239344864738e-05 3.753042816256989056e+01 1.549994700000000059e+01 7.954442999999999930e-01 3.681439999999999824e+00 2.571453498071273498e+04 5.889842180962174883e-04
3.205862307276235779e+00 7.511112859570949318e+00 1.235342136602834762e+00 1.568646355464249504e-05 3.753042816256989056e+01 1.549994700000000059e+01 7.954442999999999930e-01 3.681439999999999824e+00 2.571453498071273498e+04 5.889842180962174883e-04
3.205862307276235779e+00 7.511112859570949318e+00 1.235342136602834762e+00 1.567156239344864738e-05 3.753042872181684686e+01 1.549994700000000059e+01 7.954442999999999930e-01 3.681439999999999824e+00 2.571453498071273498e+04 5.889842180962174883e-04
3.205862307276235779e+00 7.511112859570949318e+00 1.235342136602834762e+00 1.567156239344864738e-05 3.753042816256989056e+01 1.549994700000000059e+01 7.954442999999999930e-01 3.681439999999999824e+00 2.571453536388916473e+04 5.889842180962174883e-04
3.205862307276235779e+00 7.511112859570949318e+00 1.235342136602834762e+00 1.567156239344864738e-05 3.753042816256989056e+01 1.549994700000000059e+01 7.954442999999999930e-01 3.681439999999999824e+00 2.571453498071273498e+04 5.889991192574113360e-04
3.168253510224901870e+00 7.292946872968092187e+00 1.240367040368608453e+00 1.550065436975600364e-05 3.707609703978732085e+01 1.549994700000000059e+01 7.954442999999999930e-01 3.681439999999999824e+00 2.587928439748447636e+04 3.088076239547910083e-03
3.168253557435558143e+00 7.292946872968092187e+00 1.240367040368608453e+00 1.550065436975600364e-05 3.707609703978732085e+01 1.549994700000000059e+01 7.954442999999999930e-01 3.681439999999999824e+00 2.587928439748447636e+04 3.088076239547910083e-03
3.168253510224901870e+00 7.292946981641469151e+00 1.240367040368608453e+00 1.550065436975600364e-05 3.707609703978732085e+01 1.549994700000000059e+01 7.954442999999999930e-01 3.681439999999999824e+00 2.587928439748447636e+04 3.088076239547910083e-03
3.168253510224901870e+00 7.292946872968092187e+00 1.240367058851517656e+00 1.550065436975600364e-05 3.707609703978732085e+01 1.549994700000000059e+01 7.954442999999999930e-01 3.681439999999999824e+00 2.587928439748447636e+04 3.088076239547910083e-03
3.168253510224901870e+00 7.292946872968092187e+00 1.240367040368608453e+00 1.551555553094985130e-05 3.707609703978732085e+01 1.549994700000000059e+01 7.954442999999999930e-01 3.681439999999999824e+00 2.587928439748447636e+04 3.088076239547910083e-03
3.168253510224901870e+00 7.292946872968092187e+00 1.240367040368608453e+00 1.550065436975600364e-05 3.707609759226421886e+01 1.549994700000000059e+01 7.954442999999999930e-01 3.681439999999999824e+00 2.587928439748447636e+04 3.088076239547910083e-03
3.168253510224901870e+00 7.292946872968092187e+00 1.240367040368608453e+00 1.550065436975600364e-05 3.707609703978732085e+01 1.549994700000000059e+01 7.954442999999999930e-01 3.681439999999999824e+00 2.587928478311586514e+04 3.088076239547910083e-03
3.168253510224901870e+00 7.292946872968092187e+00 1.240367040368608453e+00 1.550065436975600364e-05 3.707609703978732085e+01 1.549994700000000059e+01 7.954442999999999930e-01 3.681439999999999824e+00 2.587928439748447636e+04 3.088091140709103930e-03
3.163346424456231709e+00 7.193201043757117219e+00 1.249730964810787048e+00 1.542927454762578785e-05 3.701279800455451152e+01 1.549994700000000059e+01 7.954442999999999930e-01 3.681439999999999824e+00 2.606880946327741549e+04 3.004347970513471331e-03
3.163346471593766474e+00 7.193201043757117219e+00 1.249730964810787048e+00 1.542927454762578785e-05 3.701279800455451152e+01 1.549994700000000059e+01 7.954442999999999930e-01 3.681439999999999824e+00 2.606880946327741549e+04 3.004347970513471331e-03
3.163346424456231709e+00 7.193201150944165789e+00 1.249730964810787048e+00 1.542927454762578785e-05 3.701279800455451152e+01 1.549994700000000059e+01 7.954442999999999930e-01 3.681439999999999824e+00 2.606880946327741549e+04 3.004347970513471331e-03
3.163346424456231709e+00 7.193201043757117219e+00 1.249730983433229525e+00 1.542927454762578785e-05 3.701279800455451152e+01 1.549994700000000059e+01 7.954442999999999930e-01 3.681439999999999824e+00 2.606880946327741549e+04 3.004347970513471331e-03
3.163346424456231709e+00 7.193201043757117219e+00 1.249730964810787048e+00 1.544417570881963551e-05 3.701279800455451152e+01 1.549994700000000059e+01 7.954442999999999930e-01 3.681439999999999824e+00 2.606880946327741549e+04 3.004347970513471331e-03
3.163346424456231709e+00 7.193201043757117219e+00 1.249730964810787048e+00 1.542927454762578785e-05 3.701279855608817826e+01 1.549994700000000059e+01 7.954442999999999930e-01 3.681439999999999824e+00 2.606880946327741549e+04 3.004347970513471331e-03
3.163346424456231709e+00 7.193201043757117219e+00 1.249730964810787048e+00 1.542927454762578785e-05 3.701279800455451152e+01 1.549994700000000059e+01 7.954442999999999930e-01 3.681439999999999824e+00 2.606880985173294903e+04 3.004347970513471331e-03
3.163346424456231709e+00 7.193201043757117219e+00 1.249730964810787048e+00 1.542927454762578785e-05 3.701279800455451152e+01 1.549994700000000059e+01 7.954442999999999930e-01 3.681439999999999824e+00 2.606880946327741549e+04 3.004362871674665179e-03
3.163346573026695197e+00 7.193200993687247191e+00 1.249731107249922646e+00 1.543049829796240135e-05 3.701279800605815495e+01 1.549994700000000059e+01 7.954442999999999930e-01 3.681439999999999824e+00 2.606880946314649555e+04 3.006728269217575494e-03
3.163346620164232181e+00 7.193200993687247191e+00 1.249731107249922646e+00 1.543049829796240135e-05 3.701279800605815495e+01 1.549994700000000059e+01 7.954442999999999930e-01 3.681439999999999824e+00 2.606880946314649555e+04 3.006728269217575494e-03
3.163346573026695197e+00 7.193201100874294873e+00 1.249731107249922646e+00 1.543049829796240135e-05 3.701279800605815495e+01 1.549994700000000059e+01 7.954442999999999930e-01 3.681439999999999824e+00 2.606880946314649555e+04 3.006728269217575494e-03
3.163346573026695197e+00 7.193200993687247191e+00 1.249731125872367343e+00 1.543049829796240135e-05 3.701279800605815495e+01 1.549994700000000059e+01 7.954442999999999930e-01 3.681439999999999824e+00 2.606880946314649555e+04 3.006728269217575494e-03
3.163346573026695197e+00 7.193200993687247191e+00 1.249731107249922646e+00 1.544539945915624900e-05 3.701279800605815495e+01 1.549994700000000059e+01 7.954442999999999930e-01 3.681439999999999824e+00 2.606880946314649555e+04 3.006728269217575494e-03
3.163346573026695197e+00 7.193200993687247191e+00 1.249731107249922646e+00 1.543049829796240135e-05 3.701279855759182169e+01 1.549994700000000059e+01 7.954442999999999930e-01 3.681439999999999824e+00 2.606880946314649555e+04 3.006728269217575494e-03
3.163346573026695197e+00 7.193200993687247191e+00 1.249731107249922646e+00 1.543049829796240135e-05 3.701279800605815495e+01 1.549994700000000059e+01 7.954442999999999930e-01 3.681439999999999824e+00 2.606880985160202908e+04 3.006728269217575494e-03
3.163346573026695197e+00 7.193200993687247191e+00 1.249731107249922646e+00 1.543049829796240135e-05 3.701279800605815495e+01 1.549994700000000059e+01 7.954442999999999930e-01 3.681439999999999824e+00 2.606880946314649555e+04 3.006743170378769342e-03
