3.205843000000000220e+00 7.511125999999999969e+00 1.235333999999999932e+00 1.528337999999999867e-05 3.753042800000000057e+01 1.549994700000000059e+01 7.954442999999999930e-01 3.681439999999999824e+00 2.571453499999999985e+04 0.000000000000000000e+00
3.205843047770783549e+00 7.511125999999999969e+00 1.235333999999999932e+00 1.528337999999999867e-05 3.753042800000000057e+01 1.549994700000000059e+01 7.954442999999999930e-01 3.681439999999999824e+00 2.571453499999999985e+04 0.000000000000000000e+00
3.205843000000000220e+00 7.511126111924498971e+00 1.235333999999999932e+00 1.528337999999999867e-05 3.753042800000000057e+01 1.549994700000000059e+01 7.954442999999999930e-01 3.681439999999999824e+00 2.571453499999999985e+04 0.000000000000000000e+00
3.205843000000000220e+00 7.511125999999999969e+00 1.235334018407910905e+00 1.528337999999999867e-05 3.753042800000000057e+01 1.549994700000000059e+01 7.954442999999999930e-01 3.681439999999999824e+00 2.571453499999999985e+04 0.000000000000000000e+00
3.205843000000000220e+00 7.511125999999999969e+00 1.235333999999999932e+00 1.529828116119384633e-05 3.753042800000000057e+01 1.549994700000000059e+01 7.954442999999999930e-01 3.681439999999999824e+00 2.571453499999999985e+04 0.000000000000000000e+00
3.205843000000000220e+00 7.511125999999999969e+00 1.235333999999999932e+00 1.528337999999999867e-05 3.753042855924695687e+01 1.549994700000000059e+01 7.954442999999999930e-01 3.681439999999999824e+00 2.571453499999999985e+04 0.000000000000000000e+00
3.205843000000000220e+00 7.511125999999999969e+00 1.235333999999999932e+00 1.528337999999999867e-05 3.753042800000000057e+01 1.549994700000000059e+01 7.954442999999999930e-01 3.681439999999999824e+00 2.571453538317642960e+04 0.000000000000000000e+00
3.205843000000000220e+00 7.511125999999999969e+00 1.235333999999999932e+00 1.528337999999999867e-05 3.753042800000000057e+01 1.549994700000000059e+01 7.954442999999999930e-01 3.681439999999999824e+00 2.571453499999999985e+04 1.490116119384765625e-08
3.208481892932288915e+00 6.201154005548997539e+00 1.237065393889022147e+00 1.528766941145352968e-05 3.756313747831821814e+01 1.549994700000000059e+01 7.954442999999999930e-01 3.681439999999999824e+00 2.800076779704414730e+04 1.011942207344871357e-03
3.208481940742394567e+00 6.201154005548997539e+00 1.237065393889022147e+00 1.528766941145352968e-05 3.756313747831821814e+01 1.549994700000000059e+01 7.954442999999999930e-01 3.681439999999999824e+00 2.800076779704414730e+04 1.011942207344871357e-03
3.208481892932288915e+00 6.201154097953392785e+00 1.237065393889022147e+00 1.528766941145352968e-05 3.756313747831821814e+01 1.549994700000000059e+01 7.954442999999999930e-01 3.681439999999999824e+00 2.800076779704414730e+04 1.011942207344871357e-03
3.208481892932288915e+00 6.201154005548997539e+00 1.237065412322732927e+00 1.528766941145352968e-05 3.756313747831821814e+01 1.549994700000000059e+01 7.954442999999999930e-01 3.681439999999999824e+00 2.800076779704414730e+04 1.011942207344871357e-03
3.208481892932288915e+00 6.201154005548997539e+00 1.237065393889022147e+00 1.530257057264737734e-05 3.756313747831821814e+01 1.549994700000000059e+01 7.954442999999999930e-01 3.681439999999999824e+00 2.800076779704414730e+04 1.011942207344871357e-03
3.208481892932288915e+00 6.201154005548997539e+00 1.237065393889022147e+00 1.528766941145352968e-05 3.756313803805258544e+01 1.549994700000000059e+01 7.954442999999999930e-01 3.681439999999999824e+00 2.800076779704414730e+04 1.011942207344871357e-03
3.208481892932288915e+00 6.201154005548997539e+00 1.237065393889022147e+00 1.528766941145352968e-05 3.756313747831821814e+01 1.549994700000000059e+01 7.954442999999999930e-01 3.681439999999999824e+00 2.800076821428810217e+04 1.011942207344871357e-03
3.208481892932288915e+00 6.201154005548997539e+00 1.237065393889022147e+00 1.528766941145352968e-05 3.756313747831821814e+01 1.549994700000000059e+01 7.954442999999999930e-01 3.681439999999999824e+00 2.800076779704414730e+04 1.011957108506065205e-03
3.213646950703477501e+00 6.316262361729466868e+00 1.238914495413690808e+00 1.529171400691906277e-05 3.762843721534339636e+01 1.549994700000000059e+01 7.954442999999999930e-01 3.681439999999999824e+00 2.819276757778325918e+04 8.921275128914179673e-04
3.213646998590548698e+00 6.316262361729466868e+00 1.238914495413690808e+00 1.529171400691906277e-05 3.762843721534339636e+01 1.549994700000000059e+01 7.954442999999999930e-01 3.681439999999999824e+00 2.819276757778325918e+04 8.921275128914179673e-04
3.213646950703477501e+00 6.316262455849110502e+00 1.238914495413690808e+00 1.529171400691906277e-05 3.762843721534339636e+01 1.549994700000000059e+01 7.954442999999999930e-01 3.681439999999999824e+00 2.819276757778325918e+04 8.921275128914179673e-04
3.213646950703477501e+00 6.316262361729466868e+00 1.238914513874955325e+00 1.529171400691906277e-05 3.762843721534339636e+01 1.549994700000000059e+01 7.954442999999999930e-01 3.681439999999999824e+00 2.819276757778325918e+04 8.921275128914179673e-04
3.213646950703477501e+00 6.316262361729466868e+00 1.238914495413690808e+00 1.530661516811291042e-05 3.762843721534339636e+01 1.549994700000000059e+01 7.954442999999999930e-01 3.681439999999999824e+00 2.819276757778325918e+04 8.921275128914179673e-04
3.213646950703477501e+00 6.316262361729466868e+00 1.238914495413690808e+00 1.529171400691906277e-05 3.762843777605080220e+01 1.549994700000000059e+01 7.954442999999999930e-01 3.681439999999999824e+00 2.819276757778325918e+04 8.921275128914179673e-04
3.213646950703477501e+00 6.316262361729466868e+00 1.238914495413690808e+00 1.529171400691906277e-05 3.762843721534339636e+01 1.549994700000000059e+01 7.954442999999999930e-01 3.681439999999999824e+00 2.819276799788823337e+04 8.921275128914179673e-04
3.213646950703477501e+00 6.316262361729466868e+00 1.238914495413690808e+00 1.529171400691906277e-05 3.762843721534339636e+01 1.549994700000000059e+01 7.954442999999999930e-01 3.681439999999999824e+00 2.819276757778325918e+04 8.921424140526118150e-04
3.213579835628212589e+00 6.316262362183215906e+00 1.239220388207711521e+00 5.348363603045612653e-03 3.763813531529812906e+01 1.549994700000000059e+01 7.954442999999999930e-01 3.681439999999999824e+00 2.819276693501293994e+04 8.936170306280343759e-04
3.213579883514283697e+00 6.316262362183215906e+00 1.239220388207711521e+00 5.348363603045612653e-03 3.763813531529812906e+01 1.549994700000000059e+01 7.954442999999999930e-01 3.681439999999999824e+00 2.819276693501293994e+04 8.936170306280343759e-04
3.213579835628212589e+00 6.316262456302859540e+00 1.239220388207711521e+00 5.348363603045612653e-03 3.763813531529812906e+01 1.549994700000000059e+01 7.954442999999999930e-01 3.681439999999999824e+00 2.819276693501293994e+04 8.936170306280343759e-04
3.213579835628212589e+00 6.316262362183215906e+00 1.239220406673534169e+00 5.348363603045612653e-03 3.763813531529812906e+01 1.549994700000000059e+01 7.954442999999999930e-01 3.681439999999999824e+00 2.819276693501293994e+04 8.936170306280343759e-04
3.213579835628212589e+00 6.316262362183215906e+00 1.239220388207711521e+00 5.348378504206806501e-03 3.763813531529812906e+01 1.549994700000000059e+01 7.954442999999999930e-01 3.681439999999999824e+00 2.819276693501293994e+04 8.936170306280343759e-04
3.213579835628212589e+00 6.316262362183215906e+00 1.239220388207711521e+00 5.348363603045612653e-03 3.763813587615005218e+01 1.549994700000000059e+01 7.954442999999999930e-01 3.681439999999999824e+00 2.819276693501293994e+04 8.936170306280343759e-04
3.213579835628212589e+00 6.316262362183215906e+00 1.239220388207711521e+00 5.348363603045612653e-03 3.763813531529812906e+01 1.549994700000000059e+01 7.954442999999999930e-01 3.681439999999999824e+00 2.819276735511790321e+04 8.936170306280343759e-04
3.213579835628212589e+00 6.316262362183215906e+00 1.239220388207711521e+00 5.348363603045612653e-03 3.763813531529812906e+01 1.549994700000000059e+01 7.954442999999999930e-01 3.681439999999999824e+00 2.819276693501293994e+04 8.936319317892282236e-04
3.352454423455601074e+00 6.016073516088594531e+00 1.299308469766906837e+00 5.385153938484231462e-03 3.938421363268285802e+01 1.549994700000000059e+01 7.954442999999999930e-01 3.681439999999999824e+00 3.652154977795333252e+04 4.455253753732818511e-03
3.265014098009725085e+00 5.913424138062879365e+00 1.251396855843395883e+00 5.024269866950358335e-03 3.828550233218624044e+01 1.549994700000000059e+01 7.954442999999999930e-01 3.681439999999999824e+00 3.027496260657675157e+04 -3.764513239558353336e-04
3.243154014404895147e+00 5.887761913774089528e+00 1.239418948197133608e+00 4.934048858406417035e-03 3.801082429101126081e+01 1.549994700000000059e+01 7.954442999999999930e-01 3.681439999999999824e+00 2.871331568316495031e+04 -1.584376941129881462e-03
3.237688984530207481e+00 5.881346838575590930e+00 1.236424454623953562e+00 4.911493643629431284e-03 3.794215391651002278e+01 1.549994700000000059e+01 7.954442999999999930e-01 3.681439999999999824e+00 2.832290343004108945e+04 -1.886355736411574014e-03
3.236322691165368415e+00 5.879744993490271909e+00 1.235675764577685909e+00 4.905854989399606805e-03 3.792498286569775701e+01 1.549994700000000059e+01 7.954442999999999930e-01 3.681439999999999824e+00 2.822529827757834573e+04 -1.961839997898230138e-03
3.235980972288571955e+00 5.879352276898594631e+00 1.235488325318270908e+00 4.904445961107921012e-03 3.792067622711212493e+01 1.549994700000000059e+01 7.954442999999999930e-01 3.681439999999999824e+00 2.820088862517038797e+04 -1.980668997003895773e-03
3.235894959199594467e+00 5.879285875034574893e+00 1.235440367294612596e+00 4.904096165415161752e-03 3.791954252955510185e+01 1.549994700000000059e+01 7.954442999999999930e-01 3.681439999999999824e+00 2.819475223803008339e+04 -1.985203493409067564e-03
3.235869672963120003e+00 5.879566250787680026e+00 1.235419133545557546e+00 4.904039377325315752e-03 3.791875173228175555e+01 1.549994700000000059e+01 7.954442999999999930e-01 3.681439999999999824e+00 2.819302269100895865e+04 -1.984640152924463212e-03
3.231919353679943541e+00 6.190163021496614348e+00 1.226801561590878720e+00 5.073024324060673891e-03 3.762321008637218966e+01 1.549994700000000059e+01 7.954442999999999930e-01 3.681439999999999824e+00 2.819276701929245610e+04 -4.484680792583481922e-05
3.227240036605643070e+00 6.287854067538226843e+00 1.226081070511432003e+00 5.260556349380600405e-03 3.762665435789141810e+01 1.549994700000000059e+01 7.954442999999999930e-01 3.681439999999999824e+00 2.819276694941698588e+04 5.934938515756355872e-04
3.219775720681045783e+00 6.311917697162066965e+00 1.232913471646294612e+00 5.333682894943676638e-03 3.763600971903984771e+01 1.549994700000000059e+01 7.954442999999999930e-01 3.681439999999999824e+00 2.819276693706218066e+04 7.961085343781099197e-04
3.215447191050460951e+00 6.315431791762723179e+00 1.237583993932723558e+00 5.345538591719348372e-03 3.763775362914891076e+01 1.549994700000000059e+01 7.954442999999999930e-01 3.681439999999999824e+00 2.819276693539793268e+04 8.490284408476950900e-04
3.214231047693875354e+00 6.316083485216813287e+00 1.238902751991999285e+00 5.347756787735435426e-03 3.763809417561048321e+01 1.549994700000000059e+01 7.954442999999999930e-01 3.681439999999999824e+00 2.819276693509559118e+04 8.627034210074842292e-04
3.213795014830292285e+00 6.316248668059782467e+00 1.239243105655647881e+00 5.348318569264325258e-03 3.763816329902732605e+01 1.549994700000000059e+01 7.954442999999999930e-01 3.681439999999999824e+00 2.819276693501932459e+04 8.743946782834447276e-04
3.213795062719569717e+00 6.316248668059782467e+00 1.239243105655647881e+00 5.348318569264325258e-03 3.763816329902732605e+01 1.549994700000000059e+01 7.954442999999999930e-01 3.681439999999999824e+00 2.819276693501932459e+04 8.743946782834447276e-04
3.213795014830292285e+00 6.316248762179221821e+00 1.239243105655647881e+00 5.348318569264325258e-03 3.763816329902732605e+01 1.549994700000000059e+01 7.954442999999999930e-01 3.681439999999999824e+00 2.819276693501932459e+04 8.743946782834447276e-04
3.213795014830292285e+00 6.316248668059782467e+00 1.239243124121809148e+00 5.348318569264325258e-03 3.763816329902732605e+01 1.549994700000000059e+01 7.954442999999999930e-01 3.681439999999999824e+00 2.819276693501932459e+04 8.743946782834447276e-04
3.213795014830292285e+00 6.316248668059782467e+00 1.239243105655647881e+00 5.348333470425519105e-03 3.763816329902732605e+01 1.549994700000000059e+01 7.954442999999999930e-01 3.681439999999999824e+00 2.819276693501932459e+04 8.743946782834447276e-04
3.213795014830292285e+00 6.316248668059782467e+00 1.239243105655647881e+00 5.348318569264325258e-03 3.763816385987966129e+01 1.549994700000000059e+01 7.954442999999999930e-01 3.681439999999999824e+00 2.819276693501932459e+04 8.743946782834447276e-04
3.213795014830292285e+00 6.316248668059782467e+00 1.239243105655647881e+00 5.348318569264325258e-03 3.763816329902732605e+01 1.549994700000000059e+01 7.954442999999999930e-01 3.681439999999999824e+00 2.819276735512428786e+04 8.743946782834447276e-04
3.213795014830292285e+00 6.316248668059782467e+00 1.239243105655647881e+00 5.348318569264325258e-03 3.763816329902732605e+01 1.549994700000000059e+01 7.954442999999999930e-01 3.681439999999999824e+00 2.819276693501932459e+04 8.744095794446385753e-04
