3.140696776182364758e+00 7.486471243926866137e+00 1.205463325450728984e+00 9.830207831784797817e-04 3.688326206565068333e+01 1.549994700000000059e+01 7.954442999999999930e-01 3.681439999999999824e+00 2.355736758036866013e+04 1.682437022312401227e-03
3.140696822982393499e+00 7.486471243926866137e+00 1.205463325450728984e+00 9.830207831784797817e-04 3.688326206565068333e+01 1.549994700000000059e+01 7.954442999999999930e-01 3.681439999999999824e+00 2.355736758036866013e+04 1.682437022312401227e-03
3.140696776182364758e+00 7.486471355483980794e+00 1.205463325450728984e+00 9.830207831784797817e-04 3.688326206565068333e+01 1.549994700000000059e+01 7.954442999999999930e-01 3.681439999999999824e+00 2.355736758036866013e+04 1.682437022312401227e-03
3.140696776182364758e+00 7.486471243926866137e+00 1.205463343413532229e+00 9.830207831784797817e-04 3.688326206565068333e+01 1.549994700000000059e+01 7.954442999999999930e-01 3.681439999999999824e+00 2.355736758036866013e+04 1.682437022312401227e-03
3.140696776182364758e+00 7.486471243926866137e+00 1.205463325450728984e+00 9.830356843396736294e-04 3.688326206565068333e+01 1.549994700000000059e+01 7.954442999999999930e-01 3.681439999999999824e+00 2.355736758036866013e+04 1.682437022312401227e-03
3.140696776182364758e+00 7.486471243926866137e+00 1.205463325450728984e+00 9.830207831784797817e-04 3.688326261525411809e+01 1.549994700000000059e+01 7.954442999999999930e-01 3.681439999999999824e+00 2.355736758036866013e+04 1.682437022312401227e-03
3.140696776182364758e+00 7.486471243926866137e+00 1.205463325450728984e+00 9.830207831784797817e-04 3.688326206565068333e+01 1.549994723096720861e+01 7.954442999999999930e-01 3.681439999999999824e+00 2.355736758036866013e+04 1.682437022312401227e-03
3.140696776182364758e+00 7.486471243926866137e+00 1.205463325450728984e+00 9.830207831784797817e-04 3.688326206565068333e+01 1.549994700000000059e+01 7.954443149011611869e-01 3.681439999999999824e+00 2.355736758036866013e+04 1.682437022312401227e-03
3.140696776182364758e+00 7.486471243926866137e+00 1.205463325450728984e+00 9.830207831784797817e-04 3.688326206565068333e+01 1.549994700000000059e+01 7.954442999999999930e-01 3.681439999999999824e+00 2.355736793140079317e+04 1.682437022312401227e-03
3.140696776182364758e+00 7.486471243926866137e+00 1.205463325450728984e+00 9.830207831784797817e-04 3.688326206565068333e+01 1.549994700000000059e+01 7.954442999999999930e-01 3.681439999999999824e+00 2.355736758036866013e+04 1.682451923473595075e-03
3.005534503420317805e+00 7.483169777365667130e+00 1.160444234568728694e+00 7.342315991951374205e-04 4.617206990092364549e+01 1.599239605779196793e+01 7.943831882362024643e-01 3.681439999999999824e+00 2.232581246992145316e+04 1.267823866516353632e-03
3.137772022235355340e+00 7.591489809541426936e+00 1.190419674108599501e+00 5.721428885052823538e-04 3.690637640000142738e+01 1.599988911031994299e+01 7.945515361005870414e-01 3.681439999999999824e+00 2.309829915718389384e+04 1.532093286880684569e-03
3.142147168827849502e+00 7.527695095507994871e+00 1.204602530061705812e+00 2.962043113970488787e-04 3.688444981315633697e+01 1.590947054116777970e+01 7.945187335491257219e-01 3.681439999999999824e+00 2.347995075688289944e+04 1.665894532151088615e-03
3.142147215649491176e+00 7.527695095507994871e+00 1.204602530061705812e+00 2.962043113970488787e-04 3.688444981315633697e+01 1.590947054116777970e+01 7.945187335491257219e-01 3.681439999999999824e+00 2.347995075688289944e+04 1.665894532151088615e-03
3.142147168827849502e+00 7.527695207679393263e+00 1.204602530061705812e+00 2.962043113970488787e-04 3.688444981315633697e+01 1.590947054116777970e+01 7.945187335491257219e-01 3.681439999999999824e+00 2.347995075688289944e+04 1.665894532151088615e-03
3.142147168827849502e+00 7.527695095507994871e+00 1.204602548011682206e+00 2.962043113970488787e-04 3.688444981315633697e+01 1.590947054116777970e+01 7.945187335491257219e-01 3.681439999999999824e+00 2.347995075688289944e+04 1.665894532151088615e-03
3.142147168827849502e+00 7.527695095507994871e+00 1.204602530061705812e+00 2.962192125582427263e-04 3.688444981315633697e+01 1.590947054116777970e+01 7.945187335491257219e-01 3.681439999999999824e+00 2.347995075688289944e+04 1.665894532151088615e-03
3.142147168827849502e+00 7.527695095507994871e+00 1.204602530061705812e+00 2.962043113970488787e-04 3.688445036277747136e+01 1.590947054116777970e+01 7.945187335491257219e-01 3.681439999999999824e+00 2.347995075688289944e+04 1.665894532151088615e-03
3.142147168827849502e+00 7.527695095507994871e+00 1.204602530061705812e+00 2.962043113970488787e-04 3.688444981315633697e+01 1.590947077823736500e+01 7.945187335491257219e-01 3.681439999999999824e+00 2.347995075688289944e+04 1.665894532151088615e-03
3.142147168827849502e+00 7.527695095507994871e+00 1.204602530061705812e+00 2.962043113970488787e-04 3.688444981315633697e+01 1.590947054116777970e+01 7.945187484502869157e-01 3.681439999999999824e+00 2.347995075688289944e+04 1.665894532151088615e-03
3.142147168827849502e+00 7.527695095507994871e+00 1.204602530061705812e+00 2.962043113970488787e-04 3.688444981315633697e+01 1.590947054116777970e+01 7.945187335491257219e-01 3.681439999999999824e+00 2.347995110676142940e+04 1.665894532151088615e-03
3.142147168827849502e+00 7.527695095507994871e+00 1.204602530061705812e+00 2.962043113970488787e-04 3.688444981315633697e+01 1.590947054116777970e+01 7.945187335491257219e-01 3.681439999999999824e+00 2.347995075688289944e+04 1.665909433312282462e-03
3.140636204065699655e+00 7.486879724282543336e+00 1.203910718704002569e+00 2.293065887436752069e-04 3.686438509999986479e+01 1.595968632664079756e+01 7.969554262996652039e-01 3.681439999999999824e+00 2.347842350332830756e+04 1.622984457500863424e-03
3.140636250864826007e+00 7.486879724282543336e+00 1.203910718704002569e+00 2.293065887436752069e-04 3.686438509999986479e+01 1.595968632664079756e+01 7.969554262996652039e-01 3.681439999999999824e+00 2.347842350332830756e+04 1.622984457500863424e-03
3.140636204065699655e+00 7.486879835845744680e+00 1.203910718704002569e+00 2.293065887436752069e-04 3.686438509999986479e+01 1.595968632664079756e+01 7.969554262996652039e-01 3.681439999999999824e+00 2.347842350332830756e+04 1.622984457500863424e-03
3.140636204065699655e+00 7.486879724282543336e+00 1.203910736643670321e+00 2.293065887436752069e-04 3.686438509999986479e+01 1.595968632664079756e+01 7.969554262996652039e-01 3.681439999999999824e+00 2.347842350332830756e+04 1.622984457500863424e-03
3.140636204065699655e+00 7.486879724282543336e+00 1.203910718704002569e+00 2.293214899048690546e-04 3.686438509999986479e+01 1.595968632664079756e+01 7.969554262996652039e-01 3.681439999999999824e+00 2.347842350332830756e+04 1.622984457500863424e-03
3.140636204065699655e+00 7.486879724282543336e+00 1.203910718704002569e+00 2.293065887436752069e-04 3.686438564932200990e+01 1.595968632664079756e+01 7.969554262996652039e-01 3.681439999999999824e+00 2.347842350332830756e+04 1.622984457500863424e-03
3.140636204065699655e+00 7.486879724282543336e+00 1.203910718704002569e+00 2.293065887436752069e-04 3.686438509999986479e+01 1.595968656445865541e+01 7.969554262996652039e-01 3.681439999999999824e+00 2.347842350332830756e+04 1.622984457500863424e-03
3.140636204065699655e+00 7.486879724282543336e+00 1.203910718704002569e+00 2.293065887436752069e-04 3.686438509999986479e+01 1.595968632664079756e+01 7.969554412008263977e-01 3.681439999999999824e+00 2.347842350332830756e+04 1.622984457500863424e-03
3.140636204065699655e+00 7.486879724282543336e+00 1.203910718704002569e+00 2.293065887436752069e-04 3.686438509999986479e+01 1.595968632664079756e+01 7.969554262996652039e-01 3.681439999999999824e+00 2.347842385318408196e+04 1.622984457500863424e-03
3.140636204065699655e+00 7.486879724282543336e+00 1.203910718704002569e+00 2.293065887436752069e-04 3.686438509999986479e+01 1.595968632664079756e+01 7.969554262996652039e-01 3.681439999999999824e+00 2.347842350332830756e+04 1.622999358662057271e-03
3.140656095458522312e+00 7.486943652073756006e+00 1.203942880364231804e+00 3.032778653091525601e-03 3.686438749317035501e+01 1.595977140068273492e+01 7.969542119072612341e-01 3.681439999999999824e+00 2.347833122735526922e+04 1.623000306224909673e-03
3.140656142257944872e+00 7.486943652073756006e+00 1.203942880364231804e+00 3.032778653091525601e-03 3.686438749317035501e+01 1.595977140068273492e+01 7.969542119072612341e-01 3.681439999999999824e+00 2.347833122735526922e+04 1.623000306224909673e-03
3.140656095458522312e+00 7.486943763637910365e+00 1.203942880364231804e+00 3.032778653091525601e-03 3.686438749317035501e+01 1.595977140068273492e+01 7.969542119072612341e-01 3.681439999999999824e+00 2.347833122735526922e+04 1.623000306224909673e-03
3.140656095458522312e+00 7.486943652073756006e+00 1.203942898304378728e+00 3.032778653091525601e-03 3.686438749317035501e+01 1.595977140068273492e+01 7.969542119072612341e-01 3.681439999999999824e+00 2.347833122735526922e+04 1.623000306224909673e-03
3.140656095458522312e+00 7.486943652073756006e+00 1.203942880364231804e+00 3.032793554252719449e-03 3.686438749317035501e+01 1.595977140068273492e+01 7.969542119072612341e-01 3.681439999999999824e+00 2.347833122735526922e+04 1.623000306224909673e-03
3.140656095458522312e+00 7.486943652073756006e+00 1.203942880364231804e+00 3.032778653091525601e-03 3.686438804249253565e+01 1.595977140068273492e+01 7.969542119072612341e-01 3.681439999999999824e+00 2.347833122735526922e+04 1.623000306224909673e-03
3.140656095458522312e+00 7.486943652073756006e+00 1.203942880364231804e+00 3.032778653091525601e-03 3.686438749317035501e+01 1.595977163850186109e+01 7.969542119072612341e-01 3.681439999999999824e+00 2.347833122735526922e+04 1.623000306224909673e-03
3.140656095458522312e+00 7.486943652073756006e+00 1.203942880364231804e+00 3.032778653091525601e-03 3.686438749317035501e+01 1.595977140068273492e+01 7.969542268084224279e-01 3.681439999999999824e+00 2.347833122735526922e+04 1.623000306224909673e-03
3.140656095458522312e+00 7.486943652073756006e+00 1.203942880364231804e+00 3.032778653091525601e-03 3.686438749317035501e+01 1.595977140068273492e+01 7.969542119072612341e-01 3.681439999999999824e+00 2.347833157720966847e+04 1.623000306224909673e-03
3.140656095458522312e+00 7.486943652073756006e+00 1.203942880364231804e+00 3.032778653091525601e-03 3.686438749317035501e+01 1.595977140068273492e+01 7.969542119072612341e-01 3.681439999999999824e+00 2.347833122735526922e+04 1.623015207386103520e-03
3.136307439820836152e+00 7.484642972795706228e+00 1.204117993470328329e+00 4.454053758621684921e-04 3.720593402379910231e+01 1.599768530060570448e+01 7.971307790789001757e-01 3.681439999999999824e+00 2.347624390497799322e+04 1.624974730593752763e-03
3.140243299940491450e+00 7.492381234111705979e+00 1.204151047980796418e+00 4.645228151275611339e-04 3.691207731565874184e+01 1.599802502431728435e+01 7.971299033340607521e-01 3.681439999999999824e+00 2.347804007542595355e+04 1.625579541113005141e-03
3.140243346733762930e+00 7.492381234111705979e+00 1.204151047980796418e+00 4.645228151275611339e-04 3.691207731565874184e+01 1.599802502431728435e+01 7.971299033340607521e-01 3.681439999999999824e+00 2.347804007542595355e+04 1.625579541113005141e-03
3.140243299940491450e+00 7.492381345756886191e+00 1.204151047980796418e+00 4.645228151275611339e-04 3.691207731565874184e+01 1.599802502431728435e+01 7.971299033340607521e-01 3.681439999999999824e+00 2.347804007542595355e+04 1.625579541113005141e-03
3.140243299940491450e+00 7.492381234111705979e+00 1.204151065924045305e+00 4.645228151275611339e-04 3.691207731565874184e+01 1.599802502431728435e+01 7.971299033340607521e-01 3.681439999999999824e+00 2.347804007542595355e+04 1.625579541113005141e-03
3.140243299940491450e+00 7.492381234111705979e+00 1.204151047980796418e+00 4.645377162887549816e-04 3.691207731565874184e+01 1.599802502431728435e+01 7.971299033340607521e-01 3.681439999999999824e+00 2.347804007542595355e+04 1.625579541113005141e-03
3.140243299940491450e+00 7.492381234111705979e+00 1.204151047980796418e+00 4.645228151275611339e-04 3.691207786569155758e+01 1.599802502431728435e+01 7.971299033340607521e-01 3.681439999999999824e+00 2.347804007542595355e+04 1.625579541113005141e-03
3.140243299940491450e+00 7.492381234111705979e+00 1.204151047980796418e+00 4.645228151275611339e-04 3.691207731565874184e+01 1.599802526270643455e+01 7.971299033340607521e-01 3.681439999999999824e+00 2.347804007542595355e+04 1.625579541113005141e-03
3.140243299940491450e+00 7.492381234111705979e+00 1.204151047980796418e+00 4.645228151275611339e-04 3.691207731565874184e+01 1.599802502431728435e+01 7.971299182352219459e-01 3.681439999999999824e+00 2.347804007542595355e+04 1.625579541113005141e-03
3.140243299940491450e+00 7.492381234111705979e+00 1.204151047980796418e+00 4.645228151275611339e-04 3.691207731565874184e+01 1.599802502431728435e+01 7.971299033340607521e-01 3.681439999999999824e+00 2.347804042527601268e+04 1.625579541113005141e-03
3.140243299940491450e+00 7.492381234111705979e+00 1.204151047980796418e+00 4.645228151275611339e-04 3.691207731565874184e+01 1.599802502431728435e+01 7.971299033340607521e-01 3.681439999999999824e+00 2.347804007542595355e+04 1.625594442274198989e-03
3.140270906742899104e+00 7.492435625760230700e+00 1.204196304976174137e+00 1.769998990814342088e-03 3.691207820649560034e+01 1.599802676979302873e+01 7.971297204930756219e-01 3.681439999999999824e+00 2.347801541799210827e+04 1.625626599426978130e-03
3.140270953536582255e+00 7.492435625760230700e+00 1.204196304976174137e+00 1.769998990814342088e-03 3.691207820649560034e+01 1.599802676979302873e+01 7.971297204930756219e-01 3.681439999999999824e+00 2.347801541799210827e+04 1.625626599426978130e-03
3.140270906742899104e+00 7.492435737406221818e+00 1.204196304976174137e+00 1.769998990814342088e-03 3.691207820649560034e+01 1.599802676979302873e+01 7.971297204930756219e-01 3.681439999999999824e+00 2.347801541799210827e+04 1.625626599426978130e-03
3.140270906742899104e+00 7.492435625760230700e+00 1.204196322920097373e+00 1.769998990814342088e-03 3.691207820649560034e+01 1.599802676979302873e+01 7.971297204930756219e-01 3.681439999999999824e+00 2.347801541799210827e+04 1.625626599426978130e-03
3.140270906742899104e+00 7.492435625760230700e+00 1.204196304976174137e+00 1.770013891975535936e-03 3.691207820649560034e+01 1.599802676979302873e+01 7.971297204930756219e-01 3.681439999999999824e+00 2.347801541799210827e+04 1.625626599426978130e-03
3.140270906742899104e+00 7.492435625760230700e+00 1.204196304976174137e+00 1.769998990814342088e-03 3.691207875652843029e+01 1.599802676979302873e+01 7.971297204930756219e-01 3.681439999999999824e+00 2.347801541799210827e+04 1.625626599426978130e-03
3.140270906742899104e+00 7.492435625760230700e+00 1.204196304976174137e+00 1.769998990814342088e-03 3.691207820649560034e+01 1.599802700818220380e+01 7.971297204930756219e-01 3.681439999999999824e+00 2.347801541799210827e+04 1.625626599426978130e-03
3.140270906742899104e+00 7.492435625760230700e+00 1.204196304976174137e+00 1.769998990814342088e-03 3.691207820649560034e+01 1.599802676979302873e+01 7.971297353942368158e-01 3.681439999999999824e+00 2.347801541799210827e+04 1.625626599426978130e-03
3.140270906742899104e+00 7.492435625760230700e+00 1.204196304976174137e+00 1.769998990814342088e-03 3.691207820649560034e+01 1.599802676979302873e+01 7.971297204930756219e-01 3.681439999999999824e+00 2.347801576784179997e+04 1.625626599426978130e-03
3.140270906742899104e+00 7.492435625760230700e+00 1.204196304976174137e+00 1.769998990814342088e-03 3.691207820649560034e+01 1.599802676979302873e+01 7.971297204930756219e-01 3.681439999999999824e+00 2.347801541799210827e+04 1.625641500588171978e-03
3.139353657326451774e+00 7.504997300526896176e+00 1.202661082324149255e+00 1.897630403777326655e-03 3.691271878630384862e+01 1.599999987034567894e+01 7.973721653252457964e-01 3.681439999999999824e+00 2.340200601736496901e+04 1.598446893108495257e-03
3.139353704106466747e+00 7.504997300526896176e+00 1.202661082324149255e+00 1.897630403777326655e-03 3.691271878630384862e+01 1.599999987034567894e+01 7.973721653252457964e-01 3.681439999999999824e+00 2.340200601736496901e+04 1.598446893108495257e-03
3.139353657326451774e+00 7.504997412360070896e+00 1.202661082324149255e+00 1.897630403777326655e-03 3.691271878630384862e+01 1.599999987034567894e+01 7.973721653252457964e-01 3.681439999999999824e+00 2.340200601736496901e+04 1.598446893108495257e-03
3.139353657326451774e+00 7.504997300526896176e+00 1.202661100245195902e+00 1.897630403777326655e-03 3.691271878630384862e+01 1.599999987034567894e+01 7.973721653252457964e-01 3.681439999999999824e+00 2.340200601736496901e+04 1.598446893108495257e-03
3.139353657326451774e+00 7.504997300526896176e+00 1.202661082324149255e+00 1.897645304938520502e-03 3.691271878630384862e+01 1.599999987034567894e+01 7.973721653252457964e-01 3.681439999999999824e+00 2.340200601736496901e+04 1.598446893108495257e-03
3.139353657326451774e+00 7.504997300526896176e+00 1.202661082324149255e+00 1.897630403777326655e-03 3.691271933634622116e+01 1.599999987034567894e+01 7.973721653252457964e-01 3.681439999999999824e+00 2.340200601736496901e+04 1.598446893108495257e-03
3.139353657326451774e+00 7.504997300526896176e+00 1.202661082324149255e+00 1.897630403777326655e-03 3.691271878630384862e+01 1.599999963192710162e+01 7.973721653252457964e-01 3.681439999999999824e+00 2.340200601736496901e+04 1.598446893108495257e-03
3.139353657326451774e+00 7.504997300526896176e+00 1.202661082324149255e+00 1.897630403777326655e-03 3.691271878630384862e+01 1.599999987034567894e+01 7.973721802264069902e-01 3.681439999999999824e+00 2.340200601736496901e+04 1.598446893108495257e-03
3.139353657326451774e+00 7.504997300526896176e+00 1.202661082324149255e+00 1.897630403777326655e-03 3.691271878630384862e+01 1.599999987034567894e+01 7.973721653252457964e-01 3.681439999999999824e+00 2.340200636608203422e+04 1.598446893108495257e-03
3.139353657326451774e+00 7.504997300526896176e+00 1.202661082324149255e+00 1.897630403777326655e-03 3.691271878630384862e+01 1.599999987034567894e+01 7.973721653252457964e-01 3.681439999999999824e+00 2.340200601736496901e+04 1.598461794269689104e-03
3.139393994834265733e+00 7.505093189957925404e+00 1.202711985264157235e+00 6.161310416277331753e-04 3.691272015553722241e+01 1.599999987046286343e+01 7.973678817046080392e-01 3.681439999999999824e+00 2.340198047221049637e+04 1.598531199298460588e-03
3.139394041614881559e+00 7.505093189957925404e+00 1.202711985264157235e+00 6.161310416277331753e-04 3.691272015553722241e+01 1.599999987046286343e+01 7.973678817046080392e-01 3.681439999999999824e+00 2.340198047221049637e+04 1.598531199298460588e-03
3.139393994834265733e+00 7.505093301792529203e+00 1.202711985264157235e+00 6.161310416277331753e-04 3.691272015553722241e+01 1.599999987046286343e+01 7.973678817046080392e-01 3.681439999999999824e+00 2.340198047221049637e+04 1.598531199298460588e-03
3.139393994834265733e+00 7.505093189957925404e+00 1.202712003185962386e+00 6.161310416277331753e-04 3.691272015553722241e+01 1.599999987046286343e+01 7.973678817046080392e-01 3.681439999999999824e+00 2.340198047221049637e+04 1.598531199298460588e-03
3.139393994834265733e+00 7.505093189957925404e+00 1.202711985264157235e+00 6.161459427889270229e-04 3.691272015553722241e+01 1.599999987046286343e+01 7.973678817046080392e-01 3.681439999999999824e+00 2.340198047221049637e+04 1.598531199298460588e-03
3.139393994834265733e+00 7.505093189957925404e+00 1.202711985264157235e+00 6.161310416277331753e-04 3.691272070557961626e+01 1.599999987046286343e+01 7.973678817046080392e-01 3.681439999999999824e+00 2.340198047221049637e+04 1.598531199298460588e-03
3.139393994834265733e+00 7.505093189957925404e+00 1.202711985264157235e+00 6.161310416277331753e-04 3.691272015553722241e+01 1.599999963204428610e+01 7.973678817046080392e-01 3.681439999999999824e+00 2.340198047221049637e+04 1.598531199298460588e-03
3.139393994834265733e+00 7.505093189957925404e+00 1.202711985264157235e+00 6.161310416277331753e-04 3.691272015553722241e+01 1.599999987046286343e+01 7.973678966057692330e-01 3.681439999999999824e+00 2.340198047221049637e+04 1.598531199298460588e-03
3.139393994834265733e+00 7.505093189957925404e+00 1.202711985264157235e+00 6.161310416277331753e-04 3.691272015553722241e+01 1.599999987046286343e+01 7.973678817046080392e-01 3.681439999999999824e+00 2.340198082092717959e+04 1.598531199298460588e-03
3.139393994834265733e+00 7.505093189957925404e+00 1.202711985264157235e+00 6.161310416277331753e-04 3.691272015553722241e+01 1.599999987046286343e+01 7.973678817046080392e-01 3.681439999999999824e+00 2.340198047221049637e+04 1.598546100459654435e-03
3.138901662360719325e+00 7.525350542238027352e+00 1.199456910445992230e+00 1.453663181224748861e-04 3.691316630122799580e+01 1.599999998427400349e+01 7.971911443672788922e-01 3.681439999999999824e+00 2.332080957901216243e+04 1.576443393622611357e-03
3.139467394263555811e+00 7.514609901422661054e+00 1.201845198123720593e+00 6.909492657077747398e-05 3.691281077674053535e+01 1.599999993759876560e+01 7.971866065080400743e-01 3.681439999999999824e+00 2.338196182612967823e+04 1.597782714758214919e-03
3.139599104095995408e+00 7.511749196534754702e+00 1.202422618029601820e+00 3.627090191029897111e-04 3.691275772277839451e+01 1.599999989512839349e+01 7.971925884943534824e-01 3.681439999999999824e+00 2.339716466689567460e+04 1.602874533859661565e-03
3.139599150879667899e+00 7.511749196534754702e+00 1.202422618029601820e+00 3.627090191029897111e-04 3.691275772277839451e+01 1.599999989512839349e+01 7.971925884943534824e-01 3.681439999999999824e+00 2.339716466689567460e+04 1.602874533859661565e-03
3.139599104095995408e+00 7.511749308468540498e+00 1.202422618029601820e+00 3.627090191029897111e-04 3.691275772277839451e+01 1.599999989512839349e+01 7.971925884943534824e-01 3.681439999999999824e+00 2.339716466689567460e+04 1.602874533859661565e-03
3.139599104095995408e+00 7.511749196534754702e+00 1.202422635947095086e+00 3.627090191029897111e-04 3.691275772277839451e+01 1.599999989512839349e+01 7.971925884943534824e-01 3.681439999999999824e+00 2.339716466689567460e+04 1.602874533859661565e-03
3.139599104095995408e+00 7.511749196534754702e+00 1.202422618029601820e+00 3.627239202641835587e-04 3.691275772277839451e+01 1.599999989512839349e+01 7.971925884943534824e-01 3.681439999999999824e+00 2.339716466689567460e+04 1.602874533859661565e-03
3.139599104095995408e+00 7.511749196534754702e+00 1.202422618029601820e+00 3.627090191029897111e-04 3.691275827282134969e+01 1.599999989512839349e+01 7.971925884943534824e-01 3.681439999999999824e+00 2.339716466689567460e+04 1.602874533859661565e-03
3.139599104095995408e+00 7.511749196534754702e+00 1.202422618029601820e+00 3.627090191029897111e-04 3.691275772277839451e+01 1.599999965670981616e+01 7.971925884943534824e-01 3.681439999999999824e+00 2.339716466689567460e+04 1.602874533859661565e-03
3.139599104095995408e+00 7.511749196534754702e+00 1.202422618029601820e+00 3.627090191029897111e-04 3.691275772277839451e+01 1.599999989512839349e+01 7.971926033955146762e-01 3.681439999999999824e+00 2.339716466689567460e+04 1.602874533859661565e-03
3.139599104095995408e+00 7.511749196534754702e+00 1.202422618029601820e+00 3.627090191029897111e-04 3.691275772277839451e+01 1.599999989512839349e+01 7.971925884943534824e-01 3.681439999999999824e+00 2.339716501554059505e+04 1.602874533859661565e-03
3.139599104095995408e+00 7.511749196534754702e+00 1.202422618029601820e+00 3.627090191029897111e-04 3.691275772277839451e+01 1.599999989512839349e+01 7.971925884943534824e-01 3.681439999999999824e+00 2.339716466689567460e+04 1.602889435020855412e-03
3.139599273391624479e+00 7.511749142848894500e+00 1.202422694547118809e+00 3.627091877043286017e-04 3.691275772437478508e+01 1.599999989512839349e+01 7.971925951786802411e-01 3.681439999999999824e+00 2.339716466674538242e+04 1.605704210666756941e-03
3.139599320175299191e+00 7.511749142848894500e+00 1.202422694547118809e+00 3.627091877043286017e-04 3.691275772437478508e+01 1.599999989512839349e+01 7.971925951786802411e-01 3.681439999999999824e+00 2.339716466674538242e+04 1.605704210666756941e-03
3.139599273391624479e+00 7.511749254782679408e+00 1.202422694547118809e+00 3.627091877043286017e-04 3.691275772437478508e+01 1.599999989512839349e+01 7.971925951786802411e-01 3.681439999999999824e+00 2.339716466674538242e+04 1.605704210666756941e-03
3.139599273391624479e+00 7.511749142848894500e+00 1.202422712464613186e+00 3.627091877043286017e-04 3.691275772437478508e+01 1.599999989512839349e+01 7.971925951786802411e-01 3.681439999999999824e+00 2.339716466674538242e+04 1.605704210666756941e-03
3.139599273391624479e+00 7.511749142848894500e+00 1.202422694547118809e+00 3.627240888655224493e-04 3.691275772437478508e+01 1.599999989512839349e+01 7.971925951786802411e-01 3.681439999999999824e+00 2.339716466674538242e+04 1.605704210666756941e-03
3.139599273391624479e+00 7.511749142848894500e+00 1.202422694547118809e+00 3.627091877043286017e-04 3.691275827441774027e+01 1.599999989512839349e+01 7.971925951786802411e-01 3.681439999999999824e+00 2.339716466674538242e+04 1.605704210666756941e-03
3.139599273391624479e+00 7.511749142848894500e+00 1.202422694547118809e+00 3.627091877043286017e-04 3.691275772437478508e+01 1.599999965670981616e+01 7.971925951786802411e-01 3.681439999999999824e+00 2.339716466674538242e+04 1.605704210666756941e-03
3.139599273391624479e+00 7.511749142848894500e+00 1.202422694547118809e+00 3.627091877043286017e-04 3.691275772437478508e+01 1.599999989512839349e+01 7.971926100798414350e-01 3.681439999999999824e+00 2.339716466674538242e+04 1.605704210666756941e-03
3.139599273391624479e+00 7.511749142848894500e+00 1.202422694547118809e+00 3.627091877043286017e-04 3.691275772437478508e+01 1.599999989512839349e+01 7.971925951786802411e-01 3.681439999999999824e+00 2.339716501539030287e+04 1.605704210666756941e-03
3.139599273391624479e+00 7.511749142848894500e+00 1.202422694547118809e+00 3.627091877043286017e-04 3.691275772437478508e+01 1.599999989512839349e+01 7.971925951786802411e-01 3.681439999999999824e+00 2.339716466674538242e+04 1.605719111827950789e-03
