3.184724406977845312e+00 6.776979170987208256e+00 1.299823526049553424e+00 4.535048977950095869e-04 3.738452860958559398e+01 1.549994700000000059e+01 7.954442999999999930e-01 3.681439999999999824e+00 2.884234842243049206e+04 3.788066616148655624e-03
3.184724454433937257e+00 6.776979170987208256e+00 1.299823526049553424e+00 4.535048977950095869e-04 3.738452860958559398e+01 1.549994700000000059e+01 7.954442999999999930e-01 3.681439999999999824e+00 2.884234842243049206e+04 3.788066616148655624e-03
3.184724406977845312e+00 6.776979271972066954e+00 1.299823526049553424e+00 4.535048977950095869e-04 3.738452860958559398e+01 1.549994700000000059e+01 7.954442999999999930e-01 3.681439999999999824e+00 2.884234842243049206e+04 3.788066616148655624e-03
3.184724406977845312e+00 6.776979170987208256e+00 1.299823545418433257e+00 4.535048977950095869e-04 3.738452860958559398e+01 1.549994700000000059e+01 7.954442999999999930e-01 3.681439999999999824e+00 2.884234842243049206e+04 3.788066616148655624e-03
3.184724406977845312e+00 6.776979170987208256e+00 1.299823526049553424e+00 4.535197989562034346e-04 3.738452860958559398e+01 1.549994700000000059e+01 7.954442999999999930e-01 3.681439999999999824e+00 2.884234842243049206e+04 3.788066616148655624e-03
3.184724406977845312e+00 6.776979170987208256e+00 1.299823526049553424e+00 4.535048977950095869e-04 3.738452916665848136e+01 1.549994700000000059e+01 7.954442999999999930e-01 3.681439999999999824e+00 2.884234842243049206e+04 3.788066616148655624e-03
3.184724406977845312e+00 6.776979170987208256e+00 1.299823526049553424e+00 4.535048977950095869e-04 3.738452860958559398e+01 1.549994723096720861e+01 7.954442999999999930e-01 3.681439999999999824e+00 2.884234842243049206e+04 3.788066616148655624e-03
3.184724406977845312e+00 6.776979170987208256e+00 1.299823526049553424e+00 4.535048977950095869e-04 3.738452860958559398e+01 1.549994700000000059e+01 7.954443149011611869e-01 3.681439999999999824e+00 2.884234842243049206e+04 3.788066616148655624e-03
3.184724406977845312e+00 6.776979170987208256e+00 1.299823526049553424e+00 4.535048977950095869e-04 3.738452860958559398e+01 1.549994700000000059e+01 7.954442999999999930e-01 3.681439999999999824e+00 2.884234885221497461e+04 3.788066616148655624e-03
3.184724406977845312e+00 6.776979170987208256e+00 1.299823526049553424e+00 4.535048977950095869e-04 3.738452860958559398e+01 1.549994700000000059e+01 7.954442999999999930e-01 3.681439999999999824e+00 2.884234842243049206e+04 3.788081517309849471e-03
3.758246060781884612e+00 7.838876876375467262e+00 1.314518192360656812e+00 4.451023477828817661e-04 5.723982273053707104e-05 1.590625158028694663e+01 7.900788384495295302e-01 3.681439999999999824e+00 2.956394950644994606e+04 4.227752130521358030e-03
3.193871894404346268e+00 6.826065674915470005e+00 1.301927910627537877e+00 3.474789680976861318e-04 3.694414696130607467e+01 1.599882297575783063e+01 7.952164528073715211e-01 3.681439999999999824e+00 2.886326030471021659e+04 3.829094549904416608e-03
3.187079043627738972e+00 6.813830639403126277e+00 1.301549796231155742e+00 3.448578663740320405e-04 3.737586633572172445e+01 1.599905237864011376e+01 7.953676616106531982e-01 3.681439999999999824e+00 2.884280802845808284e+04 3.817253650254853053e-03
3.185256843311786046e+00 6.774803467626546727e+00 1.300108455138288877e+00 1.303980376438231112e-04 3.738446395290608848e+01 1.568741932005260509e+01 7.966048740370695880e-01 3.681439999999999824e+00 2.884234918133732936e+04 3.757667097314443955e-03
3.184867559799970937e+00 6.773035248142046605e+00 1.299693164574099447e+00 3.477373164134402433e-04 3.738442045975230599e+01 1.554637674292794181e+01 7.961020922380217524e-01 3.681439999999999824e+00 2.884234860230427512e+04 3.769563903221060091e-03
3.184851182048830776e+00 6.775573888781980969e+00 1.299619149859303269e+00 4.251107931060516725e-04 3.738449156829154418e+01 1.551144085537673867e+01 7.957907244605901820e-01 3.681439999999999824e+00 2.884234846639466195e+04 3.779503663292739773e-03
3.184860251032460177e+00 6.776641729150835403e+00 1.299611210501017800e+00 4.464334316837199521e-04 3.738452129292343074e+01 1.550274609344188015e+01 7.956786259006243256e-01 3.681439999999999824e+00 2.884234843312021258e+04 3.782818074346452029e-03
3.184868585918332329e+00 6.776952794311954520e+00 1.299641976385265352e+00 4.522282769676197315e-04 3.738453002069669395e+01 1.550044560209870959e+01 7.956119623157207332e-01 3.681439999999999824e+00 2.884234842435173778e+04 3.782885339661385543e-03
3.184842247883828747e+00 6.776984554052203791e+00 1.299812911508639202e+00 4.534403452222853783e-04 3.738453052062544657e+01 1.549997111630033331e+01 7.954849856127971242e-01 3.681439999999999824e+00 2.884234842252813905e+04 3.780571182123746571e-03
3.184842295341676621e+00 6.776984554052203791e+00 1.299812911508639202e+00 4.534403452222853783e-04 3.738453052062544657e+01 1.549997111630033331e+01 7.954849856127971242e-01 3.681439999999999824e+00 2.884234842252813905e+04 3.780571182123746571e-03
3.184842247883828747e+00 6.776984655037143312e+00 1.299812911508639202e+00 4.534403452222853783e-04 3.738453052062544657e+01 1.549997111630033331e+01 7.954849856127971242e-01 3.681439999999999824e+00 2.884234842252813905e+04 3.780571182123746571e-03
3.184842247883828747e+00 6.776984554052203791e+00 1.299812930877360939e+00 4.534403452222853783e-04 3.738453052062544657e+01 1.549997111630033331e+01 7.954849856127971242e-01 3.681439999999999824e+00 2.884234842252813905e+04 3.780571182123746571e-03
3.184842247883828747e+00 6.776984554052203791e+00 1.299812911508639202e+00 4.534552463834792260e-04 3.738453052062544657e+01 1.549997111630033331e+01 7.954849856127971242e-01 3.681439999999999824e+00 2.884234842252813905e+04 3.780571182123746571e-03
3.184842247883828747e+00 6.776984554052203791e+00 1.299812911508639202e+00 4.534403452222853783e-04 3.738453107769836237e+01 1.549997111630033331e+01 7.954849856127971242e-01 3.681439999999999824e+00 2.884234842252813905e+04 3.780571182123746571e-03
3.184842247883828747e+00 6.776984554052203791e+00 1.299812911508639202e+00 4.534403452222853783e-04 3.738453052062544657e+01 1.549997134726790193e+01 7.954849856127971242e-01 3.681439999999999824e+00 2.884234842252813905e+04 3.780571182123746571e-03
3.184842247883828747e+00 6.776984554052203791e+00 1.299812911508639202e+00 4.534403452222853783e-04 3.738453052062544657e+01 1.549997111630033331e+01 7.954850005139583180e-01 3.681439999999999824e+00 2.884234842252813905e+04 3.780571182123746571e-03
3.184842247883828747e+00 6.776984554052203791e+00 1.299812911508639202e+00 4.534403452222853783e-04 3.738453052062544657e+01 1.549997111630033331e+01 7.954849856127971242e-01 3.681439999999999824e+00 2.884234885231262160e+04 3.780571182123746571e-03
3.184842247883828747e+00 6.776984554052203791e+00 1.299812911508639202e+00 4.534403452222853783e-04 3.738453052062544657e+01 1.549997111630033331e+01 7.954849856127971242e-01 3.681439999999999824e+00 2.884234842252813905e+04 3.780586083284940419e-03
