3.205843000000000220e+00 7.511125999999999969e+00 1.235333999999999932e+00 1.528337999999999867e-05 3.753042800000000057e+01 1.549994700000000059e+01 7.954442999999999930e-01 3.681439999999999824e+00 2.571453499999999985e+04 0.000000000000000000e+00
3.205843047770783549e+00 7.511125999999999969e+00 1.235333999999999932e+00 1.528337999999999867e-05 3.753042800000000057e+01 1.549994700000000059e+01 7.954442999999999930e-01 3.681439999999999824e+00 2.571453499999999985e+04 0.000000000000000000e+00
3.205843000000000220e+00 7.511126111924498971e+00 1.235333999999999932e+00 1.528337999999999867e-05 3.753042800000000057e+01 1.549994700000000059e+01 7.954442999999999930e-01 3.681439999999999824e+00 2.571453499999999985e+04 0.000000000000000000e+00
3.205843000000000220e+00 7.511125999999999969e+00 1.235334018407910905e+00 1.528337999999999867e-05 3.753042800000000057e+01 1.549994700000000059e+01 7.954442999999999930e-01 3.681439999999999824e+00 2.571453499999999985e+04 0.000000000000000000e+00
3.205843000000000220e+00 7.511125999999999969e+00 1.235333999999999932e+00 1.529828116119384633e-05 3.753042800000000057e+01 1.549994700000000059e+01 7.954442999999999930e-01 3.681439999999999824e+00 2.571453499999999985e+04 0.000000000000000000e+00
3.205843000000000220e+00 7.511125999999999969e+00 1.235333999999999932e+00 1.528337999999999867e-05 3.753042855924695687e+01 1.549994700000000059e+01 7.954442999999999930e-01 3.681439999999999824e+00 2.571453499999999985e+04 0.000000000000000000e+00
3.205843000000000220e+00 7.511125999999999969e+00 1.235333999999999932e+00 1.528337999999999867e-05 3.753042800000000057e+01 1.549994700000000059e+01 7.954442999999999930e-01 3.681439999999999824e+00 2.571453538317642960e+04 0.000000000000000000e+00
3.205843000000000220e+00 7.511125999999999969e+00 1.235333999999999932e+00 1.528337999999999867e-05 3.753042800000000057e+01 1.549994700000000059e+01 7.954442999999999930e-01 3.681439999999999824e+00 2.571453499999999985e+04 1.490116119384765625e-08
3.178293640658041319e+00 7.511126009701159845e+00 1.300215299907961697e+00 1.092809767575773972e+00 4.150978036540715976e+01 1.549994700000000059e+01 7.954442999999999930e-01 3.681439999999999824e+00 2.571296779785607941e+04 8.284949149274035193e-05
3.178293688018307250e+00 7.511126009701159845e+00 1.300215299907961697e+00 1.092809767575773972e+00 4.150978036540715976e+01 1.549994700000000059e+01 7.954442999999999930e-01 3.681439999999999824e+00 2.571296779785607941e+04 8.284949149274035193e-05
3.178293640658041319e+00 7.511126121625658847e+00 1.300215299907961697e+00 1.092809767575773972e+00 4.150978036540715976e+01 1.549994700000000059e+01 7.954442999999999930e-01 3.681439999999999824e+00 2.571296779785607941e+04 8.284949149274035193e-05
3.178293640658041319e+00 7.511126009701159845e+00 1.300215319282679527e+00 1.092809767575773972e+00 4.150978036540715976e+01 1.549994700000000059e+01 7.954442999999999930e-01 3.681439999999999824e+00 2.571296779785607941e+04 8.284949149274035193e-05
3.178293640658041319e+00 7.511126009701159845e+00 1.300215299907961697e+00 1.092809783859908457e+00 4.150978036540715976e+01 1.549994700000000059e+01 7.954442999999999930e-01 3.681439999999999824e+00 2.571296779785607941e+04 8.284949149274035193e-05
3.178293640658041319e+00 7.511126009701159845e+00 1.300215299907961697e+00 1.092809767575773972e+00 4.150978098395108873e+01 1.549994700000000059e+01 7.954442999999999930e-01 3.681439999999999824e+00 2.571296779785607941e+04 8.284949149274035193e-05
3.178293640658041319e+00 7.511126009701159845e+00 1.300215299907961697e+00 1.092809767575773972e+00 4.150978036540715976e+01 1.549994700000000059e+01 7.954442999999999930e-01 3.681439999999999824e+00 2.571296818100915698e+04 8.284949149274035193e-05
3.178293640658041319e+00 7.511126009701159845e+00 1.300215299907961697e+00 1.092809767575773972e+00 4.150978036540715976e+01 1.549994700000000059e+01 7.954442999999999930e-01 3.681439999999999824e+00 2.571296779785607941e+04 8.286439265393419958e-05
3.177262584086011810e+00 7.511125524961218325e+00 1.319685640046726061e+00 5.054527995488404812e-01 4.231012355244031653e+01 1.549994700000000059e+01 7.954442999999999930e-01 3.681439999999999824e+00 2.571065069618813141e+04 9.210860431901059752e-05
3.177262631430913586e+00 7.511125524961218325e+00 1.319685640046726061e+00 5.054527995488404812e-01 4.231012355244031653e+01 1.549994700000000059e+01 7.954442999999999930e-01 3.681439999999999824e+00 2.571065069618813141e+04 9.210860431901059752e-05
3.177262584086011810e+00 7.511125636885710222e+00 1.319685640046726061e+00 5.054527995488404812e-01 4.231012355244031653e+01 1.549994700000000059e+01 7.954442999999999930e-01 3.681439999999999824e+00 2.571065069618813141e+04 9.210860431901059752e-05
3.177262584086011810e+00 7.511125524961218325e+00 1.319685659711574477e+00 5.054527995488404812e-01 4.231012355244031653e+01 1.549994700000000059e+01 7.954442999999999930e-01 3.681439999999999824e+00 2.571065069618813141e+04 9.210860431901059752e-05
3.177262584086011810e+00 7.511125524961218325e+00 1.319685640046726061e+00 5.054528144500016751e-01 4.231012355244031653e+01 1.549994700000000059e+01 7.954442999999999930e-01 3.681439999999999824e+00 2.571065069618813141e+04 9.210860431901059752e-05
3.177262584086011810e+00 7.511125524961218325e+00 1.319685640046726061e+00 5.054527995488404812e-01 4.231012418291028609e+01 1.549994700000000059e+01 7.954442999999999930e-01 3.681439999999999824e+00 2.571065069618813141e+04 9.210860431901059752e-05
3.177262584086011810e+00 7.511125524961218325e+00 1.319685640046726061e+00 5.054527995488404812e-01 4.231012355244031653e+01 1.549994700000000059e+01 7.954442999999999930e-01 3.681439999999999824e+00 2.571065107930668091e+04 9.210860431901059752e-05
3.177262584086011810e+00 7.511125524961218325e+00 1.319685640046726061e+00 5.054527995488404812e-01 4.231012355244031653e+01 1.549994700000000059e+01 7.954442999999999930e-01 3.681439999999999824e+00 2.571065069618813141e+04 9.212350548020444517e-05
3.177136182072041404e+00 7.511125465603323725e+00 1.327821333889336985e+00 1.627214015158778837e-01 4.263099043369911811e+01 1.549994700000000059e+01 7.954442999999999930e-01 3.681439999999999824e+00 2.570765964245053692e+04 9.459492502279315479e-05
3.177136229415059798e+00 7.511125465603323725e+00 1.327821333889336985e+00 1.627214015158778837e-01 4.263099043369911811e+01 1.549994700000000059e+01 7.954442999999999930e-01 3.681439999999999824e+00 2.570765964245053692e+04 9.459492502279315479e-05
3.177136182072041404e+00 7.511125577527814734e+00 1.327821333889336985e+00 1.627214015158778837e-01 4.263099043369911811e+01 1.549994700000000059e+01 7.954442999999999930e-01 3.681439999999999824e+00 2.570765964245053692e+04 9.459492502279315479e-05
3.177136182072041404e+00 7.511125465603323725e+00 1.327821353675416649e+00 1.627214015158778837e-01 4.263099043369911811e+01 1.549994700000000059e+01 7.954442999999999930e-01 3.681439999999999824e+00 2.570765964245053692e+04 9.459492502279315479e-05
3.177136182072041404e+00 7.511125465603323725e+00 1.327821333889336985e+00 1.627214164170390776e-01 4.263099043369911811e+01 1.549994700000000059e+01 7.954442999999999930e-01 3.681439999999999824e+00 2.570765964245053692e+04 9.459492502279315479e-05
3.177136182072041404e+00 7.511125465603323725e+00 1.327821333889336985e+00 1.627214015158778837e-01 4.263099106895037949e+01 1.549994700000000059e+01 7.954442999999999930e-01 3.681439999999999824e+00 2.570765964245053692e+04 9.459492502279315479e-05
3.177136182072041404e+00 7.511125465603323725e+00 1.327821333889336985e+00 1.627214015158778837e-01 4.263099043369911811e+01 1.549994700000000059e+01 7.954442999999999930e-01 3.681439999999999824e+00 2.570766002552451755e+04 9.459492502279315479e-05
3.177136182072041404e+00 7.511125465603323725e+00 1.327821333889336985e+00 1.627214015158778837e-01 4.263099043369911811e+01 1.549994700000000059e+01 7.954442999999999930e-01 3.681439999999999824e+00 2.570765964245053692e+04 9.460982618398700245e-05
3.177034078368516479e+00 7.511125668992804094e+00 1.332626843123775329e+00 4.188114704112484710e-02 4.282746157655655139e+01 1.549994700000000059e+01 7.954442999999999930e-01 3.681439999999999824e+00 2.570357089668281333e+04 9.514120458790331614e-05
3.177034125710013424e+00 7.511125668992804094e+00 1.332626843123775329e+00 4.188114704112484710e-02 4.282746157655655139e+01 1.549994700000000059e+01 7.954442999999999930e-01 3.681439999999999824e+00 2.570357089668281333e+04 9.514120458790331614e-05
3.177034078368516479e+00 7.511125780917298655e+00 1.332626843123775329e+00 4.188114704112484710e-02 4.282746157655655139e+01 1.549994700000000059e+01 7.954442999999999930e-01 3.681439999999999824e+00 2.570357089668281333e+04 9.514120458790331614e-05
3.177034078368516479e+00 7.511125668992804094e+00 1.332626862981462823e+00 4.188114704112484710e-02 4.282746157655655139e+01 1.549994700000000059e+01 7.954442999999999930e-01 3.681439999999999824e+00 2.570357089668281333e+04 9.514120458790331614e-05
3.177034078368516479e+00 7.511125668992804094e+00 1.332626843123775329e+00 4.188116194228604094e-02 4.282746157655655139e+01 1.549994700000000059e+01 7.954442999999999930e-01 3.681439999999999824e+00 2.570357089668281333e+04 9.514120458790331614e-05
3.177034078368516479e+00 7.511125668992804094e+00 1.332626843123775329e+00 4.188114704112484710e-02 4.282746221473546200e+01 1.549994700000000059e+01 7.954442999999999930e-01 3.681439999999999824e+00 2.570357089668281333e+04 9.514120458790331614e-05
3.177034078368516479e+00 7.511125668992804094e+00 1.332626843123775329e+00 4.188114704112484710e-02 4.282746157655655139e+01 1.549994700000000059e+01 7.954442999999999930e-01 3.681439999999999824e+00 2.570357127969586509e+04 9.514120458790331614e-05
3.177034078368516479e+00 7.511125668992804094e+00 1.332626843123775329e+00 4.188114704112484710e-02 4.282746157655655139e+01 1.549994700000000059e+01 7.954442999999999930e-01 3.681439999999999824e+00 2.570357089668281333e+04 9.515610574909716380e-05
3.159575773667979703e+00 7.665785406612777741e+00 1.397149365570921509e+00 4.145116439360429367e-02 4.252302522775210747e+01 1.549994700000000059e+01 7.954442999999999930e-01 3.681439999999999824e+00 2.553882153151492821e+04 1.027803662361021701e-04
3.159575820749327413e+00 7.665785406612777741e+00 1.397149365570921509e+00 4.145116439360429367e-02 4.252302522775210747e+01 1.549994700000000059e+01 7.954442999999999930e-01 3.681439999999999824e+00 2.553882153151492821e+04 1.027803662361021701e-04
3.159575773667979703e+00 7.665785520841882139e+00 1.397149365570921509e+00 4.145116439360429367e-02 4.252302522775210747e+01 1.549994700000000059e+01 7.954442999999999930e-01 3.681439999999999824e+00 2.553882153151492821e+04 1.027803662361021701e-04
3.159575773667979703e+00 7.665785406612777741e+00 1.397149386390069470e+00 4.145116439360429367e-02 4.252302522775210747e+01 1.549994700000000059e+01 7.954442999999999930e-01 3.681439999999999824e+00 2.553882153151492821e+04 1.027803662361021701e-04
3.159575773667979703e+00 7.665785406612777741e+00 1.397149365570921509e+00 4.145117929476548752e-02 4.252302522775210747e+01 1.549994700000000059e+01 7.954442999999999930e-01 3.681439999999999824e+00 2.553882153151492821e+04 1.027803662361021701e-04
3.159575773667979703e+00 7.665785406612777741e+00 1.397149365570921509e+00 4.145116439360429367e-02 4.252302586139455798e+01 1.549994700000000059e+01 7.954442999999999930e-01 3.681439999999999824e+00 2.553882153151492821e+04 1.027803662361021701e-04
3.159575773667979703e+00 7.665785406612777741e+00 1.397149365570921509e+00 4.145116439360429367e-02 4.252302522775210747e+01 1.549994700000000059e+01 7.954442999999999930e-01 3.681439999999999824e+00 2.553882191207302458e+04 1.027803662361021701e-04
3.159575773667979703e+00 7.665785406612777741e+00 1.397149365570921509e+00 4.145116439360429367e-02 4.252302522775210747e+01 1.549994700000000059e+01 7.954442999999999930e-01 3.681439999999999824e+00 2.553882153151492821e+04 1.027952673972960178e-04
3.159926248066009524e+00 7.665785444693899109e+00 1.398480811596361395e+00 2.965265691360303296e-02 4.255728507077298417e+01 1.549994700000000059e+01 7.954442999999999930e-01 3.681439999999999824e+00 2.553808314223274647e+04 1.025232607344566565e-04
3.159926295152579723e+00 7.665785444693899109e+00 1.398480811596361395e+00 2.965265691360303296e-02 4.255728507077298417e+01 1.549994700000000059e+01 7.954442999999999930e-01 3.681439999999999824e+00 2.553808314223274647e+04 1.025232607344566565e-04
3.159926248066009524e+00 7.665785558923003506e+00 1.398480811596361395e+00 2.965265691360303296e-02 4.255728507077298417e+01 1.549994700000000059e+01 7.954442999999999930e-01 3.681439999999999824e+00 2.553808314223274647e+04 1.025232607344566565e-04
3.159926248066009524e+00 7.665785444693899109e+00 1.398480832435349486e+00 2.965265691360303296e-02 4.255728507077298417e+01 1.549994700000000059e+01 7.954442999999999930e-01 3.681439999999999824e+00 2.553808314223274647e+04 1.025232607344566565e-04
3.159926248066009524e+00 7.665785444693899109e+00 1.398480811596361395e+00 2.965267181476422681e-02 4.255728507077298417e+01 1.549994700000000059e+01 7.954442999999999930e-01 3.681439999999999824e+00 2.553808314223274647e+04 1.025232607344566565e-04
3.159926248066009524e+00 7.665785444693899109e+00 1.398480811596361395e+00 2.965265691360303296e-02 4.255728570492595253e+01 1.549994700000000059e+01 7.954442999999999930e-01 3.681439999999999824e+00 2.553808314223274647e+04 1.025232607344566565e-04
3.159926248066009524e+00 7.665785444693899109e+00 1.398480811596361395e+00 2.965265691360303296e-02 4.255728507077298417e+01 1.549994700000000059e+01 7.954442999999999930e-01 3.681439999999999824e+00 2.553808352277984159e+04 1.025232607344566565e-04
3.159926248066009524e+00 7.665785444693899109e+00 1.398480811596361395e+00 2.965265691360303296e-02 4.255728507077298417e+01 1.549994700000000059e+01 7.954442999999999930e-01 3.681439999999999824e+00 2.553808314223274647e+04 1.025381618956505041e-04
3.155500860838202914e+00 7.686220515193805447e+00 1.401152128776041339e+00 2.630613963262240160e-02 4.249210775191308187e+01 1.549994700000000059e+01 7.954442999999999930e-01 3.681439999999999824e+00 2.520858423537756244e+04 -6.905939094575035890e-05
3.155500907858829862e+00 7.686220515193805447e+00 1.401152128776041339e+00 2.630613963262240160e-02 4.249210775191308187e+01 1.549994700000000059e+01 7.954442999999999930e-01 3.681439999999999824e+00 2.520858423537756244e+04 -6.905939094575035890e-05
3.155500860838202914e+00 7.686220629727416487e+00 1.401152128776041339e+00 2.630613963262240160e-02 4.249210775191308187e+01 1.549994700000000059e+01 7.954442999999999930e-01 3.681439999999999824e+00 2.520858423537756244e+04 -6.905939094575035890e-05
3.155500860838202914e+00 7.686220515193805447e+00 1.401152149654835144e+00 2.630613963262240160e-02 4.249210775191308187e+01 1.549994700000000059e+01 7.954442999999999930e-01 3.681439999999999824e+00 2.520858423537756244e+04 -6.905939094575035890e-05
3.155500860838202914e+00 7.686220515193805447e+00 1.401152128776041339e+00 2.630615453378359545e-02 4.249210775191308187e+01 1.549994700000000059e+01 7.954442999999999930e-01 3.681439999999999824e+00 2.520858423537756244e+04 -6.905939094575035890e-05
3.155500860838202914e+00 7.686220515193805447e+00 1.401152128776041339e+00 2.630613963262240160e-02 4.249210838509483068e+01 1.549994700000000059e+01 7.954442999999999930e-01 3.681439999999999824e+00 2.520858423537756244e+04 -6.905939094575035890e-05
3.155500860838202914e+00 7.686220515193805447e+00 1.401152128776041339e+00 2.630613963262240160e-02 4.249210775191308187e+01 1.549994700000000059e+01 7.954442999999999930e-01 3.681439999999999824e+00 2.520858461101473949e+04 -6.905939094575035890e-05
3.155500860838202914e+00 7.686220515193805447e+00 1.401152128776041339e+00 2.630613963262240160e-02 4.249210775191308187e+01 1.549994700000000059e+01 7.954442999999999930e-01 3.681439999999999824e+00 2.520858423537756244e+04 -6.907429210694420656e-05
3.153290468527623958e+00 7.731949377046081651e+00 1.395675128049519653e+00 2.587489994242164054e-02 4.245850788648051832e+01 1.549994700000000059e+01 7.954442999999999930e-01 3.681439999999999824e+00 2.487908533040602197e+04 -1.898273162227170896e-04
3.153290515515313697e+00 7.731949377046081651e+00 1.395675128049519653e+00 2.587489994242164054e-02 4.245850788648051832e+01 1.549994700000000059e+01 7.954442999999999930e-01 3.681439999999999824e+00 2.487908533040602197e+04 -1.898273162227170896e-04
3.153290468527623958e+00 7.731949492261105839e+00 1.395675128049519653e+00 2.587489994242164054e-02 4.245850788648051832e+01 1.549994700000000059e+01 7.954442999999999930e-01 3.681439999999999824e+00 2.487908533040602197e+04 -1.898273162227170896e-04
3.153290468527623958e+00 7.731949377046081651e+00 1.395675148846699631e+00 2.587489994242164054e-02 4.245850788648051832e+01 1.549994700000000059e+01 7.954442999999999930e-01 3.681439999999999824e+00 2.487908533040602197e+04 -1.898273162227170896e-04
3.153290468527623958e+00 7.731949377046081651e+00 1.395675128049519653e+00 2.587491484358283439e-02 4.245850788648051832e+01 1.549994700000000059e+01 7.954442999999999930e-01 3.681439999999999824e+00 2.487908533040602197e+04 -1.898273162227170896e-04
3.153290468527623958e+00 7.731949377046081651e+00 1.395675128049519653e+00 2.587489994242164054e-02 4.245850851916159030e+01 1.549994700000000059e+01 7.954442999999999930e-01 3.681439999999999824e+00 2.487908533040602197e+04 -1.898273162227170896e-04
3.153290468527623958e+00 7.731949377046081651e+00 1.395675128049519653e+00 2.587489994242164054e-02 4.245850788648051832e+01 1.549994700000000059e+01 7.954442999999999930e-01 3.681439999999999824e+00 2.487908570113328460e+04 -1.898273162227170896e-04
3.153290468527623958e+00 7.731949377046081651e+00 1.395675128049519653e+00 2.587489994242164054e-02 4.245850788648051832e+01 1.549994700000000059e+01 7.954442999999999930e-01 3.681439999999999824e+00 2.487908533040602197e+04 -1.898422173839109373e-04
3.149365747758507972e+00 7.823850358368982683e+00 1.384401559820455319e+00 2.015526925818975773e-02 4.240795879374183386e+01 1.549994700000000059e+01 7.954442999999999930e-01 3.681439999999999824e+00 2.422008752143058155e+04 -4.311283123607349030e-04
3.149365794687714715e+00 7.823850358368982683e+00 1.384401559820455319e+00 2.015526925818975773e-02 4.240795879374183386e+01 1.549994700000000059e+01 7.954442999999999930e-01 3.681439999999999824e+00 2.422008752143058155e+04 -4.311283123607349030e-04
3.149365747758507972e+00 7.823850474953437661e+00 1.384401559820455319e+00 2.015526925818975773e-02 4.240795879374183386e+01 1.549994700000000059e+01 7.954442999999999930e-01 3.681439999999999824e+00 2.422008752143058155e+04 -4.311283123607349030e-04
3.149365747758507972e+00 7.823850358368982683e+00 1.384401580449646119e+00 2.015526925818975773e-02 4.240795879374183386e+01 1.549994700000000059e+01 7.954442999999999930e-01 3.681439999999999824e+00 2.422008752143058155e+04 -4.311283123607349030e-04
3.149365747758507972e+00 7.823850358368982683e+00 1.384401559820455319e+00 2.015528415935095158e-02 4.240795879374183386e+01 1.549994700000000059e+01 7.954442999999999930e-01 3.681439999999999824e+00 2.422008752143058155e+04 -4.311283123607349030e-04
3.149365747758507972e+00 7.823850358368982683e+00 1.384401559820455319e+00 2.015526925818975773e-02 4.240795942566966659e+01 1.549994700000000059e+01 7.954442999999999930e-01 3.681439999999999824e+00 2.422008752143058155e+04 -4.311283123607349030e-04
3.149365747758507972e+00 7.823850358368982683e+00 1.384401559820455319e+00 2.015526925818975773e-02 4.240795879374183386e+01 1.549994700000000059e+01 7.954442999999999930e-01 3.681439999999999824e+00 2.422008788233800806e+04 -4.311283123607349030e-04
3.149365747758507972e+00 7.823850358368982683e+00 1.384401559820455319e+00 2.015526925818975773e-02 4.240795879374183386e+01 1.549994700000000059e+01 7.954442999999999930e-01 3.681439999999999824e+00 2.422008752143058155e+04 -4.311432135219287506e-04
3.140185069016766750e+00 8.021574627187499473e+00 1.361658601153932446e+00 1.759048527368255177e-02 4.227050937262674779e+01 1.549994700000000059e+01 7.954442999999999930e-01 3.681439999999999824e+00 2.290626369282459927e+04 -9.285015245645851078e-04
3.146921194387027221e+00 7.872134964392208722e+00 1.378954392462288459e+00 1.782844901178963840e-02 4.237393919802923392e+01 1.549994700000000059e+01 7.954442999999999930e-01 3.681439999999999824e+00 2.389163156448299196e+04 -5.577666206115847050e-04
3.148605225749111280e+00 7.834775048628181970e+00 1.383278340282731778e+00 1.788794268249220554e-02 4.239979665212479887e+01 1.549994700000000059e+01 7.954442999999999930e-01 3.681439999999999824e+00 2.413797353348096658e+04 -4.650828940821432993e-04
3.149026233667707508e+00 7.825435069426364798e+00 1.384359327211259316e+00 1.790282704480071138e-02 4.240626100662851883e+01 1.549994700000000059e+01 7.954442999999999930e-01 3.681439999999999824e+00 2.419955903006391964e+04 -4.419119602850396012e-04
3.149026280591855187e+00 7.825435069426364798e+00 1.384359327211259316e+00 1.790282704480071138e-02 4.240626100662851883e+01 1.549994700000000059e+01 7.954442999999999930e-01 3.681439999999999824e+00 2.419955903006391964e+04 -4.419119602850396012e-04
3.149026233667707508e+00 7.825435186034433777e+00 1.384359327211259316e+00 1.790282704480071138e-02 4.240626100662851883e+01 1.549994700000000059e+01 7.954442999999999930e-01 3.681439999999999824e+00 2.419955903006391964e+04 -4.419119602850396012e-04
3.149026233667707508e+00 7.825435069426364798e+00 1.384359347839820842e+00 1.790282704480071138e-02 4.240626100662851883e+01 1.549994700000000059e+01 7.954442999999999930e-01 3.681439999999999824e+00 2.419955903006391964e+04 -4.419119602850396012e-04
3.149026233667707508e+00 7.825435069426364798e+00 1.384359327211259316e+00 1.790284194596190523e-02 4.240626100662851883e+01 1.549994700000000059e+01 7.954442999999999930e-01 3.681439999999999824e+00 2.419955903006391964e+04 -4.419119602850396012e-04
3.149026233667707508e+00 7.825435069426364798e+00 1.384359327211259316e+00 1.790282704480071138e-02 4.240626163853104913e+01 1.549994700000000059e+01 7.954442999999999930e-01 3.681439999999999824e+00 2.419955903006391964e+04 -4.419119602850396012e-04
3.149026233667707508e+00 7.825435069426364798e+00 1.384359327211259316e+00 1.790282704480071138e-02 4.240626100662851883e+01 1.549994700000000059e+01 7.954442999999999930e-01 3.681439999999999824e+00 2.419955939066545034e+04 -4.419119602850396012e-04
3.149026233667707508e+00 7.825435069426364798e+00 1.384359327211259316e+00 1.790282704480071138e-02 4.240626100662851883e+01 1.549994700000000059e+01 7.954442999999999930e-01 3.681439999999999824e+00 2.419955903006391964e+04 -4.419268614462334489e-04
3.149110114034379126e+00 7.825616346409015378e+00 1.384548946598433972e+00 4.001541472895411150e-03 4.240752150795873376e+01 1.549994700000000059e+01 7.954442999999999930e-01 3.681439999999999824e+00 2.419884208237488201e+04 -4.421627950419615319e-04
3.149110160959776472e+00 7.825616346409015378e+00 1.384548946598433972e+00 4.001541472895411150e-03 4.240752150795873376e+01 1.549994700000000059e+01 7.954442999999999930e-01 3.681439999999999824e+00 2.419884208237488201e+04 -4.421627950419615319e-04
3.149110114034379126e+00 7.825616463019786195e+00 1.384548946598433972e+00 4.001541472895411150e-03 4.240752150795873376e+01 1.549994700000000059e+01 7.954442999999999930e-01 3.681439999999999824e+00 2.419884208237488201e+04 -4.421627950419615319e-04
3.149110114034379126e+00 7.825616346409015378e+00 1.384548967229821015e+00 4.001541472895411150e-03 4.240752150795873376e+01 1.549994700000000059e+01 7.954442999999999930e-01 3.681439999999999824e+00 2.419884208237488201e+04 -4.421627950419615319e-04
3.149110114034379126e+00 7.825616346409015378e+00 1.384548946598433972e+00 4.001556374056604998e-03 4.240752150795873376e+01 1.549994700000000059e+01 7.954442999999999930e-01 3.681439999999999824e+00 2.419884208237488201e+04 -4.421627950419615319e-04
3.149110114034379126e+00 7.825616346409015378e+00 1.384548946598433972e+00 4.001541472895411150e-03 4.240752213988005082e+01 1.549994700000000059e+01 7.954442999999999930e-01 3.681439999999999824e+00 2.419884208237488201e+04 -4.421627950419615319e-04
3.149110114034379126e+00 7.825616346409015378e+00 1.384548946598433972e+00 4.001541472895411150e-03 4.240752150795873376e+01 1.549994700000000059e+01 7.954442999999999930e-01 3.681439999999999824e+00 2.419884244296572797e+04 -4.421627950419615319e-04
3.149110114034379126e+00 7.825616346409015378e+00 1.384548946598433972e+00 4.001541472895411150e-03 4.240752150795873376e+01 1.549994700000000059e+01 7.954442999999999930e-01 3.681439999999999824e+00 2.419884208237488201e+04 -4.421776962031553795e-04
3.149152866844003640e+00 7.825709042310777797e+00 1.384650453533639469e+00 1.814322425008513349e-03 4.240842494842315347e+01 1.549994700000000059e+01 7.954442999999999930e-01 3.681439999999999824e+00 2.419850661947532353e+04 -4.422784403802540150e-04
3.149152913770038253e+00 7.825709042310777797e+00 1.384650453533639469e+00 1.814322425008513349e-03 4.240842494842315347e+01 1.549994700000000059e+01 7.954442999999999930e-01 3.681439999999999824e+00 2.419850661947532353e+04 -4.422784403802540150e-04
3.149152866844003640e+00 7.825709158922929731e+00 1.384650453533639469e+00 1.814322425008513349e-03 4.240842494842315347e+01 1.549994700000000059e+01 7.954442999999999930e-01 3.681439999999999824e+00 2.419850661947532353e+04 -4.422784403802540150e-04
3.149152866844003640e+00 7.825709042310777797e+00 1.384650474166539080e+00 1.814322425008513349e-03 4.240842494842315347e+01 1.549994700000000059e+01 7.954442999999999930e-01 3.681439999999999824e+00 2.419850661947532353e+04 -4.422784403802540150e-04
3.149152866844003640e+00 7.825709042310777797e+00 1.384650453533639469e+00 1.814337326169707196e-03 4.240842494842315347e+01 1.549994700000000059e+01 7.954442999999999930e-01 3.681439999999999824e+00 2.419850661947532353e+04 -4.422784403802540150e-04
3.149152866844003640e+00 7.825709042310777797e+00 1.384650453533639469e+00 1.814322425008513349e-03 4.240842558035792820e+01 1.549994700000000059e+01 7.954442999999999930e-01 3.681439999999999824e+00 2.419850661947532353e+04 -4.422784403802540150e-04
3.149152866844003640e+00 7.825709042310777797e+00 1.384650453533639469e+00 1.814322425008513349e-03 4.240842494842315347e+01 1.549994700000000059e+01 7.954442999999999930e-01 3.681439999999999824e+00 2.419850698006117091e+04 -4.422784403802540150e-04
3.149152866844003640e+00 7.825709042310777797e+00 1.384650453533639469e+00 1.814322425008513349e-03 4.240842494842315347e+01 1.549994700000000059e+01 7.954442999999999930e-01 3.681439999999999824e+00 2.419850661947532353e+04 -4.422933415414478627e-04
3.139434496533177743e+00 8.022734684618034962e+00 1.359548218495951977e+00 4.628621860357441838e-04 4.226807224238521599e+01 1.549994700000000059e+01 7.954442999999999930e-01 3.681439999999999824e+00 2.278131103858853021e+04 -9.760306109405326655e-04
3.146633250426426276e+00 7.874608699925076394e+00 1.378321875324457269e+00 5.717370160031359956e-04 4.238391316909248729e+01 1.549994700000000059e+01 7.954442999999999930e-01 3.681439999999999824e+00 2.384423295648719068e+04 -5.757886441442751748e-04
3.148476253060003227e+00 7.837658240839340706e+00 1.383014716545517109e+00 6.893364882352862131e-04 4.240892219075566771e+01 1.549994700000000059e+01 7.954442999999999930e-01 3.681439999999999824e+00 2.411002526209644202e+04 -4.757045497876595964e-04
3.148476299975955239e+00 7.837658240839340706e+00 1.383014716545517109e+00 6.893364882352862131e-04 4.240892219075566771e+01 1.549994700000000059e+01 7.954442999999999930e-01 3.681439999999999824e+00 2.411002526209644202e+04 -4.757045497876595964e-04
3.148476253060003227e+00 7.837658357629549322e+00 1.383014716545517109e+00 6.893364882352862131e-04 4.240892219075566771e+01 1.549994700000000059e+01 7.954442999999999930e-01 3.681439999999999824e+00 2.411002526209644202e+04 -4.757045497876595964e-04
3.148476253060003227e+00 7.837658240839340706e+00 1.383014737154042439e+00 6.893364882352862131e-04 4.240892219075566771e+01 1.549994700000000059e+01 7.954442999999999930e-01 3.681439999999999824e+00 2.411002526209644202e+04 -4.757045497876595964e-04
3.148476253060003227e+00 7.837658240839340706e+00 1.383014716545517109e+00 6.893513893964800607e-04 4.240892219075566771e+01 1.549994700000000059e+01 7.954442999999999930e-01 3.681439999999999824e+00 2.411002526209644202e+04 -4.757045497876595964e-04
3.148476253060003227e+00 7.837658240839340706e+00 1.383014716545517109e+00 6.893364882352862131e-04 4.240892282269785341e+01 1.549994700000000059e+01 7.954442999999999930e-01 3.681439999999999824e+00 2.411002526209644202e+04 -4.757045497876595964e-04
3.148476253060003227e+00 7.837658240839340706e+00 1.383014716545517109e+00 6.893364882352862131e-04 4.240892219075566771e+01 1.549994700000000059e+01 7.954442999999999930e-01 3.681439999999999824e+00 2.411002562136381312e+04 -4.757045497876595964e-04
3.148476253060003227e+00 7.837658240839340706e+00 1.383014716545517109e+00 6.893364882352862131e-04 4.240892219075566771e+01 1.549994700000000059e+01 7.954442999999999930e-01 3.681439999999999824e+00 2.411002526209644202e+04 -4.757194509488534440e-04
3.148505479486069625e+00 7.837720145456869680e+00 1.383072110103620300e+00 5.806524239224997858e-03 4.240893204314365761e+01 1.549994700000000059e+01 7.954442999999999930e-01 3.681439999999999824e+00 2.410984320749925973e+04 -4.757700951939657541e-04
3.148505526402457289e+00 7.837720145456869680e+00 1.383072110103620300e+00 5.806524239224997858e-03 4.240893204314365761e+01 1.549994700000000059e+01 7.954442999999999930e-01 3.681439999999999824e+00 2.410984320749925973e+04 -4.757700951939657541e-04
3.148505479486069625e+00 7.837720262248001113e+00 1.383072110103620300e+00 5.806524239224997858e-03 4.240893204314365761e+01 1.549994700000000059e+01 7.954442999999999930e-01 3.681439999999999824e+00 2.410984320749925973e+04 -4.757700951939657541e-04
3.148505479486069625e+00 7.837720145456869680e+00 1.383072130713000725e+00 5.806524239224997858e-03 4.240893204314365761e+01 1.549994700000000059e+01 7.954442999999999930e-01 3.681439999999999824e+00 2.410984320749925973e+04 -4.757700951939657541e-04
3.148505479486069625e+00 7.837720145456869680e+00 1.383072110103620300e+00 5.806539140386191705e-03 4.240893204314365761e+01 1.549994700000000059e+01 7.954442999999999930e-01 3.681439999999999824e+00 2.410984320749925973e+04 -4.757700951939657541e-04
3.148505479486069625e+00 7.837720145456869680e+00 1.383072110103620300e+00 5.806524239224997858e-03 4.240893267508599251e+01 1.549994700000000059e+01 7.954442999999999930e-01 3.681439999999999824e+00 2.410984320749925973e+04 -4.757700951939657541e-04
3.148505479486069625e+00 7.837720145456869680e+00 1.383072110103620300e+00 5.806524239224997858e-03 4.240893204314365761e+01 1.549994700000000059e+01 7.954442999999999930e-01 3.681439999999999824e+00 2.410984356676392053e+04 -4.757700951939657541e-04
3.148505479486069625e+00 7.837720145456869680e+00 1.383072110103620300e+00 5.806524239224997858e-03 4.240893204314365761e+01 1.549994700000000059e+01 7.954442999999999930e-01 3.681439999999999824e+00 2.410984320749925973e+04 -4.757849963551596018e-04
3.148497175910459855e+00 7.838016784716325347e+00 1.383017482076318805e+00 3.915616437508491476e-03 4.241420095390719069e+01 1.549994700000000059e+01 7.954442999999999930e-01 3.681439999999999824e+00 2.410927421169751688e+04 -4.760682522090763872e-04
3.148497222826723618e+00 7.838016784716325347e+00 1.383017482076318805e+00 3.915616437508491476e-03 4.241420095390719069e+01 1.549994700000000059e+01 7.954442999999999930e-01 3.681439999999999824e+00 2.410927421169751688e+04 -4.760682522090763872e-04
3.148497175910459855e+00 7.838016901511877244e+00 1.383017482076318805e+00 3.915616437508491476e-03 4.241420095390719069e+01 1.549994700000000059e+01 7.954442999999999930e-01 3.681439999999999824e+00 2.410927421169751688e+04 -4.760682522090763872e-04
3.148497175910459855e+00 7.838016784716325347e+00 1.383017502684885214e+00 3.915616437508491476e-03 4.241420095390719069e+01 1.549994700000000059e+01 7.954442999999999930e-01 3.681439999999999824e+00 2.410927421169751688e+04 -4.760682522090763872e-04
3.148497175910459855e+00 7.838016784716325347e+00 1.383017482076318805e+00 3.915631338669685324e-03 4.241420095390719069e+01 1.549994700000000059e+01 7.954442999999999930e-01 3.681439999999999824e+00 2.410927421169751688e+04 -4.760682522090763872e-04
3.148497175910459855e+00 7.838016784716325347e+00 1.383017482076318805e+00 3.915616437508491476e-03 4.241420158592803347e+01 1.549994700000000059e+01 7.954442999999999930e-01 3.681439999999999824e+00 2.410927421169751688e+04 -4.760682522090763872e-04
3.148497175910459855e+00 7.838016784716325347e+00 1.383017482076318805e+00 3.915616437508491476e-03 4.241420095390719069e+01 1.549994700000000059e+01 7.954442999999999930e-01 3.681439999999999824e+00 2.410927457095369755e+04 -4.760682522090763872e-04
3.148497175910459855e+00 7.838016784716325347e+00 1.383017482076318805e+00 3.915616437508491476e-03 4.241420095390719069e+01 1.549994700000000059e+01 7.954442999999999930e-01 3.681439999999999824e+00 2.410927421169751688e+04 -4.760831533702702349e-04
3.148446918738158740e+00 7.838072722337088294e+00 1.383009927074541512e+00 1.796866821329924906e-03 4.241845577955471214e+01 1.549994700000000059e+01 7.954442999999999930e-01 3.681439999999999824e+00 2.410813564062330261e+04 -4.764787844882818041e-04
3.148446965653673768e+00 7.838072722337088294e+00 1.383009927074541512e+00 1.796866821329924906e-03 4.241845577955471214e+01 1.549994700000000059e+01 7.954442999999999930e-01 3.681439999999999824e+00 2.410813564062330261e+04 -4.764787844882818041e-04
3.148446918738158740e+00 7.838072839133473302e+00 1.383009927074541512e+00 1.796866821329924906e-03 4.241845577955471214e+01 1.549994700000000059e+01 7.954442999999999930e-01 3.681439999999999824e+00 2.410813564062330261e+04 -4.764787844882818041e-04
3.148446918738158740e+00 7.838072722337088294e+00 1.383009947682995344e+00 1.796866821329924906e-03 4.241845577955471214e+01 1.549994700000000059e+01 7.954442999999999930e-01 3.681439999999999824e+00 2.410813564062330261e+04 -4.764787844882818041e-04
3.148446918738158740e+00 7.838072722337088294e+00 1.383009927074541512e+00 1.796881722491118754e-03 4.241845577955471214e+01 1.549994700000000059e+01 7.954442999999999930e-01 3.681439999999999824e+00 2.410813564062330261e+04 -4.764787844882818041e-04
3.148446918738158740e+00 7.838072722337088294e+00 1.383009927074541512e+00 1.796866821329924906e-03 4.241845641163895664e+01 1.549994700000000059e+01 7.954442999999999930e-01 3.681439999999999824e+00 2.410813564062330261e+04 -4.764787844882818041e-04
3.148446918738158740e+00 7.838072722337088294e+00 1.383009927074541512e+00 1.796866821329924906e-03 4.241845577955471214e+01 1.549994700000000059e+01 7.954442999999999930e-01 3.681439999999999824e+00 2.410813599986251938e+04 -4.764787844882818041e-04
3.148446918738158740e+00 7.838072722337088294e+00 1.383009927074541512e+00 1.796866821329924906e-03 4.241845577955471214e+01 1.549994700000000059e+01 7.954442999999999930e-01 3.681439999999999824e+00 2.410813564062330261e+04 -4.764936856494756518e-04
3.148458280665300979e+00 7.838097463947445220e+00 1.383032718142647166e+00 8.237535314930444393e-04 4.241845909090872624e+01 1.549994700000000059e+01 7.954442999999999930e-01 3.681439999999999824e+00 2.410805589452001004e+04 -4.765056611915799000e-04
3.148458327580985205e+00 7.838097463947445220e+00 1.383032718142647166e+00 8.237535314930444393e-04 4.241845909090872624e+01 1.549994700000000059e+01 7.954442999999999930e-01 3.681439999999999824e+00 2.410805589452001004e+04 -4.765056611915799000e-04
3.148458280665300979e+00 7.838097580744198822e+00 1.383032718142647166e+00 8.237535314930444393e-04 4.241845909090872624e+01 1.549994700000000059e+01 7.954442999999999930e-01 3.681439999999999824e+00 2.410805589452001004e+04 -4.765056611915799000e-04
3.148458280665300979e+00 7.838097463947445220e+00 1.383032738751440727e+00 8.237535314930444393e-04 4.241845909090872624e+01 1.549994700000000059e+01 7.954442999999999930e-01 3.681439999999999824e+00 2.410805589452001004e+04 -4.765056611915799000e-04
3.148458280665300979e+00 7.838097463947445220e+00 1.383032718142647166e+00 8.237684326542382869e-04 4.241845909090872624e+01 1.549994700000000059e+01 7.954442999999999930e-01 3.681439999999999824e+00 2.410805589452001004e+04 -4.765056611915799000e-04
3.148458280665300979e+00 7.838097463947445220e+00 1.383032718142647166e+00 8.237535314930444393e-04 4.241845972299302048e+01 1.549994700000000059e+01 7.954442999999999930e-01 3.681439999999999824e+00 2.410805589452001004e+04 -4.765056611915799000e-04
3.148458280665300979e+00 7.838097463947445220e+00 1.383032718142647166e+00 8.237535314930444393e-04 4.241845909090872624e+01 1.549994700000000059e+01 7.954442999999999930e-01 3.681439999999999824e+00 2.410805625375803720e+04 -4.765056611915799000e-04
3.148458280665300979e+00 7.838097463947445220e+00 1.383032718142647166e+00 8.237535314930444393e-04 4.241845909090872624e+01 1.549994700000000059e+01 7.954442999999999930e-01 3.681439999999999824e+00 2.410805589452001004e+04 -4.765205623527737477e-04
3.148466844629243422e+00 7.838110019872465806e+00 1.383050057510453179e+00 1.326561206052914721e-04 4.241845950772773222e+01 1.549994700000000059e+01 7.954442999999999930e-01 3.681439999999999824e+00 2.410803823507094785e+04 -4.765097630106929997e-04
3.148466891545055546e+00 7.838110019872465806e+00 1.383050057510453179e+00 1.326561206052914721e-04 4.241845950772773222e+01 1.549994700000000059e+01 7.954442999999999930e-01 3.681439999999999824e+00 2.410803823507094785e+04 -4.765097630106929997e-04
3.148466844629243422e+00 7.838110136669406813e+00 1.383050057510453179e+00 1.326561206052914721e-04 4.241845950772773222e+01 1.549994700000000059e+01 7.954442999999999930e-01 3.681439999999999824e+00 2.410803823507094785e+04 -4.765097630106929997e-04
3.148466844629243422e+00 7.838110019872465806e+00 1.383050078119504978e+00 1.326561206052914721e-04 4.241845950772773222e+01 1.549994700000000059e+01 7.954442999999999930e-01 3.681439999999999824e+00 2.410803823507094785e+04 -4.765097630106929997e-04
3.148466844629243422e+00 7.838110019872465806e+00 1.383050057510453179e+00 1.326710217664853197e-04 4.241845950772773222e+01 1.549994700000000059e+01 7.954442999999999930e-01 3.681439999999999824e+00 2.410803823507094785e+04 -4.765097630106929997e-04
3.148466844629243422e+00 7.838110019872465806e+00 1.383050057510453179e+00 1.326561206052914721e-04 4.241846013981203356e+01 1.549994700000000059e+01 7.954442999999999930e-01 3.681439999999999824e+00 2.410803823507094785e+04 -4.765097630106929997e-04
3.148466844629243422e+00 7.838110019872465806e+00 1.383050057510453179e+00 1.326561206052914721e-04 4.241845950772773222e+01 1.549994700000000059e+01 7.954442999999999930e-01 3.681439999999999824e+00 2.410803859430871307e+04 -4.765097630106929997e-04
3.148466844629243422e+00 7.838110019872465806e+00 1.383050057510453179e+00 1.326561206052914721e-04 4.241845950772773222e+01 1.549994700000000059e+01 7.954442999999999930e-01 3.681439999999999824e+00 2.410803823507094785e+04 -4.765246641718868473e-04
3.146191097170004891e+00 7.886870706935583009e+00 1.376767126176481559e+00 1.979186278500499429e-05 4.242224801565460979e+01 1.549994700000000059e+01 7.954442999999999930e-01 3.681439999999999824e+00 2.375433101434929631e+04 -6.103188009901547306e-04
3.147907604349763133e+00 7.850312436984223652e+00 1.381471783864662406e+00 1.414238961189118540e-05 4.241873106479059174e+01 1.549994700000000059e+01 7.954442999999999930e-01 3.681439999999999824e+00 2.401962494056544165e+04 -5.099608478051236883e-04
3.147907651257241923e+00 7.850312436984223652e+00 1.381471783864662406e+00 1.414238961189118540e-05 4.241873106479059174e+01 1.549994700000000059e+01 7.954442999999999930e-01 3.681439999999999824e+00 2.401962494056544165e+04 -5.099608478051236883e-04
3.147907604349763133e+00 7.850312553962994322e+00 1.381471783864662406e+00 1.414238961189118540e-05 4.241873106479059174e+01 1.549994700000000059e+01 7.954442999999999930e-01 3.681439999999999824e+00 2.401962494056544165e+04 -5.099608478051236883e-04
3.147907604349763133e+00 7.850312436984223652e+00 1.381471804450196128e+00 1.414238961189118540e-05 4.241873106479059174e+01 1.549994700000000059e+01 7.954442999999999930e-01 3.681439999999999824e+00 2.401962494056544165e+04 -5.099608478051236883e-04
3.147907604349763133e+00 7.850312436984223652e+00 1.381471783864662406e+00 1.415729077308503306e-05 4.241873106479059174e+01 1.549994700000000059e+01 7.954442999999999930e-01 3.681439999999999824e+00 2.401962494056544165e+04 -5.099608478051236883e-04
3.147907604349763133e+00 7.850312436984223652e+00 1.381471783864662406e+00 1.414238961189118540e-05 4.241873169687894318e+01 1.549994700000000059e+01 7.954442999999999930e-01 3.681439999999999824e+00 2.401962494056544165e+04 -5.099608478051236883e-04
3.147907604349763133e+00 7.850312436984223652e+00 1.381471783864662406e+00 1.414238961189118540e-05 4.241873106479059174e+01 1.549994700000000059e+01 7.954442999999999930e-01 3.681439999999999824e+00 2.401962529848574559e+04 -5.099608478051236883e-04
3.147907604349763133e+00 7.850312436984223652e+00 1.381471783864662406e+00 1.414238961189118540e-05 4.241873106479059174e+01 1.549994700000000059e+01 7.954442999999999930e-01 3.681439999999999824e+00 2.401962494056544165e+04 -5.099757489663175360e-04
3.147869607123173985e+00 7.850895308540498441e+00 1.381507898553446578e+00 1.210557732626223960e-05 4.241807446078806976e+01 1.549994700000000059e+01 7.954442999999999930e-01 3.681439999999999824e+00 2.401848586623170559e+04 -5.104766716184878711e-04
3.147869654030086561e+00 7.850895308540498441e+00 1.381507898553446578e+00 1.210557732626223960e-05 4.241807446078806976e+01 1.549994700000000059e+01 7.954442999999999930e-01 3.681439999999999824e+00 2.401848586623170559e+04 -5.104766716184878711e-04
3.147869607123173985e+00 7.850895425527954608e+00 1.381507898553446578e+00 1.210557732626223960e-05 4.241807446078806976e+01 1.549994700000000059e+01 7.954442999999999930e-01 3.681439999999999824e+00 2.401848586623170559e+04 -5.104766716184878711e-04
3.147869607123173985e+00 7.850895308540498441e+00 1.381507919139518537e+00 1.210557732626223960e-05 4.241807446078806976e+01 1.549994700000000059e+01 7.954442999999999930e-01 3.681439999999999824e+00 2.401848586623170559e+04 -5.104766716184878711e-04
3.147869607123173985e+00 7.850895308540498441e+00 1.381507898553446578e+00 1.212047848745608725e-05 4.241807446078806976e+01 1.549994700000000059e+01 7.954442999999999930e-01 3.681439999999999824e+00 2.401848586623170559e+04 -5.104766716184878711e-04
3.147869607123173985e+00 7.850895308540498441e+00 1.381507898553446578e+00 1.210557732626223960e-05 4.241807509286663702e+01 1.549994700000000059e+01 7.954442999999999930e-01 3.681439999999999824e+00 2.401848586623170559e+04 -5.104766716184878711e-04
3.147869607123173985e+00 7.850895308540498441e+00 1.381507898553446578e+00 1.210557732626223960e-05 4.241807446078806976e+01 1.549994700000000059e+01 7.954442999999999930e-01 3.681439999999999824e+00 2.401848622413503472e+04 -5.104766716184878711e-04
3.147869607123173985e+00 7.850895308540498441e+00 1.381507898553446578e+00 1.210557732626223960e-05 4.241807446078806976e+01 1.549994700000000059e+01 7.954442999999999930e-01 3.681439999999999824e+00 2.401848586623170559e+04 -5.104915727796817187e-04
3.145269802862128650e+00 7.900474903769518775e+00 1.375223339279414869e+00 1.930636342592914275e-06 4.240065256426276363e+01 1.549994700000000059e+01 7.954442999999999930e-01 3.681439999999999824e+00 2.366550581206153583e+04 -6.445544879007724997e-04
3.147123701438599319e+00 7.863051902587667286e+00 1.379935117107194076e+00 3.594912719524001856e-06 4.242220514548598942e+01 1.549994700000000059e+01 7.954442999999999930e-01 3.681439999999999824e+00 2.393024079816829544e+04 -5.440474962269080655e-04
3.147663040453035688e+00 7.853853522346816440e+00 1.381113055358360375e+00 6.810358368246981057e-06 4.242072603322360180e+01 1.549994700000000059e+01 7.954442999999999930e-01 3.681439999999999824e+00 2.399642547071963054e+04 -5.189198344058750792e-04
3.147663087356869838e+00 7.853853522346816440e+00 1.381113055358360375e+00 6.810358368246981057e-06 4.242072603322360180e+01 1.549994700000000059e+01 7.954442999999999930e-01 3.681439999999999824e+00 2.399642547071963054e+04 -5.189198344058750792e-04
3.147663040453035688e+00 7.853853639378353790e+00 1.381113055358360375e+00 6.810358368246981057e-06 4.242072603322360180e+01 1.549994700000000059e+01 7.954442999999999930e-01 3.681439999999999824e+00 2.399642547071963054e+04 -5.189198344058750792e-04
3.147663040453035688e+00 7.853853522346816440e+00 1.381113075938548596e+00 6.810358368246981057e-06 4.242072603322360180e+01 1.549994700000000059e+01 7.954442999999999930e-01 3.681439999999999824e+00 2.399642547071963054e+04 -5.189198344058750792e-04
3.147663040453035688e+00 7.853853522346816440e+00 1.381113055358360375e+00 6.825259529440828713e-06 4.242072603322360180e+01 1.549994700000000059e+01 7.954442999999999930e-01 3.681439999999999824e+00 2.399642547071963054e+04 -5.189198344058750792e-04
3.147663040453035688e+00 7.853853522346816440e+00 1.381113055358360375e+00 6.810358368246981057e-06 4.242072666534167524e+01 1.549994700000000059e+01 7.954442999999999930e-01 3.681439999999999824e+00 2.399642547071963054e+04 -5.189198344058750792e-04
3.147663040453035688e+00 7.853853522346816440e+00 1.381113055358360375e+00 6.810358368246981057e-06 4.242072603322360180e+01 1.549994700000000059e+01 7.954442999999999930e-01 3.681439999999999824e+00 2.399642582829423554e+04 -5.189198344058750792e-04
3.147663040453035688e+00 7.853853522346816440e+00 1.381113055358360375e+00 6.810358368246981057e-06 4.242072603322360180e+01 1.549994700000000059e+01 7.954442999999999930e-01 3.681439999999999824e+00 2.399642547071963054e+04 -5.189347355670689268e-04
3.147663178631852077e+00 7.853853469702262835e+00 1.381113095596969709e+00 6.811830835432565210e-06 4.242072603430747790e+01 1.549994700000000059e+01 7.954442999999999930e-01 3.681439999999999824e+00 2.399642547063680104e+04 -5.170979391778125593e-04
3.147663225535688447e+00 7.853853469702262835e+00 1.381113095596969709e+00 6.811830835432565210e-06 4.242072603430747790e+01 1.549994700000000059e+01 7.954442999999999930e-01 3.681439999999999824e+00 2.399642547063680104e+04 -5.170979391778125593e-04
3.147663178631852077e+00 7.853853586733799297e+00 1.381113095596969709e+00 6.811830835432565210e-06 4.242072603430747790e+01 1.549994700000000059e+01 7.954442999999999930e-01 3.681439999999999824e+00 2.399642547063680104e+04 -5.170979391778125593e-04
3.147663178631852077e+00 7.853853469702262835e+00 1.381113116177158595e+00 6.811830835432565210e-06 4.242072603430747790e+01 1.549994700000000059e+01 7.954442999999999930e-01 3.681439999999999824e+00 2.399642547063680104e+04 -5.170979391778125593e-04
3.147663178631852077e+00 7.853853469702262835e+00 1.381113095596969709e+00 6.826731996626412866e-06 4.242072603430747790e+01 1.549994700000000059e+01 7.954442999999999930e-01 3.681439999999999824e+00 2.399642547063680104e+04 -5.170979391778125593e-04
3.147663178631852077e+00 7.853853469702262835e+00 1.381113095596969709e+00 6.811830835432565210e-06 4.242072666642555134e+01 1.549994700000000059e+01 7.954442999999999930e-01 3.681439999999999824e+00 2.399642547063680104e+04 -5.170979391778125593e-04
3.147663178631852077e+00 7.853853469702262835e+00 1.381113095596969709e+00 6.811830835432565210e-06 4.242072603430747790e+01 1.549994700000000059e+01 7.954442999999999930e-01 3.681439999999999824e+00 2.399642582821140604e+04 -5.170979391778125593e-04
3.147663178631852077e+00 7.853853469702262835e+00 1.381113095596969709e+00 6.811830835432565210e-06 4.242072603430747790e+01 1.549994700000000059e+01 7.954442999999999930e-01 3.681439999999999824e+00 2.399642547063680104e+04 -5.171128403390064070e-04
