3.160780685410050417e+00 7.591879571690158812e+00 1.260448968559431115e+00 7.809443240982908430e-01 4.465806679343232588e+01 1.549994700000000059e+01 7.954442999999999930e-01 3.681439999999999824e+00 2.571508561088157148e+04 -1.035718155858115008e-05
3.160780732509353097e+00 7.591879571690158812e+00 1.260448968559431115e+00 7.809443240982908430e-01 4.465806679343232588e+01 1.549994700000000059e+01 7.954442999999999930e-01 3.681439999999999824e+00 2.571508561088157148e+04 -1.035718155858115008e-05
3.160780685410050417e+00 7.591879684817979701e+00 1.260448968559431115e+00 7.809443240982908430e-01 4.465806679343232588e+01 1.549994700000000059e+01 7.954442999999999930e-01 3.681439999999999824e+00 2.571508561088157148e+04 -1.035718155858115008e-05
3.160780685410050417e+00 7.591879571690158812e+00 1.260448987341584282e+00 7.809443240982908430e-01 4.465806679343232588e+01 1.549994700000000059e+01 7.954442999999999930e-01 3.681439999999999824e+00 2.571508561088157148e+04 -1.035718155858115008e-05
3.160780685410050417e+00 7.591879571690158812e+00 1.260448968559431115e+00 7.809443389994520368e-01 4.465806679343232588e+01 1.549994700000000059e+01 7.954442999999999930e-01 3.681439999999999824e+00 2.571508561088157148e+04 -1.035718155858115008e-05
3.160780685410050417e+00 7.591879571690158812e+00 1.260448968559431115e+00 7.809443240982908430e-01 4.465806745888937712e+01 1.549994700000000059e+01 7.954442999999999930e-01 3.681439999999999824e+00 2.571508561088157148e+04 -1.035718155858115008e-05
3.160780685410050417e+00 7.591879571690158812e+00 1.260448968559431115e+00 7.809443240982908430e-01 4.465806679343232588e+01 1.549994723096720861e+01 7.954442999999999930e-01 3.681439999999999824e+00 2.571508561088157148e+04 -1.035718155858115008e-05
3.160780685410050417e+00 7.591879571690158812e+00 1.260448968559431115e+00 7.809443240982908430e-01 4.465806679343232588e+01 1.549994700000000059e+01 7.954443149011611869e-01 3.681439999999999824e+00 2.571508561088157148e+04 -1.035718155858115008e-05
3.160780685410050417e+00 7.591879571690158812e+00 1.260448968559431115e+00 7.809443240982908430e-01 4.465806679343232588e+01 1.549994700000000059e+01 7.954442999999999930e-01 3.681439999999999824e+00 2.571508599406620851e+04 -1.035718155858115008e-05
3.160780685410050417e+00 7.591879571690158812e+00 1.260448968559431115e+00 7.809443240982908430e-01 4.465806679343232588e+01 1.549994700000000059e+01 7.954442999999999930e-01 3.681439999999999824e+00 2.571508561088157148e+04 -1.037208271977499774e-05
3.173686944816423772e+00 6.629571039107270636e+00 1.272493619932951958e+00 7.817875888366219161e-01 4.487490345723966101e+01 1.548419606953749650e+01 9.999592435325487250e-01 3.681439999999999824e+00 3.219470895208748334e+04 5.376601168810475097e-03
3.098249994486722336e+00 6.250678072987069456e+00 1.242431791659910356e+00 7.469230127204824488e-01 4.366938462479203054e+01 1.550969355735994881e+01 9.999667282371708099e-01 3.681439999999999824e+00 2.629757224172848873e+04 -5.984126136317651813e-04
3.091417753168916427e+00 6.216382326155562410e+00 1.239709235564052436e+00 7.437649060752220542e-01 4.356020223663961133e+01 1.551200295424314035e+01 9.999707581041772375e-01 3.681439999999999824e+00 2.576339154095812046e+04 -1.139618056440104337e-03
3.090846540743364734e+00 6.213558826933656576e+00 1.239484536118357738e+00 7.434937576175877361e-01 4.355107785551530242e+01 1.551219513167940711e+01 9.999711198736140894e-01 3.681439999999999824e+00 2.571881007012215559e+04 -1.184651067054150533e-03
3.072196425537518039e+00 6.788046859843520409e+00 1.276609010992675985e+00 6.591021869081464812e-01 4.364846248436917620e+01 1.550654395973666944e+01 9.999845830737019714e-01 3.681439999999999824e+00 2.571508626774114600e+04 8.390075754879666465e-04
3.087032660848139098e+00 7.459754508486902580e+00 1.295024981724673507e+00 7.250357426974599617e-01 4.442999471458411875e+01 1.550069071330395865e+01 9.251852212265311293e-01 3.681439999999999824e+00 2.571508571607600607e+04 1.893010213115100529e-03
3.132863757142177352e+00 7.589649434147085039e+00 1.275481495510300656e+00 7.771468597009829615e-01 4.465084621329541648e+01 1.549980414371030513e+01 8.396131819534319307e-01 3.681439999999999824e+00 2.571508561681222272e+04 7.955247230745812574e-04
3.153732071641457413e+00 7.591932796343901835e+00 1.264301981567741207e+00 7.802908760833970891e-01 4.465735381216882871e+01 1.549990557167579652e+01 8.064899283911426409e-01 3.681439999999999824e+00 2.571508561194465074e+04 1.925250534196360690e-04
3.159017759556176141e+00 7.591918638504725259e+00 1.261417284516236359e+00 7.807937625600381848e-01 4.465793528228038411e+01 1.549993640371515546e+01 7.982050716178240579e-01 3.681439999999999824e+00 2.571508561112953976e+04 3.939208198879959788e-05
3.160341789756687447e+00 7.591890818255096818e+00 1.260691780037636933e+00 7.809074319699093047e-01 4.465803688918516201e+01 1.549994433568231678e+01 7.961346648152247685e-01 3.681439999999999824e+00 2.571508561094252946e+04 1.034293220369081014e-06
3.160341836849450026e+00 7.591890818255096818e+00 1.260691780037636933e+00 7.809074319699093047e-01 4.465803688918516201e+01 1.549994433568231678e+01 7.961346648152247685e-01 3.681439999999999824e+00 2.571508561094252946e+04 1.034293220369081014e-06
3.160341789756687447e+00 7.591890931383085572e+00 1.260691780037636933e+00 7.809074319699093047e-01 4.465803688918516201e+01 1.549994433568231678e+01 7.961346648152247685e-01 3.681439999999999824e+00 2.571508561094252946e+04 1.034293220369081014e-06
3.160341789756687447e+00 7.591890818255096818e+00 1.260691798823408316e+00 7.809074319699093047e-01 4.465803688918516201e+01 1.549994433568231678e+01 7.961346648152247685e-01 3.681439999999999824e+00 2.571508561094252946e+04 1.034293220369081014e-06
3.160341789756687447e+00 7.591890818255096818e+00 1.260691780037636933e+00 7.809074468710704986e-01 4.465803688918516201e+01 1.549994433568231678e+01 7.961346648152247685e-01 3.681439999999999824e+00 2.571508561094252946e+04 1.034293220369081014e-06
3.160341789756687447e+00 7.591890818255096818e+00 1.260691780037636933e+00 7.809074319699093047e-01 4.465803755464176561e+01 1.549994433568231678e+01 7.961346648152247685e-01 3.681439999999999824e+00 2.571508561094252946e+04 1.034293220369081014e-06
3.160341789756687447e+00 7.591890818255096818e+00 1.260691780037636933e+00 7.809074319699093047e-01 4.465803688918516201e+01 1.549994456664948572e+01 7.961346648152247685e-01 3.681439999999999824e+00 2.571508561094252946e+04 1.034293220369081014e-06
3.160341789756687447e+00 7.591890818255096818e+00 1.260691780037636933e+00 7.809074319699093047e-01 4.465803688918516201e+01 1.549994433568231678e+01 7.961346797163859623e-01 3.681439999999999824e+00 2.571508561094252946e+04 1.034293220369081014e-06
3.160341789756687447e+00 7.591890818255096818e+00 1.260691780037636933e+00 7.809074319699093047e-01 4.465803688918516201e+01 1.549994433568231678e+01 7.961346648152247685e-01 3.681439999999999824e+00 2.571508599412716649e+04 1.034293220369081014e-06
3.160341789756687447e+00 7.591890818255096818e+00 1.260691780037636933e+00 7.809074319699093047e-01 4.465803688918516201e+01 1.549994433568231678e+01 7.961346648152247685e-01 3.681439999999999824e+00 2.571508561094252946e+04 1.049194381562928671e-06
3.159697995056663267e+00 7.592055154026917663e+00 1.260960636874639995e+00 7.808042392413556687e-01 4.465803309501671947e+01 1.549992962378954076e+01 7.968243443393723258e-01 3.681439999999999824e+00 2.571508899464251590e+04 3.122432989269933052e-05
3.159698042139832630e+00 7.592055154026917663e+00 1.260960636874639995e+00 7.808042392413556687e-01 4.465803309501671947e+01 1.549992962378954076e+01 7.968243443393723258e-01 3.681439999999999824e+00 2.571508899464251590e+04 3.122432989269933052e-05
3.159697995056663267e+00 7.592055267157355125e+00 1.260960636874639995e+00 7.808042392413556687e-01 4.465803309501671947e+01 1.549992962378954076e+01 7.968243443393723258e-01 3.681439999999999824e+00 2.571508899464251590e+04 3.122432989269933052e-05
3.159697995056663267e+00 7.592055154026917663e+00 1.260960655664417729e+00 7.808042392413556687e-01 4.465803309501671947e+01 1.549992962378954076e+01 7.968243443393723258e-01 3.681439999999999824e+00 2.571508899464251590e+04 3.122432989269933052e-05
3.159697995056663267e+00 7.592055154026917663e+00 1.260960636874639995e+00 7.808042541425168626e-01 4.465803309501671947e+01 1.549992962378954076e+01 7.968243443393723258e-01 3.681439999999999824e+00 2.571508899464251590e+04 3.122432989269933052e-05
3.159697995056663267e+00 7.592055154026917663e+00 1.260960636874639995e+00 7.808042392413556687e-01 4.465803376047326623e+01 1.549992962378954076e+01 7.968243443393723258e-01 3.681439999999999824e+00 2.571508899464251590e+04 3.122432989269933052e-05
3.159697995056663267e+00 7.592055154026917663e+00 1.260960636874639995e+00 7.808042392413556687e-01 4.465803309501671947e+01 1.549992985475649121e+01 7.968243443393723258e-01 3.681439999999999824e+00 2.571508899464251590e+04 3.122432989269933052e-05
3.159697995056663267e+00 7.592055154026917663e+00 1.260960636874639995e+00 7.808042392413556687e-01 4.465803309501671947e+01 1.549992962378954076e+01 7.968243592405335196e-01 3.681439999999999824e+00 2.571508899464251590e+04 3.122432989269933052e-05
3.159697995056663267e+00 7.592055154026917663e+00 1.260960636874639995e+00 7.808042392413556687e-01 4.465803309501671947e+01 1.549992962378954076e+01 7.968243443393723258e-01 3.681439999999999824e+00 2.571508937782720386e+04 3.122432989269933052e-05
3.159697995056663267e+00 7.592055154026917663e+00 1.260960636874639995e+00 7.808042392413556687e-01 4.465803309501671947e+01 1.549992962378954076e+01 7.968243443393723258e-01 3.681439999999999824e+00 2.571508899464251590e+04 3.123923105389317818e-05
3.158358394290493365e+00 7.592375292276873466e+00 1.261357592425436103e+00 7.807168823834791382e-01 4.465802223586483422e+01 1.549990198842124300e+01 7.982037204604720548e-01 3.681439999999999824e+00 2.571508899492313867e+04 7.585498740385511343e-05
3.159424746062783562e+00 7.592146565108162548e+00 1.261087635618513225e+00 7.807835072182902625e-01 4.465803104609820195e+01 1.549992232254144042e+01 7.971782287946955758e-01 3.681439999999999824e+00 2.571508899470985125e+04 3.828533733154950417e-05
3.159668874891381929e+00 7.592076777882117433e+00 1.261011210901050728e+00 7.807996281214133472e-01 4.465803298705281321e+01 1.549992760902044786e+01 7.969154019846257375e-01 3.681439999999999824e+00 2.571508899465785726e+04 3.041795245460048673e-05
3.159668921974116973e+00 7.592076777882117433e+00 1.261011210901050728e+00 7.807996281214133472e-01 4.465803298705281321e+01 1.549992760902044786e+01 7.969154019846257375e-01 3.681439999999999824e+00 2.571508899465785726e+04 3.041795245460048673e-05
3.159668874891381929e+00 7.592076891012877304e+00 1.261011210901050728e+00 7.807996281214133472e-01 4.465803298705281321e+01 1.549992760902044786e+01 7.969154019846257375e-01 3.681439999999999824e+00 2.571508899465785726e+04 3.041795245460048673e-05
3.159668874891381929e+00 7.592076777882117433e+00 1.261011229691582081e+00 7.807996281214133472e-01 4.465803298705281321e+01 1.549992760902044786e+01 7.969154019846257375e-01 3.681439999999999824e+00 2.571508899465785726e+04 3.041795245460048673e-05
3.159668874891381929e+00 7.592076777882117433e+00 1.261011210901050728e+00 7.807996430225745410e-01 4.465803298705281321e+01 1.549992760902044786e+01 7.969154019846257375e-01 3.681439999999999824e+00 2.571508899465785726e+04 3.041795245460048673e-05
3.159668874891381929e+00 7.592076777882117433e+00 1.261011210901050728e+00 7.807996281214133472e-01 4.465803365250935997e+01 1.549992760902044786e+01 7.969154019846257375e-01 3.681439999999999824e+00 2.571508899465785726e+04 3.041795245460048673e-05
3.159668874891381929e+00 7.592076777882117433e+00 1.261011210901050728e+00 7.807996281214133472e-01 4.465803298705281321e+01 1.549992783998736812e+01 7.969154019846257375e-01 3.681439999999999824e+00 2.571508899465785726e+04 3.041795245460048673e-05
3.159668874891381929e+00 7.592076777882117433e+00 1.261011210901050728e+00 7.807996281214133472e-01 4.465803298705281321e+01 1.549992760902044786e+01 7.969154168857869314e-01 3.681439999999999824e+00 2.571508899465785726e+04 3.041795245460048673e-05
3.159668874891381929e+00 7.592076777882117433e+00 1.261011210901050728e+00 7.807996281214133472e-01 4.465803298705281321e+01 1.549992760902044786e+01 7.969154019846257375e-01 3.681439999999999824e+00 2.571508937784254522e+04 3.041795245460048673e-05
3.159668874891381929e+00 7.592076777882117433e+00 1.261011210901050728e+00 7.807996281214133472e-01 4.465803298705281321e+01 1.549992760902044786e+01 7.969154019846257375e-01 3.681439999999999824e+00 2.571508899465785726e+04 3.043285361579433439e-05
