3.205843000000000220e+00 7.511125999999999969e+00 1.235333999999999932e+00 1.528337999999999867e-05 3.753042800000000057e+01 1.549994700000000059e+01 7.954442999999999930e-01 3.681439999999999824e+00 2.571453499999999985e+04 0.000000000000000000e+00
3.205843047770783549e+00 7.511125999999999969e+00 1.235333999999999932e+00 1.528337999999999867e-05 3.753042800000000057e+01 1.549994700000000059e+01 7.954442999999999930e-01 3.681439999999999824e+00 2.571453499999999985e+04 0.000000000000000000e+00
3.205843000000000220e+00 7.511126111924498971e+00 1.235333999999999932e+00 1.528337999999999867e-05 3.753042800000000057e+01 1.549994700000000059e+01 7.954442999999999930e-01 3.681439999999999824e+00 2.571453499999999985e+04 0.000000000000000000e+00
3.205843000000000220e+00 7.511125999999999969e+00 1.235334018407910905e+00 1.528337999999999867e-05 3.753042800000000057e+01 1.549994700000000059e+01 7.954442999999999930e-01 3.681439999999999824e+00 2.571453499999999985e+04 0.000000000000000000e+00
3.205843000000000220e+00 7.511125999999999969e+00 1.235333999999999932e+00 1.529828116119384633e-05 3.753042800000000057e+01 1.549994700000000059e+01 7.954442999999999930e-01 3.681439999999999824e+00 2.571453499999999985e+04 0.000000000000000000e+00
3.205843000000000220e+00 7.511125999999999969e+00 1.235333999999999932e+00 1.528337999999999867e-05 3.753042855924695687e+01 1.549994700000000059e+01 7.954442999999999930e-01 3.681439999999999824e+00 2.571453499999999985e+04 0.000000000000000000e+00
3.205843000000000220e+00 7.511125999999999969e+00 1.235333999999999932e+00 1.528337999999999867e-05 3.753042800000000057e+01 1.549994700000000059e+01 7.954442999999999930e-01 3.681439999999999824e+00 2.571453538317642960e+04 0.000000000000000000e+00
3.205843000000000220e+00 7.511125999999999969e+00 1.235333999999999932e+00 1.528337999999999867e-05 3.753042800000000057e+01 1.549994700000000059e+01 7.954442999999999930e-01 3.681439999999999824e+00 2.571453499999999985e+04 1.490116119384765625e-08
3.100039916554957475e+00 7.511125999999952896e+00 1.300854923858844048e+00 7.380699577852729565e-01 4.601080233517352269e+01 1.549994700000000059e+01 7.954442999999999930e-01 3.681439999999999824e+00 2.571453499999643827e+04 7.451491232630197631e-04
3.100039962749152167e+00 7.511125999999952896e+00 1.300854923858844048e+00 7.380699577852729565e-01 4.601080233517352269e+01 1.549994700000000059e+01 7.954442999999999930e-01 3.681439999999999824e+00 2.571453499999643827e+04 7.451491232630197631e-04
3.100039916554957475e+00 7.511126111924451898e+00 1.300854923858844048e+00 7.380699577852729565e-01 4.601080233517352269e+01 1.549994700000000059e+01 7.954442999999999930e-01 3.681439999999999824e+00 2.571453499999643827e+04 7.451491232630197631e-04
3.100039916554957475e+00 7.511125999999952896e+00 1.300854943243092920e+00 7.380699577852729565e-01 4.601080233517352269e+01 1.549994700000000059e+01 7.954442999999999930e-01 3.681439999999999824e+00 2.571453499999643827e+04 7.451491232630197631e-04
3.100039916554957475e+00 7.511125999999952896e+00 1.300854923858844048e+00 7.380699726864341503e-01 4.601080233517352269e+01 1.549994700000000059e+01 7.954442999999999930e-01 3.681439999999999824e+00 2.571453499999643827e+04 7.451491232630197631e-04
3.100039916554957475e+00 7.511125999999952896e+00 1.300854923858844048e+00 7.380699577852729565e-01 4.601080302078790396e+01 1.549994700000000059e+01 7.954442999999999930e-01 3.681439999999999824e+00 2.571453499999643827e+04 7.451491232630197631e-04
3.100039916554957475e+00 7.511125999999952896e+00 1.300854923858844048e+00 7.380699577852729565e-01 4.601080233517352269e+01 1.549994700000000059e+01 7.954442999999999930e-01 3.681439999999999824e+00 2.571453538317286802e+04 7.451491232630197631e-04
3.100039916554957475e+00 7.511125999999952896e+00 1.300854923858844048e+00 7.380699577852729565e-01 4.601080233517352269e+01 1.549994700000000059e+01 7.954442999999999930e-01 3.681439999999999824e+00 2.571453499999643827e+04 7.451640244242136108e-04
3.064661897162451076e+00 7.511125999999899605e+00 1.336441368900346482e+00 1.090848706699428350e+00 4.974274694756627468e+01 1.549994700000000059e+01 7.954442999999999930e-01 3.681439999999999824e+00 2.571453499999475025e+04 9.864418764957087055e-04
3.064661942829471908e+00 7.511125999999899605e+00 1.336441368900346482e+00 1.090848706699428350e+00 4.974274694756627468e+01 1.549994700000000059e+01 7.954442999999999930e-01 3.681439999999999824e+00 2.571453499999475025e+04 9.864418764957087055e-04
3.064661897162451076e+00 7.511126111924398607e+00 1.336441368900346482e+00 1.090848706699428350e+00 4.974274694756627468e+01 1.549994700000000059e+01 7.954442999999999930e-01 3.681439999999999824e+00 2.571453499999475025e+04 9.864418764957087055e-04
3.064661897162451076e+00 7.511125999999899605e+00 1.336441388814874731e+00 1.090848706699428350e+00 4.974274694756627468e+01 1.549994700000000059e+01 7.954442999999999930e-01 3.681439999999999824e+00 2.571453499999475025e+04 9.864418764957087055e-04
3.064661897162451076e+00 7.511125999999899605e+00 1.336441368900346482e+00 1.090848722954340877e+00 4.974274694756627468e+01 1.549994700000000059e+01 7.954442999999999930e-01 3.681439999999999824e+00 2.571453499999475025e+04 9.864418764957087055e-04
3.064661897162451076e+00 7.511125999999899605e+00 1.336441368900346482e+00 1.090848706699428350e+00 4.974274768879096342e+01 1.549994700000000059e+01 7.954442999999999930e-01 3.681439999999999824e+00 2.571453499999475025e+04 9.864418764957087055e-04
3.064661897162451076e+00 7.511125999999899605e+00 1.336441368900346482e+00 1.090848706699428350e+00 4.974274694756627468e+01 1.549994700000000059e+01 7.954442999999999930e-01 3.681439999999999824e+00 2.571453538317118000e+04 9.864418764957087055e-04
3.064661897162451076e+00 7.511125999999899605e+00 1.336441368900346482e+00 1.090848706699428350e+00 4.974274694756627468e+01 1.549994700000000059e+01 7.954442999999999930e-01 3.681439999999999824e+00 2.571453499999475025e+04 9.864567776569025531e-04
3.048458547725603651e+00 7.511125999999912040e+00 1.355034285850092779e+00 4.469090099843947561e-01 5.202297593988719626e+01 1.549994700000000059e+01 7.954442999999999930e-01 3.681439999999999824e+00 2.571453499999427368e+04 1.111375619994282643e-03
3.048458593151175844e+00 7.511125999999912040e+00 1.355034285850092779e+00 4.469090099843947561e-01 5.202297593988719626e+01 1.549994700000000059e+01 7.954442999999999930e-01 3.681439999999999824e+00 2.571453499999427368e+04 1.111375619994282643e-03
3.048458547725603651e+00 7.511126111924411042e+00 1.355034285850092779e+00 4.469090099843947561e-01 5.202297593988719626e+01 1.549994700000000059e+01 7.954442999999999930e-01 3.681439999999999824e+00 2.571453499999427368e+04 1.111375619994282643e-03
3.048458547725603651e+00 7.511125999999912040e+00 1.355034306041677183e+00 4.469090099843947561e-01 5.202297593988719626e+01 1.549994700000000059e+01 7.954442999999999930e-01 3.681439999999999824e+00 2.571453499999427368e+04 1.111375619994282643e-03
3.048458547725603651e+00 7.511125999999912040e+00 1.355034285850092779e+00 4.469090248855559500e-01 5.202297593988719626e+01 1.549994700000000059e+01 7.954442999999999930e-01 3.681439999999999824e+00 2.571453499999427368e+04 1.111375619994282643e-03
3.048458547725603651e+00 7.511125999999912040e+00 1.355034285850092779e+00 4.469090099843947561e-01 5.202297671508994625e+01 1.549994700000000059e+01 7.954442999999999930e-01 3.681439999999999824e+00 2.571453499999427368e+04 1.111375619994282643e-03
3.048458547725603651e+00 7.511125999999912040e+00 1.355034285850092779e+00 4.469090099843947561e-01 5.202297593988719626e+01 1.549994700000000059e+01 7.954442999999999930e-01 3.681439999999999824e+00 2.571453538317070343e+04 1.111375619994282643e-03
3.048458547725603651e+00 7.511125999999912040e+00 1.355034285850092779e+00 4.469090099843947561e-01 5.202297593988719626e+01 1.549994700000000059e+01 7.954442999999999930e-01 3.681439999999999824e+00 2.571453499999427368e+04 1.111390521155476490e-03
3.040810294069871578e+00 7.511125999999748615e+00 1.362801779333213448e+00 3.618821999054478988e-01 5.329584497623834949e+01 1.549994700000000059e+01 7.954442999999999930e-01 3.681439999999999824e+00 2.571453499999547057e+04 1.173485034412117840e-03
3.040810339381475824e+00 7.511125999999748615e+00 1.362801779333213448e+00 3.618821999054478988e-01 5.329584497623834949e+01 1.549994700000000059e+01 7.954442999999999930e-01 3.681439999999999824e+00 2.571453499999547057e+04 1.173485034412117840e-03
3.040810294069871578e+00 7.511126111924247617e+00 1.362801779333213448e+00 3.618821999054478988e-01 5.329584497623834949e+01 1.549994700000000059e+01 7.954442999999999930e-01 3.681439999999999824e+00 2.571453499999547057e+04 1.173485034412117840e-03
3.040810294069871578e+00 7.511125999999748615e+00 1.362801799640542377e+00 3.618821999054478988e-01 5.329584497623834949e+01 1.549994700000000059e+01 7.954442999999999930e-01 3.681439999999999824e+00 2.571453499999547057e+04 1.173485034412117840e-03
3.040810294069871578e+00 7.511125999999748615e+00 1.362801779333213448e+00 3.618822148066090927e-01 5.329584497623834949e+01 1.549994700000000059e+01 7.954442999999999930e-01 3.681439999999999824e+00 2.571453499999547057e+04 1.173485034412117840e-03
3.040810294069871578e+00 7.511125999999748615e+00 1.362801779333213448e+00 3.618821999054478988e-01 5.329584577040832727e+01 1.549994700000000059e+01 7.954442999999999930e-01 3.681439999999999824e+00 2.571453499999547057e+04 1.173485034412117840e-03
3.040810294069871578e+00 7.511125999999748615e+00 1.362801779333213448e+00 3.618821999054478988e-01 5.329584497623834949e+01 1.549994700000000059e+01 7.954442999999999930e-01 3.681439999999999824e+00 2.571453538317190032e+04 1.173485034412117840e-03
3.040810294069871578e+00 7.511125999999748615e+00 1.362801779333213448e+00 3.618821999054478988e-01 5.329584497623834949e+01 1.549994700000000059e+01 7.954442999999999930e-01 3.681439999999999824e+00 2.571453499999547057e+04 1.173499935573311687e-03
3.038307101308603819e+00 7.511126000040568407e+00 1.368475852906736678e+00 1.060258409980777694e-01 5.382318145632192596e+01 1.549994700000000059e+01 7.954442999999999930e-01 3.681439999999999824e+00 2.571453500006156173e+04 1.199994694810718092e-03
3.038307146582907681e+00 7.511126000040568407e+00 1.368475852906736678e+00 1.060258409980777694e-01 5.382318145632192596e+01 1.549994700000000059e+01 7.954442999999999930e-01 3.681439999999999824e+00 2.571453500006156173e+04 1.199994694810718092e-03
3.038307101308603819e+00 7.511126111965067409e+00 1.368475852906736678e+00 1.060258409980777694e-01 5.382318145632192596e+01 1.549994700000000059e+01 7.954442999999999930e-01 3.681439999999999824e+00 2.571453500006156173e+04 1.199994694810718092e-03
3.038307101308603819e+00 7.511126000040568407e+00 1.368475873298615975e+00 1.060258409980777694e-01 5.382318145632192596e+01 1.549994700000000059e+01 7.954442999999999930e-01 3.681439999999999824e+00 2.571453500006156173e+04 1.199994694810718092e-03
3.038307101308603819e+00 7.511126000040568407e+00 1.368475852906736678e+00 1.060258558992389633e-01 5.382318145632192596e+01 1.549994700000000059e+01 7.954442999999999930e-01 3.681439999999999824e+00 2.571453500006156173e+04 1.199994694810718092e-03
3.038307101308603819e+00 7.511126000040568407e+00 1.368475852906736678e+00 1.060258409980777694e-01 5.382318225834983139e+01 1.549994700000000059e+01 7.954442999999999930e-01 3.681439999999999824e+00 2.571453500006156173e+04 1.199994694810718092e-03
3.038307101308603819e+00 7.511126000040568407e+00 1.368475852906736678e+00 1.060258409980777694e-01 5.382318145632192596e+01 1.549994700000000059e+01 7.954442999999999930e-01 3.681439999999999824e+00 2.571453538323799148e+04 1.199994694810718092e-03
3.038307101308603819e+00 7.511126000040568407e+00 1.368475852906736678e+00 1.060258409980777694e-01 5.382318145632192596e+01 1.549994700000000059e+01 7.954442999999999930e-01 3.681439999999999824e+00 2.571453500006156173e+04 1.200009595971911940e-03
3.036845582593623138e+00 7.511126000040622586e+00 1.371074400838443008e+00 1.862545658683251171e-02 5.414564431799640687e+01 1.549994700000000059e+01 7.954442999999999930e-01 3.681439999999999824e+00 2.571453500006259128e+04 1.215372216151115172e-03
3.036845627846148865e+00 7.511126000040622586e+00 1.371074400838443008e+00 1.862545658683251171e-02 5.414564431799640687e+01 1.549994700000000059e+01 7.954442999999999930e-01 3.681439999999999824e+00 2.571453500006259128e+04 1.215372216151115172e-03
3.036845582593623138e+00 7.511126111965121588e+00 1.371074400838443008e+00 1.862545658683251171e-02 5.414564431799640687e+01 1.549994700000000059e+01 7.954442999999999930e-01 3.681439999999999824e+00 2.571453500006259128e+04 1.215372216151115172e-03
3.036845582593623138e+00 7.511126000040622586e+00 1.371074421269043553e+00 1.862545658683251171e-02 5.414564431799640687e+01 1.549994700000000059e+01 7.954442999999999930e-01 3.681439999999999824e+00 2.571453500006259128e+04 1.215372216151115172e-03
3.036845582593623138e+00 7.511126000040622586e+00 1.371074400838443008e+00 1.862547148799370555e-02 5.414564431799640687e+01 1.549994700000000059e+01 7.954442999999999930e-01 3.681439999999999824e+00 2.571453500006259128e+04 1.215372216151115172e-03
3.036845582593623138e+00 7.511126000040622586e+00 1.371074400838443008e+00 1.862545658683251171e-02 5.414564512482937886e+01 1.549994700000000059e+01 7.954442999999999930e-01 3.681439999999999824e+00 2.571453500006259128e+04 1.215372216151115172e-03
3.036845582593623138e+00 7.511126000040622586e+00 1.371074400838443008e+00 1.862545658683251171e-02 5.414564431799640687e+01 1.549994700000000059e+01 7.954442999999999930e-01 3.681439999999999824e+00 2.571453538323902103e+04 1.215372216151115172e-03
3.036845582593623138e+00 7.511126000040622586e+00 1.371074400838443008e+00 1.862545658683251171e-02 5.414564431799640687e+01 1.549994700000000059e+01 7.954442999999999930e-01 3.681439999999999824e+00 2.571453500006259128e+04 1.215387117312309020e-03
3.042200767951217966e+00 7.428693907973269894e+00 1.372990071834660597e+00 1.864791562921246787e-02 5.424129400687982638e+01 1.549994700000000059e+01 7.954442999999999930e-01 3.681439999999999824e+00 2.571453497478204372e+04 3.723463578626987460e-04
3.042200813283542082e+00 7.428693907973269894e+00 1.372990071834660597e+00 1.864791562921246787e-02 5.424129400687982638e+01 1.549994700000000059e+01 7.954442999999999930e-01 3.681439999999999824e+00 2.571453497478204372e+04 3.723463578626987460e-04
3.042200767951217966e+00 7.428694018669435017e+00 1.372990071834660597e+00 1.864791562921246787e-02 5.424129400687982638e+01 1.549994700000000059e+01 7.954442999999999930e-01 3.681439999999999824e+00 2.571453497478204372e+04 3.723463578626987460e-04
3.042200767951217966e+00 7.428693907973269894e+00 1.372990092293806974e+00 1.864791562921246787e-02 5.424129400687982638e+01 1.549994700000000059e+01 7.954442999999999930e-01 3.681439999999999824e+00 2.571453497478204372e+04 3.723463578626987460e-04
3.042200767951217966e+00 7.428693907973269894e+00 1.372990071834660597e+00 1.864793053037366172e-02 5.424129400687982638e+01 1.549994700000000059e+01 7.954442999999999930e-01 3.681439999999999824e+00 2.571453497478204372e+04 3.723463578626987460e-04
3.042200767951217966e+00 7.428693907973269894e+00 1.372990071834660597e+00 1.864791562921246787e-02 5.424129481513809026e+01 1.549994700000000059e+01 7.954442999999999930e-01 3.681439999999999824e+00 2.571453497478204372e+04 3.723463578626987460e-04
3.042200767951217966e+00 7.428693907973269894e+00 1.372990071834660597e+00 1.864791562921246787e-02 5.424129400687982638e+01 1.549994700000000059e+01 7.954442999999999930e-01 3.681439999999999824e+00 2.571453535795847347e+04 3.723463578626987460e-04
3.042200767951217966e+00 7.428693907973269894e+00 1.372990071834660597e+00 1.864791562921246787e-02 5.424129400687982638e+01 1.549994700000000059e+01 7.954442999999999930e-01 3.681439999999999824e+00 2.571453497478204372e+04 3.723612590238925936e-04
3.078193443864499557e+00 7.425613071305108726e+00 1.297637279030348978e+00 1.735785578867183113e-02 5.424140091462148661e+01 1.549994700000000059e+01 7.954442999999999930e-01 3.681439999999999824e+00 2.571461309647340022e+04 -3.875734075350261224e-05
3.053872756613405848e+00 7.425541594007232682e+00 1.355718811051432438e+00 1.835265595583300199e-02 5.424134347965770075e+01 1.549994700000000059e+01 7.954442999999999930e-01 3.681439999999999824e+00 2.571455308594131930e+04 8.437731925178620310e-05
3.047042281072582792e+00 7.426620072016103968e+00 1.371207065194325336e+00 1.861788918565183276e-02 5.424132565208601875e+01 1.549994700000000059e+01 7.954442999999999930e-01 3.681439999999999824e+00 2.571453692598467751e+04 1.419892213977271087e-04
3.043454749202777254e+00 7.428345240932422655e+00 1.373322288063694163e+00 1.865378001659260404e-02 5.424130384398592497e+01 1.549994700000000059e+01 7.954442999999999930e-01 3.681439999999999824e+00 2.571453465728563970e+04 3.090818931291976646e-04
3.043454794553786869e+00 7.428345240932422655e+00 1.373322288063694163e+00 1.865378001659260404e-02 5.424130384398592497e+01 1.549994700000000059e+01 7.954442999999999930e-01 3.681439999999999824e+00 2.571453465728563970e+04 3.090818931291976646e-04
3.043454749202777254e+00 7.428345351623392823e+00 1.373322288063694163e+00 1.865378001659260404e-02 5.424130384398592497e+01 1.549994700000000059e+01 7.954442999999999930e-01 3.681439999999999824e+00 2.571453465728563970e+04 3.090818931291976646e-04
3.043454749202777254e+00 7.428345240932422655e+00 1.373322308527791025e+00 1.865378001659260404e-02 5.424130384398592497e+01 1.549994700000000059e+01 7.954442999999999930e-01 3.681439999999999824e+00 2.571453465728563970e+04 3.090818931291976646e-04
3.043454749202777254e+00 7.428345240932422655e+00 1.373322288063694163e+00 1.865379491775379789e-02 5.424130384398592497e+01 1.549994700000000059e+01 7.954442999999999930e-01 3.681439999999999824e+00 2.571453465728563970e+04 3.090818931291976646e-04
3.043454749202777254e+00 7.428345240932422655e+00 1.373322288063694163e+00 1.865378001659260404e-02 5.424130465224433806e+01 1.549994700000000059e+01 7.954442999999999930e-01 3.681439999999999824e+00 2.571453465728563970e+04 3.090818931291976646e-04
3.043454749202777254e+00 7.428345240932422655e+00 1.373322288063694163e+00 1.865378001659260404e-02 5.424130384398592497e+01 1.549994700000000059e+01 7.954442999999999930e-01 3.681439999999999824e+00 2.571453504046206581e+04 3.090818931291976646e-04
3.043454749202777254e+00 7.428345240932422655e+00 1.373322288063694163e+00 1.865378001659260404e-02 5.424130384398592497e+01 1.549994700000000059e+01 7.954442999999999930e-01 3.681439999999999824e+00 2.571453465728563970e+04 3.090967942903915123e-04
3.045688428234671008e+00 7.428197375030325844e+00 1.373184794105932749e+00 1.865371905657106297e-02 5.424203366495981271e+01 1.549994700000000059e+01 7.954442999999999930e-01 3.681439999999999824e+00 2.571453465729359232e+04 1.729658209756361280e-04
3.044011932724135505e+00 7.428336776393783758e+00 1.373379553620883042e+00 1.865379357235084912e-02 5.424138597662160066e+01 1.549994700000000059e+01 7.954442999999999930e-01 3.681439999999999824e+00 2.571453465728410811e+04 2.658634845078305291e-04
3.044011978083447811e+00 7.428336776393783758e+00 1.373379553620883042e+00 1.865379357235084912e-02 5.424138597662160066e+01 1.549994700000000059e+01 7.954442999999999930e-01 3.681439999999999824e+00 2.571453465728410811e+04 2.658634845078305291e-04
3.044011932724135505e+00 7.428336887084627804e+00 1.373379553620883042e+00 1.865379357235084912e-02 5.424138597662160066e+01 1.549994700000000059e+01 7.954442999999999930e-01 3.681439999999999824e+00 2.571453465728410811e+04 2.658634845078305291e-04
3.044011932724135505e+00 7.428336776393783758e+00 1.373379574085833221e+00 1.865379357235084912e-02 5.424138597662160066e+01 1.549994700000000059e+01 7.954442999999999930e-01 3.681439999999999824e+00 2.571453465728410811e+04 2.658634845078305291e-04
3.044011932724135505e+00 7.428336776393783758e+00 1.373379553620883042e+00 1.865380847351204296e-02 5.424138597662160066e+01 1.549994700000000059e+01 7.954442999999999930e-01 3.681439999999999824e+00 2.571453465728410811e+04 2.658634845078305291e-04
3.044011932724135505e+00 7.428336776393783758e+00 1.373379553620883042e+00 1.865379357235084912e-02 5.424138678488123588e+01 1.549994700000000059e+01 7.954442999999999930e-01 3.681439999999999824e+00 2.571453465728410811e+04 2.658634845078305291e-04
3.044011932724135505e+00 7.428336776393783758e+00 1.373379553620883042e+00 1.865379357235084912e-02 5.424138597662160066e+01 1.549994700000000059e+01 7.954442999999999930e-01 3.681439999999999824e+00 2.571453504046053422e+04 2.658634845078305291e-04
3.044011932724135505e+00 7.428336776393783758e+00 1.373379553620883042e+00 1.865379357235084912e-02 5.424138597662160066e+01 1.549994700000000059e+01 7.954442999999999930e-01 3.681439999999999824e+00 2.571453465728410811e+04 2.658783856690243768e-04
3.045139255062402572e+00 7.428312624931294295e+00 1.373363383657612680e+00 1.865378428844281442e-02 5.424151705512275612e+01 1.549994700000000059e+01 7.954442999999999930e-01 3.681439999999999824e+00 2.571453465728490846e+04 1.807129517345924764e-04
3.044291759527621544e+00 7.428333226913909293e+00 1.373397796672163773e+00 1.865380212419848194e-02 5.424141680340218841e+01 1.549994700000000059e+01 7.954442999999999930e-01 3.681439999999999824e+00 2.571453465728364972e+04 2.409920710607792898e-04
3.044291804891103848e+00 7.428333226913909293e+00 1.373397796672163773e+00 1.865380212419848194e-02 5.424141680340218841e+01 1.549994700000000059e+01 7.954442999999999930e-01 3.681439999999999824e+00 2.571453465728364972e+04 2.409920710607792898e-04
3.044291759527621544e+00 7.428333337604700048e+00 1.373397796672163773e+00 1.865380212419848194e-02 5.424141680340218841e+01 1.549994700000000059e+01 7.954442999999999930e-01 3.681439999999999824e+00 2.571453465728364972e+04 2.409920710607792898e-04
3.044291759527621544e+00 7.428333226913909293e+00 1.373397817137385735e+00 1.865380212419848194e-02 5.424141680340218841e+01 1.549994700000000059e+01 7.954442999999999930e-01 3.681439999999999824e+00 2.571453465728364972e+04 2.409920710607792898e-04
3.044291759527621544e+00 7.428333226913909293e+00 1.373397796672163773e+00 1.865381702535967579e-02 5.424141680340218841e+01 1.549994700000000059e+01 7.954442999999999930e-01 3.681439999999999824e+00 2.571453465728364972e+04 2.409920710607792898e-04
3.044291759527621544e+00 7.428333226913909293e+00 1.373397796672163773e+00 1.865380212419848194e-02 5.424141761166228548e+01 1.549994700000000059e+01 7.954442999999999930e-01 3.681439999999999824e+00 2.571453465728364972e+04 2.409920710607792898e-04
3.044291759527621544e+00 7.428333226913909293e+00 1.373397796672163773e+00 1.865380212419848194e-02 5.424141680340218841e+01 1.549994700000000059e+01 7.954442999999999930e-01 3.681439999999999824e+00 2.571453504046007583e+04 2.409920710607792898e-04
3.044291759527621544e+00 7.428333226913909293e+00 1.373397796672163773e+00 1.865380212419848194e-02 5.424141680340218841e+01 1.549994700000000059e+01 7.954442999999999930e-01 3.681439999999999824e+00 2.571453465728364972e+04 2.410069722219731374e-04
3.044611094128256035e+00 7.428209624760915730e+00 1.373443531580069044e+00 1.865536284387753554e-02 5.424141923532610576e+01 1.549994700000000059e+01 7.954442999999999930e-01 3.681439999999999824e+00 2.571453461645782227e+04 2.228995009413652746e-04
3.044371354872577928e+00 7.428304482220808858e+00 1.373411809631825964e+00 1.865428368465445533e-02 5.424141741483849444e+01 1.549994700000000059e+01 7.954442999999999930e-01 3.681439999999999824e+00 2.571453464439796880e+04 2.378230704506898677e-04
3.044371400237246394e+00 7.428304482220808858e+00 1.373411809631825964e+00 1.865428368465445533e-02 5.424141741483849444e+01 1.549994700000000059e+01 7.954442999999999930e-01 3.681439999999999824e+00 2.571453464439796880e+04 2.378230704506898677e-04
3.044371354872577928e+00 7.428304592911171511e+00 1.373411809631825964e+00 1.865428368465445533e-02 5.424141741483849444e+01 1.549994700000000059e+01 7.954442999999999930e-01 3.681439999999999824e+00 2.571453464439796880e+04 2.378230704506898677e-04
3.044371354872577928e+00 7.428304482220808858e+00 1.373411830097256647e+00 1.865428368465445533e-02 5.424141741483849444e+01 1.549994700000000059e+01 7.954442999999999930e-01 3.681439999999999824e+00 2.571453464439796880e+04 2.378230704506898677e-04
3.044371354872577928e+00 7.428304482220808858e+00 1.373411809631825964e+00 1.865429858581564918e-02 5.424141741483849444e+01 1.549994700000000059e+01 7.954442999999999930e-01 3.681439999999999824e+00 2.571453464439796880e+04 2.378230704506898677e-04
3.044371354872577928e+00 7.428304482220808858e+00 1.373411809631825964e+00 1.865428368465445533e-02 5.424141822309859862e+01 1.549994700000000059e+01 7.954442999999999930e-01 3.681439999999999824e+00 2.571453464439796880e+04 2.378230704506898677e-04
3.044371354872577928e+00 7.428304482220808858e+00 1.373411809631825964e+00 1.865428368465445533e-02 5.424141741483849444e+01 1.549994700000000059e+01 7.954442999999999930e-01 3.681439999999999824e+00 2.571453502757439492e+04 2.378230704506898677e-04
3.044371354872577928e+00 7.428304482220808858e+00 1.373411809631825964e+00 1.865428368465445533e-02 5.424141741483849444e+01 1.549994700000000059e+01 7.954442999999999930e-01 3.681439999999999824e+00 2.571453464439796880e+04 2.378379716118837154e-04
