3.303662000000000099e+00 1.054415000000000013e+01 2.926740999999999815e+00 1.671997199999999850e+01 3.571733999999999742e-01 1.530525399999999969e+01 7.001581000000000055e-01 3.097326999999999941e+00 3.016286899999999878e+04 3.253563999999999901e+00 8.825920999999999239e+00 1.059549999999999992e+00 1.834474000000000160e+01 2.191357299999999952e+01 1.500000000000000000e+01 7.234983000000000386e-01 3.013116999999999823e+00 1.906309500000000116e+04 0.000000000000000000e+00
3.303662049228400122e+00 1.054415000000000013e+01 2.926740999999999815e+00 1.671997199999999850e+01 3.571733999999999742e-01 1.530525399999999969e+01 7.001581000000000055e-01 3.097326999999999941e+00 3.016286899999999878e+04 3.253563999999999901e+00 8.825920999999999239e+00 1.059549999999999992e+00 1.834474000000000160e+01 2.191357299999999952e+01 1.500000000000000000e+01 7.234983000000000386e-01 3.013116999999999823e+00 1.906309500000000116e+04 0.000000000000000000e+00
3.303662000000000099e+00 1.054415015712007886e+01 2.926740999999999815e+00 1.671997199999999850e+01 3.571733999999999742e-01 1.530525399999999969e+01 7.001581000000000055e-01 3.097326999999999941e+00 3.016286899999999878e+04 3.253563999999999901e+00 8.825920999999999239e+00 1.059549999999999992e+00 1.834474000000000160e+01 2.191357299999999952e+01 1.500000000000000000e+01 7.234983000000000386e-01 3.013116999999999823e+00 1.906309500000000116e+04 0.000000000000000000e+00
3.303662000000000099e+00 1.054415000000000013e+01 2.926741043611839288e+00 1.671997199999999850e+01 3.571733999999999742e-01 1.530525399999999969e+01 7.001581000000000055e-01 3.097326999999999941e+00 3.016286899999999878e+04 3.253563999999999901e+00 8.825920999999999239e+00 1.059549999999999992e+00 1.834474000000000160e+01 2.191357299999999952e+01 1.500000000000000000e+01 7.234983000000000386e-01 3.013116999999999823e+00 1.906309500000000116e+04 0.000000000000000000e+00
3.303662000000000099e+00 1.054415000000000013e+01 2.926740999999999815e+00 1.671997224914699487e+01 3.571733999999999742e-01 1.530525399999999969e+01 7.001581000000000055e-01 3.097326999999999941e+00 3.016286899999999878e+04 3.253563999999999901e+00 8.825920999999999239e+00 1.059549999999999992e+00 1.834474000000000160e+01 2.191357299999999952e+01 1.500000000000000000e+01 7.234983000000000386e-01 3.013116999999999823e+00 1.906309500000000116e+04 0.000000000000000000e+00
3.303662000000000099e+00 1.054415000000000013e+01 2.926740999999999815e+00 1.671997199999999850e+01 3.571734149011611681e-01 1.530525399999999969e+01 7.001581000000000055e-01 3.097326999999999941e+00 3.016286899999999878e+04 3.253563999999999901e+00 8.825920999999999239e+00 1.059549999999999992e+00 1.834474000000000160e+01 2.191357299999999952e+01 1.500000000000000000e+01 7.234983000000000386e-01 3.013116999999999823e+00 1.906309500000000116e+04 0.000000000000000000e+00
3.303662000000000099e+00 1.054415000000000013e+01 2.926740999999999815e+00 1.671997199999999850e+01 3.571733999999999742e-01 1.530525399999999969e+01 7.001581000000000055e-01 3.097326999999999941e+00 3.016286944946177027e+04 3.253563999999999901e+00 8.825920999999999239e+00 1.059549999999999992e+00 1.834474000000000160e+01 2.191357299999999952e+01 1.500000000000000000e+01 7.234983000000000386e-01 3.013116999999999823e+00 1.906309500000000116e+04 0.000000000000000000e+00
3.303662000000000099e+00 1.054415000000000013e+01 2.926740999999999815e+00 1.671997199999999850e+01 3.571733999999999742e-01 1.530525399999999969e+01 7.001581000000000055e-01 3.097326999999999941e+00 3.016286899999999878e+04 3.253564048481881521e+00 8.825920999999999239e+00 1.059549999999999992e+00 1.834474000000000160e+01 2.191357299999999952e+01 1.500000000000000000e+01 7.234983000000000386e-01 3.013116999999999823e+00 1.906309500000000116e+04 0.000000000000000000e+00
3.303662000000000099e+00 1.054415000000000013e+01 2.926740999999999815e+00 1.671997199999999850e+01 3.571733999999999742e-01 1.530525399999999969e+01 7.001581000000000055e-01 3.097326999999999941e+00 3.016286899999999878e+04 3.253563999999999901e+00 8.825921131516471618e+00 1.059549999999999992e+00 1.834474000000000160e+01 2.191357299999999952e+01 1.500000000000000000e+01 7.234983000000000386e-01 3.013116999999999823e+00 1.906309500000000116e+04 0.000000000000000000e+00
3.303662000000000099e+00 1.054415000000000013e+01 2.926740999999999815e+00 1.671997199999999850e+01 3.571733999999999742e-01 1.530525399999999969e+01 7.001581000000000055e-01 3.097326999999999941e+00 3.016286899999999878e+04 3.253563999999999901e+00 8.825920999999999239e+00 1.059550015788525368e+00 1.834474000000000160e+01 2.191357299999999952e+01 1.500000000000000000e+01 7.234983000000000386e-01 3.013116999999999823e+00 1.906309500000000116e+04 0.000000000000000000e+00
3.303662000000000099e+00 1.054415000000000013e+01 2.926740999999999815e+00 1.671997199999999850e+01 3.571733999999999742e-01 1.530525399999999969e+01 7.001581000000000055e-01 3.097326999999999941e+00 3.016286899999999878e+04 3.253563999999999901e+00 8.825920999999999239e+00 1.059549999999999992e+00 1.834474027335792812e+01 2.191357299999999952e+01 1.500000000000000000e+01 7.234983000000000386e-01 3.013116999999999823e+00 1.906309500000000116e+04 0.000000000000000000e+00
3.303662000000000099e+00 1.054415000000000013e+01 2.926740999999999815e+00 1.671997199999999850e+01 3.571733999999999742e-01 1.530525399999999969e+01 7.001581000000000055e-01 3.097326999999999941e+00 3.016286899999999878e+04 3.253563999999999901e+00 8.825920999999999239e+00 1.059549999999999992e+00 1.834474000000000160e+01 2.191357332653768353e+01 1.500000000000000000e+01 7.234983000000000386e-01 3.013116999999999823e+00 1.906309500000000116e+04 0.000000000000000000e+00
3.303662000000000099e+00 1.054415000000000013e+01 2.926740999999999815e+00 1.671997199999999850e+01 3.571733999999999742e-01 1.530525399999999969e+01 7.001581000000000055e-01 3.097326999999999941e+00 3.016286899999999878e+04 3.253563999999999901e+00 8.825920999999999239e+00 1.059549999999999992e+00 1.834474000000000160e+01 2.191357299999999952e+01 1.500000000000000000e+01 7.234983000000000386e-01 3.013116999999999823e+00 1.906309528406225218e+04 0.000000000000000000e+00
3.303662000000000099e+00 1.054415000000000013e+01 2.926740999999999815e+00 1.671997199999999850e+01 3.571733999999999742e-01 1.530525399999999969e+01 7.001581000000000055e-01 3.097326999999999941e+00 3.016286899999999878e+04 3.253563999999999901e+00 8.825920999999999239e+00 1.059549999999999992e+00 1.834474000000000160e+01 2.191357299999999952e+01 1.500000000000000000e+01 7.234983000000000386e-01 3.013116999999999823e+00 1.906309500000000116e+04 1.490116119384765625e-08
2.672992742688097945e+00 1.054414999985515600e+01 2.759812417785829552e+01 8.694094396896064225e+00 1.524701593577881908e+01 1.530525399999999969e+01 7.001581000000000055e-01 3.097326999999999941e+00 3.016286899973875188e+04 3.258548463751237190e+00 8.825921000093492452e+00 1.166159629379035501e+00 5.431458270607443239e+01 1.850510752906784617e+01 1.500000000000000000e+01 7.234983000000000386e-01 3.013116999999999823e+00 1.906309499982391208e+04 1.229560861859985707e-03
3.230858807143272671e+00 1.054415000964525184e+01 1.226091520032108306e+00 1.652678943549280532e+01 1.785545946242040660e+00 1.530525399999999969e+01 7.001581000000000055e-01 3.097326999999999941e+00 3.016286859511227522e+04 3.331005850930845558e+00 8.825920890231859772e+00 1.228944035627799858e+00 2.143244946367921955e+01 1.495816616708481206e+01 1.500000000000000000e+01 7.234983000000000386e-01 3.013116999999999823e+00 1.906309474682939253e+04 1.499264183500068374e-03
3.230858855286820486e+00 1.054415000964525184e+01 1.226091520032108306e+00 1.652678943549280532e+01 1.785545946242040660e+00 1.530525399999999969e+01 7.001581000000000055e-01 3.097326999999999941e+00 3.016286859511227522e+04 3.331005850930845558e+00 8.825920890231859772e+00 1.228944035627799858e+00 2.143244946367921955e+01 1.495816616708481206e+01 1.500000000000000000e+01 7.234983000000000386e-01 3.013116999999999823e+00 1.906309474682939253e+04 1.499264183500068374e-03
3.230858807143272671e+00 1.054415016676533057e+01 1.226091520032108306e+00 1.652678943549280532e+01 1.785545946242040660e+00 1.530525399999999969e+01 7.001581000000000055e-01 3.097326999999999941e+00 3.016286859511227522e+04 3.331005850930845558e+00 8.825920890231859772e+00 1.228944035627799858e+00 2.143244946367921955e+01 1.495816616708481206e+01 1.500000000000000000e+01 7.234983000000000386e-01 3.013116999999999823e+00 1.906309474682939253e+04 1.499264183500068374e-03
3.230858807143272671e+00 1.054415000964525184e+01 1.226091538302295669e+00 1.652678943549280532e+01 1.785545946242040660e+00 1.530525399999999969e+01 7.001581000000000055e-01 3.097326999999999941e+00 3.016286859511227522e+04 3.331005850930845558e+00 8.825920890231859772e+00 1.228944035627799858e+00 2.143244946367921955e+01 1.495816616708481206e+01 1.500000000000000000e+01 7.234983000000000386e-01 3.013116999999999823e+00 1.906309474682939253e+04 1.499264183500068374e-03
3.230858807143272671e+00 1.054415000964525184e+01 1.226091520032108306e+00 1.652678968176115859e+01 1.785545946242040660e+00 1.530525399999999969e+01 7.001581000000000055e-01 3.097326999999999941e+00 3.016286859511227522e+04 3.331005850930845558e+00 8.825920890231859772e+00 1.228944035627799858e+00 2.143244946367921955e+01 1.495816616708481206e+01 1.500000000000000000e+01 7.234983000000000386e-01 3.013116999999999823e+00 1.906309474682939253e+04 1.499264183500068374e-03
3.230858807143272671e+00 1.054415000964525184e+01 1.226091520032108306e+00 1.652678943549280532e+01 1.785545972848748608e+00 1.530525399999999969e+01 7.001581000000000055e-01 3.097326999999999941e+00 3.016286859511227522e+04 3.331005850930845558e+00 8.825920890231859772e+00 1.228944035627799858e+00 2.143244946367921955e+01 1.495816616708481206e+01 1.500000000000000000e+01 7.234983000000000386e-01 3.013116999999999823e+00 1.906309474682939253e+04 1.499264183500068374e-03
3.230858807143272671e+00 1.054415000964525184e+01 1.226091520032108306e+00 1.652678943549280532e+01 1.785545946242040660e+00 1.530525399999999969e+01 7.001581000000000055e-01 3.097326999999999941e+00 3.016286904457404307e+04 3.331005850930845558e+00 8.825920890231859772e+00 1.228944035627799858e+00 2.143244946367921955e+01 1.495816616708481206e+01 1.500000000000000000e+01 7.234983000000000386e-01 3.013116999999999823e+00 1.906309474682939253e+04 1.499264183500068374e-03
3.230858807143272671e+00 1.054415000964525184e+01 1.226091520032108306e+00 1.652678943549280532e+01 1.785545946242040660e+00 1.530525399999999969e+01 7.001581000000000055e-01 3.097326999999999941e+00 3.016286859511227522e+04 3.331005900566700539e+00 8.825920890231859772e+00 1.228944035627799858e+00 2.143244946367921955e+01 1.495816616708481206e+01 1.500000000000000000e+01 7.234983000000000386e-01 3.013116999999999823e+00 1.906309474682939253e+04 1.499264183500068374e-03
3.230858807143272671e+00 1.054415000964525184e+01 1.226091520032108306e+00 1.652678943549280532e+01 1.785545946242040660e+00 1.530525399999999969e+01 7.001581000000000055e-01 3.097326999999999941e+00 3.016286859511227522e+04 3.331005850930845558e+00 8.825921021748330375e+00 1.228944035627799858e+00 2.143244946367921955e+01 1.495816616708481206e+01 1.500000000000000000e+01 7.234983000000000386e-01 3.013116999999999823e+00 1.906309474682939253e+04 1.499264183500068374e-03
3.230858807143272671e+00 1.054415000964525184e+01 1.226091520032108306e+00 1.652678943549280532e+01 1.785545946242040660e+00 1.530525399999999969e+01 7.001581000000000055e-01 3.097326999999999941e+00 3.016286859511227522e+04 3.331005850930845558e+00 8.825920890231859772e+00 1.228944053940492998e+00 2.143244946367921955e+01 1.495816616708481206e+01 1.500000000000000000e+01 7.234983000000000386e-01 3.013116999999999823e+00 1.906309474682939253e+04 1.499264183500068374e-03
3.230858807143272671e+00 1.054415000964525184e+01 1.226091520032108306e+00 1.652678943549280532e+01 1.785545946242040660e+00 1.530525399999999969e+01 7.001581000000000055e-01 3.097326999999999941e+00 3.016286859511227522e+04 3.331005850930845558e+00 8.825920890231859772e+00 1.228944035627799858e+00 2.143244978304760551e+01 1.495816616708481206e+01 1.500000000000000000e+01 7.234983000000000386e-01 3.013116999999999823e+00 1.906309474682939253e+04 1.499264183500068374e-03
3.230858807143272671e+00 1.054415000964525184e+01 1.226091520032108306e+00 1.652678943549280532e+01 1.785545946242040660e+00 1.530525399999999969e+01 7.001581000000000055e-01 3.097326999999999941e+00 3.016286859511227522e+04 3.331005850930845558e+00 8.825920890231859772e+00 1.228944035627799858e+00 2.143244946367921955e+01 1.495816638997885661e+01 1.500000000000000000e+01 7.234983000000000386e-01 3.013116999999999823e+00 1.906309474682939253e+04 1.499264183500068374e-03
3.230858807143272671e+00 1.054415000964525184e+01 1.226091520032108306e+00 1.652678943549280532e+01 1.785545946242040660e+00 1.530525399999999969e+01 7.001581000000000055e-01 3.097326999999999941e+00 3.016286859511227522e+04 3.331005850930845558e+00 8.825920890231859772e+00 1.228944035627799858e+00 2.143244946367921955e+01 1.495816616708481206e+01 1.500000000000000000e+01 7.234983000000000386e-01 3.013116999999999823e+00 1.906309503089163991e+04 1.499264183500068374e-03
3.230858807143272671e+00 1.054415000964525184e+01 1.226091520032108306e+00 1.652678943549280532e+01 1.785545946242040660e+00 1.530525399999999969e+01 7.001581000000000055e-01 3.097326999999999941e+00 3.016286859511227522e+04 3.331005850930845558e+00 8.825920890231859772e+00 1.228944035627799858e+00 2.143244946367921955e+01 1.495816616708481206e+01 1.500000000000000000e+01 7.234983000000000386e-01 3.013116999999999823e+00 1.906309474682939253e+04 1.499279084661262222e-03
2.675761345796138002e+00 1.054415136877705272e+01 1.854721528053202562e+00 2.347711844684160809e+01 9.029169238133535558e+00 1.530525399999999969e+01 7.001581000000000055e-01 3.097326999999999941e+00 3.016286718957624544e+04 3.367355842140630884e+00 8.825921233456764270e+00 2.093091955649091673e+00 2.400262623475559209e+01 2.031602341895631980e+01 1.500000000000000000e+01 7.234983000000000386e-01 3.013116999999999823e+00 1.906309384063727703e+04 1.845320757793737169e-03
2.971377608426720940e+00 1.054415569117462326e+01 2.351167998061345799e+00 1.798722042784813269e+01 3.952681478663478298e+00 1.530525399999999969e+01 7.001581000000000055e-01 3.097326999999999941e+00 3.016286399763833469e+04 3.377953966084539683e+00 8.825920904532136291e+00 1.696182557574656524e+00 2.119089979186016492e+01 1.535184868858375928e+01 1.500000000000000000e+01 7.234983000000000386e-01 3.013116999999999823e+00 1.906309182779417097e+04 1.983217544483294181e-03
3.063090841916113582e+00 1.054415781488465242e+01 1.775484045312540005e+00 1.673929493393097090e+01 2.005334451662370121e+00 1.530525399999999969e+01 7.001581000000000055e-01 3.097326999999999941e+00 3.016286299222084199e+04 3.368214656258623929e+00 8.825921237064587643e+00 1.547222462104343332e+00 2.139755892220826183e+01 1.505777706894664725e+01 1.500000000000000000e+01 7.234983000000000386e-01 3.013116999999999823e+00 1.906309118141541330e+04 2.041336715773600045e-03
3.105562486154235025e+00 1.054392585207052591e+01 1.198778188299541858e+00 1.652041024179650464e+01 1.784781491722906344e+00 1.530525399999999969e+01 7.001581000000000055e-01 3.097326999999999941e+00 3.016275308497668811e+04 3.372535441572446224e+00 8.825765408245036525e+00 1.352197348126043863e+00 2.143465170414408405e+01 1.494509362987979273e+01 1.500000000000000000e+01 7.234983000000000386e-01 3.013116999999999823e+00 1.906302231149835643e+04 2.067802473218741197e-03
3.185779366243145727e+00 1.053969310241248003e+01 1.225172713931972357e+00 1.652579890721798961e+01 1.784592909660910776e+00 1.530525399999999969e+01 7.001581000000000055e-01 3.097326999999999941e+00 3.016284446782819941e+04 3.337607874605967417e+00 8.822837394646082743e+00 1.224943325432920727e+00 2.143209996105930415e+01 1.495799283867470919e+01 1.500000000000000000e+01 7.234983000000000386e-01 3.013116999999999823e+00 1.906307889528334999e+04 2.538922604602952653e-03
3.185779413714957542e+00 1.053969310241248003e+01 1.225172713931972357e+00 1.652579890721798961e+01 1.784592909660910776e+00 1.530525399999999969e+01 7.001581000000000055e-01 3.097326999999999941e+00 3.016284446782819941e+04 3.337607874605967417e+00 8.822837394646082743e+00 1.224943325432920727e+00 2.143209996105930415e+01 1.495799283867470919e+01 1.500000000000000000e+01 7.234983000000000386e-01 3.013116999999999823e+00 1.906307889528334999e+04 2.538922604602952653e-03
3.185779366243145727e+00 1.053969325946614610e+01 1.225172713931972357e+00 1.652579890721798961e+01 1.784592909660910776e+00 1.530525399999999969e+01 7.001581000000000055e-01 3.097326999999999941e+00 3.016284446782819941e+04 3.337607874605967417e+00 8.822837394646082743e+00 1.224943325432920727e+00 2.143209996105930415e+01 1.495799283867470919e+01 1.500000000000000000e+01 7.234983000000000386e-01 3.013116999999999823e+00 1.906307889528334999e+04 2.538922604602952653e-03
3.185779366243145727e+00 1.053969310241248003e+01 1.225172732188468450e+00 1.652579890721798961e+01 1.784592909660910776e+00 1.530525399999999969e+01 7.001581000000000055e-01 3.097326999999999941e+00 3.016284446782819941e+04 3.337607874605967417e+00 8.822837394646082743e+00 1.224943325432920727e+00 2.143209996105930415e+01 1.495799283867470919e+01 1.500000000000000000e+01 7.234983000000000386e-01 3.013116999999999823e+00 1.906307889528334999e+04 2.538922604602952653e-03
3.185779366243145727e+00 1.053969310241248003e+01 1.225172713931972357e+00 1.652579915347158135e+01 1.784592909660910776e+00 1.530525399999999969e+01 7.001581000000000055e-01 3.097326999999999941e+00 3.016284446782819941e+04 3.337607874605967417e+00 8.822837394646082743e+00 1.224943325432920727e+00 2.143209996105930415e+01 1.495799283867470919e+01 1.500000000000000000e+01 7.234983000000000386e-01 3.013116999999999823e+00 1.906307889528334999e+04 2.538922604602952653e-03
3.185779366243145727e+00 1.053969310241248003e+01 1.225172713931972357e+00 1.652579890721798961e+01 1.784592936253417417e+00 1.530525399999999969e+01 7.001581000000000055e-01 3.097326999999999941e+00 3.016284446782819941e+04 3.337607874605967417e+00 8.822837394646082743e+00 1.224943325432920727e+00 2.143209996105930415e+01 1.495799283867470919e+01 1.500000000000000000e+01 7.234983000000000386e-01 3.013116999999999823e+00 1.906307889528334999e+04 2.538922604602952653e-03
3.185779366243145727e+00 1.053969310241248003e+01 1.225172713931972357e+00 1.652579890721798961e+01 1.784592909660910776e+00 1.530525399999999969e+01 7.001581000000000055e-01 3.097326999999999941e+00 3.016284491728960711e+04 3.337607874605967417e+00 8.822837394646082743e+00 1.224943325432920727e+00 2.143209996105930415e+01 1.495799283867470919e+01 1.500000000000000000e+01 7.234983000000000386e-01 3.013116999999999823e+00 1.906307889528334999e+04 2.538922604602952653e-03
3.185779366243145727e+00 1.053969310241248003e+01 1.225172713931972357e+00 1.652579890721798961e+01 1.784592909660910776e+00 1.530525399999999969e+01 7.001581000000000055e-01 3.097326999999999941e+00 3.016284446782819941e+04 3.337607924340200150e+00 8.822837394646082743e+00 1.224943325432920727e+00 2.143209996105930415e+01 1.495799283867470919e+01 1.500000000000000000e+01 7.234983000000000386e-01 3.013116999999999823e+00 1.906307889528334999e+04 2.538922604602952653e-03
3.185779366243145727e+00 1.053969310241248003e+01 1.225172713931972357e+00 1.652579890721798961e+01 1.784592909660910776e+00 1.530525399999999969e+01 7.001581000000000055e-01 3.097326999999999941e+00 3.016284446782819941e+04 3.337607874605967417e+00 8.822837526116604323e+00 1.224943325432920727e+00 2.143209996105930415e+01 1.495799283867470919e+01 1.500000000000000000e+01 7.234983000000000386e-01 3.013116999999999823e+00 1.906307889528334999e+04 2.538922604602952653e-03
3.185779366243145727e+00 1.053969310241248003e+01 1.225172713931972357e+00 1.652579890721798961e+01 1.784592909660910776e+00 1.530525399999999969e+01 7.001581000000000055e-01 3.097326999999999941e+00 3.016284446782819941e+04 3.337607874605967417e+00 8.822837394646082743e+00 1.224943343685998665e+00 2.143209996105930415e+01 1.495799283867470919e+01 1.500000000000000000e+01 7.234983000000000386e-01 3.013116999999999823e+00 1.906307889528334999e+04 2.538922604602952653e-03
3.185779366243145727e+00 1.053969310241248003e+01 1.225172713931972357e+00 1.652579890721798961e+01 1.784592909660910776e+00 1.530525399999999969e+01 7.001581000000000055e-01 3.097326999999999941e+00 3.016284446782819941e+04 3.337607874605967417e+00 8.822837394646082743e+00 1.224943325432920727e+00 2.143210028042248183e+01 1.495799283867470919e+01 1.500000000000000000e+01 7.234983000000000386e-01 3.013116999999999823e+00 1.906307889528334999e+04 2.538922604602952653e-03
3.185779366243145727e+00 1.053969310241248003e+01 1.225172713931972357e+00 1.652579890721798961e+01 1.784592909660910776e+00 1.530525399999999969e+01 7.001581000000000055e-01 3.097326999999999941e+00 3.016284446782819941e+04 3.337607874605967417e+00 8.822837394646082743e+00 1.224943325432920727e+00 2.143209996105930415e+01 1.495799306156617092e+01 1.500000000000000000e+01 7.234983000000000386e-01 3.013116999999999823e+00 1.906307889528334999e+04 2.538922604602952653e-03
3.185779366243145727e+00 1.053969310241248003e+01 1.225172713931972357e+00 1.652579890721798961e+01 1.784592909660910776e+00 1.530525399999999969e+01 7.001581000000000055e-01 3.097326999999999941e+00 3.016284446782819941e+04 3.337607874605967417e+00 8.822837394646082743e+00 1.224943325432920727e+00 2.143209996105930415e+01 1.495799283867470919e+01 1.500000000000000000e+01 7.234983000000000386e-01 3.013116999999999823e+00 1.906307917934536090e+04 2.538922604602952653e-03
3.185779366243145727e+00 1.053969310241248003e+01 1.225172713931972357e+00 1.652579890721798961e+01 1.784592909660910776e+00 1.530525399999999969e+01 7.001581000000000055e-01 3.097326999999999941e+00 3.016284446782819941e+04 3.337607874605967417e+00 8.822837394646082743e+00 1.224943325432920727e+00 2.143209996105930415e+01 1.495799283867470919e+01 1.500000000000000000e+01 7.234983000000000386e-01 3.013116999999999823e+00 1.906307889528334999e+04 2.538937505764146500e-03
3.183005543784438007e+00 1.051785195036066867e+01 1.224025307945823204e+00 1.650926075146006156e+01 1.782547333926936872e+00 1.530525399999999969e+01 7.001581000000000055e-01 3.097326999999999941e+00 3.016284448181670086e+04 3.335990689332757775e+00 8.734062309315763883e+00 1.224130668323541560e+00 2.141919567571641281e+01 1.494911836941280114e+01 1.500000000000000000e+01 7.234983000000000386e-01 3.013116999999999823e+00 1.906307890870150368e+04 2.337896159941623211e-03
3.183005591214916663e+00 1.051785195036066867e+01 1.224025307945823204e+00 1.650926075146006156e+01 1.782547333926936872e+00 1.530525399999999969e+01 7.001581000000000055e-01 3.097326999999999941e+00 3.016284448181670086e+04 3.335990689332757775e+00 8.734062309315763883e+00 1.224130668323541560e+00 2.141919567571641281e+01 1.494911836941280114e+01 1.500000000000000000e+01 7.234983000000000386e-01 3.013116999999999823e+00 1.906307890870150368e+04 2.337896159941623211e-03
3.183005543784438007e+00 1.051785210708887597e+01 1.224025307945823204e+00 1.650926075146006156e+01 1.782547333926936872e+00 1.530525399999999969e+01 7.001581000000000055e-01 3.097326999999999941e+00 3.016284448181670086e+04 3.335990689332757775e+00 8.734062309315763883e+00 1.224130668323541560e+00 2.141919567571641281e+01 1.494911836941280114e+01 1.500000000000000000e+01 7.234983000000000386e-01 3.013116999999999823e+00 1.906307890870150368e+04 2.337896159941623211e-03
3.183005543784438007e+00 1.051785195036066867e+01 1.224025326185221640e+00 1.650926075146006156e+01 1.782547333926936872e+00 1.530525399999999969e+01 7.001581000000000055e-01 3.097326999999999941e+00 3.016284448181670086e+04 3.335990689332757775e+00 8.734062309315763883e+00 1.224130668323541560e+00 2.141919567571641281e+01 1.494911836941280114e+01 1.500000000000000000e+01 7.234983000000000386e-01 3.013116999999999823e+00 1.906307890870150368e+04 2.337896159941623211e-03
3.183005543784438007e+00 1.051785195036066867e+01 1.224025307945823204e+00 1.650926099746721576e+01 1.782547333926936872e+00 1.530525399999999969e+01 7.001581000000000055e-01 3.097326999999999941e+00 3.016284448181670086e+04 3.335990689332757775e+00 8.734062309315763883e+00 1.224130668323541560e+00 2.141919567571641281e+01 1.494911836941280114e+01 1.500000000000000000e+01 7.234983000000000386e-01 3.013116999999999823e+00 1.906307890870150368e+04 2.337896159941623211e-03
3.183005543784438007e+00 1.051785195036066867e+01 1.224025307945823204e+00 1.650926075146006156e+01 1.782547360488962118e+00 1.530525399999999969e+01 7.001581000000000055e-01 3.097326999999999941e+00 3.016284448181670086e+04 3.335990689332757775e+00 8.734062309315763883e+00 1.224130668323541560e+00 2.141919567571641281e+01 1.494911836941280114e+01 1.500000000000000000e+01 7.234983000000000386e-01 3.013116999999999823e+00 1.906307890870150368e+04 2.337896159941623211e-03
3.183005543784438007e+00 1.051785195036066867e+01 1.224025307945823204e+00 1.650926075146006156e+01 1.782547333926936872e+00 1.530525399999999969e+01 7.001581000000000055e-01 3.097326999999999941e+00 3.016284493127810856e+04 3.335990689332757775e+00 8.734062309315763883e+00 1.224130668323541560e+00 2.141919567571641281e+01 1.494911836941280114e+01 1.500000000000000000e+01 7.234983000000000386e-01 3.013116999999999823e+00 1.906307890870150368e+04 2.337896159941623211e-03
3.183005543784438007e+00 1.051785195036066867e+01 1.224025307945823204e+00 1.650926075146006156e+01 1.782547333926936872e+00 1.530525399999999969e+01 7.001581000000000055e-01 3.097326999999999941e+00 3.016284448181670086e+04 3.335990739042892894e+00 8.734062309315763883e+00 1.224130668323541560e+00 2.141919567571641281e+01 1.494911836941280114e+01 1.500000000000000000e+01 7.234983000000000386e-01 3.013116999999999823e+00 1.906307890870150368e+04 2.337896159941623211e-03
3.183005543784438007e+00 1.051785195036066867e+01 1.224025307945823204e+00 1.650926075146006156e+01 1.782547333926936872e+00 1.530525399999999969e+01 7.001581000000000055e-01 3.097326999999999941e+00 3.016284448181670086e+04 3.335990689332757775e+00 8.734062439463434302e+00 1.224130668323541560e+00 2.141919567571641281e+01 1.494911836941280114e+01 1.500000000000000000e+01 7.234983000000000386e-01 3.013116999999999823e+00 1.906307890870150368e+04 2.337896159941623211e-03
3.183005543784438007e+00 1.051785195036066867e+01 1.224025307945823204e+00 1.650926075146006156e+01 1.782547333926936872e+00 1.530525399999999969e+01 7.001581000000000055e-01 3.097326999999999941e+00 3.016284448181670086e+04 3.335990689332757775e+00 8.734062309315763883e+00 1.224130686564510073e+00 2.141919567571641281e+01 1.494911836941280114e+01 1.500000000000000000e+01 7.234983000000000386e-01 3.013116999999999823e+00 1.906307890870150368e+04 2.337896159941623211e-03
3.183005543784438007e+00 1.051785195036066867e+01 1.224025307945823204e+00 1.650926075146006156e+01 1.782547333926936872e+00 1.530525399999999969e+01 7.001581000000000055e-01 3.097326999999999941e+00 3.016284448181670086e+04 3.335990689332757775e+00 8.734062309315763883e+00 1.224130668323541560e+00 2.141919599488729986e+01 1.494911836941280114e+01 1.500000000000000000e+01 7.234983000000000386e-01 3.013116999999999823e+00 1.906307890870150368e+04 2.337896159941623211e-03
3.183005543784438007e+00 1.051785195036066867e+01 1.224025307945823204e+00 1.650926075146006156e+01 1.782547333926936872e+00 1.530525399999999969e+01 7.001581000000000055e-01 3.097326999999999941e+00 3.016284448181670086e+04 3.335990689332757775e+00 8.734062309315763883e+00 1.224130668323541560e+00 2.141919567571641281e+01 1.494911859217202377e+01 1.500000000000000000e+01 7.234983000000000386e-01 3.013116999999999823e+00 1.906307890870150368e+04 2.337896159941623211e-03
3.183005543784438007e+00 1.051785195036066867e+01 1.224025307945823204e+00 1.650926075146006156e+01 1.782547333926936872e+00 1.530525399999999969e+01 7.001581000000000055e-01 3.097326999999999941e+00 3.016284448181670086e+04 3.335990689332757775e+00 8.734062309315763883e+00 1.224130668323541560e+00 2.141919567571641281e+01 1.494911836941280114e+01 1.500000000000000000e+01 7.234983000000000386e-01 3.013116999999999823e+00 1.906307919276351458e+04 2.337896159941623211e-03
3.183005543784438007e+00 1.051785195036066867e+01 1.224025307945823204e+00 1.650926075146006156e+01 1.782547333926936872e+00 1.530525399999999969e+01 7.001581000000000055e-01 3.097326999999999941e+00 3.016284448181670086e+04 3.335990689332757775e+00 8.734062309315763883e+00 1.224130668323541560e+00 2.141919567571641281e+01 1.494911836941280114e+01 1.500000000000000000e+01 7.234983000000000386e-01 3.013116999999999823e+00 1.906307890870150368e+04 2.337911061102817059e-03
3.122208776097283867e+00 1.051793571877780131e+01 1.378031424324122733e+00 1.654198783428859443e+01 1.802079266859115458e+00 1.530525399999999969e+01 7.001581000000000055e-01 3.097326999999999941e+00 3.016279963376266824e+04 3.354821407546664247e+00 8.734078445831656268e+00 1.279073527825534518e+00 2.141376527264541352e+01 1.498530741104741359e+01 1.500000000000000000e+01 7.234983000000000386e-01 3.013116999999999823e+00 1.906305031313835570e+04 2.036623065566868333e-03
3.142704482865115612e+00 1.051434543540546507e+01 1.222169775838007455e+00 1.650821312739724789e+01 1.781417412192904060e+00 1.530525399999999969e+01 7.001581000000000055e-01 3.097326999999999941e+00 3.016279562855368204e+04 3.355683069939326746e+00 8.731305501204365882e+00 1.232967636223568642e+00 2.141916905865847554e+01 1.494834651109953505e+01 1.500000000000000000e+01 7.234983000000000386e-01 3.013116999999999823e+00 1.906304772114026855e+04 2.076475395652042748e-03
3.173766677601506103e+00 1.051013318606454128e+01 1.223844687036467427e+00 1.650905255521438875e+01 1.782249305763957459e+00 1.530525399999999969e+01 7.001581000000000055e-01 3.097326999999999941e+00 3.016283750683596008e+04 3.341267158856712882e+00 8.724499312614071300e+00 1.222841967441238964e+00 2.141915509889619074e+01 1.494909668625457400e+01 1.500000000000000000e+01 7.234983000000000386e-01 3.013116999999999823e+00 1.906307435295912001e+04 2.260661583239613904e-03
3.173766724894314883e+00 1.051013318606454128e+01 1.223844687036467427e+00 1.650905255521438875e+01 1.782249305763957459e+00 1.530525399999999969e+01 7.001581000000000055e-01 3.097326999999999941e+00 3.016283750683596008e+04 3.341267158856712882e+00 8.724499312614071300e+00 1.222841967441238964e+00 2.141915509889619074e+01 1.494909668625457400e+01 1.500000000000000000e+01 7.234983000000000386e-01 3.013116999999999823e+00 1.906307435295912001e+04 2.260661583239613904e-03
3.173766677601506103e+00 1.051013334267772947e+01 1.223844687036467427e+00 1.650905255521438875e+01 1.782249305763957459e+00 1.530525399999999969e+01 7.001581000000000055e-01 3.097326999999999941e+00 3.016283750683596008e+04 3.341267158856712882e+00 8.724499312614071300e+00 1.222841967441238964e+00 2.141915509889619074e+01 1.494909668625457400e+01 1.500000000000000000e+01 7.234983000000000386e-01 3.013116999999999823e+00 1.906307435295912001e+04 2.260661583239613904e-03
3.173766677601506103e+00 1.051013318606454128e+01 1.223844705273174460e+00 1.650905255521438875e+01 1.782249305763957459e+00 1.530525399999999969e+01 7.001581000000000055e-01 3.097326999999999941e+00 3.016283750683596008e+04 3.341267158856712882e+00 8.724499312614071300e+00 1.222841967441238964e+00 2.141915509889619074e+01 1.494909668625457400e+01 1.500000000000000000e+01 7.234983000000000386e-01 3.013116999999999823e+00 1.906307435295912001e+04 2.260661583239613904e-03
3.173766677601506103e+00 1.051013318606454128e+01 1.223844687036467427e+00 1.650905280121844143e+01 1.782249305763957459e+00 1.530525399999999969e+01 7.001581000000000055e-01 3.097326999999999941e+00 3.016283750683596008e+04 3.341267158856712882e+00 8.724499312614071300e+00 1.222841967441238964e+00 2.141915509889619074e+01 1.494909668625457400e+01 1.500000000000000000e+01 7.234983000000000386e-01 3.013116999999999823e+00 1.906307435295912001e+04 2.260661583239613904e-03
3.173766677601506103e+00 1.051013318606454128e+01 1.223844687036467427e+00 1.650905255521438875e+01 1.782249332321541591e+00 1.530525399999999969e+01 7.001581000000000055e-01 3.097326999999999941e+00 3.016283750683596008e+04 3.341267158856712882e+00 8.724499312614071300e+00 1.222841967441238964e+00 2.141915509889619074e+01 1.494909668625457400e+01 1.500000000000000000e+01 7.234983000000000386e-01 3.013116999999999823e+00 1.906307435295912001e+04 2.260661583239613904e-03
3.173766677601506103e+00 1.051013318606454128e+01 1.223844687036467427e+00 1.650905255521438875e+01 1.782249305763957459e+00 1.530525399999999969e+01 7.001581000000000055e-01 3.097326999999999941e+00 3.016283795629726228e+04 3.341267158856712882e+00 8.724499312614071300e+00 1.222841967441238964e+00 2.141915509889619074e+01 1.494909668625457400e+01 1.500000000000000000e+01 7.234983000000000386e-01 3.013116999999999823e+00 1.906307435295912001e+04 2.260661583239613904e-03
3.173766677601506103e+00 1.051013318606454128e+01 1.223844687036467427e+00 1.650905255521438875e+01 1.782249305763957459e+00 1.530525399999999969e+01 7.001581000000000055e-01 3.097326999999999941e+00 3.016283750683596008e+04 3.341267208645473552e+00 8.724499312614071300e+00 1.222841967441238964e+00 2.141915509889619074e+01 1.494909668625457400e+01 1.500000000000000000e+01 7.234983000000000386e-01 3.013116999999999823e+00 1.906307435295912001e+04 2.260661583239613904e-03
3.173766677601506103e+00 1.051013318606454128e+01 1.223844687036467427e+00 1.650905255521438875e+01 1.782249305763957459e+00 1.530525399999999969e+01 7.001581000000000055e-01 3.097326999999999941e+00 3.016283750683596008e+04 3.341267158856712882e+00 8.724499442619242373e+00 1.222841967441238964e+00 2.141915509889619074e+01 1.494909668625457400e+01 1.500000000000000000e+01 7.234983000000000386e-01 3.013116999999999823e+00 1.906307435295912001e+04 2.260661583239613904e-03
3.173766677601506103e+00 1.051013318606454128e+01 1.223844687036467427e+00 1.650905255521438875e+01 1.782249305763957459e+00 1.530525399999999969e+01 7.001581000000000055e-01 3.097326999999999941e+00 3.016283750683596008e+04 3.341267158856712882e+00 8.724499312614071300e+00 1.222841985663004172e+00 2.141915509889619074e+01 1.494909668625457400e+01 1.500000000000000000e+01 7.234983000000000386e-01 3.013116999999999823e+00 1.906307435295912001e+04 2.260661583239613904e-03
3.173766677601506103e+00 1.051013318606454128e+01 1.223844687036467427e+00 1.650905255521438875e+01 1.782249305763957459e+00 1.530525399999999969e+01 7.001581000000000055e-01 3.097326999999999941e+00 3.016283750683596008e+04 3.341267158856712882e+00 8.724499312614071300e+00 1.222841967441238964e+00 2.141915541806647383e+01 1.494909668625457400e+01 1.500000000000000000e+01 7.234983000000000386e-01 3.013116999999999823e+00 1.906307435295912001e+04 2.260661583239613904e-03
3.173766677601506103e+00 1.051013318606454128e+01 1.223844687036467427e+00 1.650905255521438875e+01 1.782249305763957459e+00 1.530525399999999969e+01 7.001581000000000055e-01 3.097326999999999941e+00 3.016283750683596008e+04 3.341267158856712882e+00 8.724499312614071300e+00 1.222841967441238964e+00 2.141915509889619074e+01 1.494909690901347332e+01 1.500000000000000000e+01 7.234983000000000386e-01 3.013116999999999823e+00 1.906307435295912001e+04 2.260661583239613904e-03
3.173766677601506103e+00 1.051013318606454128e+01 1.223844687036467427e+00 1.650905255521438875e+01 1.782249305763957459e+00 1.530525399999999969e+01 7.001581000000000055e-01 3.097326999999999941e+00 3.016283750683596008e+04 3.341267158856712882e+00 8.724499312614071300e+00 1.222841967441238964e+00 2.141915509889619074e+01 1.494909668625457400e+01 1.500000000000000000e+01 7.234983000000000386e-01 3.013116999999999823e+00 1.906307463702106543e+04 2.260661583239613904e-03
3.173766677601506103e+00 1.051013318606454128e+01 1.223844687036467427e+00 1.650905255521438875e+01 1.782249305763957459e+00 1.530525399999999969e+01 7.001581000000000055e-01 3.097326999999999941e+00 3.016283750683596008e+04 3.341267158856712882e+00 8.724499312614071300e+00 1.222841967441238964e+00 2.141915509889619074e+01 1.494909668625457400e+01 1.500000000000000000e+01 7.234983000000000386e-01 3.013116999999999823e+00 1.906307435295912001e+04 2.260676484400807752e-03
3.171267158438106915e+00 1.050654594268451447e+01 1.223388696830938649e+00 1.650204393887151610e+01 1.781437554330551620e+00 1.530525399999999969e+01 7.001581000000000055e-01 3.097326999999999941e+00 3.016283750606960530e+04 3.341971685712882056e+00 8.713891105957618066e+00 1.222590882884500463e+00 2.141803607217097039e+01 1.494850241973701799e+01 1.500000000000000000e+01 7.234983000000000386e-01 3.013116999999999823e+00 1.906307435216809608e+04 2.225659866935407634e-03
3.171267205693669933e+00 1.050654594268451447e+01 1.223388696830938649e+00 1.650204393887151610e+01 1.781437554330551620e+00 1.530525399999999969e+01 7.001581000000000055e-01 3.097326999999999941e+00 3.016283750606960530e+04 3.341971685712882056e+00 8.713891105957618066e+00 1.222590882884500463e+00 2.141803607217097039e+01 1.494850241973701799e+01 1.500000000000000000e+01 7.234983000000000386e-01 3.013116999999999823e+00 1.906307435216809608e+04 2.225659866935407634e-03
3.171267158438106915e+00 1.050654609924424854e+01 1.223388696830938649e+00 1.650204393887151610e+01 1.781437554330551620e+00 1.530525399999999969e+01 7.001581000000000055e-01 3.097326999999999941e+00 3.016283750606960530e+04 3.341971685712882056e+00 8.713891105957618066e+00 1.222590882884500463e+00 2.141803607217097039e+01 1.494850241973701799e+01 1.500000000000000000e+01 7.234983000000000386e-01 3.013116999999999823e+00 1.906307435216809608e+04 2.225659866935407634e-03
3.171267158438106915e+00 1.050654594268451447e+01 1.223388715060850895e+00 1.650204393887151610e+01 1.781437554330551620e+00 1.530525399999999969e+01 7.001581000000000055e-01 3.097326999999999941e+00 3.016283750606960530e+04 3.341971685712882056e+00 8.713891105957618066e+00 1.222590882884500463e+00 2.141803607217097039e+01 1.494850241973701799e+01 1.500000000000000000e+01 7.234983000000000386e-01 3.013116999999999823e+00 1.906307435216809608e+04 2.225659866935407634e-03
3.171267158438106915e+00 1.050654594268451447e+01 1.223388696830938649e+00 1.650204418477113322e+01 1.781437554330551620e+00 1.530525399999999969e+01 7.001581000000000055e-01 3.097326999999999941e+00 3.016283750606960530e+04 3.341971685712882056e+00 8.713891105957618066e+00 1.222590882884500463e+00 2.141803607217097039e+01 1.494850241973701799e+01 1.500000000000000000e+01 7.234983000000000386e-01 3.013116999999999823e+00 1.906307435216809608e+04 2.225659866935407634e-03
3.171267158438106915e+00 1.050654594268451447e+01 1.223388696830938649e+00 1.650204393887151610e+01 1.781437580876039872e+00 1.530525399999999969e+01 7.001581000000000055e-01 3.097326999999999941e+00 3.016283750606960530e+04 3.341971685712882056e+00 8.713891105957618066e+00 1.222590882884500463e+00 2.141803607217097039e+01 1.494850241973701799e+01 1.500000000000000000e+01 7.234983000000000386e-01 3.013116999999999823e+00 1.906307435216809608e+04 2.225659866935407634e-03
3.171267158438106915e+00 1.050654594268451447e+01 1.223388696830938649e+00 1.650204393887151610e+01 1.781437554330551620e+00 1.530525399999999969e+01 7.001581000000000055e-01 3.097326999999999941e+00 3.016283795553090749e+04 3.341971685712882056e+00 8.713891105957618066e+00 1.222590882884500463e+00 2.141803607217097039e+01 1.494850241973701799e+01 1.500000000000000000e+01 7.234983000000000386e-01 3.013116999999999823e+00 1.906307435216809608e+04 2.225659866935407634e-03
3.171267158438106915e+00 1.050654594268451447e+01 1.223388696830938649e+00 1.650204393887151610e+01 1.781437554330551620e+00 1.530525399999999969e+01 7.001581000000000055e-01 3.097326999999999941e+00 3.016283750606960530e+04 3.341971735512140995e+00 8.713891105957618066e+00 1.222590882884500463e+00 2.141803607217097039e+01 1.494850241973701799e+01 1.500000000000000000e+01 7.234983000000000386e-01 3.013116999999999823e+00 1.906307435216809608e+04 2.225659866935407634e-03
3.171267158438106915e+00 1.050654594268451447e+01 1.223388696830938649e+00 1.650204393887151610e+01 1.781437554330551620e+00 1.530525399999999969e+01 7.001581000000000055e-01 3.097326999999999941e+00 3.016283750606960530e+04 3.341971685712882056e+00 8.713891235804714697e+00 1.222590882884500463e+00 2.141803607217097039e+01 1.494850241973701799e+01 1.500000000000000000e+01 7.234983000000000386e-01 3.013116999999999823e+00 1.906307435216809608e+04 2.225659866935407634e-03
3.171267158438106915e+00 1.050654594268451447e+01 1.223388696830938649e+00 1.650204393887151610e+01 1.781437554330551620e+00 1.530525399999999969e+01 7.001581000000000055e-01 3.097326999999999941e+00 3.016283750606960530e+04 3.341971685712882056e+00 8.713891105957618066e+00 1.222590901102524219e+00 2.141803607217097039e+01 1.494850241973701799e+01 1.500000000000000000e+01 7.234983000000000386e-01 3.013116999999999823e+00 1.906307435216809608e+04 2.225659866935407634e-03
3.171267158438106915e+00 1.050654594268451447e+01 1.223388696830938649e+00 1.650204393887151610e+01 1.781437554330551620e+00 1.530525399999999969e+01 7.001581000000000055e-01 3.097326999999999941e+00 3.016283750606960530e+04 3.341971685712882056e+00 8.713891105957618066e+00 1.222590882884500463e+00 2.141803639132457704e+01 1.494850241973701799e+01 1.500000000000000000e+01 7.234983000000000386e-01 3.013116999999999823e+00 1.906307435216809608e+04 2.225659866935407634e-03
3.171267158438106915e+00 1.050654594268451447e+01 1.223388696830938649e+00 1.650204393887151610e+01 1.781437554330551620e+00 1.530525399999999969e+01 7.001581000000000055e-01 3.097326999999999941e+00 3.016283750606960530e+04 3.341971685712882056e+00 8.713891105957618066e+00 1.222590882884500463e+00 2.141803607217097039e+01 1.494850264248706218e+01 1.500000000000000000e+01 7.234983000000000386e-01 3.013116999999999823e+00 1.906307435216809608e+04 2.225659866935407634e-03
3.171267158438106915e+00 1.050654594268451447e+01 1.223388696830938649e+00 1.650204393887151610e+01 1.781437554330551620e+00 1.530525399999999969e+01 7.001581000000000055e-01 3.097326999999999941e+00 3.016283750606960530e+04 3.341971685712882056e+00 8.713891105957618066e+00 1.222590882884500463e+00 2.141803607217097039e+01 1.494850241973701799e+01 1.500000000000000000e+01 7.234983000000000386e-01 3.013116999999999823e+00 1.906307463623004151e+04 2.225659866935407634e-03
3.171267158438106915e+00 1.050654594268451447e+01 1.223388696830938649e+00 1.650204393887151610e+01 1.781437554330551620e+00 1.530525399999999969e+01 7.001581000000000055e-01 3.097326999999999941e+00 3.016283750606960530e+04 3.341971685712882056e+00 8.713891105957618066e+00 1.222590882884500463e+00 2.141803607217097039e+01 1.494850241973701799e+01 1.500000000000000000e+01 7.234983000000000386e-01 3.013116999999999823e+00 1.906307435216809608e+04 2.225674768096601482e-03
3.162180601963552995e+00 1.049804014968394839e+01 1.223186570138495410e+00 1.650184831806215868e+01 1.781156558204648466e+00 1.530525399999999969e+01 7.001581000000000055e-01 3.097326999999999941e+00 3.016283033276023707e+04 3.346791108517092272e+00 8.701524306855510815e+00 1.221715413068472200e+00 2.141799690064343054e+01 1.494845932030332136e+01 1.500000000000000000e+01 7.234983000000000386e-01 3.013116999999999823e+00 1.906306968583162234e+04 2.130180259897542037e-03
3.169407428742980315e+00 1.050418161766434366e+01 1.223352465541976963e+00 1.650200424254678211e+01 1.781378486718150134e+00 1.530525399999999969e+01 7.001581000000000055e-01 3.097326999999999941e+00 3.016283608009095042e+04 3.343088720488177401e+00 8.708871049165567868e+00 1.222345308452288615e+00 2.141802814632778151e+01 1.494849762904085289e+01 1.500000000000000000e+01 7.234983000000000386e-01 3.013116999999999823e+00 1.906307342159064137e+04 2.198475809449549571e-03
3.169407475970831278e+00 1.050418161766434366e+01 1.223352465541976963e+00 1.650200424254678211e+01 1.781378486718150134e+00 1.530525399999999969e+01 7.001581000000000055e-01 3.097326999999999941e+00 3.016283608009095042e+04 3.343088720488177401e+00 8.708871049165567868e+00 1.222345308452288615e+00 2.141802814632778151e+01 1.494849762904085289e+01 1.500000000000000000e+01 7.234983000000000386e-01 3.013116999999999823e+00 1.906307342159064137e+04 2.198475809449549571e-03
3.169407428742980315e+00 1.050418177418884724e+01 1.223352465541976963e+00 1.650200424254678211e+01 1.781378486718150134e+00 1.530525399999999969e+01 7.001581000000000055e-01 3.097326999999999941e+00 3.016283608009095042e+04 3.343088720488177401e+00 8.708871049165567868e+00 1.222345308452288615e+00 2.141802814632778151e+01 1.494849762904085289e+01 1.500000000000000000e+01 7.234983000000000386e-01 3.013116999999999823e+00 1.906307342159064137e+04 2.198475809449549571e-03
3.169407428742980315e+00 1.050418161766434366e+01 1.223352483771349197e+00 1.650200424254678211e+01 1.781378486718150134e+00 1.530525399999999969e+01 7.001581000000000055e-01 3.097326999999999941e+00 3.016283608009095042e+04 3.343088720488177401e+00 8.708871049165567868e+00 1.222345308452288615e+00 2.141802814632778151e+01 1.494849762904085289e+01 1.500000000000000000e+01 7.234983000000000386e-01 3.013116999999999823e+00 1.906307342159064137e+04 2.198475809449549571e-03
3.169407428742980315e+00 1.050418161766434366e+01 1.223352465541976963e+00 1.650200448844580592e+01 1.781378486718150134e+00 1.530525399999999969e+01 7.001581000000000055e-01 3.097326999999999941e+00 3.016283608009095042e+04 3.343088720488177401e+00 8.708871049165567868e+00 1.222345308452288615e+00 2.141802814632778151e+01 1.494849762904085289e+01 1.500000000000000000e+01 7.234983000000000386e-01 3.013116999999999823e+00 1.906307342159064137e+04 2.198475809449549571e-03
3.169407428742980315e+00 1.050418161766434366e+01 1.223352465541976963e+00 1.650200424254678211e+01 1.781378513262758201e+00 1.530525399999999969e+01 7.001581000000000055e-01 3.097326999999999941e+00 3.016283608009095042e+04 3.343088720488177401e+00 8.708871049165567868e+00 1.222345308452288615e+00 2.141802814632778151e+01 1.494849762904085289e+01 1.500000000000000000e+01 7.234983000000000386e-01 3.013116999999999823e+00 1.906307342159064137e+04 2.198475809449549571e-03
3.169407428742980315e+00 1.050418161766434366e+01 1.223352465541976963e+00 1.650200424254678211e+01 1.781378486718150134e+00 1.530525399999999969e+01 7.001581000000000055e-01 3.097326999999999941e+00 3.016283652955223442e+04 3.343088720488177401e+00 8.708871049165567868e+00 1.222345308452288615e+00 2.141802814632778151e+01 1.494849762904085289e+01 1.500000000000000000e+01 7.234983000000000386e-01 3.013116999999999823e+00 1.906307342159064137e+04 2.198475809449549571e-03
3.169407428742980315e+00 1.050418161766434366e+01 1.223352465541976963e+00 1.650200424254678211e+01 1.781378486718150134e+00 1.530525399999999969e+01 7.001581000000000055e-01 3.097326999999999941e+00 3.016283608009095042e+04 3.343088770304081248e+00 8.708871049165567868e+00 1.222345308452288615e+00 2.141802814632778151e+01 1.494849762904085289e+01 1.500000000000000000e+01 7.234983000000000386e-01 3.013116999999999823e+00 1.906307342159064137e+04 2.198475809449549571e-03
3.169407428742980315e+00 1.050418161766434366e+01 1.223352465541976963e+00 1.650200424254678211e+01 1.781378486718150134e+00 1.530525399999999969e+01 7.001581000000000055e-01 3.097326999999999941e+00 3.016283608009095042e+04 3.343088720488177401e+00 8.708871178937858559e+00 1.222345308452288615e+00 2.141802814632778151e+01 1.494849762904085289e+01 1.500000000000000000e+01 7.234983000000000386e-01 3.013116999999999823e+00 1.906307342159064137e+04 2.198475809449549571e-03
3.169407428742980315e+00 1.050418161766434366e+01 1.223352465541976963e+00 1.650200424254678211e+01 1.781378486718150134e+00 1.530525399999999969e+01 7.001581000000000055e-01 3.097326999999999941e+00 3.016283608009095042e+04 3.343088720488177401e+00 8.708871049165567868e+00 1.222345326666653076e+00 2.141802814632778151e+01 1.494849762904085289e+01 1.500000000000000000e+01 7.234983000000000386e-01 3.013116999999999823e+00 1.906307342159064137e+04 2.198475809449549571e-03
3.169407428742980315e+00 1.050418161766434366e+01 1.223352465541976963e+00 1.650200424254678211e+01 1.781378486718150134e+00 1.530525399999999969e+01 7.001581000000000055e-01 3.097326999999999941e+00 3.016283608009095042e+04 3.343088720488177401e+00 8.708871049165567868e+00 1.222345308452288615e+00 2.141802846548127093e+01 1.494849762904085289e+01 1.500000000000000000e+01 7.234983000000000386e-01 3.013116999999999823e+00 1.906307342159064137e+04 2.198475809449549571e-03
3.169407428742980315e+00 1.050418161766434366e+01 1.223352465541976963e+00 1.650200424254678211e+01 1.781378486718150134e+00 1.530525399999999969e+01 7.001581000000000055e-01 3.097326999999999941e+00 3.016283608009095042e+04 3.343088720488177401e+00 8.708871049165567868e+00 1.222345308452288615e+00 2.141802814632778151e+01 1.494849785179082602e+01 1.500000000000000000e+01 7.234983000000000386e-01 3.013116999999999823e+00 1.906307342159064137e+04 2.198475809449549571e-03
3.169407428742980315e+00 1.050418161766434366e+01 1.223352465541976963e+00 1.650200424254678211e+01 1.781378486718150134e+00 1.530525399999999969e+01 7.001581000000000055e-01 3.097326999999999941e+00 3.016283608009095042e+04 3.343088720488177401e+00 8.708871049165567868e+00 1.222345308452288615e+00 2.141802814632778151e+01 1.494849762904085289e+01 1.500000000000000000e+01 7.234983000000000386e-01 3.013116999999999823e+00 1.906307370565257224e+04 2.198475809449549571e-03
3.169407428742980315e+00 1.050418161766434366e+01 1.223352465541976963e+00 1.650200424254678211e+01 1.781378486718150134e+00 1.530525399999999969e+01 7.001581000000000055e-01 3.097326999999999941e+00 3.016283608009095042e+04 3.343088720488177401e+00 8.708871049165567868e+00 1.222345308452288615e+00 2.141802814632778151e+01 1.494849762904085289e+01 1.500000000000000000e+01 7.234983000000000386e-01 3.013116999999999823e+00 1.906307342159064137e+04 2.198490710610743418e-03
3.163070480284152275e+00 1.050290598299686629e+01 1.223234547747325873e+00 1.649875326551473265e+01 1.781045237134234238e+00 1.530525399999999969e+01 7.001581000000000055e-01 3.097326999999999941e+00 3.016283607978592045e+04 3.346261194416274787e+00 8.705032036155481379e+00 1.222180747267868073e+00 2.141804628974636415e+01 1.494816746493248338e+01 1.500000000000000000e+01 7.234983000000000386e-01 3.013116999999999823e+00 1.906307342127799348e+04 2.146527896657197780e-03
3.167180172210247058e+00 1.050408050916900571e+01 1.223342091466886217e+00 1.650169473475252957e+01 1.781347195121720350e+00 1.530525399999999969e+01 7.001581000000000055e-01 3.097326999999999941e+00 3.016283608006924624e+04 3.344187535261609501e+00 8.708563120023173454e+00 1.222228837663868362e+00 2.141795243045422481e+01 1.494845985185749626e+01 1.500000000000000000e+01 7.234983000000000386e-01 3.013116999999999823e+00 1.906307342156824598e+04 2.183021266779050940e-03
3.168832134091242203e+00 1.050416094156653379e+01 1.223350242121056031e+00 1.650193687975449208e+01 1.781371704405595224e+00 1.530525399999999969e+01 7.001581000000000055e-01 3.097326999999999941e+00 3.016283608008674491e+04 3.343333587703864129e+00 8.708807696187246705e+00 1.222311292508527103e+00 2.141800508043289852e+01 1.494848843320596110e+01 1.500000000000000000e+01 7.234983000000000386e-01 3.013116999999999823e+00 1.906307342158628671e+04 2.195023307979452644e-03
3.168832181310520468e+00 1.050416094156653379e+01 1.223350242121056031e+00 1.650193687975449208e+01 1.781371704405595224e+00 1.530525399999999969e+01 7.001581000000000055e-01 3.097326999999999941e+00 3.016283608008674491e+04 3.343333587703864129e+00 8.708807696187246705e+00 1.222311292508527103e+00 2.141800508043289852e+01 1.494848843320596110e+01 1.500000000000000000e+01 7.234983000000000386e-01 3.013116999999999823e+00 1.906307342158628671e+04 2.195023307979452644e-03
3.168832134091242203e+00 1.050416109809073006e+01 1.223350242121056031e+00 1.650193687975449208e+01 1.781371704405595224e+00 1.530525399999999969e+01 7.001581000000000055e-01 3.097326999999999941e+00 3.016283608008674491e+04 3.343333587703864129e+00 8.708807696187246705e+00 1.222311292508527103e+00 2.141800508043289852e+01 1.494848843320596110e+01 1.500000000000000000e+01 7.234983000000000386e-01 3.013116999999999823e+00 1.906307342158628671e+04 2.195023307979452644e-03
3.168832134091242203e+00 1.050416094156653379e+01 1.223350260350395180e+00 1.650193687975449208e+01 1.781371704405595224e+00 1.530525399999999969e+01 7.001581000000000055e-01 3.097326999999999941e+00 3.016283608008674491e+04 3.343333587703864129e+00 8.708807696187246705e+00 1.222311292508527103e+00 2.141800508043289852e+01 1.494848843320596110e+01 1.500000000000000000e+01 7.234983000000000386e-01 3.013116999999999823e+00 1.906307342158628671e+04 2.195023307979452644e-03
3.168832134091242203e+00 1.050416094156653379e+01 1.223350242121056031e+00 1.650193712565251403e+01 1.781371704405595224e+00 1.530525399999999969e+01 7.001581000000000055e-01 3.097326999999999941e+00 3.016283608008674491e+04 3.343333587703864129e+00 8.708807696187246705e+00 1.222311292508527103e+00 2.141800508043289852e+01 1.494848843320596110e+01 1.500000000000000000e+01 7.234983000000000386e-01 3.013116999999999823e+00 1.906307342158628671e+04 2.195023307979452644e-03
3.168832134091242203e+00 1.050416094156653379e+01 1.223350242121056031e+00 1.650193687975449208e+01 1.781371730950102039e+00 1.530525399999999969e+01 7.001581000000000055e-01 3.097326999999999941e+00 3.016283608008674491e+04 3.343333587703864129e+00 8.708807696187246705e+00 1.222311292508527103e+00 2.141800508043289852e+01 1.494848843320596110e+01 1.500000000000000000e+01 7.234983000000000386e-01 3.013116999999999823e+00 1.906307342158628671e+04 2.195023307979452644e-03
3.168832134091242203e+00 1.050416094156653379e+01 1.223350242121056031e+00 1.650193687975449208e+01 1.781371704405595224e+00 1.530525399999999969e+01 7.001581000000000055e-01 3.097326999999999941e+00 3.016283652954802892e+04 3.343333587703864129e+00 8.708807696187246705e+00 1.222311292508527103e+00 2.141800508043289852e+01 1.494848843320596110e+01 1.500000000000000000e+01 7.234983000000000386e-01 3.013116999999999823e+00 1.906307342158628671e+04 2.195023307979452644e-03
3.168832134091242203e+00 1.050416094156653379e+01 1.223350242121056031e+00 1.650193687975449208e+01 1.781371704405595224e+00 1.530525399999999969e+01 7.001581000000000055e-01 3.097326999999999941e+00 3.016283608008674491e+04 3.343333637523417057e+00 8.708807696187246705e+00 1.222311292508527103e+00 2.141800508043289852e+01 1.494848843320596110e+01 1.500000000000000000e+01 7.234983000000000386e-01 3.013116999999999823e+00 1.906307342158628671e+04 2.195023307979452644e-03
3.168832134091242203e+00 1.050416094156653379e+01 1.223350242121056031e+00 1.650193687975449208e+01 1.781371704405595224e+00 1.530525399999999969e+01 7.001581000000000055e-01 3.097326999999999941e+00 3.016283608008674491e+04 3.343333587703864129e+00 8.708807825958594151e+00 1.222311292508527103e+00 2.141800508043289852e+01 1.494848843320596110e+01 1.500000000000000000e+01 7.234983000000000386e-01 3.013116999999999823e+00 1.906307342158628671e+04 2.195023307979452644e-03
3.168832134091242203e+00 1.050416094156653379e+01 1.223350242121056031e+00 1.650193687975449208e+01 1.781371704405595224e+00 1.530525399999999969e+01 7.001581000000000055e-01 3.097326999999999941e+00 3.016283608008674491e+04 3.343333587703864129e+00 8.708807696187246705e+00 1.222311310722384636e+00 2.141800508043289852e+01 1.494848843320596110e+01 1.500000000000000000e+01 7.234983000000000386e-01 3.013116999999999823e+00 1.906307342158628671e+04 2.195023307979452644e-03
3.168832134091242203e+00 1.050416094156653379e+01 1.223350242121056031e+00 1.650193687975449208e+01 1.781371704405595224e+00 1.530525399999999969e+01 7.001581000000000055e-01 3.097326999999999941e+00 3.016283608008674491e+04 3.343333587703864129e+00 8.708807696187246705e+00 1.222311292508527103e+00 2.141800539958604332e+01 1.494848843320596110e+01 1.500000000000000000e+01 7.234983000000000386e-01 3.013116999999999823e+00 1.906307342158628671e+04 2.195023307979452644e-03
3.168832134091242203e+00 1.050416094156653379e+01 1.223350242121056031e+00 1.650193687975449208e+01 1.781371704405595224e+00 1.530525399999999969e+01 7.001581000000000055e-01 3.097326999999999941e+00 3.016283608008674491e+04 3.343333587703864129e+00 8.708807696187246705e+00 1.222311292508527103e+00 2.141800508043289852e+01 1.494848865595579746e+01 1.500000000000000000e+01 7.234983000000000386e-01 3.013116999999999823e+00 1.906307342158628671e+04 2.195023307979452644e-03
3.168832134091242203e+00 1.050416094156653379e+01 1.223350242121056031e+00 1.650193687975449208e+01 1.781371704405595224e+00 1.530525399999999969e+01 7.001581000000000055e-01 3.097326999999999941e+00 3.016283608008674491e+04 3.343333587703864129e+00 8.708807696187246705e+00 1.222311292508527103e+00 2.141800508043289852e+01 1.494848843320596110e+01 1.500000000000000000e+01 7.234983000000000386e-01 3.013116999999999823e+00 1.906307370564821758e+04 2.195023307979452644e-03
3.168832134091242203e+00 1.050416094156653379e+01 1.223350242121056031e+00 1.650193687975449208e+01 1.781371704405595224e+00 1.530525399999999969e+01 7.001581000000000055e-01 3.097326999999999941e+00 3.016283608008674491e+04 3.343333587703864129e+00 8.708807696187246705e+00 1.222311292508527103e+00 2.141800508043289852e+01 1.494848843320596110e+01 1.500000000000000000e+01 7.234983000000000386e-01 3.013116999999999823e+00 1.906307342158628671e+04 2.195038209140646492e-03
3.167712783267479626e+00 1.050411720752393485e+01 1.223341643190300365e+00 1.650180627771874953e+01 1.781352001495917436e+00 1.530525399999999969e+01 7.001581000000000055e-01 3.097326999999999941e+00 3.016283608007818475e+04 3.343896517937561264e+00 8.708681975122763319e+00 1.222250591686515397e+00 2.141796568056878058e+01 1.494847041448417535e+01 1.500000000000000000e+01 7.234983000000000386e-01 3.013116999999999823e+00 1.906307342157743551e+04 2.187191431513027355e-03
3.168547741309229782e+00 1.050415034165610351e+01 1.223348131164451402e+00 1.650190456322514976e+01 1.781366830233525711e+00 1.530525399999999969e+01 7.001581000000000055e-01 3.097326999999999941e+00 3.016283608008470765e+04 3.343464768922307595e+00 8.708777164084112954e+00 1.222294957599556753e+00 2.141799428188489429e+01 1.494848388454266797e+01 1.500000000000000000e+01 7.234983000000000386e-01 3.013116999999999823e+00 1.906307342158418032e+04 2.193201880286353017e-03
3.168547788524270548e+00 1.050415034165610351e+01 1.223348131164451402e+00 1.650190456322514976e+01 1.781366830233525711e+00 1.530525399999999969e+01 7.001581000000000055e-01 3.097326999999999941e+00 3.016283608008470765e+04 3.343464768922307595e+00 8.708777164084112954e+00 1.222294957599556753e+00 2.141799428188489429e+01 1.494848388454266797e+01 1.500000000000000000e+01 7.234983000000000386e-01 3.013116999999999823e+00 1.906307342158418032e+04 2.193201880286353017e-03
3.168547741309229782e+00 1.050415049818014168e+01 1.223348131164451402e+00 1.650190456322514976e+01 1.781366830233525711e+00 1.530525399999999969e+01 7.001581000000000055e-01 3.097326999999999941e+00 3.016283608008470765e+04 3.343464768922307595e+00 8.708777164084112954e+00 1.222294957599556753e+00 2.141799428188489429e+01 1.494848388454266797e+01 1.500000000000000000e+01 7.234983000000000386e-01 3.013116999999999823e+00 1.906307342158418032e+04 2.193201880286353017e-03
3.168547741309229782e+00 1.050415034165610351e+01 1.223348149393759021e+00 1.650190456322514976e+01 1.781366830233525711e+00 1.530525399999999969e+01 7.001581000000000055e-01 3.097326999999999941e+00 3.016283608008470765e+04 3.343464768922307595e+00 8.708777164084112954e+00 1.222294957599556753e+00 2.141799428188489429e+01 1.494848388454266797e+01 1.500000000000000000e+01 7.234983000000000386e-01 3.013116999999999823e+00 1.906307342158418032e+04 2.193201880286353017e-03
3.168547741309229782e+00 1.050415034165610351e+01 1.223348131164451402e+00 1.650190480912268853e+01 1.781366830233525711e+00 1.530525399999999969e+01 7.001581000000000055e-01 3.097326999999999941e+00 3.016283608008470765e+04 3.343464768922307595e+00 8.708777164084112954e+00 1.222294957599556753e+00 2.141799428188489429e+01 1.494848388454266797e+01 1.500000000000000000e+01 7.234983000000000386e-01 3.013116999999999823e+00 1.906307342158418032e+04 2.193201880286353017e-03
3.168547741309229782e+00 1.050415034165610351e+01 1.223348131164451402e+00 1.650190456322514976e+01 1.781366856777959917e+00 1.530525399999999969e+01 7.001581000000000055e-01 3.097326999999999941e+00 3.016283608008470765e+04 3.343464768922307595e+00 8.708777164084112954e+00 1.222294957599556753e+00 2.141799428188489429e+01 1.494848388454266797e+01 1.500000000000000000e+01 7.234983000000000386e-01 3.013116999999999823e+00 1.906307342158418032e+04 2.193201880286353017e-03
3.168547741309229782e+00 1.050415034165610351e+01 1.223348131164451402e+00 1.650190456322514976e+01 1.781366830233525711e+00 1.530525399999999969e+01 7.001581000000000055e-01 3.097326999999999941e+00 3.016283652954599165e+04 3.343464768922307595e+00 8.708777164084112954e+00 1.222294957599556753e+00 2.141799428188489429e+01 1.494848388454266797e+01 1.500000000000000000e+01 7.234983000000000386e-01 3.013116999999999823e+00 1.906307342158418032e+04 2.193201880286353017e-03
3.168547741309229782e+00 1.050415034165610351e+01 1.223348131164451402e+00 1.650190456322514976e+01 1.781366830233525711e+00 1.530525399999999969e+01 7.001581000000000055e-01 3.097326999999999941e+00 3.016283608008470765e+04 3.343464818743814959e+00 8.708777164084112954e+00 1.222294957599556753e+00 2.141799428188489429e+01 1.494848388454266797e+01 1.500000000000000000e+01 7.234983000000000386e-01 3.013116999999999823e+00 1.906307342158418032e+04 2.193201880286353017e-03
3.168547741309229782e+00 1.050415034165610351e+01 1.223348131164451402e+00 1.650190456322514976e+01 1.781366830233525711e+00 1.530525399999999969e+01 7.001581000000000055e-01 3.097326999999999941e+00 3.016283608008470765e+04 3.343464768922307595e+00 8.708777293855005652e+00 1.222294957599556753e+00 2.141799428188489429e+01 1.494848388454266797e+01 1.500000000000000000e+01 7.234983000000000386e-01 3.013116999999999823e+00 1.906307342158418032e+04 2.193201880286353017e-03
3.168547741309229782e+00 1.050415034165610351e+01 1.223348131164451402e+00 1.650190456322514976e+01 1.781366830233525711e+00 1.530525399999999969e+01 7.001581000000000055e-01 3.097326999999999941e+00 3.016283608008470765e+04 3.343464768922307595e+00 8.708777164084112954e+00 1.222294975813170925e+00 2.141799428188489429e+01 1.494848388454266797e+01 1.500000000000000000e+01 7.234983000000000386e-01 3.013116999999999823e+00 1.906307342158418032e+04 2.193201880286353017e-03
3.168547741309229782e+00 1.050415034165610351e+01 1.223348131164451402e+00 1.650190456322514976e+01 1.781366830233525711e+00 1.530525399999999969e+01 7.001581000000000055e-01 3.097326999999999941e+00 3.016283608008470765e+04 3.343464768922307595e+00 8.708777164084112954e+00 1.222294957599556753e+00 2.141799460103787922e+01 1.494848388454266797e+01 1.500000000000000000e+01 7.234983000000000386e-01 3.013116999999999823e+00 1.906307342158418032e+04 2.193201880286353017e-03
3.168547741309229782e+00 1.050415034165610351e+01 1.223348131164451402e+00 1.650190456322514976e+01 1.781366830233525711e+00 1.530525399999999969e+01 7.001581000000000055e-01 3.097326999999999941e+00 3.016283608008470765e+04 3.343464768922307595e+00 8.708777164084112954e+00 1.222294957599556753e+00 2.141799428188489429e+01 1.494848410729243682e+01 1.500000000000000000e+01 7.234983000000000386e-01 3.013116999999999823e+00 1.906307342158418032e+04 2.193201880286353017e-03
3.168547741309229782e+00 1.050415034165610351e+01 1.223348131164451402e+00 1.650190456322514976e+01 1.781366830233525711e+00 1.530525399999999969e+01 7.001581000000000055e-01 3.097326999999999941e+00 3.016283608008470765e+04 3.343464768922307595e+00 8.708777164084112954e+00 1.222294957599556753e+00 2.141799428188489429e+01 1.494848388454266797e+01 1.500000000000000000e+01 7.234983000000000386e-01 3.013116999999999823e+00 1.906307370564611119e+04 2.193201880286353017e-03
3.168547741309229782e+00 1.050415034165610351e+01 1.223348131164451402e+00 1.650190456322514976e+01 1.781366830233525711e+00 1.530525399999999969e+01 7.001581000000000055e-01 3.097326999999999941e+00 3.016283608008470765e+04 3.343464768922307595e+00 8.708777164084112954e+00 1.222294957599556753e+00 2.141799428188489429e+01 1.494848388454266797e+01 1.500000000000000000e+01 7.234983000000000386e-01 3.013116999999999823e+00 1.906307342158418032e+04 2.193216781447546865e-03
