3.303662000000000099e+00 1.054415000000000013e+01 2.926740999999999815e+00 1.671997199999999850e+01 3.571733999999999742e-01 1.530525399999999969e+01 7.001581000000000055e-01 3.097326999999999941e+00 3.016286899999999878e+04 3.253563999999999901e+00 8.825920999999999239e+00 1.059549999999999992e+00 1.834474000000000160e+01 2.191357299999999952e+01 1.500000000000000000e+01 7.234983000000000386e-01 3.013116999999999823e+00 1.906309500000000116e+04 0.000000000000000000e+00
3.303662049228400122e+00 1.054415000000000013e+01 2.926740999999999815e+00 1.671997199999999850e+01 3.571733999999999742e-01 1.530525399999999969e+01 7.001581000000000055e-01 3.097326999999999941e+00 3.016286899999999878e+04 3.253563999999999901e+00 8.825920999999999239e+00 1.059549999999999992e+00 1.834474000000000160e+01 2.191357299999999952e+01 1.500000000000000000e+01 7.234983000000000386e-01 3.013116999999999823e+00 1.906309500000000116e+04 0.000000000000000000e+00
3.303662000000000099e+00 1.054415015712007886e+01 2.926740999999999815e+00 1.671997199999999850e+01 3.571733999999999742e-01 1.530525399999999969e+01 7.001581000000000055e-01 3.097326999999999941e+00 3.016286899999999878e+04 3.253563999999999901e+00 8.825920999999999239e+00 1.059549999999999992e+00 1.834474000000000160e+01 2.191357299999999952e+01 1.500000000000000000e+01 7.234983000000000386e-01 3.013116999999999823e+00 1.906309500000000116e+04 0.000000000000000000e+00
3.303662000000000099e+00 1.054415000000000013e+01 2.926741043611839288e+00 1.671997199999999850e+01 3.571733999999999742e-01 1.530525399999999969e+01 7.001581000000000055e-01 3.097326999999999941e+00 3.016286899999999878e+04 3.253563999999999901e+00 8.825920999999999239e+00 1.059549999999999992e+00 1.834474000000000160e+01 2.191357299999999952e+01 1.500000000000000000e+01 7.234983000000000386e-01 3.013116999999999823e+00 1.906309500000000116e+04 0.000000000000000000e+00
3.303662000000000099e+00 1.054415000000000013e+01 2.926740999999999815e+00 1.671997224914699487e+01 3.571733999999999742e-01 1.530525399999999969e+01 7.001581000000000055e-01 3.097326999999999941e+00 3.016286899999999878e+04 3.253563999999999901e+00 8.825920999999999239e+00 1.059549999999999992e+00 1.834474000000000160e+01 2.191357299999999952e+01 1.500000000000000000e+01 7.234983000000000386e-01 3.013116999999999823e+00 1.906309500000000116e+04 0.000000000000000000e+00
3.303662000000000099e+00 1.054415000000000013e+01 2.926740999999999815e+00 1.671997199999999850e+01 3.571734149011611681e-01 1.530525399999999969e+01 7.001581000000000055e-01 3.097326999999999941e+00 3.016286899999999878e+04 3.253563999999999901e+00 8.825920999999999239e+00 1.059549999999999992e+00 1.834474000000000160e+01 2.191357299999999952e+01 1.500000000000000000e+01 7.234983000000000386e-01 3.013116999999999823e+00 1.906309500000000116e+04 0.000000000000000000e+00
3.303662000000000099e+00 1.054415000000000013e+01 2.926740999999999815e+00 1.671997199999999850e+01 3.571733999999999742e-01 1.530525399999999969e+01 7.001581000000000055e-01 3.097326999999999941e+00 3.016286944946177027e+04 3.253563999999999901e+00 8.825920999999999239e+00 1.059549999999999992e+00 1.834474000000000160e+01 2.191357299999999952e+01 1.500000000000000000e+01 7.234983000000000386e-01 3.013116999999999823e+00 1.906309500000000116e+04 0.000000000000000000e+00
3.303662000000000099e+00 1.054415000000000013e+01 2.926740999999999815e+00 1.671997199999999850e+01 3.571733999999999742e-01 1.530525399999999969e+01 7.001581000000000055e-01 3.097326999999999941e+00 3.016286899999999878e+04 3.253564048481881521e+00 8.825920999999999239e+00 1.059549999999999992e+00 1.834474000000000160e+01 2.191357299999999952e+01 1.500000000000000000e+01 7.234983000000000386e-01 3.013116999999999823e+00 1.906309500000000116e+04 0.000000000000000000e+00
3.303662000000000099e+00 1.054415000000000013e+01 2.926740999999999815e+00 1.671997199999999850e+01 3.571733999999999742e-01 1.530525399999999969e+01 7.001581000000000055e-01 3.097326999999999941e+00 3.016286899999999878e+04 3.253563999999999901e+00 8.825921131516471618e+00 1.059549999999999992e+00 1.834474000000000160e+01 2.191357299999999952e+01 1.500000000000000000e+01 7.234983000000000386e-01 3.013116999999999823e+00 1.906309500000000116e+04 0.000000000000000000e+00
3.303662000000000099e+00 1.054415000000000013e+01 2.926740999999999815e+00 1.671997199999999850e+01 3.571733999999999742e-01 1.530525399999999969e+01 7.001581000000000055e-01 3.097326999999999941e+00 3.016286899999999878e+04 3.253563999999999901e+00 8.825920999999999239e+00 1.059550015788525368e+00 1.834474000000000160e+01 2.191357299999999952e+01 1.500000000000000000e+01 7.234983000000000386e-01 3.013116999999999823e+00 1.906309500000000116e+04 0.000000000000000000e+00
3.303662000000000099e+00 1.054415000000000013e+01 2.926740999999999815e+00 1.671997199999999850e+01 3.571733999999999742e-01 1.530525399999999969e+01 7.001581000000000055e-01 3.097326999999999941e+00 3.016286899999999878e+04 3.253563999999999901e+00 8.825920999999999239e+00 1.059549999999999992e+00 1.834474027335792812e+01 2.191357299999999952e+01 1.500000000000000000e+01 7.234983000000000386e-01 3.013116999999999823e+00 1.906309500000000116e+04 0.000000000000000000e+00
3.303662000000000099e+00 1.054415000000000013e+01 2.926740999999999815e+00 1.671997199999999850e+01 3.571733999999999742e-01 1.530525399999999969e+01 7.001581000000000055e-01 3.097326999999999941e+00 3.016286899999999878e+04 3.253563999999999901e+00 8.825920999999999239e+00 1.059549999999999992e+00 1.834474000000000160e+01 2.191357332653768353e+01 1.500000000000000000e+01 7.234983000000000386e-01 3.013116999999999823e+00 1.906309500000000116e+04 0.000000000000000000e+00
3.303662000000000099e+00 1.054415000000000013e+01 2.926740999999999815e+00 1.671997199999999850e+01 3.571733999999999742e-01 1.530525399999999969e+01 7.001581000000000055e-01 3.097326999999999941e+00 3.016286899999999878e+04 3.253563999999999901e+00 8.825920999999999239e+00 1.059549999999999992e+00 1.834474000000000160e+01 2.191357299999999952e+01 1.500000000000000000e+01 7.234983000000000386e-01 3.013116999999999823e+00 1.906309528406225218e+04 0.000000000000000000e+00
3.303662000000000099e+00 1.054415000000000013e+01 2.926740999999999815e+00 1.671997199999999850e+01 3.571733999999999742e-01 1.530525399999999969e+01 7.001581000000000055e-01 3.097326999999999941e+00 3.016286899999999878e+04 3.253563999999999901e+00 8.825920999999999239e+00 1.059549999999999992e+00 1.834474000000000160e+01 2.191357299999999952e+01 1.500000000000000000e+01 7.234983000000000386e-01 3.013116999999999823e+00 1.906309500000000116e+04 1.490116119384765625e-08
3.303660954938657301e+00 1.566489093548714528e+01 2.926740463498668010e+00 1.671996654111447000e+01 3.571732560787488353e-01 1.530525399999999969e+01 7.001581000000000055e-01 3.097326999999999941e+00 6.207988765682893427e+04 3.253564784039979951e+00 3.814161487661682948e+00 1.059549504756023053e+00 1.834473631685877137e+01 2.191360795937904271e+01 1.500000000000000000e+01 7.234983000000000386e-01 3.013116999999999823e+00 3.109901496348578803e+03 1.041282319500003682e-02
3.303630912549516019e+00 9.896108037685808156e+00 2.926709814192096637e+00 1.671980910475645388e+01 3.571699157738834063e-01 1.530525399999999969e+01 7.001581000000000055e-01 3.097326999999999941e+00 3.651476581423220341e+04 3.253533738228724825e+00 1.059783808247107117e+01 1.059540821073535311e+00 1.834457392270944709e+01 2.191328983050432200e+01 1.500000000000000000e+01 7.234983000000000386e-01 3.013116999999999823e+00 2.532635576750725522e+04 1.496988089111560803e-02
3.303630961777452857e+00 9.896108037685808156e+00 2.926709814192096637e+00 1.671980910475645388e+01 3.571699157738834063e-01 1.530525399999999969e+01 7.001581000000000055e-01 3.097326999999999941e+00 3.651476581423220341e+04 3.253533738228724825e+00 1.059783808247107117e+01 1.059540821073535311e+00 1.834457392270944709e+01 2.191328983050432200e+01 1.500000000000000000e+01 7.234983000000000386e-01 3.013116999999999823e+00 2.532635576750725522e+04 1.496988089111560803e-02
3.303630912549516019e+00 9.896108185149309122e+00 2.926709814192096637e+00 1.671980910475645388e+01 3.571699157738834063e-01 1.530525399999999969e+01 7.001581000000000055e-01 3.097326999999999941e+00 3.651476581423220341e+04 3.253533738228724825e+00 1.059783808247107117e+01 1.059540821073535311e+00 1.834457392270944709e+01 2.191328983050432200e+01 1.500000000000000000e+01 7.234983000000000386e-01 3.013116999999999823e+00 2.532635576750725522e+04 1.496988089111560803e-02
3.303630912549516019e+00 9.896108037685808156e+00 2.926709857803471149e+00 1.671980910475645388e+01 3.571699157738834063e-01 1.530525399999999969e+01 7.001581000000000055e-01 3.097326999999999941e+00 3.651476581423220341e+04 3.253533738228724825e+00 1.059783808247107117e+01 1.059540821073535311e+00 1.834457392270944709e+01 2.191328983050432200e+01 1.500000000000000000e+01 7.234983000000000386e-01 3.013116999999999823e+00 2.532635576750725522e+04 1.496988089111560803e-02
3.303630912549516019e+00 9.896108037685808156e+00 2.926709814192096637e+00 1.671980935390102374e+01 3.571699157738834063e-01 1.530525399999999969e+01 7.001581000000000055e-01 3.097326999999999941e+00 3.651476581423220341e+04 3.253533738228724825e+00 1.059783808247107117e+01 1.059540821073535311e+00 1.834457392270944709e+01 2.191328983050432200e+01 1.500000000000000000e+01 7.234983000000000386e-01 3.013116999999999823e+00 2.532635576750725522e+04 1.496988089111560803e-02
3.303630912549516019e+00 9.896108037685808156e+00 2.926709814192096637e+00 1.671980910475645388e+01 3.571699306750446001e-01 1.530525399999999969e+01 7.001581000000000055e-01 3.097326999999999941e+00 3.651476581423220341e+04 3.253533738228724825e+00 1.059783808247107117e+01 1.059540821073535311e+00 1.834457392270944709e+01 2.191328983050432200e+01 1.500000000000000000e+01 7.234983000000000386e-01 3.013116999999999823e+00 2.532635576750725522e+04 1.496988089111560803e-02
3.303630912549516019e+00 9.896108037685808156e+00 2.926709814192096637e+00 1.671980910475645388e+01 3.571699157738834063e-01 1.530525399999999969e+01 7.001581000000000055e-01 3.097326999999999941e+00 3.651476635834461194e+04 3.253533738228724825e+00 1.059783808247107117e+01 1.059540821073535311e+00 1.834457392270944709e+01 2.191328983050432200e+01 1.500000000000000000e+01 7.234983000000000386e-01 3.013116999999999823e+00 2.532635576750725522e+04 1.496988089111560803e-02
3.303630912549516019e+00 9.896108037685808156e+00 2.926709814192096637e+00 1.671980910475645388e+01 3.571699157738834063e-01 1.530525399999999969e+01 7.001581000000000055e-01 3.097326999999999941e+00 3.651476581423220341e+04 3.253533786710155695e+00 1.059783808247107117e+01 1.059540821073535311e+00 1.834457392270944709e+01 2.191328983050432200e+01 1.500000000000000000e+01 7.234983000000000386e-01 3.013116999999999823e+00 2.532635576750725522e+04 1.496988089111560803e-02
3.303630912549516019e+00 9.896108037685808156e+00 2.926709814192096637e+00 1.671980910475645388e+01 3.571699157738834063e-01 1.530525399999999969e+01 7.001581000000000055e-01 3.097326999999999941e+00 3.651476581423220341e+04 3.253533738228724825e+00 1.059783824039116418e+01 1.059540821073535311e+00 1.834457392270944709e+01 2.191328983050432200e+01 1.500000000000000000e+01 7.234983000000000386e-01 3.013116999999999823e+00 2.532635576750725522e+04 1.496988089111560803e-02
3.303630912549516019e+00 9.896108037685808156e+00 2.926709814192096637e+00 1.671980910475645388e+01 3.571699157738834063e-01 1.530525399999999969e+01 7.001581000000000055e-01 3.097326999999999941e+00 3.651476581423220341e+04 3.253533738228724825e+00 1.059783808247107117e+01 1.059540836861923907e+00 1.834457392270944709e+01 2.191328983050432200e+01 1.500000000000000000e+01 7.234983000000000386e-01 3.013116999999999823e+00 2.532635576750725522e+04 1.496988089111560803e-02
3.303630912549516019e+00 9.896108037685808156e+00 2.926709814192096637e+00 1.671980910475645388e+01 3.571699157738834063e-01 1.530525399999999969e+01 7.001581000000000055e-01 3.097326999999999941e+00 3.651476581423220341e+04 3.253533738228724825e+00 1.059783808247107117e+01 1.059540821073535311e+00 1.834457419606490092e+01 2.191328983050432200e+01 1.500000000000000000e+01 7.234983000000000386e-01 3.013116999999999823e+00 2.532635576750725522e+04 1.496988089111560803e-02
3.303630912549516019e+00 9.896108037685808156e+00 2.926709814192096637e+00 1.671980910475645388e+01 3.571699157738834063e-01 1.530525399999999969e+01 7.001581000000000055e-01 3.097326999999999941e+00 3.651476581423220341e+04 3.253533738228724825e+00 1.059783808247107117e+01 1.059540821073535311e+00 1.834457392270944709e+01 2.191329015703778538e+01 1.500000000000000000e+01 7.234983000000000386e-01 3.013116999999999823e+00 2.532635576750725522e+04 1.496988089111560803e-02
3.303630912549516019e+00 9.896108037685808156e+00 2.926709814192096637e+00 1.671980910475645388e+01 3.571699157738834063e-01 1.530525399999999969e+01 7.001581000000000055e-01 3.097326999999999941e+00 3.651476581423220341e+04 3.253533738228724825e+00 1.059783808247107117e+01 1.059540821073535311e+00 1.834457392270944709e+01 2.191328983050432200e+01 1.500000000000000000e+01 7.234983000000000386e-01 3.013116999999999823e+00 2.532635614489936415e+04 1.496988089111560803e-02
3.303630912549516019e+00 9.896108037685808156e+00 2.926709814192096637e+00 1.671980910475645388e+01 3.571699157738834063e-01 1.530525399999999969e+01 7.001581000000000055e-01 3.097326999999999941e+00 3.651476581423220341e+04 3.253533738228724825e+00 1.059783808247107117e+01 1.059540821073535311e+00 1.834457392270944709e+01 2.191328983050432200e+01 1.500000000000000000e+01 7.234983000000000386e-01 3.013116999999999823e+00 2.532635576750725522e+04 1.496989579227680188e-02
3.303609671796141178e+00 1.052118991185492192e+01 2.926678440222896693e+00 1.671969592586730613e+01 3.571677666366095405e-01 1.530525399999999969e+01 7.001581000000000055e-01 3.097326999999999941e+00 2.425489210185483535e+04 3.253476365282788496e+00 9.817269946413714976e+00 1.059534402006626408e+00 1.834439784042114496e+01 2.191232008164245215e+01 1.500000000000000000e+01 7.234983000000000386e-01 3.013116999999999823e+00 3.828766835990428081e+04 1.461571972238559503e-02
3.303609721023761381e+00 1.052118991185492192e+01 2.926678440222896693e+00 1.671969592586730613e+01 3.571677666366095405e-01 1.530525399999999969e+01 7.001581000000000055e-01 3.097326999999999941e+00 2.425489210185483535e+04 3.253476365282788496e+00 9.817269946413714976e+00 1.059534402006626408e+00 1.834439784042114496e+01 2.191232008164245215e+01 1.500000000000000000e+01 7.234983000000000386e-01 3.013116999999999823e+00 3.828766835990428081e+04 1.461571972238559503e-02
3.303609671796141178e+00 1.052119006863286899e+01 2.926678440222896693e+00 1.671969592586730613e+01 3.571677666366095405e-01 1.530525399999999969e+01 7.001581000000000055e-01 3.097326999999999941e+00 2.425489210185483535e+04 3.253476365282788496e+00 9.817269946413714976e+00 1.059534402006626408e+00 1.834439784042114496e+01 2.191232008164245215e+01 1.500000000000000000e+01 7.234983000000000386e-01 3.013116999999999823e+00 3.828766835990428081e+04 1.461571972238559503e-02
3.303609671796141178e+00 1.052118991185492192e+01 2.926678483833804023e+00 1.671969592586730613e+01 3.571677666366095405e-01 1.530525399999999969e+01 7.001581000000000055e-01 3.097326999999999941e+00 2.425489210185483535e+04 3.253476365282788496e+00 9.817269946413714976e+00 1.059534402006626408e+00 1.834439784042114496e+01 2.191232008164245215e+01 1.500000000000000000e+01 7.234983000000000386e-01 3.013116999999999823e+00 3.828766835990428081e+04 1.461571972238559503e-02
3.303609671796141178e+00 1.052118991185492192e+01 2.926678440222896693e+00 1.671969617501019201e+01 3.571677666366095405e-01 1.530525399999999969e+01 7.001581000000000055e-01 3.097326999999999941e+00 2.425489210185483535e+04 3.253476365282788496e+00 9.817269946413714976e+00 1.059534402006626408e+00 1.834439784042114496e+01 2.191232008164245215e+01 1.500000000000000000e+01 7.234983000000000386e-01 3.013116999999999823e+00 3.828766835990428081e+04 1.461571972238559503e-02
3.303609671796141178e+00 1.052118991185492192e+01 2.926678440222896693e+00 1.671969592586730613e+01 3.571677815377707343e-01 1.530525399999999969e+01 7.001581000000000055e-01 3.097326999999999941e+00 2.425489210185483535e+04 3.253476365282788496e+00 9.817269946413714976e+00 1.059534402006626408e+00 1.834439784042114496e+01 2.191232008164245215e+01 1.500000000000000000e+01 7.234983000000000386e-01 3.013116999999999823e+00 3.828766835990428081e+04 1.461571972238559503e-02
3.303609671796141178e+00 1.052118991185492192e+01 2.926678440222896693e+00 1.671969592586730613e+01 3.571677666366095405e-01 1.530525399999999969e+01 7.001581000000000055e-01 3.097326999999999941e+00 2.425489246328089212e+04 3.253476365282788496e+00 9.817269946413714976e+00 1.059534402006626408e+00 1.834439784042114496e+01 2.191232008164245215e+01 1.500000000000000000e+01 7.234983000000000386e-01 3.013116999999999823e+00 3.828766835990428081e+04 1.461571972238559503e-02
3.303609671796141178e+00 1.052118991185492192e+01 2.926678440222896693e+00 1.671969592586730613e+01 3.571677666366095405e-01 1.530525399999999969e+01 7.001581000000000055e-01 3.097326999999999941e+00 2.425489210185483535e+04 3.253476413763364050e+00 9.817269946413714976e+00 1.059534402006626408e+00 1.834439784042114496e+01 2.191232008164245215e+01 1.500000000000000000e+01 7.234983000000000386e-01 3.013116999999999823e+00 3.828766835990428081e+04 1.461571972238559503e-02
3.303609671796141178e+00 1.052118991185492192e+01 2.926678440222896693e+00 1.671969592586730613e+01 3.571677666366095405e-01 1.530525399999999969e+01 7.001581000000000055e-01 3.097326999999999941e+00 2.425489210185483535e+04 3.253476365282788496e+00 9.817270092702436557e+00 1.059534402006626408e+00 1.834439784042114496e+01 2.191232008164245215e+01 1.500000000000000000e+01 7.234983000000000386e-01 3.013116999999999823e+00 3.828766835990428081e+04 1.461571972238559503e-02
3.303609671796141178e+00 1.052118991185492192e+01 2.926678440222896693e+00 1.671969592586730613e+01 3.571677666366095405e-01 1.530525399999999969e+01 7.001581000000000055e-01 3.097326999999999941e+00 2.425489210185483535e+04 3.253476365282788496e+00 9.817269946413714976e+00 1.059534417794919303e+00 1.834439784042114496e+01 2.191232008164245215e+01 1.500000000000000000e+01 7.234983000000000386e-01 3.013116999999999823e+00 3.828766835990428081e+04 1.461571972238559503e-02
3.303609671796141178e+00 1.052118991185492192e+01 2.926678440222896693e+00 1.671969592586730613e+01 3.571677666366095405e-01 1.530525399999999969e+01 7.001581000000000055e-01 3.097326999999999941e+00 2.425489210185483535e+04 3.253476365282788496e+00 9.817269946413714976e+00 1.059534402006626408e+00 1.834439811377397334e+01 2.191232008164245215e+01 1.500000000000000000e+01 7.234983000000000386e-01 3.013116999999999823e+00 3.828766835990428081e+04 1.461571972238559503e-02
3.303609671796141178e+00 1.052118991185492192e+01 2.926678440222896693e+00 1.671969592586730613e+01 3.571677666366095405e-01 1.530525399999999969e+01 7.001581000000000055e-01 3.097326999999999941e+00 2.425489210185483535e+04 3.253476365282788496e+00 9.817269946413714976e+00 1.059534402006626408e+00 1.834439784042114496e+01 2.191232040816146664e+01 1.500000000000000000e+01 7.234983000000000386e-01 3.013116999999999823e+00 3.828766835990428081e+04 1.461571972238559503e-02
3.303609671796141178e+00 1.052118991185492192e+01 2.926678440222896693e+00 1.671969592586730613e+01 3.571677666366095405e-01 1.530525399999999969e+01 7.001581000000000055e-01 3.097326999999999941e+00 2.425489210185483535e+04 3.253476365282788496e+00 9.817269946413714976e+00 1.059534402006626408e+00 1.834439784042114496e+01 2.191232008164245215e+01 1.500000000000000000e+01 7.234983000000000386e-01 3.013116999999999823e+00 3.828766893043500022e+04 1.461571972238559503e-02
3.303609671796141178e+00 1.052118991185492192e+01 2.926678440222896693e+00 1.671969592586730613e+01 3.571677666366095405e-01 1.530525399999999969e+01 7.001581000000000055e-01 3.097326999999999941e+00 2.425489210185483535e+04 3.253476365282788496e+00 9.817269946413714976e+00 1.059534402006626408e+00 1.834439784042114496e+01 2.191232008164245215e+01 1.500000000000000000e+01 7.234983000000000386e-01 3.013116999999999823e+00 3.828766835990428081e+04 1.461573462354678887e-02
3.303517108656926826e+00 1.478485772175048396e+01 2.926668736394963943e+00 1.671921024661513044e+01 3.571571420232474425e-01 1.530525399999999969e+01 7.001581000000000055e-01 3.097326999999999941e+00 5.096252734897244954e+04 3.253449179655439671e+00 4.831647744350775930e+00 1.059499291060064241e+00 1.834393314755961768e+01 2.191312989103200692e+01 1.500000000000000000e+01 7.234983000000000386e-01 3.013116999999999823e+00 1.462540535069971520e+04 1.405695152962318888e-02
3.303512715609660866e+00 1.423916958619569861e+01 2.926669211996803188e+00 1.671918723829406872e+01 3.571566114433095684e-01 1.530525399999999969e+01 7.001581000000000055e-01 3.097326999999999941e+00 3.188700062894047733e+04 3.253450490411581519e+00 5.374565250702024066e+00 1.059497341787829505e+00 1.834391330069958315e+01 2.191323258130550400e+01 1.500000000000000000e+01 7.234983000000000386e-01 3.013116999999999823e+00 3.366966900844158954e+04 1.422785765058526969e-02
3.303503448189256009e+00 1.402459420877546137e+01 2.926660871482681170e+00 1.671913852212018270e+01 3.571555855388234280e-01 1.530525399999999969e+01 7.001581000000000055e-01 3.097326999999999941e+00 2.628303896034662830e+04 3.253440426584841116e+00 5.598999613582283708e+00 1.059494380989293827e+00 1.834385967488346481e+01 2.191313492919156758e+01 1.500000000000000000e+01 7.234983000000000386e-01 3.013116999999999823e+00 3.921504625564770686e+04 1.427765530525131922e-02
3.303149708634343540e+00 1.160174302260025847e+01 2.926285883913416264e+00 1.671727792878453656e+01 3.571169948840509090e-01 1.530525399999999969e+01 7.001581000000000055e-01 3.097326999999999941e+00 2.465247952670005543e+04 3.252978354410497985e+00 8.488726489523640950e+00 1.059388367597226210e+00 1.834174136469550831e+01 2.190749823125858597e+01 1.500000000000000000e+01 7.234983000000000386e-01 3.013116999999999823e+00 3.867851523053036362e+04 1.427198590739991307e-02
3.303053205499715705e+00 1.094455017980756750e+01 2.926183540509384340e+00 1.671677034256106964e+01 3.571064674590140320e-01 1.530525399999999969e+01 7.001581000000000055e-01 3.097326999999999941e+00 2.435409766038608359e+04 3.252852238101119120e+00 9.273389969548491152e+00 1.059359451506148186e+00 1.834116341739298406e+01 2.190595904396259286e+01 1.500000000000000000e+01 7.234983000000000386e-01 3.013116999999999823e+00 3.838557280410833482e+04 1.426913798951018504e-02
3.303053254719043874e+00 1.094455017980756750e+01 2.926183540509384340e+00 1.671677034256106964e+01 3.571064674590140320e-01 1.530525399999999969e+01 7.001581000000000055e-01 3.097326999999999941e+00 2.435409766038608359e+04 3.252852238101119120e+00 9.273389969548491152e+00 1.059359451506148186e+00 1.834116341739298406e+01 2.190595904396259286e+01 1.500000000000000000e+01 7.234983000000000386e-01 3.013116999999999823e+00 3.838557280410833482e+04 1.426913798951018504e-02
3.303053205499715705e+00 1.094455034289407358e+01 2.926183540509384340e+00 1.671677034256106964e+01 3.571064674590140320e-01 1.530525399999999969e+01 7.001581000000000055e-01 3.097326999999999941e+00 2.435409766038608359e+04 3.252852238101119120e+00 9.273389969548491152e+00 1.059359451506148186e+00 1.834116341739298406e+01 2.190595904396259286e+01 1.500000000000000000e+01 7.234983000000000386e-01 3.013116999999999823e+00 3.838557280410833482e+04 1.426913798951018504e-02
3.303053205499715705e+00 1.094455017980756750e+01 2.926183584112917124e+00 1.671677034256106964e+01 3.571064674590140320e-01 1.530525399999999969e+01 7.001581000000000055e-01 3.097326999999999941e+00 2.435409766038608359e+04 3.252852238101119120e+00 9.273389969548491152e+00 1.059359451506148186e+00 1.834116341739298406e+01 2.190595904396259286e+01 1.500000000000000000e+01 7.234983000000000386e-01 3.013116999999999823e+00 3.838557280410833482e+04 1.426913798951018504e-02
3.303053205499715705e+00 1.094455017980756750e+01 2.926183540509384340e+00 1.671677059166036017e+01 3.571064674590140320e-01 1.530525399999999969e+01 7.001581000000000055e-01 3.097326999999999941e+00 2.435409766038608359e+04 3.252852238101119120e+00 9.273389969548491152e+00 1.059359451506148186e+00 1.834116341739298406e+01 2.190595904396259286e+01 1.500000000000000000e+01 7.234983000000000386e-01 3.013116999999999823e+00 3.838557280410833482e+04 1.426913798951018504e-02
3.303053205499715705e+00 1.094455017980756750e+01 2.926183540509384340e+00 1.671677034256106964e+01 3.571064823601752258e-01 1.530525399999999969e+01 7.001581000000000055e-01 3.097326999999999941e+00 2.435409766038608359e+04 3.252852238101119120e+00 9.273389969548491152e+00 1.059359451506148186e+00 1.834116341739298406e+01 2.190595904396259286e+01 1.500000000000000000e+01 7.234983000000000386e-01 3.013116999999999823e+00 3.838557280410833482e+04 1.426913798951018504e-02
3.303053205499715705e+00 1.094455017980756750e+01 2.926183540509384340e+00 1.671677034256106964e+01 3.571064674590140320e-01 1.530525399999999969e+01 7.001581000000000055e-01 3.097326999999999941e+00 2.435409802329041850e+04 3.252852238101119120e+00 9.273389969548491152e+00 1.059359451506148186e+00 1.834116341739298406e+01 2.190595904396259286e+01 1.500000000000000000e+01 7.234983000000000386e-01 3.013116999999999823e+00 3.838557280410833482e+04 1.426913798951018504e-02
3.303053205499715705e+00 1.094455017980756750e+01 2.926183540509384340e+00 1.671677034256106964e+01 3.571064674590140320e-01 1.530525399999999969e+01 7.001581000000000055e-01 3.097326999999999941e+00 2.435409766038608359e+04 3.252852286572394558e+00 9.273389969548491152e+00 1.059359451506148186e+00 1.834116341739298406e+01 2.190595904396259286e+01 1.500000000000000000e+01 7.234983000000000386e-01 3.013116999999999823e+00 3.838557280410833482e+04 1.426913798951018504e-02
3.303053205499715705e+00 1.094455017980756750e+01 2.926183540509384340e+00 1.671677034256106964e+01 3.571064674590140320e-01 1.530525399999999969e+01 7.001581000000000055e-01 3.097326999999999941e+00 2.435409766038608359e+04 3.252852238101119120e+00 9.273390107732769394e+00 1.059359451506148186e+00 1.834116341739298406e+01 2.190595904396259286e+01 1.500000000000000000e+01 7.234983000000000386e-01 3.013116999999999823e+00 3.838557280410833482e+04 1.426913798951018504e-02
3.303053205499715705e+00 1.094455017980756750e+01 2.926183540509384340e+00 1.671677034256106964e+01 3.571064674590140320e-01 1.530525399999999969e+01 7.001581000000000055e-01 3.097326999999999941e+00 2.435409766038608359e+04 3.252852238101119120e+00 9.273389969548491152e+00 1.059359467291834056e+00 1.834116341739298406e+01 2.190595904396259286e+01 1.500000000000000000e+01 7.234983000000000386e-01 3.013116999999999823e+00 3.838557280410833482e+04 1.426913798951018504e-02
3.303053205499715705e+00 1.094455017980756750e+01 2.926183540509384340e+00 1.671677034256106964e+01 3.571064674590140320e-01 1.530525399999999969e+01 7.001581000000000055e-01 3.097326999999999941e+00 2.435409766038608359e+04 3.252852238101119120e+00 9.273389969548491152e+00 1.059359451506148186e+00 1.834116369069761632e+01 2.190595904396259286e+01 1.500000000000000000e+01 7.234983000000000386e-01 3.013116999999999823e+00 3.838557280410833482e+04 1.426913798951018504e-02
3.303053205499715705e+00 1.094455017980756750e+01 2.926183540509384340e+00 1.671677034256106964e+01 3.571064674590140320e-01 1.530525399999999969e+01 7.001581000000000055e-01 3.097326999999999941e+00 2.435409766038608359e+04 3.252852238101119120e+00 9.273389969548491152e+00 1.059359451506148186e+00 1.834116341739298406e+01 2.190595937038682095e+01 1.500000000000000000e+01 7.234983000000000386e-01 3.013116999999999823e+00 3.838557280410833482e+04 1.426913798951018504e-02
3.303053205499715705e+00 1.094455017980756750e+01 2.926183540509384340e+00 1.671677034256106964e+01 3.571064674590140320e-01 1.530525399999999969e+01 7.001581000000000055e-01 3.097326999999999941e+00 2.435409766038608359e+04 3.252852238101119120e+00 9.273389969548491152e+00 1.059359451506148186e+00 1.834116341739298406e+01 2.190595904396259286e+01 1.500000000000000000e+01 7.234983000000000386e-01 3.013116999999999823e+00 3.838557337609794195e+04 1.426913798951018504e-02
3.303053205499715705e+00 1.094455017980756750e+01 2.926183540509384340e+00 1.671677034256106964e+01 3.571064674590140320e-01 1.530525399999999969e+01 7.001581000000000055e-01 3.097326999999999941e+00 2.435409766038608359e+04 3.252852238101119120e+00 9.273389969548491152e+00 1.059359451506148186e+00 1.834116341739298406e+01 2.190595904396259286e+01 1.500000000000000000e+01 7.234983000000000386e-01 3.013116999999999823e+00 3.838557280410833482e+04 1.426915289067137889e-02
3.301945302460132403e+00 1.133464349779512936e+01 2.925158723101171976e+00 1.671097101350701308e+01 3.569815109671416464e-01 1.530525399999999969e+01 7.001581000000000055e-01 3.097326999999999941e+00 2.437894240156247906e+04 3.251803301623493958e+00 8.840598932193222126e+00 1.059026267166112589e+00 1.833525391164650387e+01 2.189669221265249632e+01 1.500000000000000000e+01 7.234983000000000386e-01 3.013116999999999823e+00 3.840999856869813084e+04 1.379946668866587414e-02
3.301945351662951555e+00 1.133464349779512936e+01 2.925158723101171976e+00 1.671097101350701308e+01 3.569815109671416464e-01 1.530525399999999969e+01 7.001581000000000055e-01 3.097326999999999941e+00 2.437894240156247906e+04 3.251803301623493958e+00 8.840598932193222126e+00 1.059026267166112589e+00 1.833525391164650387e+01 2.189669221265249632e+01 1.500000000000000000e+01 7.234983000000000386e-01 3.013116999999999823e+00 3.840999856869813084e+04 1.379946668866587414e-02
3.301945302460132403e+00 1.133464366669447898e+01 2.925158723101171976e+00 1.671097101350701308e+01 3.569815109671416464e-01 1.530525399999999969e+01 7.001581000000000055e-01 3.097326999999999941e+00 2.437894240156247906e+04 3.251803301623493958e+00 8.840598932193222126e+00 1.059026267166112589e+00 1.833525391164650387e+01 2.189669221265249632e+01 1.500000000000000000e+01 7.234983000000000386e-01 3.013116999999999823e+00 3.840999856869813084e+04 1.379946668866587414e-02
3.301945302460132403e+00 1.133464349779512936e+01 2.925158766689433421e+00 1.671097101350701308e+01 3.569815109671416464e-01 1.530525399999999969e+01 7.001581000000000055e-01 3.097326999999999941e+00 2.437894240156247906e+04 3.251803301623493958e+00 8.840598932193222126e+00 1.059026267166112589e+00 1.833525391164650387e+01 2.189669221265249632e+01 1.500000000000000000e+01 7.234983000000000386e-01 3.013116999999999823e+00 3.840999856869813084e+04 1.379946668866587414e-02
3.301945302460132403e+00 1.133464349779512936e+01 2.925158723101171976e+00 1.671097126251988740e+01 3.569815109671416464e-01 1.530525399999999969e+01 7.001581000000000055e-01 3.097326999999999941e+00 2.437894240156247906e+04 3.251803301623493958e+00 8.840598932193222126e+00 1.059026267166112589e+00 1.833525391164650387e+01 2.189669221265249632e+01 1.500000000000000000e+01 7.234983000000000386e-01 3.013116999999999823e+00 3.840999856869813084e+04 1.379946668866587414e-02
3.301945302460132403e+00 1.133464349779512936e+01 2.925158723101171976e+00 1.671097101350701308e+01 3.569815258683028403e-01 1.530525399999999969e+01 7.001581000000000055e-01 3.097326999999999941e+00 2.437894240156247906e+04 3.251803301623493958e+00 8.840598932193222126e+00 1.059026267166112589e+00 1.833525391164650387e+01 2.189669221265249632e+01 1.500000000000000000e+01 7.234983000000000386e-01 3.013116999999999823e+00 3.840999856869813084e+04 1.379946668866587414e-02
3.301945302460132403e+00 1.133464349779512936e+01 2.925158723101171976e+00 1.671097101350701308e+01 3.569815109671416464e-01 1.530525399999999969e+01 7.001581000000000055e-01 3.097326999999999941e+00 2.437894276483702924e+04 3.251803301623493958e+00 8.840598932193222126e+00 1.059026267166112589e+00 1.833525391164650387e+01 2.189669221265249632e+01 1.500000000000000000e+01 7.234983000000000386e-01 3.013116999999999823e+00 3.840999856869813084e+04 1.379946668866587414e-02
3.301945302460132403e+00 1.133464349779512936e+01 2.925158723101171976e+00 1.671097101350701308e+01 3.569815109671416464e-01 1.530525399999999969e+01 7.001581000000000055e-01 3.097326999999999941e+00 2.437894240156247906e+04 3.251803350079139232e+00 8.840598932193222126e+00 1.059026267166112589e+00 1.833525391164650387e+01 2.189669221265249632e+01 1.500000000000000000e+01 7.234983000000000386e-01 3.013116999999999823e+00 3.840999856869813084e+04 1.379946668866587414e-02
3.301945302460132403e+00 1.133464349779512936e+01 2.925158723101171976e+00 1.671097101350701308e+01 3.569815109671416464e-01 1.530525399999999969e+01 7.001581000000000055e-01 3.097326999999999941e+00 2.437894240156247906e+04 3.251803301623493958e+00 8.840599063928411994e+00 1.059026267166112589e+00 1.833525391164650387e+01 2.189669221265249632e+01 1.500000000000000000e+01 7.234983000000000386e-01 3.013116999999999823e+00 3.840999856869813084e+04 1.379946668866587414e-02
3.301945302460132403e+00 1.133464349779512936e+01 2.925158723101171976e+00 1.671097101350701308e+01 3.569815109671416464e-01 1.530525399999999969e+01 7.001581000000000055e-01 3.097326999999999941e+00 2.437894240156247906e+04 3.251803301623493958e+00 8.840598932193222126e+00 1.059026282946833764e+00 1.833525391164650387e+01 2.189669221265249632e+01 1.500000000000000000e+01 7.234983000000000386e-01 3.013116999999999823e+00 3.840999856869813084e+04 1.379946668866587414e-02
3.301945302460132403e+00 1.133464349779512936e+01 2.925158723101171976e+00 1.671097101350701308e+01 3.569815109671416464e-01 1.530525399999999969e+01 7.001581000000000055e-01 3.097326999999999941e+00 2.437894240156247906e+04 3.251803301623493958e+00 8.840598932193222126e+00 1.059026267166112589e+00 1.833525418486307856e+01 2.189669221265249632e+01 1.500000000000000000e+01 7.234983000000000386e-01 3.013116999999999823e+00 3.840999856869813084e+04 1.379946668866587414e-02
3.301945302460132403e+00 1.133464349779512936e+01 2.925158723101171976e+00 1.671097101350701308e+01 3.569815109671416464e-01 1.530525399999999969e+01 7.001581000000000055e-01 3.097326999999999941e+00 2.437894240156247906e+04 3.251803301623493958e+00 8.840598932193222126e+00 1.059026267166112589e+00 1.833525391164650387e+01 2.189669253893863754e+01 1.500000000000000000e+01 7.234983000000000386e-01 3.013116999999999823e+00 3.840999856869813084e+04 1.379946668866587414e-02
3.301945302460132403e+00 1.133464349779512936e+01 2.925158723101171976e+00 1.671097101350701308e+01 3.569815109671416464e-01 1.530525399999999969e+01 7.001581000000000055e-01 3.097326999999999941e+00 2.437894240156247906e+04 3.251803301623493958e+00 8.840598932193222126e+00 1.059026267166112589e+00 1.833525391164650387e+01 2.189669221265249632e+01 1.500000000000000000e+01 7.234983000000000386e-01 3.013116999999999823e+00 3.840999914105171047e+04 1.379946668866587414e-02
3.301945302460132403e+00 1.133464349779512936e+01 2.925158723101171976e+00 1.671097101350701308e+01 3.569815109671416464e-01 1.530525399999999969e+01 7.001581000000000055e-01 3.097326999999999941e+00 2.437894240156247906e+04 3.251803301623493958e+00 8.840598932193222126e+00 1.059026267166112589e+00 1.833525391164650387e+01 2.189669221265249632e+01 1.500000000000000000e+01 7.234983000000000386e-01 3.013116999999999823e+00 3.840999856869813084e+04 1.379948158982706799e-02
3.297576887479865881e+00 1.264622193446636089e+01 2.921256649950660922e+00 1.668822424164975260e+01 3.564927769350210163e-01 1.530525399999999969e+01 7.001581000000000055e-01 3.097326999999999941e+00 2.442876029078900683e+04 3.248247141136973326e+00 7.166845324361295511e+00 1.057745879239060827e+00 1.831355660249735706e+01 2.187071218451980315e+01 1.500000000000000000e+01 7.234983000000000386e-01 3.013116999999999823e+00 3.845868666412029415e+04 1.185791981408731988e-02
3.297429393324089464e+00 1.257826614006070010e+01 2.921113362807222558e+00 1.668745588971150795e+01 3.564764964794042146e-01 1.530525399999999969e+01 7.001581000000000055e-01 3.097326999999999941e+00 2.439131712272069490e+04 3.248108080737656778e+00 7.258491799843156400e+00 1.057704361041861496e+00 1.831280093730794079e+01 2.186937434425181692e+01 1.500000000000000000e+01 7.234983000000000386e-01 3.013116999999999823e+00 3.842209696350936429e+04 1.192585390663320095e-02
3.297394880318561317e+00 1.255996743007900918e+01 2.921079437099708187e+00 1.668727638432088867e+01 3.564727025200854493e-01 1.530525399999999969e+01 7.001581000000000055e-01 3.097326999999999941e+00 2.438171577294219242e+04 3.248074963052501207e+00 7.283099744588227509e+00 1.057694722224462147e+00 1.831262361493695323e+01 2.186904517502027900e+01 1.500000000000000000e+01 7.234983000000000386e-01 3.013116999999999823e+00 3.841271025384143286e+04 1.194457715462162069e-02
3.299473202126694371e+00 1.200730218454697962e+01 2.922848117312300431e+00 1.669828356365221467e+01 3.567119562461140703e-01 1.530525399999999969e+01 7.001581000000000055e-01 3.097326999999999941e+00 2.437894400851976388e+04 3.249669858284100599e+00 7.984301961597880748e+00 1.058327907235822929e+00 1.832295682259422165e+01 2.187772930845126496e+01 1.500000000000000000e+01 7.234983000000000386e-01 3.013116999999999823e+00 3.841000014421280503e+04 1.276814562633677916e-02
3.301401779942521042e+00 1.150160504253642557e+01 2.924493045396047819e+00 1.670849284579349003e+01 3.569338420203159723e-01 1.530525399999999969e+01 7.001581000000000055e-01 3.097326999999999941e+00 2.437894240756516956e+04 3.251152300062456035e+00 8.625593575913979905e+00 1.058915386290210536e+00 1.833254905806965596e+01 2.188588750391429372e+01 1.500000000000000000e+01 7.234983000000000386e-01 3.013116999999999823e+00 3.840999857562826946e+04 1.352413321499478308e-02
3.301401829137241339e+00 1.150160504253642557e+01 2.924493045396047819e+00 1.670849284579349003e+01 3.569338420203159723e-01 1.530525399999999969e+01 7.001581000000000055e-01 3.097326999999999941e+00 2.437894240756516956e+04 3.251152300062456035e+00 8.625593575913979905e+00 1.058915386290210536e+00 1.833254905806965596e+01 2.188588750391429372e+01 1.500000000000000000e+01 7.234983000000000386e-01 3.013116999999999823e+00 3.840999857562826946e+04 1.352413321499478308e-02
3.301401779942521042e+00 1.150160521392369617e+01 2.924493045396047819e+00 1.670849284579349003e+01 3.569338420203159723e-01 1.530525399999999969e+01 7.001581000000000055e-01 3.097326999999999941e+00 2.437894240756516956e+04 3.251152300062456035e+00 8.625593575913979905e+00 1.058915386290210536e+00 1.833254905806965596e+01 2.188588750391429372e+01 1.500000000000000000e+01 7.234983000000000386e-01 3.013116999999999823e+00 3.840999857562826946e+04 1.352413321499478308e-02
3.301401779942521042e+00 1.150160504253642557e+01 2.924493088974390087e+00 1.670849284579349003e+01 3.569338420203159723e-01 1.530525399999999969e+01 7.001581000000000055e-01 3.097326999999999941e+00 2.437894240756516956e+04 3.251152300062456035e+00 8.625593575913979905e+00 1.058915386290210536e+00 1.833254905806965596e+01 2.188588750391429372e+01 1.500000000000000000e+01 7.234983000000000386e-01 3.013116999999999823e+00 3.840999857562826946e+04 1.352413321499478308e-02
3.301401779942521042e+00 1.150160504253642557e+01 2.924493045396047819e+00 1.670849309476943390e+01 3.569338420203159723e-01 1.530525399999999969e+01 7.001581000000000055e-01 3.097326999999999941e+00 2.437894240756516956e+04 3.251152300062456035e+00 8.625593575913979905e+00 1.058915386290210536e+00 1.833254905806965596e+01 2.188588750391429372e+01 1.500000000000000000e+01 7.234983000000000386e-01 3.013116999999999823e+00 3.840999857562826946e+04 1.352413321499478308e-02
3.301401779942521042e+00 1.150160504253642557e+01 2.924493045396047819e+00 1.670849284579349003e+01 3.569338569214771661e-01 1.530525399999999969e+01 7.001581000000000055e-01 3.097326999999999941e+00 2.437894240756516956e+04 3.251152300062456035e+00 8.625593575913979905e+00 1.058915386290210536e+00 1.833254905806965596e+01 2.188588750391429372e+01 1.500000000000000000e+01 7.234983000000000386e-01 3.013116999999999823e+00 3.840999857562826946e+04 1.352413321499478308e-02
3.301401779942521042e+00 1.150160504253642557e+01 2.924493045396047819e+00 1.670849284579349003e+01 3.569338420203159723e-01 1.530525399999999969e+01 7.001581000000000055e-01 3.097326999999999941e+00 2.437894277083971974e+04 3.251152300062456035e+00 8.625593575913979905e+00 1.058915386290210536e+00 1.833254905806965596e+01 2.188588750391429372e+01 1.500000000000000000e+01 7.234983000000000386e-01 3.013116999999999823e+00 3.840999857562826946e+04 1.352413321499478308e-02
3.301401779942521042e+00 1.150160504253642557e+01 2.924493045396047819e+00 1.670849284579349003e+01 3.569338420203159723e-01 1.530525399999999969e+01 7.001581000000000055e-01 3.097326999999999941e+00 2.437894240756516956e+04 3.251152348508400625e+00 8.625593575913979905e+00 1.058915386290210536e+00 1.833254905806965596e+01 2.188588750391429372e+01 1.500000000000000000e+01 7.234983000000000386e-01 3.013116999999999823e+00 3.840999857562826946e+04 1.352413321499478308e-02
3.301401779942521042e+00 1.150160504253642557e+01 2.924493045396047819e+00 1.670849284579349003e+01 3.569338420203159723e-01 1.530525399999999969e+01 7.001581000000000055e-01 3.097326999999999941e+00 2.437894240756516956e+04 3.251152300062456035e+00 8.625593704445339682e+00 1.058915386290210536e+00 1.833254905806965596e+01 2.188588750391429372e+01 1.500000000000000000e+01 7.234983000000000386e-01 3.013116999999999823e+00 3.840999857562826946e+04 1.352413321499478308e-02
3.301401779942521042e+00 1.150160504253642557e+01 2.924493045396047819e+00 1.670849284579349003e+01 3.569338420203159723e-01 1.530525399999999969e+01 7.001581000000000055e-01 3.097326999999999941e+00 2.437894240756516956e+04 3.251152300062456035e+00 8.625593575913979905e+00 1.058915402069279477e+00 1.833254905806965596e+01 2.188588750391429372e+01 1.500000000000000000e+01 7.234983000000000386e-01 3.013116999999999823e+00 3.840999857562826946e+04 1.352413321499478308e-02
3.301401779942521042e+00 1.150160504253642557e+01 2.924493045396047819e+00 1.670849284579349003e+01 3.569338420203159723e-01 1.530525399999999969e+01 7.001581000000000055e-01 3.097326999999999941e+00 2.437894240756516956e+04 3.251152300062456035e+00 8.625593575913979905e+00 1.058915386290210536e+00 1.833254933124592512e+01 2.188588750391429372e+01 1.500000000000000000e+01 7.234983000000000386e-01 3.013116999999999823e+00 3.840999857562826946e+04 1.352413321499478308e-02
3.301401779942521042e+00 1.150160504253642557e+01 2.924493045396047819e+00 1.670849284579349003e+01 3.569338420203159723e-01 1.530525399999999969e+01 7.001581000000000055e-01 3.097326999999999941e+00 2.437894240756516956e+04 3.251152300062456035e+00 8.625593575913979905e+00 1.058915386290210536e+00 1.833254905806965596e+01 2.188588783003943306e+01 1.500000000000000000e+01 7.234983000000000386e-01 3.013116999999999823e+00 3.840999857562826946e+04 1.352413321499478308e-02
3.301401779942521042e+00 1.150160504253642557e+01 2.924493045396047819e+00 1.670849284579349003e+01 3.569338420203159723e-01 1.530525399999999969e+01 7.001581000000000055e-01 3.097326999999999941e+00 2.437894240756516956e+04 3.251152300062456035e+00 8.625593575913979905e+00 1.058915386290210536e+00 1.833254905806965596e+01 2.188588750391429372e+01 1.500000000000000000e+01 7.234983000000000386e-01 3.013116999999999823e+00 3.840999914798184909e+04 1.352413321499478308e-02
3.301401779942521042e+00 1.150160504253642557e+01 2.924493045396047819e+00 1.670849284579349003e+01 3.569338420203159723e-01 1.530525399999999969e+01 7.001581000000000055e-01 3.097326999999999941e+00 2.437894240756516956e+04 3.251152300062456035e+00 8.625593575913979905e+00 1.058915386290210536e+00 1.833254905806965596e+01 2.188588750391429372e+01 1.500000000000000000e+01 7.234983000000000386e-01 3.013116999999999823e+00 3.840999857562826946e+04 1.352414811615597692e-02
3.300902707364654187e+00 1.166458441073702801e+01 2.924101822921691074e+00 1.670637401429394941e+01 3.568976894794124166e-01 1.530525399999999969e+01 7.001581000000000055e-01 3.097326999999999941e+00 2.437894239895520877e+04 3.250594744709778272e+00 8.407552529360213356e+00 1.058837143441443640e+00 1.833032228236776362e+01 2.187543240127599731e+01 1.500000000000000000e+01 7.234983000000000386e-01 3.013116999999999823e+00 3.840999856791782076e+04 1.323307013530480164e-02
3.301342075107709828e+00 1.154358793314738918e+01 2.924459750638686906e+00 1.670870798749820452e+01 3.569487561597592951e-01 1.530525399999999969e+01 7.001581000000000055e-01 3.097326999999999941e+00 2.437894239756209208e+04 3.250911011884201063e+00 8.572059756702781641e+00 1.058968597430760994e+00 1.833242582504981399e+01 2.187724813539006874e+01 1.500000000000000000e+01 7.234983000000000386e-01 3.013116999999999823e+00 3.840999856604493834e+04 1.344182999491583957e-02
3.301342124301540171e+00 1.154358793314738918e+01 2.924459750638686906e+00 1.670870798749820452e+01 3.569487561597592951e-01 1.530525399999999969e+01 7.001581000000000055e-01 3.097326999999999941e+00 2.437894239756209208e+04 3.250911011884201063e+00 8.572059756702781641e+00 1.058968597430760994e+00 1.833242582504981399e+01 2.187724813539006874e+01 1.500000000000000000e+01 7.234983000000000386e-01 3.013116999999999823e+00 3.840999856604493834e+04 1.344182999491583957e-02
3.301342075107709828e+00 1.154358810516025358e+01 2.924459750638686906e+00 1.670870798749820452e+01 3.569487561597592951e-01 1.530525399999999969e+01 7.001581000000000055e-01 3.097326999999999941e+00 2.437894239756209208e+04 3.250911011884201063e+00 8.572059756702781641e+00 1.058968597430760994e+00 1.833242582504981399e+01 2.187724813539006874e+01 1.500000000000000000e+01 7.234983000000000386e-01 3.013116999999999823e+00 3.840999856604493834e+04 1.344182999491583957e-02
3.301342075107709828e+00 1.154358793314738918e+01 2.924459794216533126e+00 1.670870798749820452e+01 3.569487561597592951e-01 1.530525399999999969e+01 7.001581000000000055e-01 3.097326999999999941e+00 2.437894239756209208e+04 3.250911011884201063e+00 8.572059756702781641e+00 1.058968597430760994e+00 1.833242582504981399e+01 2.187724813539006874e+01 1.500000000000000000e+01 7.234983000000000386e-01 3.013116999999999823e+00 3.840999856604493834e+04 1.344182999491583957e-02
3.301342075107709828e+00 1.154358793314738918e+01 2.924459750638686906e+00 1.670870823647735648e+01 3.569487561597592951e-01 1.530525399999999969e+01 7.001581000000000055e-01 3.097326999999999941e+00 2.437894239756209208e+04 3.250911011884201063e+00 8.572059756702781641e+00 1.058968597430760994e+00 1.833242582504981399e+01 2.187724813539006874e+01 1.500000000000000000e+01 7.234983000000000386e-01 3.013116999999999823e+00 3.840999856604493834e+04 1.344182999491583957e-02
3.301342075107709828e+00 1.154358793314738918e+01 2.924459750638686906e+00 1.670870798749820452e+01 3.569487710609204889e-01 1.530525399999999969e+01 7.001581000000000055e-01 3.097326999999999941e+00 2.437894239756209208e+04 3.250911011884201063e+00 8.572059756702781641e+00 1.058968597430760994e+00 1.833242582504981399e+01 2.187724813539006874e+01 1.500000000000000000e+01 7.234983000000000386e-01 3.013116999999999823e+00 3.840999856604493834e+04 1.344182999491583957e-02
3.301342075107709828e+00 1.154358793314738918e+01 2.924459750638686906e+00 1.670870798749820452e+01 3.569487561597592951e-01 1.530525399999999969e+01 7.001581000000000055e-01 3.097326999999999941e+00 2.437894276083664226e+04 3.250911011884201063e+00 8.572059756702781641e+00 1.058968597430760994e+00 1.833242582504981399e+01 2.187724813539006874e+01 1.500000000000000000e+01 7.234983000000000386e-01 3.013116999999999823e+00 3.840999856604493834e+04 1.344182999491583957e-02
3.301342075107709828e+00 1.154358793314738918e+01 2.924459750638686906e+00 1.670870798749820452e+01 3.569487561597592951e-01 1.530525399999999969e+01 7.001581000000000055e-01 3.097326999999999941e+00 2.437894239756209208e+04 3.250911060326549862e+00 8.572059756702781641e+00 1.058968597430760994e+00 1.833242582504981399e+01 2.187724813539006874e+01 1.500000000000000000e+01 7.234983000000000386e-01 3.013116999999999823e+00 3.840999856604493834e+04 1.344182999491583957e-02
3.301342075107709828e+00 1.154358793314738918e+01 2.924459750638686906e+00 1.670870798749820452e+01 3.569487561597592951e-01 1.530525399999999969e+01 7.001581000000000055e-01 3.097326999999999941e+00 2.437894239756209208e+04 3.250911011884201063e+00 8.572059884436425747e+00 1.058968597430760994e+00 1.833242582504981399e+01 2.187724813539006874e+01 1.500000000000000000e+01 7.234983000000000386e-01 3.013116999999999823e+00 3.840999856604493834e+04 1.344182999491583957e-02
3.301342075107709828e+00 1.154358793314738918e+01 2.924459750638686906e+00 1.670870798749820452e+01 3.569487561597592951e-01 1.530525399999999969e+01 7.001581000000000055e-01 3.097326999999999941e+00 2.437894239756209208e+04 3.250911011884201063e+00 8.572059756702781641e+00 1.058968613210622856e+00 1.833242582504981399e+01 2.187724813539006874e+01 1.500000000000000000e+01 7.234983000000000386e-01 3.013116999999999823e+00 3.840999856604493834e+04 1.344182999491583957e-02
3.301342075107709828e+00 1.154358793314738918e+01 2.924459750638686906e+00 1.670870798749820452e+01 3.569487561597592951e-01 1.530525399999999969e+01 7.001581000000000055e-01 3.097326999999999941e+00 2.437894239756209208e+04 3.250911011884201063e+00 8.572059756702781641e+00 1.058968597430760994e+00 1.833242609822424640e+01 2.187724813539006874e+01 1.500000000000000000e+01 7.234983000000000386e-01 3.013116999999999823e+00 3.840999856604493834e+04 1.344182999491583957e-02
3.301342075107709828e+00 1.154358793314738918e+01 2.924459750638686906e+00 1.670870798749820452e+01 3.569487561597592951e-01 1.530525399999999969e+01 7.001581000000000055e-01 3.097326999999999941e+00 2.437894239756209208e+04 3.250911011884201063e+00 8.572059756702781641e+00 1.058968597430760994e+00 1.833242582504981399e+01 2.187724846138646839e+01 1.500000000000000000e+01 7.234983000000000386e-01 3.013116999999999823e+00 3.840999856604493834e+04 1.344182999491583957e-02
3.301342075107709828e+00 1.154358793314738918e+01 2.924459750638686906e+00 1.670870798749820452e+01 3.569487561597592951e-01 1.530525399999999969e+01 7.001581000000000055e-01 3.097326999999999941e+00 2.437894239756209208e+04 3.250911011884201063e+00 8.572059756702781641e+00 1.058968597430760994e+00 1.833242582504981399e+01 2.187724813539006874e+01 1.500000000000000000e+01 7.234983000000000386e-01 3.013116999999999823e+00 3.840999913839851797e+04 1.344182999491583957e-02
3.301342075107709828e+00 1.154358793314738918e+01 2.924459750638686906e+00 1.670870798749820452e+01 3.569487561597592951e-01 1.530525399999999969e+01 7.001581000000000055e-01 3.097326999999999941e+00 2.437894239756209208e+04 3.250911011884201063e+00 8.572059756702781641e+00 1.058968597430760994e+00 1.833242582504981399e+01 2.187724813539006874e+01 1.500000000000000000e+01 7.234983000000000386e-01 3.013116999999999823e+00 3.840999856604493834e+04 1.344184489607703342e-02
3.301154747291578762e+00 1.162266655600740961e+01 2.924528970498136982e+00 1.670874835410004522e+01 3.569705215161024792e-01 1.530525399999999969e+01 7.001581000000000055e-01 3.097326999999999941e+00 2.437894237818461988e+04 3.250467047740602577e+00 8.461328428131439594e+00 1.059066148451320855e+00 1.833211955112333769e+01 2.186068525264149898e+01 1.500000000000000000e+01 7.234983000000000386e-01 3.013116999999999823e+00 3.840999854736820998e+04 1.329482158390563572e-02
3.301419385628070469e+00 1.156404144534342571e+01 2.924614509721407352e+00 1.671012020032642553e+01 3.570003693727132887e-01 1.530525399999999969e+01 7.001581000000000055e-01 3.097326999999999941e+00 2.437894239184732214e+04 3.250629423159531850e+00 8.545035676201237607e+00 1.059145099083220520e+00 1.833327448426829065e+01 2.186314572804472434e+01 1.500000000000000000e+01 7.234983000000000386e-01 3.013116999999999823e+00 3.840999856053449912e+04 1.340406945429010316e-02
3.301419434823052779e+00 1.156404144534342571e+01 2.924614509721407352e+00 1.671012020032642553e+01 3.570003693727132887e-01 1.530525399999999969e+01 7.001581000000000055e-01 3.097326999999999941e+00 2.437894239184732214e+04 3.250629423159531850e+00 8.545035676201237607e+00 1.059145099083220520e+00 1.833327448426829065e+01 2.186314572804472434e+01 1.500000000000000000e+01 7.234983000000000386e-01 3.013116999999999823e+00 3.840999856053449912e+04 1.340406945429010316e-02
3.301419385628070469e+00 1.156404161766107208e+01 2.924614509721407352e+00 1.671012020032642553e+01 3.570003693727132887e-01 1.530525399999999969e+01 7.001581000000000055e-01 3.097326999999999941e+00 2.437894239184732214e+04 3.250629423159531850e+00 8.545035676201237607e+00 1.059145099083220520e+00 1.833327448426829065e+01 2.186314572804472434e+01 1.500000000000000000e+01 7.234983000000000386e-01 3.013116999999999823e+00 3.840999856053449912e+04 1.340406945429010316e-02
3.301419385628070469e+00 1.156404144534342571e+01 2.924614553301559727e+00 1.671012020032642553e+01 3.570003693727132887e-01 1.530525399999999969e+01 7.001581000000000055e-01 3.097326999999999941e+00 2.437894239184732214e+04 3.250629423159531850e+00 8.545035676201237607e+00 1.059145099083220520e+00 1.833327448426829065e+01 2.186314572804472434e+01 1.500000000000000000e+01 7.234983000000000386e-01 3.013116999999999823e+00 3.840999856053449912e+04 1.340406945429010316e-02
3.301419385628070469e+00 1.156404144534342571e+01 2.924614509721407352e+00 1.671012044932662022e+01 3.570003693727132887e-01 1.530525399999999969e+01 7.001581000000000055e-01 3.097326999999999941e+00 2.437894239184732214e+04 3.250629423159531850e+00 8.545035676201237607e+00 1.059145099083220520e+00 1.833327448426829065e+01 2.186314572804472434e+01 1.500000000000000000e+01 7.234983000000000386e-01 3.013116999999999823e+00 3.840999856053449912e+04 1.340406945429010316e-02
3.301419385628070469e+00 1.156404144534342571e+01 2.924614509721407352e+00 1.671012020032642553e+01 3.570003842738744826e-01 1.530525399999999969e+01 7.001581000000000055e-01 3.097326999999999941e+00 2.437894239184732214e+04 3.250629423159531850e+00 8.545035676201237607e+00 1.059145099083220520e+00 1.833327448426829065e+01 2.186314572804472434e+01 1.500000000000000000e+01 7.234983000000000386e-01 3.013116999999999823e+00 3.840999856053449912e+04 1.340406945429010316e-02
3.301419385628070469e+00 1.156404144534342571e+01 2.924614509721407352e+00 1.671012020032642553e+01 3.570003693727132887e-01 1.530525399999999969e+01 7.001581000000000055e-01 3.097326999999999941e+00 2.437894275512187232e+04 3.250629423159531850e+00 8.545035676201237607e+00 1.059145099083220520e+00 1.833327448426829065e+01 2.186314572804472434e+01 1.500000000000000000e+01 7.234983000000000386e-01 3.013116999999999823e+00 3.840999856053449912e+04 1.340406945429010316e-02
3.301419385628070469e+00 1.156404144534342571e+01 2.924614509721407352e+00 1.671012020032642553e+01 3.570003693727132887e-01 1.530525399999999969e+01 7.001581000000000055e-01 3.097326999999999941e+00 2.437894239184732214e+04 3.250629471597684894e+00 8.545035676201237607e+00 1.059145099083220520e+00 1.833327448426829065e+01 2.186314572804472434e+01 1.500000000000000000e+01 7.234983000000000386e-01 3.013116999999999823e+00 3.840999856053449912e+04 1.340406945429010316e-02
3.301419385628070469e+00 1.156404144534342571e+01 2.924614509721407352e+00 1.671012020032642553e+01 3.570003693727132887e-01 1.530525399999999969e+01 7.001581000000000055e-01 3.097326999999999941e+00 2.437894239184732214e+04 3.250629423159531850e+00 8.545035803532192276e+00 1.059145099083220520e+00 1.833327448426829065e+01 2.186314572804472434e+01 1.500000000000000000e+01 7.234983000000000386e-01 3.013116999999999823e+00 3.840999856053449912e+04 1.340406945429010316e-02
3.301419385628070469e+00 1.156404144534342571e+01 2.924614509721407352e+00 1.671012020032642553e+01 3.570003693727132887e-01 1.530525399999999969e+01 7.001581000000000055e-01 3.097326999999999941e+00 2.437894239184732214e+04 3.250629423159531850e+00 8.545035676201237607e+00 1.059145114865712278e+00 1.833327448426829065e+01 2.186314572804472434e+01 1.500000000000000000e+01 7.234983000000000386e-01 3.013116999999999823e+00 3.840999856053449912e+04 1.340406945429010316e-02
3.301419385628070469e+00 1.156404144534342571e+01 2.924614509721407352e+00 1.671012020032642553e+01 3.570003693727132887e-01 1.530525399999999969e+01 7.001581000000000055e-01 3.097326999999999941e+00 2.437894239184732214e+04 3.250629423159531850e+00 8.545035676201237607e+00 1.059145099083220520e+00 1.833327475745537072e+01 2.186314572804472434e+01 1.500000000000000000e+01 7.234983000000000386e-01 3.013116999999999823e+00 3.840999856053449912e+04 1.340406945429010316e-02
3.301419385628070469e+00 1.156404144534342571e+01 2.924614509721407352e+00 1.671012020032642553e+01 3.570003693727132887e-01 1.530525399999999969e+01 7.001581000000000055e-01 3.097326999999999941e+00 2.437894239184732214e+04 3.250629423159531850e+00 8.545035676201237607e+00 1.059145099083220520e+00 1.833327448426829065e+01 2.186314605383098453e+01 1.500000000000000000e+01 7.234983000000000386e-01 3.013116999999999823e+00 3.840999856053449912e+04 1.340406945429010316e-02
3.301419385628070469e+00 1.156404144534342571e+01 2.924614509721407352e+00 1.671012020032642553e+01 3.570003693727132887e-01 1.530525399999999969e+01 7.001581000000000055e-01 3.097326999999999941e+00 2.437894239184732214e+04 3.250629423159531850e+00 8.545035676201237607e+00 1.059145099083220520e+00 1.833327448426829065e+01 2.186314572804472434e+01 1.500000000000000000e+01 7.234983000000000386e-01 3.013116999999999823e+00 3.840999913288807875e+04 1.340406945429010316e-02
3.301419385628070469e+00 1.156404144534342571e+01 2.924614509721407352e+00 1.671012020032642553e+01 3.570003693727132887e-01 1.530525399999999969e+01 7.001581000000000055e-01 3.097326999999999941e+00 2.437894239184732214e+04 3.250629423159531850e+00 8.545035676201237607e+00 1.059145099083220520e+00 1.833327448426829065e+01 2.186314572804472434e+01 1.500000000000000000e+01 7.234983000000000386e-01 3.013116999999999823e+00 3.840999856053449912e+04 1.340408435545129701e-02
3.301533296796021144e+00 1.158433291313592584e+01 2.924366918087687672e+00 1.671195284493342825e+01 3.570486812297515300e-01 1.530525399999999969e+01 7.001581000000000055e-01 3.097326999999999941e+00 2.437894238609588501e+04 3.250306418546113907e+00 8.517958856006680790e+00 1.059365128316448246e+00 1.833440676883705223e+01 2.184648929031065379e+01 1.500000000000000000e+01 7.234983000000000386e-01 3.013116999999999823e+00 3.840999855500279955e+04 1.336749677207730441e-02
3.301533345992701207e+00 1.158433291313592584e+01 2.924366918087687672e+00 1.671195284493342825e+01 3.570486812297515300e-01 1.530525399999999969e+01 7.001581000000000055e-01 3.097326999999999941e+00 2.437894238609588501e+04 3.250306418546113907e+00 8.517958856006680790e+00 1.059365128316448246e+00 1.833440676883705223e+01 2.184648929031065379e+01 1.500000000000000000e+01 7.234983000000000386e-01 3.013116999999999823e+00 3.840999855500279955e+04 1.336749677207730441e-02
3.301533296796021144e+00 1.158433308575593834e+01 2.924366918087687672e+00 1.671195284493342825e+01 3.570486812297515300e-01 1.530525399999999969e+01 7.001581000000000055e-01 3.097326999999999941e+00 2.437894238609588501e+04 3.250306418546113907e+00 8.517958856006680790e+00 1.059365128316448246e+00 1.833440676883705223e+01 2.184648929031065379e+01 1.500000000000000000e+01 7.234983000000000386e-01 3.013116999999999823e+00 3.840999855500279955e+04 1.336749677207730441e-02
3.301533296796021144e+00 1.158433291313592584e+01 2.924366961664150555e+00 1.671195284493342825e+01 3.570486812297515300e-01 1.530525399999999969e+01 7.001581000000000055e-01 3.097326999999999941e+00 2.437894238609588501e+04 3.250306418546113907e+00 8.517958856006680790e+00 1.059365128316448246e+00 1.833440676883705223e+01 2.184648929031065379e+01 1.500000000000000000e+01 7.234983000000000386e-01 3.013116999999999823e+00 3.840999855500279955e+04 1.336749677207730441e-02
3.301533296796021144e+00 1.158433291313592584e+01 2.924366918087687672e+00 1.671195309396093265e+01 3.570486812297515300e-01 1.530525399999999969e+01 7.001581000000000055e-01 3.097326999999999941e+00 2.437894238609588501e+04 3.250306418546113907e+00 8.517958856006680790e+00 1.059365128316448246e+00 1.833440676883705223e+01 2.184648929031065379e+01 1.500000000000000000e+01 7.234983000000000386e-01 3.013116999999999823e+00 3.840999855500279955e+04 1.336749677207730441e-02
3.301533296796021144e+00 1.158433291313592584e+01 2.924366918087687672e+00 1.671195284493342825e+01 3.570486961309127238e-01 1.530525399999999969e+01 7.001581000000000055e-01 3.097326999999999941e+00 2.437894238609588501e+04 3.250306418546113907e+00 8.517958856006680790e+00 1.059365128316448246e+00 1.833440676883705223e+01 2.184648929031065379e+01 1.500000000000000000e+01 7.234983000000000386e-01 3.013116999999999823e+00 3.840999855500279955e+04 1.336749677207730441e-02
3.301533296796021144e+00 1.158433291313592584e+01 2.924366918087687672e+00 1.671195284493342825e+01 3.570486812297515300e-01 1.530525399999999969e+01 7.001581000000000055e-01 3.097326999999999941e+00 2.437894274937043519e+04 3.250306418546113907e+00 8.517958856006680790e+00 1.059365128316448246e+00 1.833440676883705223e+01 2.184648929031065379e+01 1.500000000000000000e+01 7.234983000000000386e-01 3.013116999999999823e+00 3.840999855500279955e+04 1.336749677207730441e-02
3.301533296796021144e+00 1.158433291313592584e+01 2.924366918087687672e+00 1.671195284493342825e+01 3.570486812297515300e-01 1.530525399999999969e+01 7.001581000000000055e-01 3.097326999999999941e+00 2.437894238609588501e+04 3.250306466979453912e+00 8.517958856006680790e+00 1.059365128316448246e+00 1.833440676883705223e+01 2.184648929031065379e+01 1.500000000000000000e+01 7.234983000000000386e-01 3.013116999999999823e+00 3.840999855500279955e+04 1.336749677207730441e-02
3.301533296796021144e+00 1.158433291313592584e+01 2.924366918087687672e+00 1.671195284493342825e+01 3.570486812297515300e-01 1.530525399999999969e+01 7.001581000000000055e-01 3.097326999999999941e+00 2.437894238609588501e+04 3.250306418546113907e+00 8.517958982934159096e+00 1.059365128316448246e+00 1.833440676883705223e+01 2.184648929031065379e+01 1.500000000000000000e+01 7.234983000000000386e-01 3.013116999999999823e+00 3.840999855500279955e+04 1.336749677207730441e-02
3.301533296796021144e+00 1.158433291313592584e+01 2.924366918087687672e+00 1.671195284493342825e+01 3.570486812297515300e-01 1.530525399999999969e+01 7.001581000000000055e-01 3.097326999999999941e+00 2.437894238609588501e+04 3.250306418546113907e+00 8.517958856006680790e+00 1.059365144102218714e+00 1.833440676883705223e+01 2.184648929031065379e+01 1.500000000000000000e+01 7.234983000000000386e-01 3.013116999999999823e+00 3.840999855500279955e+04 1.336749677207730441e-02
3.301533296796021144e+00 1.158433291313592584e+01 2.924366918087687672e+00 1.671195284493342825e+01 3.570486812297515300e-01 1.530525399999999969e+01 7.001581000000000055e-01 3.097326999999999941e+00 2.437894238609588501e+04 3.250306418546113907e+00 8.517958856006680790e+00 1.059365128316448246e+00 1.833440704204100413e+01 2.184648929031065379e+01 1.500000000000000000e+01 7.234983000000000386e-01 3.013116999999999823e+00 3.840999855500279955e+04 1.336749677207730441e-02
3.301533296796021144e+00 1.158433291313592584e+01 2.924366918087687672e+00 1.671195284493342825e+01 3.570486812297515300e-01 1.530525399999999969e+01 7.001581000000000055e-01 3.097326999999999941e+00 2.437894238609588501e+04 3.250306418546113907e+00 8.517958856006680790e+00 1.059365128316448246e+00 1.833440676883705223e+01 2.184648961584871074e+01 1.500000000000000000e+01 7.234983000000000386e-01 3.013116999999999823e+00 3.840999855500279955e+04 1.336749677207730441e-02
3.301533296796021144e+00 1.158433291313592584e+01 2.924366918087687672e+00 1.671195284493342825e+01 3.570486812297515300e-01 1.530525399999999969e+01 7.001581000000000055e-01 3.097326999999999941e+00 2.437894238609588501e+04 3.250306418546113907e+00 8.517958856006680790e+00 1.059365128316448246e+00 1.833440676883705223e+01 2.184648929031065379e+01 1.500000000000000000e+01 7.234983000000000386e-01 3.013116999999999823e+00 3.840999912735637918e+04 1.336749677207730441e-02
3.301533296796021144e+00 1.158433291313592584e+01 2.924366918087687672e+00 1.671195284493342825e+01 3.570486812297515300e-01 1.530525399999999969e+01 7.001581000000000055e-01 3.097326999999999941e+00 2.437894238609588501e+04 3.250306418546113907e+00 8.517958856006680790e+00 1.059365128316448246e+00 1.833440676883705223e+01 2.184648929031065379e+01 1.500000000000000000e+01 7.234983000000000386e-01 3.013116999999999823e+00 3.840999855500279955e+04 1.336751167323849826e-02
3.301626985759027910e+00 1.158901089118641181e+01 2.924297901228874785e+00 1.671332096798795774e+01 3.570935598705322622e-01 1.530525399999999969e+01 7.001581000000000055e-01 3.097326999999999941e+00 2.437894238470215350e+04 3.250045484714140009e+00 8.511181901780036085e+00 1.059583622288085003e+00 1.833544092886612731e+01 2.183677886862938422e+01 1.500000000000000000e+01 7.234983000000000386e-01 3.013116999999999823e+00 3.840999855365215626e+04 1.335883628985931083e-02
3.301627034957103746e+00 1.158901089118641181e+01 2.924297901228874785e+00 1.671332096798795774e+01 3.570935598705322622e-01 1.530525399999999969e+01 7.001581000000000055e-01 3.097326999999999941e+00 2.437894238470215350e+04 3.250045484714140009e+00 8.511181901780036085e+00 1.059583622288085003e+00 1.833544092886612731e+01 2.183677886862938422e+01 1.500000000000000000e+01 7.234983000000000386e-01 3.013116999999999823e+00 3.840999855365215626e+04 1.335883628985931083e-02
3.301626985759027910e+00 1.158901106387613034e+01 2.924297901228874785e+00 1.671332096798795774e+01 3.570935598705322622e-01 1.530525399999999969e+01 7.001581000000000055e-01 3.097326999999999941e+00 2.437894238470215350e+04 3.250045484714140009e+00 8.511181901780036085e+00 1.059583622288085003e+00 1.833544092886612731e+01 2.183677886862938422e+01 1.500000000000000000e+01 7.234983000000000386e-01 3.013116999999999823e+00 3.840999855365215626e+04 1.335883628985931083e-02
3.301626985759027910e+00 1.158901089118641181e+01 2.924297944804309157e+00 1.671332096798795774e+01 3.570935598705322622e-01 1.530525399999999969e+01 7.001581000000000055e-01 3.097326999999999941e+00 2.437894238470215350e+04 3.250045484714140009e+00 8.511181901780036085e+00 1.059583622288085003e+00 1.833544092886612731e+01 2.183677886862938422e+01 1.500000000000000000e+01 7.234983000000000386e-01 3.013116999999999823e+00 3.840999855365215626e+04 1.335883628985931083e-02
3.301626985759027910e+00 1.158901089118641181e+01 2.924297901228874785e+00 1.671332121703584761e+01 3.570935598705322622e-01 1.530525399999999969e+01 7.001581000000000055e-01 3.097326999999999941e+00 2.437894238470215350e+04 3.250045484714140009e+00 8.511181901780036085e+00 1.059583622288085003e+00 1.833544092886612731e+01 2.183677886862938422e+01 1.500000000000000000e+01 7.234983000000000386e-01 3.013116999999999823e+00 3.840999855365215626e+04 1.335883628985931083e-02
3.301626985759027910e+00 1.158901089118641181e+01 2.924297901228874785e+00 1.671332096798795774e+01 3.570935747716934561e-01 1.530525399999999969e+01 7.001581000000000055e-01 3.097326999999999941e+00 2.437894238470215350e+04 3.250045484714140009e+00 8.511181901780036085e+00 1.059583622288085003e+00 1.833544092886612731e+01 2.183677886862938422e+01 1.500000000000000000e+01 7.234983000000000386e-01 3.013116999999999823e+00 3.840999855365215626e+04 1.335883628985931083e-02
3.301626985759027910e+00 1.158901089118641181e+01 2.924297901228874785e+00 1.671332096798795774e+01 3.570935598705322622e-01 1.530525399999999969e+01 7.001581000000000055e-01 3.097326999999999941e+00 2.437894274797670369e+04 3.250045484714140009e+00 8.511181901780036085e+00 1.059583622288085003e+00 1.833544092886612731e+01 2.183677886862938422e+01 1.500000000000000000e+01 7.234983000000000386e-01 3.013116999999999823e+00 3.840999855365215626e+04 1.335883628985931083e-02
3.301626985759027910e+00 1.158901089118641181e+01 2.924297901228874785e+00 1.671332096798795774e+01 3.570935598705322622e-01 1.530525399999999969e+01 7.001581000000000055e-01 3.097326999999999941e+00 2.437894238470215350e+04 3.250045533143591570e+00 8.511181901780036085e+00 1.059583622288085003e+00 1.833544092886612731e+01 2.183677886862938422e+01 1.500000000000000000e+01 7.234983000000000386e-01 3.013116999999999823e+00 3.840999855365215626e+04 1.335883628985931083e-02
3.301626985759027910e+00 1.158901089118641181e+01 2.924297901228874785e+00 1.671332096798795774e+01 3.570935598705322622e-01 1.530525399999999969e+01 7.001581000000000055e-01 3.097326999999999941e+00 2.437894238470215350e+04 3.250045484714140009e+00 8.511182028606530281e+00 1.059583622288085003e+00 1.833544092886612731e+01 2.183677886862938422e+01 1.500000000000000000e+01 7.234983000000000386e-01 3.013116999999999823e+00 3.840999855365215626e+04 1.335883628985931083e-02
3.301626985759027910e+00 1.158901089118641181e+01 2.924297901228874785e+00 1.671332096798795774e+01 3.570935598705322622e-01 1.530525399999999969e+01 7.001581000000000055e-01 3.097326999999999941e+00 2.437894238470215350e+04 3.250045484714140009e+00 8.511181901780036085e+00 1.059583638077111312e+00 1.833544092886612731e+01 2.183677886862938422e+01 1.500000000000000000e+01 7.234983000000000386e-01 3.013116999999999823e+00 3.840999855365215626e+04 1.335883628985931083e-02
3.301626985759027910e+00 1.158901089118641181e+01 2.924297901228874785e+00 1.671332096798795774e+01 3.570935598705322622e-01 1.530525399999999969e+01 7.001581000000000055e-01 3.097326999999999941e+00 2.437894238470215350e+04 3.250045484714140009e+00 8.511181901780036085e+00 1.059583622288085003e+00 1.833544120208548733e+01 2.183677886862938422e+01 1.500000000000000000e+01 7.234983000000000386e-01 3.013116999999999823e+00 3.840999855365215626e+04 1.335883628985931083e-02
3.301626985759027910e+00 1.158901089118641181e+01 2.924297901228874785e+00 1.671332096798795774e+01 3.570935598705322622e-01 1.530525399999999969e+01 7.001581000000000055e-01 3.097326999999999941e+00 2.437894238470215350e+04 3.250045484714140009e+00 8.511181901780036085e+00 1.059583622288085003e+00 1.833544092886612731e+01 2.183677919402274625e+01 1.500000000000000000e+01 7.234983000000000386e-01 3.013116999999999823e+00 3.840999855365215626e+04 1.335883628985931083e-02
3.301626985759027910e+00 1.158901089118641181e+01 2.924297901228874785e+00 1.671332096798795774e+01 3.570935598705322622e-01 1.530525399999999969e+01 7.001581000000000055e-01 3.097326999999999941e+00 2.437894238470215350e+04 3.250045484714140009e+00 8.511181901780036085e+00 1.059583622288085003e+00 1.833544092886612731e+01 2.183677886862938422e+01 1.500000000000000000e+01 7.234983000000000386e-01 3.013116999999999823e+00 3.840999912600573589e+04 1.335883628985931083e-02
3.301626985759027910e+00 1.158901089118641181e+01 2.924297901228874785e+00 1.671332096798795774e+01 3.570935598705322622e-01 1.530525399999999969e+01 7.001581000000000055e-01 3.097326999999999941e+00 2.437894238470215350e+04 3.250045484714140009e+00 8.511181901780036085e+00 1.059583622288085003e+00 1.833544092886612731e+01 2.183677886862938422e+01 1.500000000000000000e+01 7.234983000000000386e-01 3.013116999999999823e+00 3.840999855365215626e+04 1.335885119102050468e-02
3.301859661318767625e+00 1.159776622107226984e+01 2.923968129342762623e+00 1.671638001907689386e+01 3.571740647869970364e-01 1.530525399999999969e+01 7.001581000000000055e-01 3.097326999999999941e+00 2.437894238202261113e+04 3.249520770132412917e+00 8.497214886494772301e+00 1.060075877467731686e+00 1.833766017078298916e+01 2.181777125859037270e+01 1.500000000000000000e+01 7.234983000000000386e-01 3.013116999999999823e+00 3.840999855105483584e+04 1.334107795703332391e-02
3.301859710520310465e+00 1.159776622107226984e+01 2.923968129342762623e+00 1.671638001907689386e+01 3.571740647869970364e-01 1.530525399999999969e+01 7.001581000000000055e-01 3.097326999999999941e+00 2.437894238202261113e+04 3.249520770132412917e+00 8.497214886494772301e+00 1.060075877467731686e+00 1.833766017078298916e+01 2.181777125859037270e+01 1.500000000000000000e+01 7.234983000000000386e-01 3.013116999999999823e+00 3.840999855105483584e+04 1.334107795703332391e-02
3.301859661318767625e+00 1.159776639389245467e+01 2.923968129342762623e+00 1.671638001907689386e+01 3.571740647869970364e-01 1.530525399999999969e+01 7.001581000000000055e-01 3.097326999999999941e+00 2.437894238202261113e+04 3.249520770132412917e+00 8.497214886494772301e+00 1.060075877467731686e+00 1.833766017078298916e+01 2.181777125859037270e+01 1.500000000000000000e+01 7.234983000000000386e-01 3.013116999999999823e+00 3.840999855105483584e+04 1.334107795703332391e-02
3.301859661318767625e+00 1.159776622107226984e+01 2.923968172913283148e+00 1.671638001907689386e+01 3.571740647869970364e-01 1.530525399999999969e+01 7.001581000000000055e-01 3.097326999999999941e+00 2.437894238202261113e+04 3.249520770132412917e+00 8.497214886494772301e+00 1.060075877467731686e+00 1.833766017078298916e+01 2.181777125859037270e+01 1.500000000000000000e+01 7.234983000000000386e-01 3.013116999999999823e+00 3.840999855105483584e+04 1.334107795703332391e-02
3.301859661318767625e+00 1.159776622107226984e+01 2.923968129342762623e+00 1.671638026817036859e+01 3.571740647869970364e-01 1.530525399999999969e+01 7.001581000000000055e-01 3.097326999999999941e+00 2.437894238202261113e+04 3.249520770132412917e+00 8.497214886494772301e+00 1.060075877467731686e+00 1.833766017078298916e+01 2.181777125859037270e+01 1.500000000000000000e+01 7.234983000000000386e-01 3.013116999999999823e+00 3.840999855105483584e+04 1.334107795703332391e-02
3.301859661318767625e+00 1.159776622107226984e+01 2.923968129342762623e+00 1.671638001907689386e+01 3.571740796881582303e-01 1.530525399999999969e+01 7.001581000000000055e-01 3.097326999999999941e+00 2.437894238202261113e+04 3.249520770132412917e+00 8.497214886494772301e+00 1.060075877467731686e+00 1.833766017078298916e+01 2.181777125859037270e+01 1.500000000000000000e+01 7.234983000000000386e-01 3.013116999999999823e+00 3.840999855105483584e+04 1.334107795703332391e-02
3.301859661318767625e+00 1.159776622107226984e+01 2.923968129342762623e+00 1.671638001907689386e+01 3.571740647869970364e-01 1.530525399999999969e+01 7.001581000000000055e-01 3.097326999999999941e+00 2.437894274529716131e+04 3.249520770132412917e+00 8.497214886494772301e+00 1.060075877467731686e+00 1.833766017078298916e+01 2.181777125859037270e+01 1.500000000000000000e+01 7.234983000000000386e-01 3.013116999999999823e+00 3.840999855105483584e+04 1.334107795703332391e-02
3.301859661318767625e+00 1.159776622107226984e+01 2.923968129342762623e+00 1.671638001907689386e+01 3.571740647869970364e-01 1.530525399999999969e+01 7.001581000000000055e-01 3.097326999999999941e+00 2.437894238202261113e+04 3.249520818554045842e+00 8.497214886494772301e+00 1.060075877467731686e+00 1.833766017078298916e+01 2.181777125859037270e+01 1.500000000000000000e+01 7.234983000000000386e-01 3.013116999999999823e+00 3.840999855105483584e+04 1.334107795703332391e-02
3.301859661318767625e+00 1.159776622107226984e+01 2.923968129342762623e+00 1.671638001907689386e+01 3.571740647869970364e-01 1.530525399999999969e+01 7.001581000000000055e-01 3.097326999999999941e+00 2.437894238202261113e+04 3.249520770132412917e+00 8.497215013113141424e+00 1.060075877467731686e+00 1.833766017078298916e+01 2.181777125859037270e+01 1.500000000000000000e+01 7.234983000000000386e-01 3.013116999999999823e+00 3.840999855105483584e+04 1.334107795703332391e-02
3.301859661318767625e+00 1.159776622107226984e+01 2.923968129342762623e+00 1.671638001907689386e+01 3.571740647869970364e-01 1.530525399999999969e+01 7.001581000000000055e-01 3.097326999999999941e+00 2.437894238202261113e+04 3.249520770132412917e+00 8.497214886494772301e+00 1.060075893264093239e+00 1.833766017078298916e+01 2.181777125859037270e+01 1.500000000000000000e+01 7.234983000000000386e-01 3.013116999999999823e+00 3.840999855105483584e+04 1.334107795703332391e-02
3.301859661318767625e+00 1.159776622107226984e+01 2.923968129342762623e+00 1.671638001907689386e+01 3.571740647869970364e-01 1.530525399999999969e+01 7.001581000000000055e-01 3.097326999999999941e+00 2.437894238202261113e+04 3.249520770132412917e+00 8.497214886494772301e+00 1.060075877467731686e+00 1.833766044403541784e+01 2.181777125859037270e+01 1.500000000000000000e+01 7.234983000000000386e-01 3.013116999999999823e+00 3.840999855105483584e+04 1.334107795703332391e-02
3.301859661318767625e+00 1.159776622107226984e+01 2.923968129342762623e+00 1.671638001907689386e+01 3.571740647869970364e-01 1.530525399999999969e+01 7.001581000000000055e-01 3.097326999999999941e+00 2.437894238202261113e+04 3.249520770132412917e+00 8.497214886494772301e+00 1.060075877467731686e+00 1.833766017078298916e+01 2.181777158370049818e+01 1.500000000000000000e+01 7.234983000000000386e-01 3.013116999999999823e+00 3.840999855105483584e+04 1.334107795703332391e-02
3.301859661318767625e+00 1.159776622107226984e+01 2.923968129342762623e+00 1.671638001907689386e+01 3.571740647869970364e-01 1.530525399999999969e+01 7.001581000000000055e-01 3.097326999999999941e+00 2.437894238202261113e+04 3.249520770132412917e+00 8.497214886494772301e+00 1.060075877467731686e+00 1.833766017078298916e+01 2.181777125859037270e+01 1.500000000000000000e+01 7.234983000000000386e-01 3.013116999999999823e+00 3.840999912340841547e+04 1.334107795703332391e-02
3.301859661318767625e+00 1.159776622107226984e+01 2.923968129342762623e+00 1.671638001907689386e+01 3.571740647869970364e-01 1.530525399999999969e+01 7.001581000000000055e-01 3.097326999999999941e+00 2.437894238202261113e+04 3.249520770132412917e+00 8.497214886494772301e+00 1.060075877467731686e+00 1.833766017078298916e+01 2.181777125859037270e+01 1.500000000000000000e+01 7.234983000000000386e-01 3.013116999999999823e+00 3.840999855105483584e+04 1.334109285819451776e-02
3.302371496607154455e+00 1.161186630466932179e+01 2.923525943931301274e+00 1.672484135099643154e+01 3.575508705585825897e-01 1.530525399999999969e+01 7.001581000000000055e-01 3.097326999999999941e+00 2.437894237625053211e+04 3.248062001292845835e+00 8.468365691292081721e+00 1.062918928336153312e+00 1.834845054048495072e+01 2.176935888533436270e+01 1.500000000000000000e+01 7.234983000000000386e-01 3.013116999999999823e+00 3.840999854543762922e+04 1.331465549013890332e-02
3.302153931284484756e+00 1.160024994982167357e+01 2.923856559746221606e+00 1.671868987028334885e+01 3.573215637889343710e-01 1.530525399999999969e+01 7.001581000000000055e-01 3.097326999999999941e+00 2.437894238064123056e+04 3.248538476899230254e+00 8.490122787347905486e+00 1.062542563894532499e+00 1.834207218405362738e+01 2.180423554666813857e+01 1.500000000000000000e+01 7.234983000000000386e-01 3.013116999999999823e+00 3.840999854970875458e+04 1.334265293454168361e-02
3.302087201818713513e+00 1.159820588492475757e+01 2.923944647598752056e+00 1.671686321414147258e+01 3.572112991958102945e-01 1.530525399999999969e+01 7.001581000000000055e-01 3.097326999999999941e+00 2.437894238173349004e+04 3.248916448140334978e+00 8.495717633496060017e+00 1.061328030953039958e+00 1.833877297992727051e+01 2.181483370725133852e+01 1.500000000000000000e+01 7.234983000000000386e-01 3.013116999999999823e+00 3.840999855077296525e+04 1.334907233513314521e-02
3.302061305503749544e+00 1.159786000975135245e+01 2.923963548563280224e+00 1.671649709250543125e+01 3.571829409639034614e-01 1.530525399999999969e+01 7.001581000000000055e-01 3.097326999999999941e+00 2.437894238196582955e+04 3.249149169202587562e+00 8.496923579977103458e+00 1.060423737810084921e+00 1.833788682612577503e+01 2.181717709776480163e+01 1.500000000000000000e+01 7.234983000000000386e-01 3.013116999999999823e+00 3.840999855099953129e+04 1.334903864997833735e-02
3.301949597237541667e+00 1.159778693092584945e+01 2.923967385906762750e+00 1.671640844724895203e+01 3.571760430737284664e-01 1.530525399999999969e+01 7.001581000000000055e-01 3.097326999999999941e+00 2.437894238201342159e+04 3.249355434712214663e+00 8.497169032609150463e+00 1.060138006750374062e+00 1.833769524629125414e+01 2.181766836591793179e+01 1.500000000000000000e+01 7.234983000000000386e-01 3.013116999999999823e+00 3.840999855104591552e+04 1.334584071774234937e-02
