3.294034651746759579e+00 1.419144290307517942e+01 2.926375849614686331e+00 1.671486767528439543e+01 3.570367896766125093e-01 1.530525399999999969e+01 7.001581000000000055e-01 3.097326999999999941e+00 6.389746748719239258e+04 3.275795659205899213e+00 5.436476813077004699e+00 1.061831393891977671e+00 1.834813226785630746e+01 2.191328228443947523e+01 1.500000000000000000e+01 7.234983000000000386e-01 3.013116999999999823e+00 2.043024806197995424e+00 4.712363623845538391e-03
3.294034700831701024e+00 1.419144290307517942e+01 2.926375849614686331e+00 1.671486767528439543e+01 3.570367896766125093e-01 1.530525399999999969e+01 7.001581000000000055e-01 3.097326999999999941e+00 6.389746748719239258e+04 3.275795659205899213e+00 5.436476813077004699e+00 1.061831393891977671e+00 1.834813226785630746e+01 2.191328228443947523e+01 1.500000000000000000e+01 7.234983000000000386e-01 3.013116999999999823e+00 2.043024806197995424e+00 4.712363623845538391e-03
3.294034651746759579e+00 1.419144311454415686e+01 2.926375849614686331e+00 1.671486767528439543e+01 3.570367896766125093e-01 1.530525399999999969e+01 7.001581000000000055e-01 3.097326999999999941e+00 6.389746748719239258e+04 3.275795659205899213e+00 5.436476813077004699e+00 1.061831393891977671e+00 1.834813226785630746e+01 2.191328228443947523e+01 1.500000000000000000e+01 7.234983000000000386e-01 3.013116999999999823e+00 2.043024806197995424e+00 4.712363623845538391e-03
3.294034651746759579e+00 1.419144290307517942e+01 2.926375893221084379e+00 1.671486767528439543e+01 3.570367896766125093e-01 1.530525399999999969e+01 7.001581000000000055e-01 3.097326999999999941e+00 6.389746748719239258e+04 3.275795659205899213e+00 5.436476813077004699e+00 1.061831393891977671e+00 1.834813226785630746e+01 2.191328228443947523e+01 1.500000000000000000e+01 7.234983000000000386e-01 3.013116999999999823e+00 2.043024806197995424e+00 4.712363623845538391e-03
3.294034651746759579e+00 1.419144290307517942e+01 2.926375849614686331e+00 1.671486792435533175e+01 3.570367896766125093e-01 1.530525399999999969e+01 7.001581000000000055e-01 3.097326999999999941e+00 6.389746748719239258e+04 3.275795659205899213e+00 5.436476813077004699e+00 1.061831393891977671e+00 1.834813226785630746e+01 2.191328228443947523e+01 1.500000000000000000e+01 7.234983000000000386e-01 3.013116999999999823e+00 2.043024806197995424e+00 4.712363623845538391e-03
3.294034651746759579e+00 1.419144290307517942e+01 2.926375849614686331e+00 1.671486767528439543e+01 3.570368045777737032e-01 1.530525399999999969e+01 7.001581000000000055e-01 3.097326999999999941e+00 6.389746748719239258e+04 3.275795659205899213e+00 5.436476813077004699e+00 1.061831393891977671e+00 1.834813226785630746e+01 2.191328228443947523e+01 1.500000000000000000e+01 7.234983000000000386e-01 3.013116999999999823e+00 2.043024806197995424e+00 4.712363623845538391e-03
3.294034651746759579e+00 1.419144290307517942e+01 2.926375849614686331e+00 1.671486767528439543e+01 3.570367896766125093e-01 1.530525422806605640e+01 7.001581000000000055e-01 3.097326999999999941e+00 6.389746748719239258e+04 3.275795659205899213e+00 5.436476813077004699e+00 1.061831393891977671e+00 1.834813226785630746e+01 2.191328228443947523e+01 1.500000000000000000e+01 7.234983000000000386e-01 3.013116999999999823e+00 2.043024806197995424e+00 4.712363623845538391e-03
3.294034651746759579e+00 1.419144290307517942e+01 2.926375849614686331e+00 1.671486767528439543e+01 3.570367896766125093e-01 1.530525399999999969e+01 7.001581149011611993e-01 3.097326999999999941e+00 6.389746748719239258e+04 3.275795659205899213e+00 5.436476813077004699e+00 1.061831393891977671e+00 1.834813226785630746e+01 2.191328228443947523e+01 1.500000000000000000e+01 7.234983000000000386e-01 3.013116999999999823e+00 2.043024806197995424e+00 4.712363623845538391e-03
3.294034651746759579e+00 1.419144290307517942e+01 2.926375849614686331e+00 1.671486767528439543e+01 3.570367896766125093e-01 1.530525399999999969e+01 7.001581000000000055e-01 3.097326999999999941e+00 6.389746843933885248e+04 3.275795659205899213e+00 5.436476813077004699e+00 1.061831393891977671e+00 1.834813226785630746e+01 2.191328228443947523e+01 1.500000000000000000e+01 7.234983000000000386e-01 3.013116999999999823e+00 2.043024806197995424e+00 4.712363623845538391e-03
3.294034651746759579e+00 1.419144290307517942e+01 2.926375849614686331e+00 1.671486767528439543e+01 3.570367896766125093e-01 1.530525399999999969e+01 7.001581000000000055e-01 3.097326999999999941e+00 6.389746748719239258e+04 3.275795708019058505e+00 5.436476813077004699e+00 1.061831393891977671e+00 1.834813226785630746e+01 2.191328228443947523e+01 1.500000000000000000e+01 7.234983000000000386e-01 3.013116999999999823e+00 2.043024806197995424e+00 4.712363623845538391e-03
3.294034651746759579e+00 1.419144290307517942e+01 2.926375849614686331e+00 1.671486767528439543e+01 3.570367896766125093e-01 1.530525399999999969e+01 7.001581000000000055e-01 3.097326999999999941e+00 6.389746748719239258e+04 3.275795659205899213e+00 5.436476894086822220e+00 1.061831393891977671e+00 1.834813226785630746e+01 2.191328228443947523e+01 1.500000000000000000e+01 7.234983000000000386e-01 3.013116999999999823e+00 2.043024806197995424e+00 4.712363623845538391e-03
3.294034651746759579e+00 1.419144290307517942e+01 2.926375849614686331e+00 1.671486767528439543e+01 3.570367896766125093e-01 1.530525399999999969e+01 7.001581000000000055e-01 3.097326999999999941e+00 6.389746748719239258e+04 3.275795659205899213e+00 5.436476813077004699e+00 1.061831409714498520e+00 1.834813226785630746e+01 2.191328228443947523e+01 1.500000000000000000e+01 7.234983000000000386e-01 3.013116999999999823e+00 2.043024806197995424e+00 4.712363623845538391e-03
3.294034651746759579e+00 1.419144290307517942e+01 2.926375849614686331e+00 1.671486767528439543e+01 3.570367896766125093e-01 1.530525399999999969e+01 7.001581000000000055e-01 3.097326999999999941e+00 6.389746748719239258e+04 3.275795659205899213e+00 5.436476813077004699e+00 1.061831393891977671e+00 1.834813254126478554e+01 2.191328228443947523e+01 1.500000000000000000e+01 7.234983000000000386e-01 3.013116999999999823e+00 2.043024806197995424e+00 4.712363623845538391e-03
3.294034651746759579e+00 1.419144290307517942e+01 2.926375849614686331e+00 1.671486767528439543e+01 3.570367896766125093e-01 1.530525399999999969e+01 7.001581000000000055e-01 3.097326999999999941e+00 6.389746748719239258e+04 3.275795659205899213e+00 5.436476813077004699e+00 1.061831393891977671e+00 1.834813226785630746e+01 2.191328261097282848e+01 1.500000000000000000e+01 7.234983000000000386e-01 3.013116999999999823e+00 2.043024806197995424e+00 4.712363623845538391e-03
3.294034651746759579e+00 1.419144290307517942e+01 2.926375849614686331e+00 1.671486767528439543e+01 3.570367896766125093e-01 1.530525399999999969e+01 7.001581000000000055e-01 3.097326999999999941e+00 6.389746748719239258e+04 3.275795659205899213e+00 5.436476813077004699e+00 1.061831393891977671e+00 1.834813226785630746e+01 2.191328228443947523e+01 1.500000022351741791e+01 7.234983000000000386e-01 3.013116999999999823e+00 2.043024806197995424e+00 4.712363623845538391e-03
3.294034651746759579e+00 1.419144290307517942e+01 2.926375849614686331e+00 1.671486767528439543e+01 3.570367896766125093e-01 1.530525399999999969e+01 7.001581000000000055e-01 3.097326999999999941e+00 6.389746748719239258e+04 3.275795659205899213e+00 5.436476813077004699e+00 1.061831393891977671e+00 1.834813226785630746e+01 2.191328228443947523e+01 1.500000000000000000e+01 7.234983149011612324e-01 3.013116999999999823e+00 2.043024806197995424e+00 4.712363623845538391e-03
3.294034651746759579e+00 1.419144290307517942e+01 2.926375849614686331e+00 1.671486767528439543e+01 3.570367896766125093e-01 1.530525399999999969e+01 7.001581000000000055e-01 3.097326999999999941e+00 6.389746748719239258e+04 3.275795659205899213e+00 5.436476813077004699e+00 1.061831393891977671e+00 1.834813226785630746e+01 2.191328228443947523e+01 1.500000000000000000e+01 7.234983000000000386e-01 3.013116999999999823e+00 2.043024836641437414e+00 4.712363623845538391e-03
3.294034651746759579e+00 1.419144290307517942e+01 2.926375849614686331e+00 1.671486767528439543e+01 3.570367896766125093e-01 1.530525399999999969e+01 7.001581000000000055e-01 3.097326999999999941e+00 6.389746748719239258e+04 3.275795659205899213e+00 5.436476813077004699e+00 1.061831393891977671e+00 1.834813226785630746e+01 2.191328228443947523e+01 1.500000000000000000e+01 7.234983000000000386e-01 3.013116999999999823e+00 2.043024806197995424e+00 4.712378525006732238e-03
3.292084043120048875e+00 1.419144297414169209e+01 2.259536443425719465e+00 1.729120180261567441e+01 4.056184173639731938e-05 1.530525478394007521e+01 7.001567448659861137e-01 3.097326999999999941e+00 6.389746583101711440e+04 3.269986478319815593e+00 5.436476831814192501e+00 1.063030487475447483e+00 1.855238108239234052e+01 2.211758702597221671e+01 1.500114036142118401e+01 7.234967948163303353e-01 3.013116999999999823e+00 2.640253592910343006e+00 4.734582287814361953e-03
3.281770849012659585e+00 1.408628150856859484e+01 2.954037822208443131e+00 1.660027307908946526e+01 1.278975650880961046e-01 1.531359091104985382e+01 6.887481887769938416e-01 3.097326999999999941e+00 6.389770670044304279e+04 3.296403161896113154e+00 5.479751021597848215e+00 1.127353903478429453e+00 1.835370967452434954e+01 2.201893628703871642e+01 1.500000026992955249e+01 7.263639210170593774e-01 3.013116999999999823e+00 2.053949509424278563e+00 2.425968924520207053e-03
3.276743237834513156e+00 1.408388867251030518e+01 2.926434206382297010e+00 1.671375573678643178e+01 3.553848682743963039e-01 1.530550658244211881e+01 6.915423541061038737e-01 3.097326999999999941e+00 6.389740104424547462e+04 3.302435895000798816e+00 5.451414192200490838e+00 1.119001460727965025e+00 1.834953800063485829e+01 2.191308377025814735e+01 1.500000000148615698e+01 7.235160307333556862e-01 3.013116999999999823e+00 2.043074580930419604e+00 2.192208398902931264e-03
3.288716981897317648e+00 1.416745301712812832e+01 2.926373021981065747e+00 1.671470614324885773e+01 3.568219508140964003e-01 1.530527234137276338e+01 6.990351923942106360e-01 3.097326999999999941e+00 6.389745181542175851e+04 3.289855615215018236e+00 5.433166497802782047e+00 1.069376123384348620e+00 1.834846114530413175e+01 2.191335348217029733e+01 1.500000000000614442e+01 7.234987279787876702e-01 3.013116999999999823e+00 2.043025228034637930e+00 3.820740163660093711e-03
3.292708315860556567e+00 1.418547187624623085e+01 2.926375172758551635e+00 1.671482748365339432e+01 3.569832398429218512e-01 1.530525854213450998e+01 6.998797752944753148e-01 3.097326999999999941e+00 6.389746358201601834e+04 3.279330935426927329e+00 5.435649510556751274e+00 1.063688006720889812e+00 1.834821424204209706e+01 2.191330086041154601e+01 1.500000000000102851e+01 7.234984041560460488e-01 3.013116999999999823e+00 2.043024903957465277e+00 4.489059553364248625e-03
3.293706506239391540e+00 1.418995210107073923e+01 2.926375683787108883e+00 1.671485768073064193e+01 3.570234642732553754e-01 1.530525513289556905e+01 7.000886627968497811e-01 3.097326999999999941e+00 6.389746651003896113e+04 3.276681385682724823e+00 5.436270214234390608e+00 1.062294836562278855e+00 1.834815277647595977e+01 2.191328696981754476e+01 1.500000000000023448e+01 7.234983259156105850e-01 3.013116999999999823e+00 2.043024830278734605e+00 4.656441257164189995e-03
3.293706555319443119e+00 1.418995210107073923e+01 2.926375683787108883e+00 1.671485768073064193e+01 3.570234642732553754e-01 1.530525513289556905e+01 7.000886627968497811e-01 3.097326999999999941e+00 6.389746651003896113e+04 3.276681385682724823e+00 5.436270214234390608e+00 1.062294836562278855e+00 1.834815277647595977e+01 2.191328696981754476e+01 1.500000000000023448e+01 7.234983259156105850e-01 3.013116999999999823e+00 2.043024830278734605e+00 4.656441257164189995e-03
3.293706506239391540e+00 1.418995231251750333e+01 2.926375683787108883e+00 1.671485768073064193e+01 3.570234642732553754e-01 1.530525513289556905e+01 7.000886627968497811e-01 3.097326999999999941e+00 6.389746651003896113e+04 3.276681385682724823e+00 5.436270214234390608e+00 1.062294836562278855e+00 1.834815277647595977e+01 2.191328696981754476e+01 1.500000000000023448e+01 7.234983259156105850e-01 3.013116999999999823e+00 2.043024830278734605e+00 4.656441257164189995e-03
3.293706506239391540e+00 1.418995210107073923e+01 2.926375727393504711e+00 1.671485768073064193e+01 3.570234642732553754e-01 1.530525513289556905e+01 7.000886627968497811e-01 3.097326999999999941e+00 6.389746651003896113e+04 3.276681385682724823e+00 5.436270214234390608e+00 1.062294836562278855e+00 1.834815277647595977e+01 2.191328696981754476e+01 1.500000000000023448e+01 7.234983259156105850e-01 3.013116999999999823e+00 2.043024830278734605e+00 4.656441257164189995e-03
3.293706506239391540e+00 1.418995210107073923e+01 2.926375683787108883e+00 1.671485792980142904e+01 3.570234642732553754e-01 1.530525513289556905e+01 7.000886627968497811e-01 3.097326999999999941e+00 6.389746651003896113e+04 3.276681385682724823e+00 5.436270214234390608e+00 1.062294836562278855e+00 1.834815277647595977e+01 2.191328696981754476e+01 1.500000000000023448e+01 7.234983259156105850e-01 3.013116999999999823e+00 2.043024830278734605e+00 4.656441257164189995e-03
3.293706506239391540e+00 1.418995210107073923e+01 2.926375683787108883e+00 1.671485768073064193e+01 3.570234791744165692e-01 1.530525513289556905e+01 7.000886627968497811e-01 3.097326999999999941e+00 6.389746651003896113e+04 3.276681385682724823e+00 5.436270214234390608e+00 1.062294836562278855e+00 1.834815277647595977e+01 2.191328696981754476e+01 1.500000000000023448e+01 7.234983259156105850e-01 3.013116999999999823e+00 2.043024830278734605e+00 4.656441257164189995e-03
3.293706506239391540e+00 1.418995210107073923e+01 2.926375683787108883e+00 1.671485768073064193e+01 3.570234642732553754e-01 1.530525536096164352e+01 7.000886627968497811e-01 3.097326999999999941e+00 6.389746651003896113e+04 3.276681385682724823e+00 5.436270214234390608e+00 1.062294836562278855e+00 1.834815277647595977e+01 2.191328696981754476e+01 1.500000000000023448e+01 7.234983259156105850e-01 3.013116999999999823e+00 2.043024830278734605e+00 4.656441257164189995e-03
3.293706506239391540e+00 1.418995210107073923e+01 2.926375683787108883e+00 1.671485768073064193e+01 3.570234642732553754e-01 1.530525513289556905e+01 7.000886776980109749e-01 3.097326999999999941e+00 6.389746651003896113e+04 3.276681385682724823e+00 5.436270214234390608e+00 1.062294836562278855e+00 1.834815277647595977e+01 2.191328696981754476e+01 1.500000000000023448e+01 7.234983259156105850e-01 3.013116999999999823e+00 2.043024830278734605e+00 4.656441257164189995e-03
3.293706506239391540e+00 1.418995210107073923e+01 2.926375683787108883e+00 1.671485768073064193e+01 3.570234642732553754e-01 1.530525513289556905e+01 7.000886627968497811e-01 3.097326999999999941e+00 6.389746746218540648e+04 3.276681385682724823e+00 5.436270214234390608e+00 1.062294836562278855e+00 1.834815277647595977e+01 2.191328696981754476e+01 1.500000000000023448e+01 7.234983259156105850e-01 3.013116999999999823e+00 2.043024830278734605e+00 4.656441257164189995e-03
3.293706506239391540e+00 1.418995210107073923e+01 2.926375683787108883e+00 1.671485768073064193e+01 3.570234642732553754e-01 1.530525513289556905e+01 7.000886627968497811e-01 3.097326999999999941e+00 6.389746651003896113e+04 3.276681434509082447e+00 5.436270214234390608e+00 1.062294836562278855e+00 1.834815277647595977e+01 2.191328696981754476e+01 1.500000000000023448e+01 7.234983259156105850e-01 3.013116999999999823e+00 2.043024830278734605e+00 4.656441257164189995e-03
3.293706506239391540e+00 1.418995210107073923e+01 2.926375683787108883e+00 1.671485768073064193e+01 3.570234642732553754e-01 1.530525513289556905e+01 7.000886627968497811e-01 3.097326999999999941e+00 6.389746651003896113e+04 3.276681385682724823e+00 5.436270295241129702e+00 1.062294836562278855e+00 1.834815277647595977e+01 2.191328696981754476e+01 1.500000000000023448e+01 7.234983259156105850e-01 3.013116999999999823e+00 2.043024830278734605e+00 4.656441257164189995e-03
3.293706506239391540e+00 1.418995210107073923e+01 2.926375683787108883e+00 1.671485768073064193e+01 3.570234642732553754e-01 1.530525513289556905e+01 7.000886627968497811e-01 3.097326999999999941e+00 6.389746651003896113e+04 3.276681385682724823e+00 5.436270214234390608e+00 1.062294852391705513e+00 1.834815277647595977e+01 2.191328696981754476e+01 1.500000000000023448e+01 7.234983259156105850e-01 3.013116999999999823e+00 2.043024830278734605e+00 4.656441257164189995e-03
3.293706506239391540e+00 1.418995210107073923e+01 2.926375683787108883e+00 1.671485768073064193e+01 3.570234642732553754e-01 1.530525513289556905e+01 7.000886627968497811e-01 3.097326999999999941e+00 6.389746651003896113e+04 3.276681385682724823e+00 5.436270214234390608e+00 1.062294836562278855e+00 1.834815304988474338e+01 2.191328696981754476e+01 1.500000000000023448e+01 7.234983259156105850e-01 3.013116999999999823e+00 2.043024830278734605e+00 4.656441257164189995e-03
3.293706506239391540e+00 1.418995210107073923e+01 2.926375683787108883e+00 1.671485768073064193e+01 3.570234642732553754e-01 1.530525513289556905e+01 7.000886627968497811e-01 3.097326999999999941e+00 6.389746651003896113e+04 3.276681385682724823e+00 5.436270214234390608e+00 1.062294836562278855e+00 1.834815277647595977e+01 2.191328729635096551e+01 1.500000000000023448e+01 7.234983259156105850e-01 3.013116999999999823e+00 2.043024830278734605e+00 4.656441257164189995e-03
3.293706506239391540e+00 1.418995210107073923e+01 2.926375683787108883e+00 1.671485768073064193e+01 3.570234642732553754e-01 1.530525513289556905e+01 7.000886627968497811e-01 3.097326999999999941e+00 6.389746651003896113e+04 3.276681385682724823e+00 5.436270214234390608e+00 1.062294836562278855e+00 1.834815277647595977e+01 2.191328696981754476e+01 1.500000022351765239e+01 7.234983259156105850e-01 3.013116999999999823e+00 2.043024830278734605e+00 4.656441257164189995e-03
3.293706506239391540e+00 1.418995210107073923e+01 2.926375683787108883e+00 1.671485768073064193e+01 3.570234642732553754e-01 1.530525513289556905e+01 7.000886627968497811e-01 3.097326999999999941e+00 6.389746651003896113e+04 3.276681385682724823e+00 5.436270214234390608e+00 1.062294836562278855e+00 1.834815277647595977e+01 2.191328696981754476e+01 1.500000000000023448e+01 7.234983408167717789e-01 3.013116999999999823e+00 2.043024830278734605e+00 4.656441257164189995e-03
3.293706506239391540e+00 1.418995210107073923e+01 2.926375683787108883e+00 1.671485768073064193e+01 3.570234642732553754e-01 1.530525513289556905e+01 7.000886627968497811e-01 3.097326999999999941e+00 6.389746651003896113e+04 3.276681385682724823e+00 5.436270214234390608e+00 1.062294836562278855e+00 1.834815277647595977e+01 2.191328696981754476e+01 1.500000000000023448e+01 7.234983259156105850e-01 3.013116999999999823e+00 2.043024860722177038e+00 4.656441257164189995e-03
3.293706506239391540e+00 1.418995210107073923e+01 2.926375683787108883e+00 1.671485768073064193e+01 3.570234642732553754e-01 1.530525513289556905e+01 7.000886627968497811e-01 3.097326999999999941e+00 6.389746651003896113e+04 3.276681385682724823e+00 5.436270214234390608e+00 1.062294836562278855e+00 1.834815277647595977e+01 2.191328696981754476e+01 1.500000000000023448e+01 7.234983259156105850e-01 3.013116999999999823e+00 2.043024830278734605e+00 4.656456158325383843e-03
3.293491975338742606e+00 1.418815214941258418e+01 2.926375542456844503e+00 1.671484749869465958e+01 3.569967130658013299e-01 1.530525767163421946e+01 6.999210878375011768e-01 3.097326999999999941e+00 6.389746521463768295e+04 3.277607257009408581e+00 5.435995806009918496e+00 1.062600505275913099e+00 1.834817975677876944e+01 2.191329316489811774e+01 1.500000000000023448e+01 7.234983022615110171e-01 3.013116999999999823e+00 2.043024711539874083e+00 4.616601478932873086e-03
3.293655681837211802e+00 1.418950286191304322e+01 2.926375650758537006e+00 1.671485517555383993e+01 3.570168709910657157e-01 1.530525576612876471e+01 7.000468532074303196e-01 3.097326999999999941e+00 6.389746618492020934e+04 3.276913650763576769e+00 5.436201667505904389e+00 1.062371477697122035e+00 1.834815954423975626e+01 2.191328852712028663e+01 1.500000000000023448e+01 7.234983200146700710e-01 3.013116999999999823e+00 2.043024800582203593e+00 4.649471208380190346e-03
3.293655730916506208e+00 1.418950286191304322e+01 2.926375650758537006e+00 1.671485517555383993e+01 3.570168709910657157e-01 1.530525576612876471e+01 7.000468532074303196e-01 3.097326999999999941e+00 6.389746618492020934e+04 3.276913650763576769e+00 5.436201667505904389e+00 1.062371477697122035e+00 1.834815954423975626e+01 2.191328852712028663e+01 1.500000000000023448e+01 7.234983200146700710e-01 3.013116999999999823e+00 2.043024800582203593e+00 4.649471208380190346e-03
3.293655681837211802e+00 1.418950307335311223e+01 2.926375650758537006e+00 1.671485517555383993e+01 3.570168709910657157e-01 1.530525576612876471e+01 7.000468532074303196e-01 3.097326999999999941e+00 6.389746618492020934e+04 3.276913650763576769e+00 5.436201667505904389e+00 1.062371477697122035e+00 1.834815954423975626e+01 2.191328852712028663e+01 1.500000000000023448e+01 7.234983200146700710e-01 3.013116999999999823e+00 2.043024800582203593e+00 4.649471208380190346e-03
3.293655681837211802e+00 1.418950286191304322e+01 2.926375694364932389e+00 1.671485517555383993e+01 3.570168709910657157e-01 1.530525576612876471e+01 7.000468532074303196e-01 3.097326999999999941e+00 6.389746618492020934e+04 3.276913650763576769e+00 5.436201667505904389e+00 1.062371477697122035e+00 1.834815954423975626e+01 2.191328852712028663e+01 1.500000000000023448e+01 7.234983200146700710e-01 3.013116999999999823e+00 2.043024800582203593e+00 4.649471208380190346e-03
3.293655681837211802e+00 1.418950286191304322e+01 2.926375650758537006e+00 1.671485542462459151e+01 3.570168709910657157e-01 1.530525576612876471e+01 7.000468532074303196e-01 3.097326999999999941e+00 6.389746618492020934e+04 3.276913650763576769e+00 5.436201667505904389e+00 1.062371477697122035e+00 1.834815954423975626e+01 2.191328852712028663e+01 1.500000000000023448e+01 7.234983200146700710e-01 3.013116999999999823e+00 2.043024800582203593e+00 4.649471208380190346e-03
3.293655681837211802e+00 1.418950286191304322e+01 2.926375650758537006e+00 1.671485517555383993e+01 3.570168858922269095e-01 1.530525576612876471e+01 7.000468532074303196e-01 3.097326999999999941e+00 6.389746618492020934e+04 3.276913650763576769e+00 5.436201667505904389e+00 1.062371477697122035e+00 1.834815954423975626e+01 2.191328852712028663e+01 1.500000000000023448e+01 7.234983200146700710e-01 3.013116999999999823e+00 2.043024800582203593e+00 4.649471208380190346e-03
3.293655681837211802e+00 1.418950286191304322e+01 2.926375650758537006e+00 1.671485517555383993e+01 3.570168709910657157e-01 1.530525599419484806e+01 7.000468532074303196e-01 3.097326999999999941e+00 6.389746618492020934e+04 3.276913650763576769e+00 5.436201667505904389e+00 1.062371477697122035e+00 1.834815954423975626e+01 2.191328852712028663e+01 1.500000000000023448e+01 7.234983200146700710e-01 3.013116999999999823e+00 2.043024800582203593e+00 4.649471208380190346e-03
3.293655681837211802e+00 1.418950286191304322e+01 2.926375650758537006e+00 1.671485517555383993e+01 3.570168709910657157e-01 1.530525576612876471e+01 7.000468681085915135e-01 3.097326999999999941e+00 6.389746618492020934e+04 3.276913650763576769e+00 5.436201667505904389e+00 1.062371477697122035e+00 1.834815954423975626e+01 2.191328852712028663e+01 1.500000000000023448e+01 7.234983200146700710e-01 3.013116999999999823e+00 2.043024800582203593e+00 4.649471208380190346e-03
3.293655681837211802e+00 1.418950286191304322e+01 2.926375650758537006e+00 1.671485517555383993e+01 3.570168709910657157e-01 1.530525576612876471e+01 7.000468532074303196e-01 3.097326999999999941e+00 6.389746713706665469e+04 3.276913650763576769e+00 5.436201667505904389e+00 1.062371477697122035e+00 1.834815954423975626e+01 2.191328852712028663e+01 1.500000000000023448e+01 7.234983200146700710e-01 3.013116999999999823e+00 2.043024800582203593e+00 4.649471208380190346e-03
3.293655681837211802e+00 1.418950286191304322e+01 2.926375650758537006e+00 1.671485517555383993e+01 3.570168709910657157e-01 1.530525576612876471e+01 7.000468532074303196e-01 3.097326999999999941e+00 6.389746618492020934e+04 3.276913699593395179e+00 5.436201667505904389e+00 1.062371477697122035e+00 1.834815954423975626e+01 2.191328852712028663e+01 1.500000000000023448e+01 7.234983200146700710e-01 3.013116999999999823e+00 2.043024800582203593e+00 4.649471208380190346e-03
3.293655681837211802e+00 1.418950286191304322e+01 2.926375650758537006e+00 1.671485517555383993e+01 3.570168709910657157e-01 1.530525576612876471e+01 7.000468532074303196e-01 3.097326999999999941e+00 6.389746618492020934e+04 3.276913650763576769e+00 5.436201748511622078e+00 1.062371477697122035e+00 1.834815954423975626e+01 2.191328852712028663e+01 1.500000000000023448e+01 7.234983200146700710e-01 3.013116999999999823e+00 2.043024800582203593e+00 4.649471208380190346e-03
3.293655681837211802e+00 1.418950286191304322e+01 2.926375650758537006e+00 1.671485517555383993e+01 3.570168709910657157e-01 1.530525576612876471e+01 7.000468532074303196e-01 3.097326999999999941e+00 6.389746618492020934e+04 3.276913650763576769e+00 5.436201667505904389e+00 1.062371493527690669e+00 1.834815954423975626e+01 2.191328852712028663e+01 1.500000000000023448e+01 7.234983200146700710e-01 3.013116999999999823e+00 2.043024800582203593e+00 4.649471208380190346e-03
3.293655681837211802e+00 1.418950286191304322e+01 2.926375650758537006e+00 1.671485517555383993e+01 3.570168709910657157e-01 1.530525576612876471e+01 7.000468532074303196e-01 3.097326999999999941e+00 6.389746618492020934e+04 3.276913650763576769e+00 5.436201667505904389e+00 1.062371477697122035e+00 1.834815981764863935e+01 2.191328852712028663e+01 1.500000000000023448e+01 7.234983200146700710e-01 3.013116999999999823e+00 2.043024800582203593e+00 4.649471208380190346e-03
3.293655681837211802e+00 1.418950286191304322e+01 2.926375650758537006e+00 1.671485517555383993e+01 3.570168709910657157e-01 1.530525576612876471e+01 7.000468532074303196e-01 3.097326999999999941e+00 6.389746618492020934e+04 3.276913650763576769e+00 5.436201667505904389e+00 1.062371477697122035e+00 1.834815954423975626e+01 2.191328885365373225e+01 1.500000000000023448e+01 7.234983200146700710e-01 3.013116999999999823e+00 2.043024800582203593e+00 4.649471208380190346e-03
3.293655681837211802e+00 1.418950286191304322e+01 2.926375650758537006e+00 1.671485517555383993e+01 3.570168709910657157e-01 1.530525576612876471e+01 7.000468532074303196e-01 3.097326999999999941e+00 6.389746618492020934e+04 3.276913650763576769e+00 5.436201667505904389e+00 1.062371477697122035e+00 1.834815954423975626e+01 2.191328852712028663e+01 1.500000022351765239e+01 7.234983200146700710e-01 3.013116999999999823e+00 2.043024800582203593e+00 4.649471208380190346e-03
3.293655681837211802e+00 1.418950286191304322e+01 2.926375650758537006e+00 1.671485517555383993e+01 3.570168709910657157e-01 1.530525576612876471e+01 7.000468532074303196e-01 3.097326999999999941e+00 6.389746618492020934e+04 3.276913650763576769e+00 5.436201667505904389e+00 1.062371477697122035e+00 1.834815954423975626e+01 2.191328852712028663e+01 1.500000000000023448e+01 7.234983349158312649e-01 3.013116999999999823e+00 2.043024800582203593e+00 4.649471208380190346e-03
3.293655681837211802e+00 1.418950286191304322e+01 2.926375650758537006e+00 1.671485517555383993e+01 3.570168709910657157e-01 1.530525576612876471e+01 7.000468532074303196e-01 3.097326999999999941e+00 6.389746618492020934e+04 3.276913650763576769e+00 5.436201667505904389e+00 1.062371477697122035e+00 1.834815954423975626e+01 2.191328852712028663e+01 1.500000000000023448e+01 7.234983200146700710e-01 3.013116999999999823e+00 2.043024831025645582e+00 4.649471208380190346e-03
3.293655681837211802e+00 1.418950286191304322e+01 2.926375650758537006e+00 1.671485517555383993e+01 3.570168709910657157e-01 1.530525576612876471e+01 7.000468532074303196e-01 3.097326999999999941e+00 6.389746618492020934e+04 3.276913650763576769e+00 5.436201667505904389e+00 1.062371477697122035e+00 1.834815954423975626e+01 2.191328852712028663e+01 1.500000000000023448e+01 7.234983200146700710e-01 3.013116999999999823e+00 2.043024800582203593e+00 4.649486109541384193e-03
