3.205350220786393312e+00 7.429914751555708463e+00 1.431079006860860314e+00 8.190579717821717676e-01 3.564226727784946291e+01 1.549994700000000059e+01 7.954442999999999930e-01 3.681439999999999824e+00 2.587927907937309283e+04 -4.315805487600970808e-04
3.205350268549833626e+00 7.429914751555708463e+00 1.431079006860860314e+00 8.190579717821717676e-01 3.564226727784946291e+01 1.549994700000000059e+01 7.954442999999999930e-01 3.681439999999999824e+00 2.587927907937309283e+04 -4.315805487600970808e-04
3.205350220786393312e+00 7.429914862270066145e+00 1.431079006860860314e+00 8.190579717821717676e-01 3.564226727784946291e+01 1.549994700000000059e+01 7.954442999999999930e-01 3.681439999999999824e+00 2.587927907937309283e+04 -4.315805487600970808e-04
3.205350220786393312e+00 7.429914751555708463e+00 1.431079028185599178e+00 8.190579717821717676e-01 3.564226727784946291e+01 1.549994700000000059e+01 7.954442999999999930e-01 3.681439999999999824e+00 2.587927907937309283e+04 -4.315805487600970808e-04
3.205350220786393312e+00 7.429914751555708463e+00 1.431079006860860314e+00 8.190579866833329614e-01 3.564226727784946291e+01 1.549994700000000059e+01 7.954442999999999930e-01 3.681439999999999824e+00 2.587927907937309283e+04 -4.315805487600970808e-04
3.205350220786393312e+00 7.429914751555708463e+00 1.431079006860860314e+00 8.190579717821717676e-01 3.564226780896063218e+01 1.549994700000000059e+01 7.954442999999999930e-01 3.681439999999999824e+00 2.587927907937309283e+04 -4.315805487600970808e-04
3.205350220786393312e+00 7.429914751555708463e+00 1.431079006860860314e+00 8.190579717821717676e-01 3.564226727784946291e+01 1.549994723096720861e+01 7.954442999999999930e-01 3.681439999999999824e+00 2.587927907937309283e+04 -4.315805487600970808e-04
3.205350220786393312e+00 7.429914751555708463e+00 1.431079006860860314e+00 8.190579717821717676e-01 3.564226727784946291e+01 1.549994700000000059e+01 7.954443149011611869e-01 3.681439999999999824e+00 2.587927907937309283e+04 -4.315805487600970808e-04
3.205350220786393312e+00 7.429914751555708463e+00 1.431079006860860314e+00 8.190579717821717676e-01 3.564226727784946291e+01 1.549994700000000059e+01 7.954442999999999930e-01 3.681439999999999824e+00 2.587927946500440157e+04 -4.315805487600970808e-04
3.205350220786393312e+00 7.429914751555708463e+00 1.431079006860860314e+00 8.190579717821717676e-01 3.564226727784946291e+01 1.549994700000000059e+01 7.954442999999999930e-01 3.681439999999999824e+00 2.587927907937309283e+04 -4.315954499212909285e-04
3.249853458087089919e+00 6.807208597433991315e+00 1.439863760022947359e+00 8.211159305361348526e-01 3.623944310291403070e+01 1.547345159853258245e+01 8.287669469451921511e-01 3.681439999999999824e+00 3.037772347538523900e+04 9.947785726664689146e-04
3.231415429377542559e+00 7.237813276560201459e+00 1.374061982392104753e+00 7.952181605480588278e-01 3.603163363074528291e+01 1.548493336482995097e+01 8.147412022102306084e-01 3.681439999999999824e+00 2.700389016940633519e+04 -1.719762232844879125e-04
3.226805924140779602e+00 7.345464489698342092e+00 1.357611538005829788e+00 7.887437211517042135e-01 3.597968121517413920e+01 1.548780382673770006e+01 8.112347612132915220e-01 3.681439999999999824e+00 2.616043182850753510e+04 -4.636648585503913957e-04
3.225653555594056421e+00 7.372377466408660318e+00 1.353498926995033269e+00 7.871251237052955263e-01 3.596669292116509808e+01 1.548852152354759504e+01 8.103581317113217608e-01 3.681439999999999824e+00 2.594956718566665950e+04 -5.365867624804008954e-04
3.225365494507514530e+00 7.379106404292435251e+00 1.352470774585485147e+00 7.867205239555005170e-01 3.596344508717908894e+01 1.548870127307715805e+01 8.101388973245285952e-01 3.681439999999999824e+00 2.589685079449172190e+04 -5.548162189124316614e-04
3.225293603294696609e+00 7.380791414878644652e+00 1.352213738585527958e+00 7.866195728403353460e-01 3.596263008262288707e+01 1.548874751217518941e+01 8.100837804528286945e-01 3.681439999999999824e+00 2.588367077470382355e+04 -5.593695023156224641e-04
3.225276123080643931e+00 7.381223853152783398e+00 1.352149514825042420e+00 7.865951463225966389e-01 3.596241396362274401e+01 1.548876431198979553e+01 8.100687559036451324e-01 3.681439999999999824e+00 2.588037207093639881e+04 -5.604913557192426742e-04
3.225273985490537232e+00 7.381381503493389395e+00 1.352133487142184620e+00 7.865925982463028987e-01 3.596230550312667162e+01 1.548879175888222015e+01 8.100594924897628335e-01 3.681439999999999824e+00 2.587953180987277301e+04 -5.606985335329225852e-04
3.228361990271521709e+00 7.427610467779109271e+00 1.354905557703929064e+00 8.064848852826640435e-01 3.572303678451721254e+01 1.549959546728941362e+01 8.048067799070983686e-01 3.681439999999999824e+00 2.587927910279384741e+04 -4.914700468660373458e-04
3.211878751825525402e+00 7.429994826706911581e+00 1.411081325032799372e+00 8.185980776170245221e-01 3.564383028762079419e+01 1.549994131778635342e+01 7.964983871657688175e-01 3.681439999999999824e+00 2.587927907991830944e+04 -4.611952859080905697e-04
3.207022530229409973e+00 7.429914889400164313e+00 1.426074925019295003e+00 8.189540128126894247e-01 3.564257506141534293e+01 1.549994655839208946e+01 7.955647197680130178e-01 3.681439999999999824e+00 2.587927907949337168e+04 -4.415123464877046002e-04
3.205776319653153905e+00 7.429913269636198692e+00 1.429828808937482654e+00 8.190325360482649808e-01 3.564234040535593095e+01 1.549994695282372703e+01 7.954643594618511226e-01 3.681439999999999824e+00 2.587927907940231307e+04 -4.352414453794253455e-04
3.205776367422943807e+00 7.429913269636198692e+00 1.429828808937482654e+00 8.190325360482649808e-01 3.564234040535593095e+01 1.549994695282372703e+01 7.954643594618511226e-01 3.681439999999999824e+00 2.587927907940231307e+04 -4.352414453794253455e-04
3.205776319653153905e+00 7.429913380350534169e+00 1.429828808937482654e+00 8.190325360482649808e-01 3.564234040535593095e+01 1.549994695282372703e+01 7.954643594618511226e-01 3.681439999999999824e+00 2.587927907940231307e+04 -4.352414453794253455e-04
3.205776319653153905e+00 7.429913269636198692e+00 1.429828830243592197e+00 8.190325360482649808e-01 3.564234040535593095e+01 1.549994695282372703e+01 7.954643594618511226e-01 3.681439999999999824e+00 2.587927907940231307e+04 -4.352414453794253455e-04
3.205776319653153905e+00 7.429913269636198692e+00 1.429828808937482654e+00 8.190325509494261746e-01 3.564234040535593095e+01 1.549994695282372703e+01 7.954643594618511226e-01 3.681439999999999824e+00 2.587927907940231307e+04 -4.352414453794253455e-04
3.205776319653153905e+00 7.429913269636198692e+00 1.429828808937482654e+00 8.190325360482649808e-01 3.564234093646818735e+01 1.549994695282372703e+01 7.954643594618511226e-01 3.681439999999999824e+00 2.587927907940231307e+04 -4.352414453794253455e-04
3.205776319653153905e+00 7.429913269636198692e+00 1.429828808937482654e+00 8.190325360482649808e-01 3.564234040535593095e+01 1.549994718379093506e+01 7.954643594618511226e-01 3.681439999999999824e+00 2.587927907940231307e+04 -4.352414453794253455e-04
3.205776319653153905e+00 7.429913269636198692e+00 1.429828808937482654e+00 8.190325360482649808e-01 3.564234040535593095e+01 1.549994695282372703e+01 7.954643743630123165e-01 3.681439999999999824e+00 2.587927907940231307e+04 -4.352414453794253455e-04
3.205776319653153905e+00 7.429913269636198692e+00 1.429828808937482654e+00 8.190325360482649808e-01 3.564234040535593095e+01 1.549994695282372703e+01 7.954643594618511226e-01 3.681439999999999824e+00 2.587927946503362182e+04 -4.352414453794253455e-04
3.205776319653153905e+00 7.429913269636198692e+00 1.429828808937482654e+00 8.190325360482649808e-01 3.564234040535593095e+01 1.549994695282372703e+01 7.954643594618511226e-01 3.681439999999999824e+00 2.587927907940231307e+04 -4.352563465406191932e-04
3.205890391066634759e+00 7.429902051423439069e+00 1.429586473855174011e+00 8.190285376218690017e-01 3.564234181677100821e+01 1.549994658451650409e+01 7.954692620015518800e-01 3.681439999999999824e+00 2.587927928058275211e+04 -4.349934975284985438e-04
3.205890438838124190e+00 7.429902051423439069e+00 1.429586473855174011e+00 8.190285376218690017e-01 3.564234181677100821e+01 1.549994658451650409e+01 7.954692620015518800e-01 3.681439999999999824e+00 2.587927928058275211e+04 -4.349934975284985438e-04
3.205890391066634759e+00 7.429902162137607569e+00 1.429586473855174011e+00 8.190285376218690017e-01 3.564234181677100821e+01 1.549994658451650409e+01 7.954692620015518800e-01 3.681439999999999824e+00 2.587927928058275211e+04 -4.349934975284985438e-04
3.205890391066634759e+00 7.429902051423439069e+00 1.429586495157672443e+00 8.190285376218690017e-01 3.564234181677100821e+01 1.549994658451650409e+01 7.954692620015518800e-01 3.681439999999999824e+00 2.587927928058275211e+04 -4.349934975284985438e-04
3.205890391066634759e+00 7.429902051423439069e+00 1.429586473855174011e+00 8.190285525230301955e-01 3.564234181677100821e+01 1.549994658451650409e+01 7.954692620015518800e-01 3.681439999999999824e+00 2.587927928058275211e+04 -4.349934975284985438e-04
3.205890391066634759e+00 7.429902051423439069e+00 1.429586473855174011e+00 8.190285376218690017e-01 3.564234234788328592e+01 1.549994658451650409e+01 7.954692620015518800e-01 3.681439999999999824e+00 2.587927928058275211e+04 -4.349934975284985438e-04
3.205890391066634759e+00 7.429902051423439069e+00 1.429586473855174011e+00 8.190285376218690017e-01 3.564234181677100821e+01 1.549994681548370679e+01 7.954692620015518800e-01 3.681439999999999824e+00 2.587927928058275211e+04 -4.349934975284985438e-04
3.205890391066634759e+00 7.429902051423439069e+00 1.429586473855174011e+00 8.190285376218690017e-01 3.564234181677100821e+01 1.549994658451650409e+01 7.954692769027130739e-01 3.681439999999999824e+00 2.587927928058275211e+04 -4.349934975284985438e-04
3.205890391066634759e+00 7.429902051423439069e+00 1.429586473855174011e+00 8.190285376218690017e-01 3.564234181677100821e+01 1.549994658451650409e+01 7.954692620015518800e-01 3.681439999999999824e+00 2.587927966621406449e+04 -4.349934975284985438e-04
3.205890391066634759e+00 7.429902051423439069e+00 1.429586473855174011e+00 8.190285376218690017e-01 3.564234181677100821e+01 1.549994658451650409e+01 7.954692620015518800e-01 3.681439999999999824e+00 2.587927928058275211e+04 -4.350083986896923914e-04
3.206126144776314302e+00 7.429879305442539383e+00 1.429107159468729682e+00 8.190234936593113746e-01 3.564234462359928557e+01 1.549994568511293913e+01 7.954901953098281187e-01 3.681439999999999824e+00 2.587927953759261800e+04 -4.355121975686526681e-04
3.205949868019970062e+00 7.429896175266542002e+00 1.429466912958979208e+00 8.190272825053147576e-01 3.564234252377801226e+01 1.549994635930270981e+01 7.954744945014028401e-01 3.681439999999999824e+00 2.587927934453149282e+04 -4.346975046647859288e-04
3.205949915792345895e+00 7.429896175266542002e+00 1.429466912958979208e+00 8.190272825053147576e-01 3.564234252377801226e+01 1.549994635930270981e+01 7.954744945014028401e-01 3.681439999999999824e+00 2.587927934453149282e+04 -4.346975046647859288e-04
3.205949868019970062e+00 7.429896285980622572e+00 1.429466912958979208e+00 8.190272825053147576e-01 3.564234252377801226e+01 1.549994635930270981e+01 7.954744945014028401e-01 3.681439999999999824e+00 2.587927934453149282e+04 -4.346975046647859288e-04
3.205949868019970062e+00 7.429896175266542002e+00 1.429466934259696176e+00 8.190272825053147576e-01 3.564234252377801226e+01 1.549994635930270981e+01 7.954744945014028401e-01 3.681439999999999824e+00 2.587927934453149282e+04 -4.346975046647859288e-04
3.205949868019970062e+00 7.429896175266542002e+00 1.429466912958979208e+00 8.190272974064759515e-01 3.564234252377801226e+01 1.549994635930270981e+01 7.954744945014028401e-01 3.681439999999999824e+00 2.587927934453149282e+04 -4.346975046647859288e-04
3.205949868019970062e+00 7.429896175266542002e+00 1.429466912958979208e+00 8.190272825053147576e-01 3.564234305489030419e+01 1.549994635930270981e+01 7.954744945014028401e-01 3.681439999999999824e+00 2.587927934453149282e+04 -4.346975046647859288e-04
3.205949868019970062e+00 7.429896175266542002e+00 1.429466912958979208e+00 8.190272825053147576e-01 3.564234252377801226e+01 1.549994659026990895e+01 7.954744945014028401e-01 3.681439999999999824e+00 2.587927934453149282e+04 -4.346975046647859288e-04
3.205949868019970062e+00 7.429896175266542002e+00 1.429466912958979208e+00 8.190272825053147576e-01 3.564234252377801226e+01 1.549994635930270981e+01 7.954745094025640340e-01 3.681439999999999824e+00 2.587927934453149282e+04 -4.346975046647859288e-04
3.205949868019970062e+00 7.429896175266542002e+00 1.429466912958979208e+00 8.190272825053147576e-01 3.564234252377801226e+01 1.549994635930270981e+01 7.954744945014028401e-01 3.681439999999999824e+00 2.587927973016280521e+04 -4.346975046647859288e-04
3.205949868019970062e+00 7.429896175266542002e+00 1.429466912958979208e+00 8.190272825053147576e-01 3.564234252377801226e+01 1.549994635930270981e+01 7.954744945014028401e-01 3.681439999999999824e+00 2.587927934453149282e+04 -4.347124058259797764e-04
