3.205843000000000220e+00 7.511125999999999969e+00 1.235333999999999932e+00 1.528337999999999867e-05 3.753042800000000057e+01 1.549994700000000059e+01 7.954442999999999930e-01 3.681439999999999824e+00 2.571453499999999985e+04 0.000000000000000000e+00
3.205843047770783549e+00 7.511125999999999969e+00 1.235333999999999932e+00 1.528337999999999867e-05 3.753042800000000057e+01 1.549994700000000059e+01 7.954442999999999930e-01 3.681439999999999824e+00 2.571453499999999985e+04 0.000000000000000000e+00
3.205843000000000220e+00 7.511126111924498971e+00 1.235333999999999932e+00 1.528337999999999867e-05 3.753042800000000057e+01 1.549994700000000059e+01 7.954442999999999930e-01 3.681439999999999824e+00 2.571453499999999985e+04 0.000000000000000000e+00
3.205843000000000220e+00 7.511125999999999969e+00 1.235334018407910905e+00 1.528337999999999867e-05 3.753042800000000057e+01 1.549994700000000059e+01 7.954442999999999930e-01 3.681439999999999824e+00 2.571453499999999985e+04 0.000000000000000000e+00
3.205843000000000220e+00 7.511125999999999969e+00 1.235333999999999932e+00 1.529828116119384633e-05 3.753042800000000057e+01 1.549994700000000059e+01 7.954442999999999930e-01 3.681439999999999824e+00 2.571453499999999985e+04 0.000000000000000000e+00
3.205843000000000220e+00 7.511125999999999969e+00 1.235333999999999932e+00 1.528337999999999867e-05 3.753042855924695687e+01 1.549994700000000059e+01 7.954442999999999930e-01 3.681439999999999824e+00 2.571453499999999985e+04 0.000000000000000000e+00
3.205843000000000220e+00 7.511125999999999969e+00 1.235333999999999932e+00 1.528337999999999867e-05 3.753042800000000057e+01 1.549994700000000059e+01 7.954442999999999930e-01 3.681439999999999824e+00 2.571453538317642960e+04 0.000000000000000000e+00
3.205843000000000220e+00 7.511125999999999969e+00 1.235333999999999932e+00 1.528337999999999867e-05 3.753042800000000057e+01 1.549994700000000059e+01 7.954442999999999930e-01 3.681439999999999824e+00 2.571453499999999985e+04 1.490116119384765625e-08
3.195156336450142742e+00 7.511125866527136985e+00 1.342684904499325427e+00 7.592481437279030576e-01 3.880458003295242264e+01 1.549994700000000059e+01 7.954442999999999930e-01 3.681439999999999824e+00 2.571420759976948466e+04 -9.481994996068523010e-05
3.195156384061682342e+00 7.511125866527136985e+00 1.342684904499325427e+00 7.592481437279030576e-01 3.880458003295242264e+01 1.549994700000000059e+01 7.954442999999999930e-01 3.681439999999999824e+00 2.571420759976948466e+04 -9.481994996068523010e-05
3.195156336450142742e+00 7.511125978451634211e+00 1.342684904499325427e+00 7.592481437279030576e-01 3.880458003295242264e+01 1.549994700000000059e+01 7.954442999999999930e-01 3.681439999999999824e+00 2.571420759976948466e+04 -9.481994996068523010e-05
3.195156336450142742e+00 7.511125866527136985e+00 1.342684924506889699e+00 7.592481437279030576e-01 3.880458003295242264e+01 1.549994700000000059e+01 7.954442999999999930e-01 3.681439999999999824e+00 2.571420759976948466e+04 -9.481994996068523010e-05
3.195156336450142742e+00 7.511125866527136985e+00 1.342684904499325427e+00 7.592481586290642515e-01 3.880458003295242264e+01 1.549994700000000059e+01 7.954442999999999930e-01 3.681439999999999824e+00 2.571420759976948466e+04 -9.481994996068523010e-05
3.195156336450142742e+00 7.511125866527136985e+00 1.342684904499325427e+00 7.592481437279030576e-01 3.880458061118572743e+01 1.549994700000000059e+01 7.954442999999999930e-01 3.681439999999999824e+00 2.571420759976948466e+04 -9.481994996068523010e-05
3.195156336450142742e+00 7.511125866527136985e+00 1.342684904499325427e+00 7.592481437279030576e-01 3.880458003295242264e+01 1.549994700000000059e+01 7.954442999999999930e-01 3.681439999999999824e+00 2.571420798294103588e+04 -9.481994996068523010e-05
3.195156336450142742e+00 7.511125866527136985e+00 1.342684904499325427e+00 7.592481437279030576e-01 3.880458003295242264e+01 1.549994700000000059e+01 7.954442999999999930e-01 3.681439999999999824e+00 2.571420759976948466e+04 -9.483485112187907775e-05
3.201128055972392694e+00 7.511125988815040344e+00 1.369435521639120079e+00 1.880696175559719574e-01 3.916772312319164939e+01 1.549994700000000059e+01 7.954442999999999930e-01 3.681439999999999824e+00 2.571387119563434680e+04 -1.052135924133182679e-04
3.201128103672918002e+00 7.511125988815040344e+00 1.369435521639120079e+00 1.880696175559719574e-01 3.916772312319164939e+01 1.549994700000000059e+01 7.954442999999999930e-01 3.681439999999999824e+00 2.571387119563434680e+04 -1.052135924133182679e-04
3.201128055972392694e+00 7.511126100739539346e+00 1.369435521639120079e+00 1.880696175559719574e-01 3.916772312319164939e+01 1.549994700000000059e+01 7.954442999999999930e-01 3.681439999999999824e+00 2.571387119563434680e+04 -1.052135924133182679e-04
3.201128055972392694e+00 7.511125988815040344e+00 1.369435542045299492e+00 1.880696175559719574e-01 3.916772312319164939e+01 1.549994700000000059e+01 7.954442999999999930e-01 3.681439999999999824e+00 2.571387119563434680e+04 -1.052135924133182679e-04
3.201128055972392694e+00 7.511125988815040344e+00 1.369435521639120079e+00 1.880696324571331512e-01 3.916772312319164939e+01 1.549994700000000059e+01 7.954442999999999930e-01 3.681439999999999824e+00 2.571387119563434680e+04 -1.052135924133182679e-04
3.201128055972392694e+00 7.511125988815040344e+00 1.369435521639120079e+00 1.880696175559719574e-01 3.916772370683620608e+01 1.549994700000000059e+01 7.954442999999999930e-01 3.681439999999999824e+00 2.571387119563434680e+04 -1.052135924133182679e-04
3.201128055972392694e+00 7.511125988815040344e+00 1.369435521639120079e+00 1.880696175559719574e-01 3.916772312319164939e+01 1.549994700000000059e+01 7.954442999999999930e-01 3.681439999999999824e+00 2.571387157880088489e+04 -1.052135924133182679e-04
3.201128055972392694e+00 7.511125988815040344e+00 1.369435521639120079e+00 1.880696175559719574e-01 3.916772312319164939e+01 1.549994700000000059e+01 7.954442999999999930e-01 3.681439999999999824e+00 2.571387119563434680e+04 -1.052284935745121156e-04
3.191358634253331772e+00 7.577015829779201184e+00 1.390211426190645749e+00 1.886646904928453161e-01 3.902695099566251002e+01 1.549994700000000059e+01 7.954442999999999930e-01 3.681439999999999824e+00 2.554912175728337388e+04 -2.595015094408387245e-04
3.191358681808281084e+00 7.577015829779201184e+00 1.390211426190645749e+00 1.886646904928453161e-01 3.902695099566251002e+01 1.549994700000000059e+01 7.954442999999999930e-01 3.681439999999999824e+00 2.554912175728337388e+04 -2.595015094408387245e-04
3.191358634253331772e+00 7.577015942685535244e+00 1.390211426190645749e+00 1.886646904928453161e-01 3.902695099566251002e+01 1.549994700000000059e+01 7.954442999999999930e-01 3.681439999999999824e+00 2.554912175728337388e+04 -2.595015094408387245e-04
3.191358634253331772e+00 7.577015829779201184e+00 1.390211446906410409e+00 1.886646904928453161e-01 3.902695099566251002e+01 1.549994700000000059e+01 7.954442999999999930e-01 3.681439999999999824e+00 2.554912175728337388e+04 -2.595015094408387245e-04
3.191358634253331772e+00 7.577015829779201184e+00 1.390211426190645749e+00 1.886647053940065100e-01 3.902695099566251002e+01 1.549994700000000059e+01 7.954442999999999930e-01 3.681439999999999824e+00 2.554912175728337388e+04 -2.595015094408387245e-04
3.191358634253331772e+00 7.577015829779201184e+00 1.390211426190645749e+00 1.886646904928453161e-01 3.902695157720939534e+01 1.549994700000000059e+01 7.954442999999999930e-01 3.681439999999999824e+00 2.554912175728337388e+04 -2.595015094408387245e-04
3.191358634253331772e+00 7.577015829779201184e+00 1.390211426190645749e+00 1.886646904928453161e-01 3.902695099566251002e+01 1.549994700000000059e+01 7.954442999999999930e-01 3.681439999999999824e+00 2.554912213799495657e+04 -2.595015094408387245e-04
3.191358634253331772e+00 7.577015829779201184e+00 1.390211426190645749e+00 1.886646904928453161e-01 3.902695099566251002e+01 1.549994700000000059e+01 7.954442999999999930e-01 3.681439999999999824e+00 2.554912175728337388e+04 -2.595164106020325721e-04
3.192918568306868377e+00 7.577015746843666300e+00 1.395798542519518737e+00 4.655402429189131608e-02 3.909541342209620041e+01 1.549994700000000059e+01 7.954442999999999930e-01 3.681439999999999824e+00 2.554888949573489663e+04 -2.599548443002694127e-04
3.192918615885062650e+00 7.577015746843666300e+00 1.395798542519518737e+00 4.655402429189131608e-02 3.909541342209620041e+01 1.549994700000000059e+01 7.954442999999999930e-01 3.681439999999999824e+00 2.554888949573489663e+04 -2.599548443002694127e-04
3.192918568306868377e+00 7.577015859749999471e+00 1.395798542519518737e+00 4.655402429189131608e-02 3.909541342209620041e+01 1.549994700000000059e+01 7.954442999999999930e-01 3.681439999999999824e+00 2.554888949573489663e+04 -2.599548443002694127e-04
3.192918568306868377e+00 7.577015746843666300e+00 1.395798563318537910e+00 4.655402429189131608e-02 3.909541342209620041e+01 1.549994700000000059e+01 7.954442999999999930e-01 3.681439999999999824e+00 2.554888949573489663e+04 -2.599548443002694127e-04
3.192918568306868377e+00 7.577015746843666300e+00 1.395798542519518737e+00 4.655403919305250993e-02 3.909541342209620041e+01 1.549994700000000059e+01 7.954442999999999930e-01 3.681439999999999824e+00 2.554888949573489663e+04 -2.599548443002694127e-04
3.192918568306868377e+00 7.577015746843666300e+00 1.395798542519518737e+00 4.655402429189131608e-02 3.909541400466325456e+01 1.549994700000000059e+01 7.954442999999999930e-01 3.681439999999999824e+00 2.554888949573489663e+04 -2.599548443002694127e-04
3.192918568306868377e+00 7.577015746843666300e+00 1.395798542519518737e+00 4.655402429189131608e-02 3.909541342209620041e+01 1.549994700000000059e+01 7.954442999999999930e-01 3.681439999999999824e+00 2.554888987644301596e+04 -2.599548443002694127e-04
3.192918568306868377e+00 7.577015746843666300e+00 1.395798542519518737e+00 4.655402429189131608e-02 3.909541342209620041e+01 1.549994700000000059e+01 7.954442999999999930e-01 3.681439999999999824e+00 2.554888949573489663e+04 -2.599697454614632603e-04
3.178839390393423336e+00 7.526865884916198901e+00 1.422596687339760191e+00 4.651486980099131530e-02 3.889689856422742764e+01 1.549994700000000059e+01 7.954442999999999930e-01 3.681439999999999824e+00 2.521939059372537668e+04 -5.407392654953050359e-04
3.178839437761821429e+00 7.526865884916198901e+00 1.422596687339760191e+00 4.651486980099131530e-02 3.889689856422742764e+01 1.549994700000000059e+01 7.954442999999999930e-01 3.681439999999999824e+00 2.521939059372537668e+04 -5.407392654953050359e-04
3.178839390393423336e+00 7.526865997075240955e+00 1.422596687339760191e+00 4.651486980099131530e-02 3.889689856422742764e+01 1.549994700000000059e+01 7.954442999999999930e-01 3.681439999999999824e+00 2.521939059372537668e+04 -5.407392654953050359e-04
3.178839390393423336e+00 7.526865884916198901e+00 1.422596708538102828e+00 4.651486980099131530e-02 3.889689856422742764e+01 1.549994700000000059e+01 7.954442999999999930e-01 3.681439999999999824e+00 2.521939059372537668e+04 -5.407392654953050359e-04
3.178839390393423336e+00 7.526865884916198901e+00 1.422596687339760191e+00 4.651488470215250914e-02 3.889689856422742764e+01 1.549994700000000059e+01 7.954442999999999930e-01 3.681439999999999824e+00 2.521939059372537668e+04 -5.407392654953050359e-04
3.178839390393423336e+00 7.526865884916198901e+00 1.422596687339760191e+00 4.651486980099131530e-02 3.889689914383638580e+01 1.549994700000000059e+01 7.954442999999999930e-01 3.681439999999999824e+00 2.521939059372537668e+04 -5.407392654953050359e-04
3.178839390393423336e+00 7.526865884916198901e+00 1.422596687339760191e+00 4.651486980099131530e-02 3.889689856422742764e+01 1.549994700000000059e+01 7.954442999999999930e-01 3.681439999999999824e+00 2.521939096952358159e+04 -5.407392654953050359e-04
3.178839390393423336e+00 7.526865884916198901e+00 1.422596687339760191e+00 4.651486980099131530e-02 3.889689856422742764e+01 1.549994700000000059e+01 7.954442999999999930e-01 3.681439999999999824e+00 2.521939059372537668e+04 -5.407541666564988836e-04
3.176528041860173346e+00 7.508630969087076501e+00 1.429918302706486344e+00 4.645872140480450385e-02 3.886405920913154688e+01 1.549994700000000059e+01 7.954442999999999930e-01 3.681439999999999824e+00 2.529301872051953251e+04 -5.322449174700695030e-04
3.176528089194129656e+00 7.508630969087076501e+00 1.429918302706486344e+00 4.645872140480450385e-02 3.886405920913154688e+01 1.549994700000000059e+01 7.954442999999999930e-01 3.681439999999999824e+00 2.529301872051953251e+04 -5.322449174700695030e-04
3.176528041860173346e+00 7.508631080974397243e+00 1.429918302706486344e+00 4.645872140480450385e-02 3.886405920913154688e+01 1.549994700000000059e+01 7.954442999999999930e-01 3.681439999999999824e+00 2.529301872051953251e+04 -5.322449174700695030e-04
3.176528041860173346e+00 7.508630969087076501e+00 1.429918324013929487e+00 4.645872140480450385e-02 3.886405920913154688e+01 1.549994700000000059e+01 7.954442999999999930e-01 3.681439999999999824e+00 2.529301872051953251e+04 -5.322449174700695030e-04
3.176528041860173346e+00 7.508630969087076501e+00 1.429918302706486344e+00 4.645873630596569770e-02 3.886405920913154688e+01 1.549994700000000059e+01 7.954442999999999930e-01 3.681439999999999824e+00 2.529301872051953251e+04 -5.322449174700695030e-04
3.176528041860173346e+00 7.508630969087076501e+00 1.429918302706486344e+00 4.645872140480450385e-02 3.886405978825115426e+01 1.549994700000000059e+01 7.954442999999999930e-01 3.681439999999999824e+00 2.529301872051953251e+04 -5.322449174700695030e-04
3.176528041860173346e+00 7.508630969087076501e+00 1.429918302706486344e+00 4.645872140480450385e-02 3.886405920913154688e+01 1.549994700000000059e+01 7.954442999999999930e-01 3.681439999999999824e+00 2.529301909741488271e+04 -5.322449174700695030e-04
3.176528041860173346e+00 7.508630969087076501e+00 1.429918302706486344e+00 4.645872140480450385e-02 3.886405920913154688e+01 1.549994700000000059e+01 7.954442999999999930e-01 3.681439999999999824e+00 2.529301872051953251e+04 -5.322598186312633506e-04
3.175606667648180004e+00 7.492419909008092738e+00 1.435319311536089160e+00 4.586153778527125163e-02 3.885178010607651800e+01 1.549994700000000059e+01 7.954442999999999930e-01 3.681439999999999824e+00 2.537539344578645614e+04 -5.067264588674450041e-04
3.175606714968406852e+00 7.492419909008092738e+00 1.435319311536089160e+00 4.586153778527125163e-02 3.885178010607651800e+01 1.549994700000000059e+01 7.954442999999999930e-01 3.681439999999999824e+00 2.537539344578645614e+04 -5.067264588674450041e-04
3.175606667648180004e+00 7.492420020653849377e+00 1.435319311536089160e+00 4.586153778527125163e-02 3.885178010607651800e+01 1.549994700000000059e+01 7.954442999999999930e-01 3.681439999999999824e+00 2.537539344578645614e+04 -5.067264588674450041e-04
3.175606667648180004e+00 7.492419909008092738e+00 1.435319332924013480e+00 4.586153778527125163e-02 3.885178010607651800e+01 1.549994700000000059e+01 7.954442999999999930e-01 3.681439999999999824e+00 2.537539344578645614e+04 -5.067264588674450041e-04
3.175606667648180004e+00 7.492419909008092738e+00 1.435319311536089160e+00 4.586155268643244548e-02 3.885178010607651800e+01 1.549994700000000059e+01 7.954442999999999930e-01 3.681439999999999824e+00 2.537539344578645614e+04 -5.067264588674450041e-04
3.175606667648180004e+00 7.492419909008092738e+00 1.435319311536089160e+00 4.586153778527125163e-02 3.885178068501315352e+01 1.549994700000000059e+01 7.954442999999999930e-01 3.681439999999999824e+00 2.537539344578645614e+04 -5.067264588674450041e-04
3.175606667648180004e+00 7.492419909008092738e+00 1.435319311536089160e+00 4.586153778527125163e-02 3.885178010607651800e+01 1.549994700000000059e+01 7.954442999999999930e-01 3.681439999999999824e+00 2.537539382390928586e+04 -5.067264588674450041e-04
3.175606667648180004e+00 7.492419909008092738e+00 1.435319311536089160e+00 4.586153778527125163e-02 3.885178010607651800e+01 1.549994700000000059e+01 7.954442999999999930e-01 3.681439999999999824e+00 2.537539344578645614e+04 -5.067413600286388518e-04
3.176049606865313013e+00 7.483700951573425186e+00 1.436879723737852332e+00 4.525166101174409039e-02 3.885894674017627892e+01 1.549994700000000059e+01 7.954442999999999930e-01 3.681439999999999824e+00 2.545776817231475434e+04 -4.738012881916183958e-04
3.176049654192140359e+00 7.483700951573425186e+00 1.436879723737852332e+00 4.525166101174409039e-02 3.885894674017627892e+01 1.549994700000000059e+01 7.954442999999999930e-01 3.681439999999999824e+00 2.545776817231475434e+04 -4.738012881916183958e-04
3.176049606865313013e+00 7.483701063089259087e+00 1.436879723737852332e+00 4.525166101174409039e-02 3.885894674017627892e+01 1.549994700000000059e+01 7.954442999999999930e-01 3.681439999999999824e+00 2.545776817231475434e+04 -4.738012881916183958e-04
3.176049606865313013e+00 7.483700951573425186e+00 1.436879745149028720e+00 4.525166101174409039e-02 3.885894674017627892e+01 1.549994700000000059e+01 7.954442999999999930e-01 3.681439999999999824e+00 2.545776817231475434e+04 -4.738012881916183958e-04
3.176049606865313013e+00 7.483700951573425186e+00 1.436879723737852332e+00 4.525167591290528424e-02 3.885894674017627892e+01 1.549994700000000059e+01 7.954442999999999930e-01 3.681439999999999824e+00 2.545776817231475434e+04 -4.738012881916183958e-04
3.176049606865313013e+00 7.483700951573425186e+00 1.436879723737852332e+00 4.525166101174409039e-02 3.885894731921970902e+01 1.549994700000000059e+01 7.954442999999999930e-01 3.681439999999999824e+00 2.545776817231475434e+04 -4.738012881916183958e-04
3.176049606865313013e+00 7.483700951573425186e+00 1.436879723737852332e+00 4.525166101174409039e-02 3.885894674017627892e+01 1.549994700000000059e+01 7.954442999999999930e-01 3.681439999999999824e+00 2.545776855166505993e+04 -4.738012881916183958e-04
3.176049606865313013e+00 7.483700951573425186e+00 1.436879723737852332e+00 4.525166101174409039e-02 3.885894674017627892e+01 1.549994700000000059e+01 7.954442999999999930e-01 3.681439999999999824e+00 2.545776817231475434e+04 -4.738161893528122434e-04
3.176586224097968536e+00 7.475188680266240837e+00 1.437907432858034351e+00 4.425622672845292566e-02 3.886785245723794446e+01 1.549994700000000059e+01 7.954442999999999930e-01 3.681439999999999824e+00 2.554014289878228374e+04 -4.407207418556657874e-04
3.176586271432791708e+00 7.475188680266240837e+00 1.437907432858034351e+00 4.425622672845292566e-02 3.886785245723794446e+01 1.549994700000000059e+01 7.954442999999999930e-01 3.681439999999999824e+00 2.554014289878228374e+04 -4.407207418556657874e-04
3.176586224097968536e+00 7.475188791655232201e+00 1.437907432858034351e+00 4.425622672845292566e-02 3.886785245723794446e+01 1.549994700000000059e+01 7.954442999999999930e-01 3.681439999999999824e+00 2.554014289878228374e+04 -4.407207418556657874e-04
3.176586224097968536e+00 7.475188680266240837e+00 1.437907454284524711e+00 4.425622672845292566e-02 3.886785245723794446e+01 1.549994700000000059e+01 7.954442999999999930e-01 3.681439999999999824e+00 2.554014289878228374e+04 -4.407207418556657874e-04
3.176586224097968536e+00 7.475188680266240837e+00 1.437907432858034351e+00 4.425624162961411950e-02 3.886785245723794446e+01 1.549994700000000059e+01 7.954442999999999930e-01 3.681439999999999824e+00 2.554014289878228374e+04 -4.407207418556657874e-04
3.176586224097968536e+00 7.475188680266240837e+00 1.437907432858034351e+00 4.425622672845292566e-02 3.886785303641408262e+01 1.549994700000000059e+01 7.954442999999999930e-01 3.681439999999999824e+00 2.554014289878228374e+04 -4.407207418556657874e-04
3.176586224097968536e+00 7.475188680266240837e+00 1.437907432858034351e+00 4.425622672845292566e-02 3.886785245723794446e+01 1.549994700000000059e+01 7.954442999999999930e-01 3.681439999999999824e+00 2.554014327936006885e+04 -4.407207418556657874e-04
3.176586224097968536e+00 7.475188680266240837e+00 1.437907432858034351e+00 4.425622672845292566e-02 3.886785245723794446e+01 1.549994700000000059e+01 7.954442999999999930e-01 3.681439999999999824e+00 2.554014289878228374e+04 -4.407356430168596351e-04
3.176680415165726856e+00 7.475188673804241013e+00 1.438390017730842629e+00 2.359264855430261154e-03 3.888244160637540858e+01 1.549994700000000059e+01 7.954442999999999930e-01 3.681439999999999824e+00 2.553960797075259325e+04 -4.407790311946430356e-04
3.176566610015387759e+00 7.475530773306679144e+00 1.438467766289821537e+00 3.328802081575205074e-02 3.886787283656870784e+01 1.549994700000000059e+01 7.954442999999999930e-01 3.681439999999999824e+00 2.554042408756962323e+04 -4.401830417144519036e-04
3.176566657349918721e+00 7.475530773306679144e+00 1.438467766289821537e+00 3.328802081575205074e-02 3.886787283656870784e+01 1.549994700000000059e+01 7.954442999999999930e-01 3.681439999999999824e+00 2.554042408756962323e+04 -4.401830417144519036e-04
3.176566610015387759e+00 7.475530884700767764e+00 1.438467766289821537e+00 3.328802081575205074e-02 3.886787283656870784e+01 1.549994700000000059e+01 7.954442999999999930e-01 3.681439999999999824e+00 2.554042408756962323e+04 -4.401830417144519036e-04
3.176566610015387759e+00 7.475530773306679144e+00 1.438467787724661662e+00 3.328802081575205074e-02 3.886787283656870784e+01 1.549994700000000059e+01 7.954442999999999930e-01 3.681439999999999824e+00 2.554042408756962323e+04 -4.401830417144519036e-04
3.176566610015387759e+00 7.475530773306679144e+00 1.438467766289821537e+00 3.328803571691324459e-02 3.886787283656870784e+01 1.549994700000000059e+01 7.954442999999999930e-01 3.681439999999999824e+00 2.554042408756962323e+04 -4.401830417144519036e-04
3.176566610015387759e+00 7.475530773306679144e+00 1.438467766289821537e+00 3.328802081575205074e-02 3.886787341574514443e+01 1.549994700000000059e+01 7.954442999999999930e-01 3.681439999999999824e+00 2.554042408756962323e+04 -4.401830417144519036e-04
3.176566610015387759e+00 7.475530773306679144e+00 1.438467766289821537e+00 3.328802081575205074e-02 3.886787283656870784e+01 1.549994700000000059e+01 7.954442999999999930e-01 3.681439999999999824e+00 2.554042446815159929e+04 -4.401830417144519036e-04
3.176566610015387759e+00 7.475530773306679144e+00 1.438467766289821537e+00 3.328802081575205074e-02 3.886787283656870784e+01 1.549994700000000059e+01 7.954442999999999930e-01 3.681439999999999824e+00 2.554042408756962323e+04 -4.401979428756457513e-04
3.176720208646871768e+00 7.475749862901756693e+00 1.438703702170725185e+00 2.220349368436444482e-02 3.886788223774402695e+01 1.549994700000000059e+01 7.954442999999999930e-01 3.681439999999999824e+00 2.554056480164532331e+04 -4.399478692342614406e-04
3.176630288275530400e+00 7.475630642370961532e+00 1.438526551321792413e+00 3.051753003411452128e-02 3.886787555317551579e+01 1.549994700000000059e+01 7.954442999999999930e-01 3.681439999999999824e+00 2.554045928803681454e+04 -4.400838312514917606e-04
3.176630335611010381e+00 7.475630642370961532e+00 1.438526551321792413e+00 3.051753003411452128e-02 3.886787555317551579e+01 1.549994700000000059e+01 7.954442999999999930e-01 3.681439999999999824e+00 2.554045928803681454e+04 -4.400838312514917606e-04
3.176630288275530400e+00 7.475630753766538739e+00 1.438526551321792413e+00 3.051753003411452128e-02 3.886787555317551579e+01 1.549994700000000059e+01 7.954442999999999930e-01 3.681439999999999824e+00 2.554045928803681454e+04 -4.400838312514917606e-04
3.176630288275530400e+00 7.475630642370961532e+00 1.438526572757508504e+00 3.051753003411452128e-02 3.886787555317551579e+01 1.549994700000000059e+01 7.954442999999999930e-01 3.681439999999999824e+00 2.554045928803681454e+04 -4.400838312514917606e-04
3.176630288275530400e+00 7.475630642370961532e+00 1.438526551321792413e+00 3.051754493527571513e-02 3.886787555317551579e+01 1.549994700000000059e+01 7.954442999999999930e-01 3.681439999999999824e+00 2.554045928803681454e+04 -4.400838312514917606e-04
3.176630288275530400e+00 7.475630642370961532e+00 1.438526551321792413e+00 3.051753003411452128e-02 3.886787613235199501e+01 1.549994700000000059e+01 7.954442999999999930e-01 3.681439999999999824e+00 2.554045928803681454e+04 -4.400838312514917606e-04
3.176630288275530400e+00 7.475630642370961532e+00 1.438526551321792413e+00 3.051753003411452128e-02 3.886787555317551579e+01 1.549994700000000059e+01 7.954442999999999930e-01 3.681439999999999824e+00 2.554045966861931447e+04 -4.400838312514917606e-04
3.176630288275530400e+00 7.475630642370961532e+00 1.438526551321792413e+00 3.051753003411452128e-02 3.886787555317551579e+01 1.549994700000000059e+01 7.954442999999999930e-01 3.681439999999999824e+00 2.554045928803681454e+04 -4.400987324126856082e-04
3.176619085717760083e+00 7.475645001793770561e+00 1.438516019048906358e+00 2.954666852468998753e-02 3.886918252836013465e+01 1.549994700000000059e+01 7.954442999999999930e-01 3.681439999999999824e+00 2.554045932572749371e+04 -4.399410644685015632e-04
3.176619133053073085e+00 7.475645001793770561e+00 1.438516019048906358e+00 2.954666852468998753e-02 3.886918252836013465e+01 1.549994700000000059e+01 7.954442999999999930e-01 3.681439999999999824e+00 2.554045932572749371e+04 -4.399410644685015632e-04
3.176619085717760083e+00 7.475645113189561819e+00 1.438516019048906358e+00 2.954666852468998753e-02 3.886918252836013465e+01 1.549994700000000059e+01 7.954442999999999930e-01 3.681439999999999824e+00 2.554045932572749371e+04 -4.399410644685015632e-04
3.176619085717760083e+00 7.475645001793770561e+00 1.438516040484465464e+00 2.954666852468998753e-02 3.886918252836013465e+01 1.549994700000000059e+01 7.954442999999999930e-01 3.681439999999999824e+00 2.554045932572749371e+04 -4.399410644685015632e-04
3.176619085717760083e+00 7.475645001793770561e+00 1.438516019048906358e+00 2.954668342585118138e-02 3.886918252836013465e+01 1.549994700000000059e+01 7.954442999999999930e-01 3.681439999999999824e+00 2.554045932572749371e+04 -4.399410644685015632e-04
3.176619085717760083e+00 7.475645001793770561e+00 1.438516019048906358e+00 2.954666852468998753e-02 3.886918310755608985e+01 1.549994700000000059e+01 7.954442999999999930e-01 3.681439999999999824e+00 2.554045932572749371e+04 -4.399410644685015632e-04
3.176619085717760083e+00 7.475645001793770561e+00 1.438516019048906358e+00 2.954666852468998753e-02 3.886918252836013465e+01 1.549994700000000059e+01 7.954442999999999930e-01 3.681439999999999824e+00 2.554045970630999363e+04 -4.399410644685015632e-04
3.176619085717760083e+00 7.475645001793770561e+00 1.438516019048906358e+00 2.954666852468998753e-02 3.886918252836013465e+01 1.549994700000000059e+01 7.954442999999999930e-01 3.681439999999999824e+00 2.554045932572749371e+04 -4.399559656296954109e-04
3.176697348931567522e+00 7.475694139203567623e+00 1.438642817974875587e+00 1.856192889709123300e-02 3.886919648441035235e+01 1.549994700000000059e+01 7.954442999999999930e-01 3.681439999999999824e+00 2.554073799554814468e+04 -4.397977595231754365e-04
3.176640612617492643e+00 7.475658703467736643e+00 1.438551714037188844e+00 2.680056224004843946e-02 3.886918604413144607e+01 1.549994700000000059e+01 7.954442999999999930e-01 3.681439999999999824e+00 2.554052900726920780e+04 -4.399074901241330801e-04
3.176640659953126278e+00 7.475658703467736643e+00 1.438551714037188844e+00 2.680056224004843946e-02 3.886918604413144607e+01 1.549994700000000059e+01 7.954442999999999930e-01 3.681439999999999824e+00 2.554052900726920780e+04 -4.399074901241330801e-04
3.176640612617492643e+00 7.475658814863732182e+00 1.438551714037188844e+00 2.680056224004843946e-02 3.886918604413144607e+01 1.549994700000000059e+01 7.954442999999999930e-01 3.681439999999999824e+00 2.554052900726920780e+04 -4.399074901241330801e-04
3.176640612617492643e+00 7.475658703467736643e+00 1.438551735473279747e+00 2.680056224004843946e-02 3.886918604413144607e+01 1.549994700000000059e+01 7.954442999999999930e-01 3.681439999999999824e+00 2.554052900726920780e+04 -4.399074901241330801e-04
3.176640612617492643e+00 7.475658703467736643e+00 1.438551714037188844e+00 2.680057714120963330e-02 3.886918604413144607e+01 1.549994700000000059e+01 7.954442999999999930e-01 3.681439999999999824e+00 2.554052900726920780e+04 -4.399074901241330801e-04
3.176640612617492643e+00 7.475658703467736643e+00 1.438551714037188844e+00 2.680056224004843946e-02 3.886918662332745100e+01 1.549994700000000059e+01 7.954442999999999930e-01 3.681439999999999824e+00 2.554052900726920780e+04 -4.399074901241330801e-04
3.176640612617492643e+00 7.475658703467736643e+00 1.438551714037188844e+00 2.680056224004843946e-02 3.886918604413144607e+01 1.549994700000000059e+01 7.954442999999999930e-01 3.681439999999999824e+00 2.554052938785274819e+04 -4.399074901241330801e-04
3.176640612617492643e+00 7.475658703467736643e+00 1.438551714037188844e+00 2.680056224004843946e-02 3.886918604413144607e+01 1.549994700000000059e+01 7.954442999999999930e-01 3.681439999999999824e+00 2.554052900726920780e+04 -4.399223912853269278e-04
3.176704602462756988e+00 7.475726016981210975e+00 1.438637674821712231e+00 2.125752939540606623e-02 3.886918966296604339e+01 1.549994700000000059e+01 7.954442999999999930e-01 3.681439999999999824e+00 2.554059951151224959e+04 -4.398746156857750783e-04
3.176704649799344526e+00 7.475726016981210975e+00 1.438637674821712231e+00 2.125752939540606623e-02 3.886918966296604339e+01 1.549994700000000059e+01 7.954442999999999930e-01 3.681439999999999824e+00 2.554059951151224959e+04 -4.398746156857750783e-04
3.176704602462756988e+00 7.475726128378209268e+00 1.438637674821712231e+00 2.125752939540606623e-02 3.886918966296604339e+01 1.549994700000000059e+01 7.954442999999999930e-01 3.681439999999999824e+00 2.554059951151224959e+04 -4.398746156857750783e-04
3.176704602462756988e+00 7.475726016981210975e+00 1.438637696259084109e+00 2.125752939540606623e-02 3.886918966296604339e+01 1.549994700000000059e+01 7.954442999999999930e-01 3.681439999999999824e+00 2.554059951151224959e+04 -4.398746156857750783e-04
3.176704602462756988e+00 7.475726016981210975e+00 1.438637674821712231e+00 2.125754429656726008e-02 3.886918966296604339e+01 1.549994700000000059e+01 7.954442999999999930e-01 3.681439999999999824e+00 2.554059951151224959e+04 -4.398746156857750783e-04
3.176704602462756988e+00 7.475726016981210975e+00 1.438637674821712231e+00 2.125752939540606623e-02 3.886919024216210516e+01 1.549994700000000059e+01 7.954442999999999930e-01 3.681439999999999824e+00 2.554059951151224959e+04 -4.398746156857750783e-04
3.176704602462756988e+00 7.475726016981210975e+00 1.438637674821712231e+00 2.125752939540606623e-02 3.886918966296604339e+01 1.549994700000000059e+01 7.954442999999999930e-01 3.681439999999999824e+00 2.554059989209684136e+04 -4.398746156857750783e-04
3.176704602462756988e+00 7.475726016981210975e+00 1.438637674821712231e+00 2.125752939540606623e-02 3.886918966296604339e+01 1.549994700000000059e+01 7.954442999999999930e-01 3.681439999999999824e+00 2.554059951151224959e+04 -4.398895168469689259e-04
3.176686940790514946e+00 7.475712201003539725e+00 1.438646101977963720e+00 2.044710484701884115e-02 3.887031837823685265e+01 1.549994700000000059e+01 7.954442999999999930e-01 3.681439999999999824e+00 2.554059955740857549e+04 -4.398026379379516926e-04
3.176686988126839140e+00 7.475712201003539725e+00 1.438646101977963720e+00 2.044710484701884115e-02 3.887031837823685265e+01 1.549994700000000059e+01 7.954442999999999930e-01 3.681439999999999824e+00 2.554059955740857549e+04 -4.398026379379516926e-04
3.176686940790514946e+00 7.475712312400331960e+00 1.438646101977963720e+00 2.044710484701884115e-02 3.887031837823685265e+01 1.549994700000000059e+01 7.954442999999999930e-01 3.681439999999999824e+00 2.554059955740857549e+04 -4.398026379379516926e-04
3.176686940790514946e+00 7.475712201003539725e+00 1.438646123415461275e+00 2.044710484701884115e-02 3.887031837823685265e+01 1.549994700000000059e+01 7.954442999999999930e-01 3.681439999999999824e+00 2.554059955740857549e+04 -4.398026379379516926e-04
3.176686940790514946e+00 7.475712201003539725e+00 1.438646101977963720e+00 2.044711974818003500e-02 3.887031837823685265e+01 1.549994700000000059e+01 7.954442999999999930e-01 3.681439999999999824e+00 2.554059955740857549e+04 -4.398026379379516926e-04
3.176686940790514946e+00 7.475712201003539725e+00 1.438646101977963720e+00 2.044710484701884115e-02 3.887031895744973298e+01 1.549994700000000059e+01 7.954442999999999930e-01 3.681439999999999824e+00 2.554059955740857549e+04 -4.398026379379516926e-04
3.176686940790514946e+00 7.475712201003539725e+00 1.438646101977963720e+00 2.044710484701884115e-02 3.887031837823685265e+01 1.549994700000000059e+01 7.954442999999999930e-01 3.681439999999999824e+00 2.554059993799316726e+04 -4.398026379379516926e-04
3.176686940790514946e+00 7.475712201003539725e+00 1.438646101977963720e+00 2.044710484701884115e-02 3.887031837823685265e+01 1.549994700000000059e+01 7.954442999999999930e-01 3.681439999999999824e+00 2.554059955740857549e+04 -4.398175390991455403e-04
3.176808082641374043e+00 7.475843828402300772e+00 1.438888860667784542e+00 9.362094277218140428e-03 3.887032430160584795e+01 1.549994700000000059e+01 7.954442999999999930e-01 3.681439999999999824e+00 2.554074018938159134e+04 -4.397085452235788218e-04
3.176718606301268011e+00 7.475741723879243850e+00 1.438710932842413470e+00 1.767596149505468173e-02 3.887031985657579014e+01 1.549994700000000059e+01 7.954442999999999930e-01 3.681439999999999824e+00 2.554063472582440590e+04 -4.397978117586679521e-04
3.176718653638063827e+00 7.475741723879243850e+00 1.438710932842413470e+00 1.767596149505468173e-02 3.887031985657579014e+01 1.549994700000000059e+01 7.954442999999999930e-01 3.681439999999999824e+00 2.554063472582440590e+04 -4.397978117586679521e-04
3.176718606301268011e+00 7.475741835276476621e+00 1.438710932842413470e+00 1.767596149505468173e-02 3.887031985657579014e+01 1.549994700000000059e+01 7.954442999999999930e-01 3.681439999999999824e+00 2.554063472582440590e+04 -4.397978117586679521e-04
3.176718606301268011e+00 7.475741723879243850e+00 1.438710954280876919e+00 1.767596149505468173e-02 3.887031985657579014e+01 1.549994700000000059e+01 7.954442999999999930e-01 3.681439999999999824e+00 2.554063472582440590e+04 -4.397978117586679521e-04
3.176718606301268011e+00 7.475741723879243850e+00 1.438710932842413470e+00 1.767597639621587557e-02 3.887031985657579014e+01 1.549994700000000059e+01 7.954442999999999930e-01 3.681439999999999824e+00 2.554063472582440590e+04 -4.397978117586679521e-04
3.176718606301268011e+00 7.475741723879243850e+00 1.438710932842413470e+00 1.767596149505468173e-02 3.887032043578869178e+01 1.549994700000000059e+01 7.954442999999999930e-01 3.681439999999999824e+00 2.554063472582440590e+04 -4.397978117586679521e-04
3.176718606301268011e+00 7.475741723879243850e+00 1.438710932842413470e+00 1.767596149505468173e-02 3.887031985657579014e+01 1.549994700000000059e+01 7.954442999999999930e-01 3.681439999999999824e+00 2.554063510640952154e+04 -4.397978117586679521e-04
3.176718606301268011e+00 7.475741723879243850e+00 1.438710932842413470e+00 1.767596149505468173e-02 3.887031985657579014e+01 1.549994700000000059e+01 7.954442999999999930e-01 3.681439999999999824e+00 2.554063472582440590e+04 -4.398127129198617998e-04
3.176712121945794109e+00 7.475742207706797871e+00 1.438693031608404782e+00 1.758356348122583693e-02 3.887037338035378298e+01 1.549994700000000059e+01 7.954442999999999930e-01 3.681439999999999824e+00 2.554063472849717073e+04 -4.397724306358875759e-04
3.176712169282493559e+00 7.475742207706797871e+00 1.438693031608404782e+00 1.758356348122583693e-02 3.887037338035378298e+01 1.549994700000000059e+01 7.954442999999999930e-01 3.681439999999999824e+00 2.554063472849717073e+04 -4.397724306358875759e-04
3.176712121945794109e+00 7.475742319104037747e+00 1.438693031608404782e+00 1.758356348122583693e-02 3.887037338035378298e+01 1.549994700000000059e+01 7.954442999999999930e-01 3.681439999999999824e+00 2.554063472849717073e+04 -4.397724306358875759e-04
3.176712121945794109e+00 7.475742207706797871e+00 1.438693053046601555e+00 1.758356348122583693e-02 3.887037338035378298e+01 1.549994700000000059e+01 7.954442999999999930e-01 3.681439999999999824e+00 2.554063472849717073e+04 -4.397724306358875759e-04
3.176712121945794109e+00 7.475742207706797871e+00 1.438693031608404782e+00 1.758357838238703078e-02 3.887037338035378298e+01 1.549994700000000059e+01 7.954442999999999930e-01 3.681439999999999824e+00 2.554063472849717073e+04 -4.397724306358875759e-04
3.176712121945794109e+00 7.475742207706797871e+00 1.438693031608404782e+00 1.758356348122583693e-02 3.887037395956748043e+01 1.549994700000000059e+01 7.954442999999999930e-01 3.681439999999999824e+00 2.554063472849717073e+04 -4.397724306358875759e-04
3.176712121945794109e+00 7.475742207706797871e+00 1.438693031608404782e+00 1.758356348122583693e-02 3.887037338035378298e+01 1.549994700000000059e+01 7.954442999999999930e-01 3.681439999999999824e+00 2.554063510908228636e+04 -4.397724306358875759e-04
3.176712121945794109e+00 7.475742207706797871e+00 1.438693031608404782e+00 1.758356348122583693e-02 3.887037338035378298e+01 1.549994700000000059e+01 7.954442999999999930e-01 3.681439999999999824e+00 2.554063472849717073e+04 -4.397873317970814235e-04
