3.303662000000000099e+00 1.054415000000000013e+01 2.926740999999999815e+00 1.671997199999999850e+01 3.571733999999999742e-01 1.530525399999999969e+01 7.001581000000000055e-01 3.097326999999999941e+00 3.016286899999999878e+04 3.253563999999999901e+00 8.825920999999999239e+00 1.059549999999999992e+00 1.834474000000000160e+01 2.191357299999999952e+01 1.500000000000000000e+01 7.234983000000000386e-01 3.013116999999999823e+00 1.906309500000000116e+04 0.000000000000000000e+00
3.303662049228400122e+00 1.054415000000000013e+01 2.926740999999999815e+00 1.671997199999999850e+01 3.571733999999999742e-01 1.530525399999999969e+01 7.001581000000000055e-01 3.097326999999999941e+00 3.016286899999999878e+04 3.253563999999999901e+00 8.825920999999999239e+00 1.059549999999999992e+00 1.834474000000000160e+01 2.191357299999999952e+01 1.500000000000000000e+01 7.234983000000000386e-01 3.013116999999999823e+00 1.906309500000000116e+04 0.000000000000000000e+00
3.303662000000000099e+00 1.054415015712007886e+01 2.926740999999999815e+00 1.671997199999999850e+01 3.571733999999999742e-01 1.530525399999999969e+01 7.001581000000000055e-01 3.097326999999999941e+00 3.016286899999999878e+04 3.253563999999999901e+00 8.825920999999999239e+00 1.059549999999999992e+00 1.834474000000000160e+01 2.191357299999999952e+01 1.500000000000000000e+01 7.234983000000000386e-01 3.013116999999999823e+00 1.906309500000000116e+04 0.000000000000000000e+00
3.303662000000000099e+00 1.054415000000000013e+01 2.926741043611839288e+00 1.671997199999999850e+01 3.571733999999999742e-01 1.530525399999999969e+01 7.001581000000000055e-01 3.097326999999999941e+00 3.016286899999999878e+04 3.253563999999999901e+00 8.825920999999999239e+00 1.059549999999999992e+00 1.834474000000000160e+01 2.191357299999999952e+01 1.500000000000000000e+01 7.234983000000000386e-01 3.013116999999999823e+00 1.906309500000000116e+04 0.000000000000000000e+00
3.303662000000000099e+00 1.054415000000000013e+01 2.926740999999999815e+00 1.671997224914699487e+01 3.571733999999999742e-01 1.530525399999999969e+01 7.001581000000000055e-01 3.097326999999999941e+00 3.016286899999999878e+04 3.253563999999999901e+00 8.825920999999999239e+00 1.059549999999999992e+00 1.834474000000000160e+01 2.191357299999999952e+01 1.500000000000000000e+01 7.234983000000000386e-01 3.013116999999999823e+00 1.906309500000000116e+04 0.000000000000000000e+00
3.303662000000000099e+00 1.054415000000000013e+01 2.926740999999999815e+00 1.671997199999999850e+01 3.571734149011611681e-01 1.530525399999999969e+01 7.001581000000000055e-01 3.097326999999999941e+00 3.016286899999999878e+04 3.253563999999999901e+00 8.825920999999999239e+00 1.059549999999999992e+00 1.834474000000000160e+01 2.191357299999999952e+01 1.500000000000000000e+01 7.234983000000000386e-01 3.013116999999999823e+00 1.906309500000000116e+04 0.000000000000000000e+00
3.303662000000000099e+00 1.054415000000000013e+01 2.926740999999999815e+00 1.671997199999999850e+01 3.571733999999999742e-01 1.530525399999999969e+01 7.001581000000000055e-01 3.097326999999999941e+00 3.016286944946177027e+04 3.253563999999999901e+00 8.825920999999999239e+00 1.059549999999999992e+00 1.834474000000000160e+01 2.191357299999999952e+01 1.500000000000000000e+01 7.234983000000000386e-01 3.013116999999999823e+00 1.906309500000000116e+04 0.000000000000000000e+00
3.303662000000000099e+00 1.054415000000000013e+01 2.926740999999999815e+00 1.671997199999999850e+01 3.571733999999999742e-01 1.530525399999999969e+01 7.001581000000000055e-01 3.097326999999999941e+00 3.016286899999999878e+04 3.253564048481881521e+00 8.825920999999999239e+00 1.059549999999999992e+00 1.834474000000000160e+01 2.191357299999999952e+01 1.500000000000000000e+01 7.234983000000000386e-01 3.013116999999999823e+00 1.906309500000000116e+04 0.000000000000000000e+00
3.303662000000000099e+00 1.054415000000000013e+01 2.926740999999999815e+00 1.671997199999999850e+01 3.571733999999999742e-01 1.530525399999999969e+01 7.001581000000000055e-01 3.097326999999999941e+00 3.016286899999999878e+04 3.253563999999999901e+00 8.825921131516471618e+00 1.059549999999999992e+00 1.834474000000000160e+01 2.191357299999999952e+01 1.500000000000000000e+01 7.234983000000000386e-01 3.013116999999999823e+00 1.906309500000000116e+04 0.000000000000000000e+00
3.303662000000000099e+00 1.054415000000000013e+01 2.926740999999999815e+00 1.671997199999999850e+01 3.571733999999999742e-01 1.530525399999999969e+01 7.001581000000000055e-01 3.097326999999999941e+00 3.016286899999999878e+04 3.253563999999999901e+00 8.825920999999999239e+00 1.059550015788525368e+00 1.834474000000000160e+01 2.191357299999999952e+01 1.500000000000000000e+01 7.234983000000000386e-01 3.013116999999999823e+00 1.906309500000000116e+04 0.000000000000000000e+00
3.303662000000000099e+00 1.054415000000000013e+01 2.926740999999999815e+00 1.671997199999999850e+01 3.571733999999999742e-01 1.530525399999999969e+01 7.001581000000000055e-01 3.097326999999999941e+00 3.016286899999999878e+04 3.253563999999999901e+00 8.825920999999999239e+00 1.059549999999999992e+00 1.834474027335792812e+01 2.191357299999999952e+01 1.500000000000000000e+01 7.234983000000000386e-01 3.013116999999999823e+00 1.906309500000000116e+04 0.000000000000000000e+00
3.303662000000000099e+00 1.054415000000000013e+01 2.926740999999999815e+00 1.671997199999999850e+01 3.571733999999999742e-01 1.530525399999999969e+01 7.001581000000000055e-01 3.097326999999999941e+00 3.016286899999999878e+04 3.253563999999999901e+00 8.825920999999999239e+00 1.059549999999999992e+00 1.834474000000000160e+01 2.191357332653768353e+01 1.500000000000000000e+01 7.234983000000000386e-01 3.013116999999999823e+00 1.906309500000000116e+04 0.000000000000000000e+00
3.303662000000000099e+00 1.054415000000000013e+01 2.926740999999999815e+00 1.671997199999999850e+01 3.571733999999999742e-01 1.530525399999999969e+01 7.001581000000000055e-01 3.097326999999999941e+00 3.016286899999999878e+04 3.253563999999999901e+00 8.825920999999999239e+00 1.059549999999999992e+00 1.834474000000000160e+01 2.191357299999999952e+01 1.500000000000000000e+01 7.234983000000000386e-01 3.013116999999999823e+00 1.906309528406225218e+04 0.000000000000000000e+00
3.303662000000000099e+00 1.054415000000000013e+01 2.926740999999999815e+00 1.671997199999999850e+01 3.571733999999999742e-01 1.530525399999999969e+01 7.001581000000000055e-01 3.097326999999999941e+00 3.016286899999999878e+04 3.253563999999999901e+00 8.825920999999999239e+00 1.059549999999999992e+00 1.834474000000000160e+01 2.191357299999999952e+01 1.500000000000000000e+01 7.234983000000000386e-01 3.013116999999999823e+00 1.906309500000000116e+04 1.490116119384765625e-08
3.299751044033492065e+00 1.119220450152837287e+01 2.918836899539833496e+00 1.669960594583085367e+01 3.568333761784318603e-01 1.530525399999999969e+01 7.001581000000000055e-01 3.097326999999999941e+00 1.050557768562130877e+04 3.243627314432625308e+00 7.723111401509515694e+00 1.062576091648417043e+00 1.832111238401386544e+01 2.175158053309725048e+01 1.500000000000000000e+01 7.234983000000000386e-01 3.013116999999999823e+00 4.884213814764426206e+04 7.345230428747418980e-03
3.299751093203614261e+00 1.119220450152837287e+01 2.918836899539833496e+00 1.669960594583085367e+01 3.568333761784318603e-01 1.530525399999999969e+01 7.001581000000000055e-01 3.097326999999999941e+00 1.050557768562130877e+04 3.243627314432625308e+00 7.723111401509515694e+00 1.062576091648417043e+00 1.832111238401386544e+01 2.175158053309725048e+01 1.500000000000000000e+01 7.234983000000000386e-01 3.013116999999999823e+00 4.884213814764426206e+04 7.345230428747418980e-03
3.299751044033492065e+00 1.119220466830521588e+01 2.918836899539833496e+00 1.669960594583085367e+01 3.568333761784318603e-01 1.530525399999999969e+01 7.001581000000000055e-01 3.097326999999999941e+00 1.050557768562130877e+04 3.243627314432625308e+00 7.723111401509515694e+00 1.062576091648417043e+00 1.832111238401386544e+01 2.175158053309725048e+01 1.500000000000000000e+01 7.234983000000000386e-01 3.013116999999999823e+00 4.884213814764426206e+04 7.345230428747418980e-03
3.299751044033492065e+00 1.119220450152837287e+01 2.918836943033892517e+00 1.669960594583085367e+01 3.568333761784318603e-01 1.530525399999999969e+01 7.001581000000000055e-01 3.097326999999999941e+00 1.050557768562130877e+04 3.243627314432625308e+00 7.723111401509515694e+00 1.062576091648417043e+00 1.832111238401386544e+01 2.175158053309725048e+01 1.500000000000000000e+01 7.234983000000000386e-01 3.013116999999999823e+00 4.884213814764426206e+04 7.345230428747418980e-03
3.299751044033492065e+00 1.119220450152837287e+01 2.918836899539833496e+00 1.669960619467437368e+01 3.568333761784318603e-01 1.530525399999999969e+01 7.001581000000000055e-01 3.097326999999999941e+00 1.050557768562130877e+04 3.243627314432625308e+00 7.723111401509515694e+00 1.062576091648417043e+00 1.832111238401386544e+01 2.175158053309725048e+01 1.500000000000000000e+01 7.234983000000000386e-01 3.013116999999999823e+00 4.884213814764426206e+04 7.345230428747418980e-03
3.299751044033492065e+00 1.119220450152837287e+01 2.918836899539833496e+00 1.669960594583085367e+01 3.568333910795930541e-01 1.530525399999999969e+01 7.001581000000000055e-01 3.097326999999999941e+00 1.050557768562130877e+04 3.243627314432625308e+00 7.723111401509515694e+00 1.062576091648417043e+00 1.832111238401386544e+01 2.175158053309725048e+01 1.500000000000000000e+01 7.234983000000000386e-01 3.013116999999999823e+00 4.884213814764426206e+04 7.345230428747418980e-03
3.299751044033492065e+00 1.119220450152837287e+01 2.918836899539833496e+00 1.669960594583085367e+01 3.568333761784318603e-01 1.530525399999999969e+01 7.001581000000000055e-01 3.097326999999999941e+00 1.050557784216661457e+04 3.243627314432625308e+00 7.723111401509515694e+00 1.062576091648417043e+00 1.832111238401386544e+01 2.175158053309725048e+01 1.500000000000000000e+01 7.234983000000000386e-01 3.013116999999999823e+00 4.884213814764426206e+04 7.345230428747418980e-03
3.299751044033492065e+00 1.119220450152837287e+01 2.918836899539833496e+00 1.669960594583085367e+01 3.568333761784318603e-01 1.530525399999999969e+01 7.001581000000000055e-01 3.097326999999999941e+00 1.050557768562130877e+04 3.243627362766438704e+00 7.723111401509515694e+00 1.062576091648417043e+00 1.832111238401386544e+01 2.175158053309725048e+01 1.500000000000000000e+01 7.234983000000000386e-01 3.013116999999999823e+00 4.884213814764426206e+04 7.345230428747418980e-03
3.299751044033492065e+00 1.119220450152837287e+01 2.918836899539833496e+00 1.669960594583085367e+01 3.568333761784318603e-01 1.530525399999999969e+01 7.001581000000000055e-01 3.097326999999999941e+00 1.050557768562130877e+04 3.243627314432625308e+00 7.723111516592843451e+00 1.062576091648417043e+00 1.832111238401386544e+01 2.175158053309725048e+01 1.500000000000000000e+01 7.234983000000000386e-01 3.013116999999999823e+00 4.884213814764426206e+04 7.345230428747418980e-03
3.299751044033492065e+00 1.119220450152837287e+01 2.918836899539833496e+00 1.669960594583085367e+01 3.568333761784318603e-01 1.530525399999999969e+01 7.001581000000000055e-01 3.097326999999999941e+00 1.050557768562130877e+04 3.243627314432625308e+00 7.723111401509515694e+00 1.062576107482034571e+00 1.832111238401386544e+01 2.175158053309725048e+01 1.500000000000000000e+01 7.234983000000000386e-01 3.013116999999999823e+00 4.884213814764426206e+04 7.345230428747418980e-03
3.299751044033492065e+00 1.119220450152837287e+01 2.918836899539833496e+00 1.669960594583085367e+01 3.568333761784318603e-01 1.530525399999999969e+01 7.001581000000000055e-01 3.097326999999999941e+00 1.050557768562130877e+04 3.243627314432625308e+00 7.723111401509515694e+00 1.062576091648417043e+00 1.832111265701971448e+01 2.175158053309725048e+01 1.500000000000000000e+01 7.234983000000000386e-01 3.013116999999999823e+00 4.884213814764426206e+04 7.345230428747418980e-03
3.299751044033492065e+00 1.119220450152837287e+01 2.918836899539833496e+00 1.669960594583085367e+01 3.568333761784318603e-01 1.530525399999999969e+01 7.001581000000000055e-01 3.097326999999999941e+00 1.050557768562130877e+04 3.243627314432625308e+00 7.723111401509515694e+00 1.062576091648417043e+00 1.832111238401386544e+01 2.175158085722105739e+01 1.500000000000000000e+01 7.234983000000000386e-01 3.013116999999999823e+00 4.884213814764426206e+04 7.345230428747418980e-03
3.299751044033492065e+00 1.119220450152837287e+01 2.918836899539833496e+00 1.669960594583085367e+01 3.568333761784318603e-01 1.530525399999999969e+01 7.001581000000000055e-01 3.097326999999999941e+00 1.050557768562130877e+04 3.243627314432625308e+00 7.723111401509515694e+00 1.062576091648417043e+00 1.832111238401386544e+01 2.175158053309725048e+01 1.500000000000000000e+01 7.234983000000000386e-01 3.013116999999999823e+00 4.884213887544883619e+04 7.345230428747418980e-03
3.299751044033492065e+00 1.119220450152837287e+01 2.918836899539833496e+00 1.669960594583085367e+01 3.568333761784318603e-01 1.530525399999999969e+01 7.001581000000000055e-01 3.097326999999999941e+00 1.050557768562130877e+04 3.243627314432625308e+00 7.723111401509515694e+00 1.062576091648417043e+00 1.832111238401386544e+01 2.175158053309725048e+01 1.500000000000000000e+01 7.234983000000000386e-01 3.013116999999999823e+00 4.884213814764426206e+04 7.345245329908612827e-03
3.250817725833965444e+00 1.191256582550633070e+01 2.830243065400005698e+00 1.644075820855313452e+01 3.522385344489888381e-01 1.530525399999999969e+01 7.001581000000000055e-01 3.097326999999999941e+00 4.041709756333418773e+04 3.207676061533379031e+00 7.878602023341231053e+00 1.077013183867234103e+00 1.814668655159458055e+01 2.137340569484747732e+01 1.500000000000000000e+01 7.234983000000000386e-01 3.013116999999999823e+00 1.235983493279566028e+04 5.068736851381869420e-03
3.250817774274924243e+00 1.191256582550633070e+01 2.830243065400005698e+00 1.644075820855313452e+01 3.522385344489888381e-01 1.530525399999999969e+01 7.001581000000000055e-01 3.097326999999999941e+00 4.041709756333418773e+04 3.207676061533379031e+00 7.878602023341231053e+00 1.077013183867234103e+00 1.814668655159458055e+01 2.137340569484747732e+01 1.500000000000000000e+01 7.234983000000000386e-01 3.013116999999999823e+00 1.235983493279566028e+04 5.068736851381869420e-03
3.250817725833965444e+00 1.191256600301739432e+01 2.830243065400005698e+00 1.644075820855313452e+01 3.522385344489888381e-01 1.530525399999999969e+01 7.001581000000000055e-01 3.097326999999999941e+00 4.041709756333418773e+04 3.207676061533379031e+00 7.878602023341231053e+00 1.077013183867234103e+00 1.814668655159458055e+01 2.137340569484747732e+01 1.500000000000000000e+01 7.234983000000000386e-01 3.013116999999999823e+00 1.235983493279566028e+04 5.068736851381869420e-03
3.250817725833965444e+00 1.191256582550633070e+01 2.830243107573913619e+00 1.644075820855313452e+01 3.522385344489888381e-01 1.530525399999999969e+01 7.001581000000000055e-01 3.097326999999999941e+00 4.041709756333418773e+04 3.207676061533379031e+00 7.878602023341231053e+00 1.077013183867234103e+00 1.814668655159458055e+01 2.137340569484747732e+01 1.500000000000000000e+01 7.234983000000000386e-01 3.013116999999999823e+00 1.235983493279566028e+04 5.068736851381869420e-03
3.250817725833965444e+00 1.191256582550633070e+01 2.830243065400005698e+00 1.644075845353952303e+01 3.522385344489888381e-01 1.530525399999999969e+01 7.001581000000000055e-01 3.097326999999999941e+00 4.041709756333418773e+04 3.207676061533379031e+00 7.878602023341231053e+00 1.077013183867234103e+00 1.814668655159458055e+01 2.137340569484747732e+01 1.500000000000000000e+01 7.234983000000000386e-01 3.013116999999999823e+00 1.235983493279566028e+04 5.068736851381869420e-03
3.250817725833965444e+00 1.191256582550633070e+01 2.830243065400005698e+00 1.644075820855313452e+01 3.522385493501500320e-01 1.530525399999999969e+01 7.001581000000000055e-01 3.097326999999999941e+00 4.041709756333418773e+04 3.207676061533379031e+00 7.878602023341231053e+00 1.077013183867234103e+00 1.814668655159458055e+01 2.137340569484747732e+01 1.500000000000000000e+01 7.234983000000000386e-01 3.013116999999999823e+00 1.235983493279566028e+04 5.068736851381869420e-03
3.250817725833965444e+00 1.191256582550633070e+01 2.830243065400005698e+00 1.644075820855313452e+01 3.522385344489888381e-01 1.530525399999999969e+01 7.001581000000000055e-01 3.097326999999999941e+00 4.041709816559587489e+04 3.207676061533379031e+00 7.878602023341231053e+00 1.077013183867234103e+00 1.814668655159458055e+01 2.137340569484747732e+01 1.500000000000000000e+01 7.234983000000000386e-01 3.013116999999999823e+00 1.235983493279566028e+04 5.068736851381869420e-03
3.250817725833965444e+00 1.191256582550633070e+01 2.830243065400005698e+00 1.644075820855313452e+01 3.522385344489888381e-01 1.530525399999999969e+01 7.001581000000000055e-01 3.097326999999999941e+00 4.041709756333418773e+04 3.207676109331476955e+00 7.878602023341231053e+00 1.077013183867234103e+00 1.814668655159458055e+01 2.137340569484747732e+01 1.500000000000000000e+01 7.234983000000000386e-01 3.013116999999999823e+00 1.235983493279566028e+04 5.068736851381869420e-03
3.250817725833965444e+00 1.191256582550633070e+01 2.830243065400005698e+00 1.644075820855313452e+01 3.522385344489888381e-01 1.530525399999999969e+01 7.001581000000000055e-01 3.097326999999999941e+00 4.041709756333418773e+04 3.207676061533379031e+00 7.878602140741549853e+00 1.077013183867234103e+00 1.814668655159458055e+01 2.137340569484747732e+01 1.500000000000000000e+01 7.234983000000000386e-01 3.013116999999999823e+00 1.235983493279566028e+04 5.068736851381869420e-03
3.250817725833965444e+00 1.191256582550633070e+01 2.830243065400005698e+00 1.644075820855313452e+01 3.522385344489888381e-01 1.530525399999999969e+01 7.001581000000000055e-01 3.097326999999999941e+00 4.041709756333418773e+04 3.207676061533379031e+00 7.878602023341231053e+00 1.077013199915981101e+00 1.814668655159458055e+01 2.137340569484747732e+01 1.500000000000000000e+01 7.234983000000000386e-01 3.013116999999999823e+00 1.235983493279566028e+04 5.068736851381869420e-03
3.250817725833965444e+00 1.191256582550633070e+01 2.830243065400005698e+00 1.644075820855313452e+01 3.522385344489888381e-01 1.530525399999999969e+01 7.001581000000000055e-01 3.097326999999999941e+00 4.041709756333418773e+04 3.207676061533379031e+00 7.878602023341231053e+00 1.077013183867234103e+00 1.814668682200128202e+01 2.137340569484747732e+01 1.500000000000000000e+01 7.234983000000000386e-01 3.013116999999999823e+00 1.235983493279566028e+04 5.068736851381869420e-03
3.250817725833965444e+00 1.191256582550633070e+01 2.830243065400005698e+00 1.644075820855313452e+01 3.522385344489888381e-01 1.530525399999999969e+01 7.001581000000000055e-01 3.097326999999999941e+00 4.041709756333418773e+04 3.207676061533379031e+00 7.878602023341231053e+00 1.077013183867234103e+00 1.814668655159458055e+01 2.137340601333604084e+01 1.500000000000000000e+01 7.234983000000000386e-01 3.013116999999999823e+00 1.235983493279566028e+04 5.068736851381869420e-03
3.250817725833965444e+00 1.191256582550633070e+01 2.830243065400005698e+00 1.644075820855313452e+01 3.522385344489888381e-01 1.530525399999999969e+01 7.001581000000000055e-01 3.097326999999999941e+00 4.041709756333418773e+04 3.207676061533379031e+00 7.878602023341231053e+00 1.077013183867234103e+00 1.814668655159458055e+01 2.137340569484747732e+01 1.500000000000000000e+01 7.234983000000000386e-01 3.013116999999999823e+00 1.235983511697155336e+04 5.068736851381869420e-03
3.250817725833965444e+00 1.191256582550633070e+01 2.830243065400005698e+00 1.644075820855313452e+01 3.522385344489888381e-01 1.530525399999999969e+01 7.001581000000000055e-01 3.097326999999999941e+00 4.041709756333418773e+04 3.207676061533379031e+00 7.878602023341231053e+00 1.077013183867234103e+00 1.814668655159458055e+01 2.137340569484747732e+01 1.500000000000000000e+01 7.234983000000000386e-01 3.013116999999999823e+00 1.235983493279566028e+04 5.068751752543063267e-03
3.210962669270385206e+00 1.253935778632483533e+01 2.749637409661154663e+00 1.622739438700228831e+01 3.486604691975123127e-01 1.530525399999999969e+01 7.001581000000000055e-01 3.097326999999999941e+00 4.906391675471174676e+04 3.190252542486836873e+00 8.147311278269404156e+00 1.082067240070483161e+00 1.801552238332304512e+01 2.129849035572894778e+01 1.500000000000000000e+01 7.234983000000000386e-01 3.013116999999999823e+00 3.088285076463762380e+01 3.924604119579764433e-03
3.210962717117457732e+00 1.253935778632483533e+01 2.749637409661154663e+00 1.622739438700228831e+01 3.486604691975123127e-01 1.530525399999999969e+01 7.001581000000000055e-01 3.097326999999999941e+00 4.906391675471174676e+04 3.190252542486836873e+00 8.147311278269404156e+00 1.082067240070483161e+00 1.801552238332304512e+01 2.129849035572894778e+01 1.500000000000000000e+01 7.234983000000000386e-01 3.013116999999999823e+00 3.088285076463762380e+01 3.924604119579764433e-03
3.210962669270385206e+00 1.253935797317582690e+01 2.749637409661154663e+00 1.622739438700228831e+01 3.486604691975123127e-01 1.530525399999999969e+01 7.001581000000000055e-01 3.097326999999999941e+00 4.906391675471174676e+04 3.190252542486836873e+00 8.147311278269404156e+00 1.082067240070483161e+00 1.801552238332304512e+01 2.129849035572894778e+01 1.500000000000000000e+01 7.234983000000000386e-01 3.013116999999999823e+00 3.088285076463762380e+01 3.924604119579764433e-03
3.210962669270385206e+00 1.253935778632483533e+01 2.749637450633944713e+00 1.622739438700228831e+01 3.486604691975123127e-01 1.530525399999999969e+01 7.001581000000000055e-01 3.097326999999999941e+00 4.906391675471174676e+04 3.190252542486836873e+00 8.147311278269404156e+00 1.082067240070483161e+00 1.801552238332304512e+01 2.129849035572894778e+01 1.500000000000000000e+01 7.234983000000000386e-01 3.013116999999999823e+00 3.088285076463762380e+01 3.924604119579764433e-03
3.210962669270385206e+00 1.253935778632483533e+01 2.749637409661154663e+00 1.622739462880930716e+01 3.486604691975123127e-01 1.530525399999999969e+01 7.001581000000000055e-01 3.097326999999999941e+00 4.906391675471174676e+04 3.190252542486836873e+00 8.147311278269404156e+00 1.082067240070483161e+00 1.801552238332304512e+01 2.129849035572894778e+01 1.500000000000000000e+01 7.234983000000000386e-01 3.013116999999999823e+00 3.088285076463762380e+01 3.924604119579764433e-03
3.210962669270385206e+00 1.253935778632483533e+01 2.749637409661154663e+00 1.622739438700228831e+01 3.486604840986735065e-01 1.530525399999999969e+01 7.001581000000000055e-01 3.097326999999999941e+00 4.906391675471174676e+04 3.190252542486836873e+00 8.147311278269404156e+00 1.082067240070483161e+00 1.801552238332304512e+01 2.129849035572894778e+01 1.500000000000000000e+01 7.234983000000000386e-01 3.013116999999999823e+00 3.088285076463762380e+01 3.924604119579764433e-03
3.210962669270385206e+00 1.253935778632483533e+01 2.749637409661154663e+00 1.622739438700228831e+01 3.486604691975123127e-01 1.530525399999999969e+01 7.001581000000000055e-01 3.097326999999999941e+00 4.906391748582108266e+04 3.190252542486836873e+00 8.147311278269404156e+00 1.082067240070483161e+00 1.801552238332304512e+01 2.129849035572894778e+01 1.500000000000000000e+01 7.234983000000000386e-01 3.013116999999999823e+00 3.088285076463762380e+01 3.924604119579764433e-03
3.210962669270385206e+00 1.253935778632483533e+01 2.749637409661154663e+00 1.622739438700228831e+01 3.486604691975123127e-01 1.530525399999999969e+01 7.001581000000000055e-01 3.097326999999999941e+00 4.906391675471174676e+04 3.190252590025304258e+00 8.147311278269404156e+00 1.082067240070483161e+00 1.801552238332304512e+01 2.129849035572894778e+01 1.500000000000000000e+01 7.234983000000000386e-01 3.013116999999999823e+00 3.088285076463762380e+01 3.924604119579764433e-03
3.210962669270385206e+00 1.253935778632483533e+01 2.749637409661154663e+00 1.622739438700228831e+01 3.486604691975123127e-01 1.530525399999999969e+01 7.001581000000000055e-01 3.097326999999999941e+00 4.906391675471174676e+04 3.190252542486836873e+00 8.147311399673803578e+00 1.082067240070483161e+00 1.801552238332304512e+01 2.129849035572894778e+01 1.500000000000000000e+01 7.234983000000000386e-01 3.013116999999999823e+00 3.088285076463762380e+01 3.924604119579764433e-03
3.210962669270385206e+00 1.253935778632483533e+01 2.749637409661154663e+00 1.622739438700228831e+01 3.486604691975123127e-01 1.530525399999999969e+01 7.001581000000000055e-01 3.097326999999999941e+00 4.906391675471174676e+04 3.190252542486836873e+00 8.147311278269404156e+00 1.082067256194541471e+00 1.801552238332304512e+01 2.129849035572894778e+01 1.500000000000000000e+01 7.234983000000000386e-01 3.013116999999999823e+00 3.088285076463762380e+01 3.924604119579764433e-03
3.210962669270385206e+00 1.253935778632483533e+01 2.749637409661154663e+00 1.622739438700228831e+01 3.486604691975123127e-01 1.530525399999999969e+01 7.001581000000000055e-01 3.097326999999999941e+00 4.906391675471174676e+04 3.190252542486836873e+00 8.147311278269404156e+00 1.082067240070483161e+00 1.801552265177524959e+01 2.129849035572894778e+01 1.500000000000000000e+01 7.234983000000000386e-01 3.013116999999999823e+00 3.088285076463762380e+01 3.924604119579764433e-03
3.210962669270385206e+00 1.253935778632483533e+01 2.749637409661154663e+00 1.622739438700228831e+01 3.486604691975123127e-01 1.530525399999999969e+01 7.001581000000000055e-01 3.097326999999999941e+00 4.906391675471174676e+04 3.190252542486836873e+00 8.147311278269404156e+00 1.082067240070483161e+00 1.801552238332304512e+01 2.129849067310118471e+01 1.500000000000000000e+01 7.234983000000000386e-01 3.013116999999999823e+00 3.088285076463762380e+01 3.924604119579764433e-03
3.210962669270385206e+00 1.253935778632483533e+01 2.749637409661154663e+00 1.622739438700228831e+01 3.486604691975123127e-01 1.530525399999999969e+01 7.001581000000000055e-01 3.097326999999999941e+00 4.906391675471174676e+04 3.190252542486836873e+00 8.147311278269404156e+00 1.082067240070483161e+00 1.801552238332304512e+01 2.129849035572894778e+01 1.500000000000000000e+01 7.234983000000000386e-01 3.013116999999999823e+00 3.088285122482795941e+01 3.924604119579764433e-03
3.210962669270385206e+00 1.253935778632483533e+01 2.749637409661154663e+00 1.622739438700228831e+01 3.486604691975123127e-01 1.530525399999999969e+01 7.001581000000000055e-01 3.097326999999999941e+00 4.906391675471174676e+04 3.190252542486836873e+00 8.147311278269404156e+00 1.082067240070483161e+00 1.801552238332304512e+01 2.129849035572894778e+01 1.500000000000000000e+01 7.234983000000000386e-01 3.013116999999999823e+00 3.088285076463762380e+01 3.924619020740958281e-03
3.210971002309061184e+00 1.253935779450941723e+01 2.749637416874128437e+00 1.622739450801902095e+01 3.486606075676066396e-01 1.530525399999999969e+01 7.001581000000000055e-01 3.097326999999999941e+00 4.906391674643412989e+04 3.190261294717405161e+00 8.147309880280115379e+00 1.082070525255518056e+00 1.801552250725918825e+01 2.129849039539135447e+01 1.500000000000000000e+01 7.234983000000000386e-01 3.013116999999999823e+00 3.088285075950500769e+01 4.012282109316659719e-03
3.210971050156257611e+00 1.253935779450941723e+01 2.749637416874128437e+00 1.622739450801902095e+01 3.486606075676066396e-01 1.530525399999999969e+01 7.001581000000000055e-01 3.097326999999999941e+00 4.906391674643412989e+04 3.190261294717405161e+00 8.147309880280115379e+00 1.082070525255518056e+00 1.801552250725918825e+01 2.129849039539135447e+01 1.500000000000000000e+01 7.234983000000000386e-01 3.013116999999999823e+00 3.088285075950500769e+01 4.012282109316659719e-03
3.210971002309061184e+00 1.253935798136040880e+01 2.749637416874128437e+00 1.622739450801902095e+01 3.486606075676066396e-01 1.530525399999999969e+01 7.001581000000000055e-01 3.097326999999999941e+00 4.906391674643412989e+04 3.190261294717405161e+00 8.147309880280115379e+00 1.082070525255518056e+00 1.801552250725918825e+01 2.129849039539135447e+01 1.500000000000000000e+01 7.234983000000000386e-01 3.013116999999999823e+00 3.088285075950500769e+01 4.012282109316659719e-03
3.210971002309061184e+00 1.253935779450941723e+01 2.749637457846918931e+00 1.622739450801902095e+01 3.486606075676066396e-01 1.530525399999999969e+01 7.001581000000000055e-01 3.097326999999999941e+00 4.906391674643412989e+04 3.190261294717405161e+00 8.147309880280115379e+00 1.082070525255518056e+00 1.801552250725918825e+01 2.129849039539135447e+01 1.500000000000000000e+01 7.234983000000000386e-01 3.013116999999999823e+00 3.088285075950500769e+01 4.012282109316659719e-03
3.210971002309061184e+00 1.253935779450941723e+01 2.749637416874128437e+00 1.622739474982604335e+01 3.486606075676066396e-01 1.530525399999999969e+01 7.001581000000000055e-01 3.097326999999999941e+00 4.906391674643412989e+04 3.190261294717405161e+00 8.147309880280115379e+00 1.082070525255518056e+00 1.801552250725918825e+01 2.129849039539135447e+01 1.500000000000000000e+01 7.234983000000000386e-01 3.013116999999999823e+00 3.088285075950500769e+01 4.012282109316659719e-03
3.210971002309061184e+00 1.253935779450941723e+01 2.749637416874128437e+00 1.622739450801902095e+01 3.486606224687678335e-01 1.530525399999999969e+01 7.001581000000000055e-01 3.097326999999999941e+00 4.906391674643412989e+04 3.190261294717405161e+00 8.147309880280115379e+00 1.082070525255518056e+00 1.801552250725918825e+01 2.129849039539135447e+01 1.500000000000000000e+01 7.234983000000000386e-01 3.013116999999999823e+00 3.088285075950500769e+01 4.012282109316659719e-03
3.210971002309061184e+00 1.253935779450941723e+01 2.749637416874128437e+00 1.622739450801902095e+01 3.486606075676066396e-01 1.530525399999999969e+01 7.001581000000000055e-01 3.097326999999999941e+00 4.906391747754345852e+04 3.190261294717405161e+00 8.147309880280115379e+00 1.082070525255518056e+00 1.801552250725918825e+01 2.129849039539135447e+01 1.500000000000000000e+01 7.234983000000000386e-01 3.013116999999999823e+00 3.088285075950500769e+01 4.012282109316659719e-03
3.210971002309061184e+00 1.253935779450941723e+01 2.749637416874128437e+00 1.622739450801902095e+01 3.486606075676066396e-01 1.530525399999999969e+01 7.001581000000000055e-01 3.097326999999999941e+00 4.906391674643412989e+04 3.190261342256003108e+00 8.147309880280115379e+00 1.082070525255518056e+00 1.801552250725918825e+01 2.129849039539135447e+01 1.500000000000000000e+01 7.234983000000000386e-01 3.013116999999999823e+00 3.088285075950500769e+01 4.012282109316659719e-03
3.210971002309061184e+00 1.253935779450941723e+01 2.749637416874128437e+00 1.622739450801902095e+01 3.486606075676066396e-01 1.530525399999999969e+01 7.001581000000000055e-01 3.097326999999999941e+00 4.906391674643412989e+04 3.190261294717405161e+00 8.147310001684493486e+00 1.082070525255518056e+00 1.801552250725918825e+01 2.129849039539135447e+01 1.500000000000000000e+01 7.234983000000000386e-01 3.013116999999999823e+00 3.088285075950500769e+01 4.012282109316659719e-03
3.210971002309061184e+00 1.253935779450941723e+01 2.749637416874128437e+00 1.622739450801902095e+01 3.486606075676066396e-01 1.530525399999999969e+01 7.001581000000000055e-01 3.097326999999999941e+00 4.906391674643412989e+04 3.190261294717405161e+00 8.147309880280115379e+00 1.082070541379625439e+00 1.801552250725918825e+01 2.129849039539135447e+01 1.500000000000000000e+01 7.234983000000000386e-01 3.013116999999999823e+00 3.088285075950500769e+01 4.012282109316659719e-03
3.210971002309061184e+00 1.253935779450941723e+01 2.749637416874128437e+00 1.622739450801902095e+01 3.486606075676066396e-01 1.530525399999999969e+01 7.001581000000000055e-01 3.097326999999999941e+00 4.906391674643412989e+04 3.190261294717405161e+00 8.147309880280115379e+00 1.082070525255518056e+00 1.801552277571139271e+01 2.129849039539135447e+01 1.500000000000000000e+01 7.234983000000000386e-01 3.013116999999999823e+00 3.088285075950500769e+01 4.012282109316659719e-03
3.210971002309061184e+00 1.253935779450941723e+01 2.749637416874128437e+00 1.622739450801902095e+01 3.486606075676066396e-01 1.530525399999999969e+01 7.001581000000000055e-01 3.097326999999999941e+00 4.906391674643412989e+04 3.190261294717405161e+00 8.147309880280115379e+00 1.082070525255518056e+00 1.801552250725918825e+01 2.129849071276359140e+01 1.500000000000000000e+01 7.234983000000000386e-01 3.013116999999999823e+00 3.088285075950500769e+01 4.012282109316659719e-03
3.210971002309061184e+00 1.253935779450941723e+01 2.749637416874128437e+00 1.622739450801902095e+01 3.486606075676066396e-01 1.530525399999999969e+01 7.001581000000000055e-01 3.097326999999999941e+00 4.906391674643412989e+04 3.190261294717405161e+00 8.147309880280115379e+00 1.082070525255518056e+00 1.801552250725918825e+01 2.129849039539135447e+01 1.500000000000000000e+01 7.234983000000000386e-01 3.013116999999999823e+00 3.088285121969534330e+01 4.012282109316659719e-03
3.210971002309061184e+00 1.253935779450941723e+01 2.749637416874128437e+00 1.622739450801902095e+01 3.486606075676066396e-01 1.530525399999999969e+01 7.001581000000000055e-01 3.097326999999999941e+00 4.906391674643412989e+04 3.190261294717405161e+00 8.147309880280115379e+00 1.082070525255518056e+00 1.801552250725918825e+01 2.129849039539135447e+01 1.500000000000000000e+01 7.234983000000000386e-01 3.013116999999999823e+00 3.088285075950500769e+01 4.012297010477853566e-03
