3.218001064598146055e+00 6.323211842094047519e+00 1.241316909976427407e+00 1.321250078604034942e-02 3.769405806159485195e+01 1.549994700000000059e+01 7.954442999999999930e-01 3.681439999999999824e+00 2.855235582236052142e+04 1.205446247889698994e-03
3.218001112550098686e+00 6.323211842094047519e+00 1.241316909976427407e+00 1.321250078604034942e-02 3.769405806159485195e+01 1.549994700000000059e+01 7.954442999999999930e-01 3.681439999999999824e+00 2.855235582236052142e+04 1.205446247889698994e-03
3.218001064598146055e+00 6.323211936317246540e+00 1.241316909976427407e+00 1.321250078604034942e-02 3.769405806159485195e+01 1.549994700000000059e+01 7.954442999999999930e-01 3.681439999999999824e+00 2.855235582236052142e+04 1.205446247889698994e-03
3.218001064598146055e+00 6.323211842094047519e+00 1.241316928473490844e+00 1.321250078604034942e-02 3.769405806159485195e+01 1.549994700000000059e+01 7.954442999999999930e-01 3.681439999999999824e+00 2.855235582236052142e+04 1.205446247889698994e-03
3.218001064598146055e+00 6.323211842094047519e+00 1.241316909976427407e+00 1.321251568720154326e-02 3.769405806159485195e+01 1.549994700000000059e+01 7.954442999999999930e-01 3.681439999999999824e+00 2.855235582236052142e+04 1.205446247889698994e-03
3.218001064598146055e+00 6.323211842094047519e+00 1.241316909976427407e+00 1.321250078604034942e-02 3.769405862328008538e+01 1.549994700000000059e+01 7.954442999999999930e-01 3.681439999999999824e+00 2.855235582236052142e+04 1.205446247889698994e-03
3.218001064598146055e+00 6.323211842094047519e+00 1.241316909976427407e+00 1.321250078604034942e-02 3.769405806159485195e+01 1.549994723096720861e+01 7.954442999999999930e-01 3.681439999999999824e+00 2.855235582236052142e+04 1.205446247889698994e-03
3.218001064598146055e+00 6.323211842094047519e+00 1.241316909976427407e+00 1.321250078604034942e-02 3.769405806159485195e+01 1.549994700000000059e+01 7.954443149011611869e-01 3.681439999999999824e+00 2.855235582236052142e+04 1.205446247889698994e-03
3.218001064598146055e+00 6.323211842094047519e+00 1.241316909976427407e+00 1.321250078604034942e-02 3.769405806159485195e+01 1.549994700000000059e+01 7.954442999999999930e-01 3.681439999999999824e+00 2.855235624782377636e+04 1.205446247889698994e-03
3.218001064598146055e+00 6.323211842094047519e+00 1.241316909976427407e+00 1.321250078604034942e-02 3.769405806159485195e+01 1.549994700000000059e+01 7.954442999999999930e-01 3.681439999999999824e+00 2.855235582236052142e+04 1.205461149050892841e-03
3.262065346137515753e+00 4.132541406838274867e+00 1.306151952842170560e+00 1.324693501418106392e-02 3.823966146983720193e+01 1.545219807035437043e+01 9.192633187974619258e-01 3.681439999999999824e+00 3.465231856589139352e+04 -2.502598346996602000e-03
3.195699082672735614e+00 3.035218812770759111e+00 1.256338296642225405e+00 1.270188821224392701e-02 3.741904484344480153e+01 1.545994937643336975e+01 9.935327670502782649e-01 3.681439999999999824e+00 3.007734304470449206e+04 -8.801940063538540165e-03
3.181281001309552714e+00 2.959972332084847224e+00 1.243741221881710102e+00 1.260177517144528067e-02 3.724072316756316070e+01 1.546401432640502804e+01 9.999921196157670611e-01 3.681439999999999824e+00 2.891228124596879934e+04 -9.729497611360103312e-03
3.178160908968185261e+00 2.967258855628374548e+00 1.240758617629773797e+00 1.258274673515833060e-02 3.720212522963169022e+01 1.546523824976676131e+01 9.999921196157670611e-01 3.681439999999999824e+00 2.863542946720348846e+04 -9.866516418558880785e-03
3.177436952970942308e+00 2.968952797494821549e+00 1.240065896764291908e+00 1.257829783264458913e-02 3.719315679397257668e+01 1.546552357476636708e+01 9.999921196157670611e-01 3.681439999999999824e+00 2.857116506827511694e+04 -9.898309906442852302e-03
3.177259009427973790e+00 2.969393483025384750e+00 1.239890639815024009e+00 1.257695167677199896e-02 3.719085845186361183e+01 1.546560372437021513e+01 9.999921196157670611e-01 3.681439999999999824e+00 2.855517159956766409e+04 -9.906131808242620712e-03
3.217530359068161427e+00 5.232908990182984610e+00 1.218067117950051292e+00 1.151159014445710289e-02 3.722233424129212409e+01 1.550523067358485996e+01 8.703551462740484190e-01 3.681439999999999824e+00 2.855235624387232383e+04 -2.174240452094462154e-03
3.228059922342928711e+00 6.053918252608761819e+00 1.211592688736795598e+00 1.212713032635811747e-02 3.751148628935080609e+01 1.550223887458826333e+01 8.222894981914389279e-01 3.681439999999999824e+00 2.855235591779477545e+04 6.373991645720018329e-04
3.227577152138762617e+00 6.261872752696004518e+00 1.214213683553696965e+00 1.284793405369301714e-02 3.764611276868106415e+01 1.550052026338190458e+01 8.093344793884127419e-01 3.681439999999999824e+00 2.855235584408513387e+04 1.345685019666955024e-03
3.220619746169026243e+00 6.314595857213967101e+00 1.228184872081909296e+00 1.315128086024524093e-02 3.768668285864180945e+01 1.550002445790280170e+01 8.032434235367811315e-01 3.681439999999999824e+00 2.855235582563257776e+04 1.462200537093726787e-03
3.217657377537331165e+00 6.322060920451010979e+00 1.238389216124122560e+00 1.320316068707038867e-02 3.769292948661941267e+01 1.549995504883920283e+01 7.982687682338494017e-01 3.681439999999999824e+00 2.855235582286017598e+04 1.313693206458314312e-03
3.217892863317528995e+00 6.322984672868344092e+00 1.240674435116452701e+00 1.321054467025511645e-02 3.769382967830432563e+01 1.549994821825360702e+01 7.962202051121883839e-01 3.681439999999999824e+00 2.855235582246592821e+04 1.226451786136292278e-03
3.218037018635273583e+00 6.323160772938868135e+00 1.241183412040945289e+00 1.321205428213542699e-02 3.769401591700693643e+01 1.549994716836330078e+01 7.956519946607554239e-01 3.681439999999999824e+00 2.855235582238471397e+04 1.202018759838561004e-03
3.218037066587761785e+00 6.323160772938868135e+00 1.241183412040945289e+00 1.321205428213542699e-02 3.769401591700693643e+01 1.549994716836330078e+01 7.956519946607554239e-01 3.681439999999999824e+00 2.855235582238471397e+04 1.202018759838561004e-03
3.218037018635273583e+00 6.323160867161305987e+00 1.241183412040945289e+00 1.321205428213542699e-02 3.769401591700693643e+01 1.549994716836330078e+01 7.956519946607554239e-01 3.681439999999999824e+00 2.855235582238471397e+04 1.202018759838561004e-03
3.218037018635273583e+00 6.323160772938868135e+00 1.241183430536019427e+00 1.321205428213542699e-02 3.769401591700693643e+01 1.549994716836330078e+01 7.956519946607554239e-01 3.681439999999999824e+00 2.855235582238471397e+04 1.202018759838561004e-03
3.218037018635273583e+00 6.323160772938868135e+00 1.241183412040945289e+00 1.321206918329662083e-02 3.769401591700693643e+01 1.549994716836330078e+01 7.956519946607554239e-01 3.681439999999999824e+00 2.855235582238471397e+04 1.202018759838561004e-03
3.218037018635273583e+00 6.323160772938868135e+00 1.241183412040945289e+00 1.321205428213542699e-02 3.769401647869154459e+01 1.549994716836330078e+01 7.956519946607554239e-01 3.681439999999999824e+00 2.855235582238471397e+04 1.202018759838561004e-03
3.218037018635273583e+00 6.323160772938868135e+00 1.241183412040945289e+00 1.321205428213542699e-02 3.769401591700693643e+01 1.549994739933051235e+01 7.956519946607554239e-01 3.681439999999999824e+00 2.855235582238471397e+04 1.202018759838561004e-03
3.218037018635273583e+00 6.323160772938868135e+00 1.241183412040945289e+00 1.321205428213542699e-02 3.769401591700693643e+01 1.549994716836330078e+01 7.956520095619166177e-01 3.681439999999999824e+00 2.855235582238471397e+04 1.202018759838561004e-03
3.218037018635273583e+00 6.323160772938868135e+00 1.241183412040945289e+00 1.321205428213542699e-02 3.769401591700693643e+01 1.549994716836330078e+01 7.956519946607554239e-01 3.681439999999999824e+00 2.855235624784796892e+04 1.202018759838561004e-03
3.218037018635273583e+00 6.323160772938868135e+00 1.241183412040945289e+00 1.321205428213542699e-02 3.769401591700693643e+01 1.549994716836330078e+01 7.956519946607554239e-01 3.681439999999999824e+00 2.855235582238471397e+04 1.202033660999754852e-03
