3.205843000000000220e+00 7.511125999999999969e+00 1.235333999999999932e+00 1.528337999999999867e-05 3.753042800000000057e+01 1.549994700000000059e+01 7.954442999999999930e-01 3.681439999999999824e+00 2.571453499999999985e+04 0.000000000000000000e+00
3.205843047770783549e+00 7.511125999999999969e+00 1.235333999999999932e+00 1.528337999999999867e-05 3.753042800000000057e+01 1.549994700000000059e+01 7.954442999999999930e-01 3.681439999999999824e+00 2.571453499999999985e+04 0.000000000000000000e+00
3.205843000000000220e+00 7.511126111924498971e+00 1.235333999999999932e+00 1.528337999999999867e-05 3.753042800000000057e+01 1.549994700000000059e+01 7.954442999999999930e-01 3.681439999999999824e+00 2.571453499999999985e+04 0.000000000000000000e+00
3.205843000000000220e+00 7.511125999999999969e+00 1.235334018407910905e+00 1.528337999999999867e-05 3.753042800000000057e+01 1.549994700000000059e+01 7.954442999999999930e-01 3.681439999999999824e+00 2.571453499999999985e+04 0.000000000000000000e+00
3.205843000000000220e+00 7.511125999999999969e+00 1.235333999999999932e+00 1.529828116119384633e-05 3.753042800000000057e+01 1.549994700000000059e+01 7.954442999999999930e-01 3.681439999999999824e+00 2.571453499999999985e+04 0.000000000000000000e+00
3.205843000000000220e+00 7.511125999999999969e+00 1.235333999999999932e+00 1.528337999999999867e-05 3.753042855924695687e+01 1.549994700000000059e+01 7.954442999999999930e-01 3.681439999999999824e+00 2.571453499999999985e+04 0.000000000000000000e+00
3.205843000000000220e+00 7.511125999999999969e+00 1.235333999999999932e+00 1.528337999999999867e-05 3.753042800000000057e+01 1.549994700000000059e+01 7.954442999999999930e-01 3.681439999999999824e+00 2.571453538317642960e+04 0.000000000000000000e+00
3.205843000000000220e+00 7.511125999999999969e+00 1.235333999999999932e+00 1.528337999999999867e-05 3.753042800000000057e+01 1.549994700000000059e+01 7.954442999999999930e-01 3.681439999999999824e+00 2.571453499999999985e+04 1.490116119384765625e-08
3.177854018724368679e+00 7.511126035792681677e+00 1.298498502168714319e+00 1.086155775558779180e+00 4.166963426076432597e+01 1.549994700000000059e+01 7.954442999999999930e-01 3.681439999999999824e+00 2.571199324656793033e+04 7.099941333279023812e-05
3.177854066078083850e+00 7.511126035792681677e+00 1.298498502168714319e+00 1.086155775558779180e+00 4.166963426076432597e+01 1.549994700000000059e+01 7.954442999999999930e-01 3.681439999999999824e+00 2.571199324656793033e+04 7.099941333279023812e-05
3.177854018724368679e+00 7.511126147717181567e+00 1.298498502168714319e+00 1.086155775558779180e+00 4.166963426076432597e+01 1.549994700000000059e+01 7.954442999999999930e-01 3.681439999999999824e+00 2.571199324656793033e+04 7.099941333279023812e-05
3.177854018724368679e+00 7.511126035792681677e+00 1.298498521517849724e+00 1.086155775558779180e+00 4.166963426076432597e+01 1.549994700000000059e+01 7.954442999999999930e-01 3.681439999999999824e+00 2.571199324656793033e+04 7.099941333279023812e-05
3.177854018724368679e+00 7.511126035792681677e+00 1.298498502168714319e+00 1.086155791743761423e+00 4.166963426076432597e+01 1.549994700000000059e+01 7.954442999999999930e-01 3.681439999999999824e+00 2.571199324656793033e+04 7.099941333279023812e-05
3.177854018724368679e+00 7.511126035792681677e+00 1.298498502168714319e+00 1.086155775558779180e+00 4.166963488169026419e+01 1.549994700000000059e+01 7.954442999999999930e-01 3.681439999999999824e+00 2.571199324656793033e+04 7.099941333279023812e-05
3.177854018724368679e+00 7.511126035792681677e+00 1.298498502168714319e+00 1.086155775558779180e+00 4.166963426076432597e+01 1.549994700000000059e+01 7.954442999999999930e-01 3.681439999999999824e+00 2.571199362970648508e+04 7.099941333279023812e-05
3.177854018724368679e+00 7.511126035792681677e+00 1.298498502168714319e+00 1.086155775558779180e+00 4.166963426076432597e+01 1.549994700000000059e+01 7.954442999999999930e-01 3.681439999999999824e+00 2.571199324656793033e+04 7.101431449398408577e-05
3.176465472112333543e+00 7.511126305587876750e+00 1.317461436292357790e+00 4.984411999956959161e-01 4.251964473855423421e+01 1.549994700000000059e+01 7.954442999999999930e-01 3.681439999999999824e+00 2.570807597390058436e+04 7.883690414455988248e-05
3.176465519445357710e+00 7.511126305587876750e+00 1.317461436292357790e+00 4.984411999956959161e-01 4.251964473855423421e+01 1.549994700000000059e+01 7.954442999999999930e-01 3.681439999999999824e+00 2.570807597390058436e+04 7.883690414455988248e-05
3.176465472112333543e+00 7.511126417512380193e+00 1.317461436292357790e+00 4.984411999956959161e-01 4.251964473855423421e+01 1.549994700000000059e+01 7.954442999999999930e-01 3.681439999999999824e+00 2.570807597390058436e+04 7.883690414455988248e-05
3.176465472112333543e+00 7.511126305587876750e+00 1.317461455924062941e+00 4.984411999956959161e-01 4.251964473855423421e+01 1.549994700000000059e+01 7.954442999999999930e-01 3.681439999999999824e+00 2.570807597390058436e+04 7.883690414455988248e-05
3.176465472112333543e+00 7.511126305587876750e+00 1.317461436292357790e+00 4.984412148968571099e-01 4.251964473855423421e+01 1.549994700000000059e+01 7.954442999999999930e-01 3.681439999999999824e+00 2.570807597390058436e+04 7.883690414455988248e-05
3.176465472112333543e+00 7.511126305587876750e+00 1.317461436292357790e+00 4.984411999956959161e-01 4.251964537214631434e+01 1.549994700000000059e+01 7.954442999999999930e-01 3.681439999999999824e+00 2.570807597390058436e+04 7.883690414455988248e-05
3.176465472112333543e+00 7.511126305587876750e+00 1.317461436292357790e+00 4.984411999956959161e-01 4.251964473855423421e+01 1.549994700000000059e+01 7.954442999999999930e-01 3.681439999999999824e+00 2.570807635698076774e+04 7.883690414455988248e-05
3.176465472112333543e+00 7.511126305587876750e+00 1.317461436292357790e+00 4.984411999956959161e-01 4.251964473855423421e+01 1.549994700000000059e+01 7.954442999999999930e-01 3.681439999999999824e+00 2.570807597390058436e+04 7.885180530575373013e-05
3.176107208169237417e+00 7.511126673799847886e+00 1.325328816196041481e+00 1.649433251510180054e-01 4.287206470459884855e+01 1.549994700000000059e+01 7.954442999999999930e-01 3.681439999999999824e+00 2.570311753452662379e+04 8.048429419775555039e-05
3.176107255496922743e+00 7.511126673799847886e+00 1.325328816196041481e+00 1.649433251510180054e-01 4.287206470459884855e+01 1.549994700000000059e+01 7.954442999999999930e-01 3.681439999999999824e+00 2.570311753452662379e+04 8.048429419775555039e-05
3.176107208169237417e+00 7.511126785724357546e+00 1.325328816196041481e+00 1.649433251510180054e-01 4.287206470459884855e+01 1.549994700000000059e+01 7.954442999999999930e-01 3.681439999999999824e+00 2.570311753452662379e+04 8.048429419775555039e-05
3.176107208169237417e+00 7.511126673799847886e+00 1.325328835944979744e+00 1.649433251510180054e-01 4.287206470459884855e+01 1.549994700000000059e+01 7.954442999999999930e-01 3.681439999999999824e+00 2.570311753452662379e+04 8.048429419775555039e-05
3.176107208169237417e+00 7.511126673799847886e+00 1.325328816196041481e+00 1.649433400521791993e-01 4.287206470459884855e+01 1.549994700000000059e+01 7.954442999999999930e-01 3.681439999999999824e+00 2.570311753452662379e+04 8.048429419775555039e-05
3.176107208169237417e+00 7.511126673799847886e+00 1.325328816196041481e+00 1.649433251510180054e-01 4.287206534344239373e+01 1.549994700000000059e+01 7.954442999999999930e-01 3.681439999999999824e+00 2.570311753452662379e+04 8.048429419775555039e-05
3.176107208169237417e+00 7.511126673799847886e+00 1.325328816196041481e+00 1.649433251510180054e-01 4.287206470459884855e+01 1.549994700000000059e+01 7.954442999999999930e-01 3.681439999999999824e+00 2.570311791753291982e+04 8.048429419775555039e-05
3.176107208169237417e+00 7.511126673799847886e+00 1.325328816196041481e+00 1.649433251510180054e-01 4.287206470459884855e+01 1.549994700000000059e+01 7.954442999999999930e-01 3.681439999999999824e+00 2.570311753452662379e+04 8.049919535894939804e-05
3.175891869035684767e+00 7.511127484033683466e+00 1.328108377666209705e+00 8.056147840054102283e-02 4.300863569442808654e+01 1.549994700000000059e+01 7.954442999999999930e-01 3.681439999999999824e+00 2.569872046607288939e+04 8.020580926612814500e-05
3.175891916360161549e+00 7.511127484033683466e+00 1.328108377666209705e+00 8.056147840054102283e-02 4.300863569442808654e+01 1.549994700000000059e+01 7.954442999999999930e-01 3.681439999999999824e+00 2.569872046607288939e+04 8.020580926612814500e-05
3.175891869035684767e+00 7.511127595958204672e+00 1.328108377666209705e+00 8.056147840054102283e-02 4.300863569442808654e+01 1.549994700000000059e+01 7.954442999999999930e-01 3.681439999999999824e+00 2.569872046607288939e+04 8.020580926612814500e-05
3.175891869035684767e+00 7.511127484033683466e+00 1.328108397456566614e+00 8.056147840054102283e-02 4.300863569442808654e+01 1.549994700000000059e+01 7.954442999999999930e-01 3.681439999999999824e+00 2.569872046607288939e+04 8.020580926612814500e-05
3.175891869035684767e+00 7.511127484033683466e+00 1.328108377666209705e+00 8.056149330170221667e-02 4.300863569442808654e+01 1.549994700000000059e+01 7.954442999999999930e-01 3.681439999999999824e+00 2.569872046607288939e+04 8.020580926612814500e-05
3.175891869035684767e+00 7.511127484033683466e+00 1.328108377666209705e+00 8.056147840054102283e-02 4.300863633530669716e+01 1.549994700000000059e+01 7.954442999999999930e-01 3.681439999999999824e+00 2.569872046607288939e+04 8.020580926612814500e-05
3.175891869035684767e+00 7.511127484033683466e+00 1.328108377666209705e+00 8.056147840054102283e-02 4.300863569442808654e+01 1.549994700000000059e+01 7.954442999999999930e-01 3.681439999999999824e+00 2.569872084901366543e+04 8.020580926612814500e-05
3.175891869035684767e+00 7.511127484033683466e+00 1.328108377666209705e+00 8.056147840054102283e-02 4.300863569442808654e+01 1.549994700000000059e+01 7.954442999999999930e-01 3.681439999999999824e+00 2.569872046607288939e+04 8.022071042732199266e-05
3.175892046754757558e+00 7.511127684805712690e+00 1.328109609892361265e+00 8.056149089008819708e-02 4.300863570048598916e+01 1.549994700000000059e+01 7.954442999999999930e-01 3.681439999999999824e+00 2.569872046607290758e+04 2.857593277728973108e-05
3.175892094079237005e+00 7.511127684805712690e+00 1.328109609892361265e+00 8.056149089008819708e-02 4.300863570048598916e+01 1.549994700000000059e+01 7.954442999999999930e-01 3.681439999999999824e+00 2.569872046607290758e+04 2.857593277728973108e-05
3.175892046754757558e+00 7.511127796730237449e+00 1.328109609892361265e+00 8.056149089008819708e-02 4.300863570048598916e+01 1.549994700000000059e+01 7.954442999999999930e-01 3.681439999999999824e+00 2.569872046607290758e+04 2.857593277728973108e-05
3.175892046754757558e+00 7.511127684805712690e+00 1.328109629682736603e+00 8.056149089008819708e-02 4.300863570048598916e+01 1.549994700000000059e+01 7.954442999999999930e-01 3.681439999999999824e+00 2.569872046607290758e+04 2.857593277728973108e-05
3.175892046754757558e+00 7.511127684805712690e+00 1.328109609892361265e+00 8.056150579124939093e-02 4.300863570048598916e+01 1.549994700000000059e+01 7.954442999999999930e-01 3.681439999999999824e+00 2.569872046607290758e+04 2.857593277728973108e-05
3.175892046754757558e+00 7.511127684805712690e+00 1.328109609892361265e+00 8.056149089008819708e-02 4.300863634136459979e+01 1.549994700000000059e+01 7.954442999999999930e-01 3.681439999999999824e+00 2.569872046607290758e+04 2.857593277728973108e-05
3.175892046754757558e+00 7.511127684805712690e+00 1.328109609892361265e+00 8.056149089008819708e-02 4.300863570048598916e+01 1.549994700000000059e+01 7.954442999999999930e-01 3.681439999999999824e+00 2.569872084901368362e+04 2.857593277728973108e-05
3.175892046754757558e+00 7.511127684805712690e+00 1.328109609892361265e+00 8.056149089008819708e-02 4.300863570048598916e+01 1.549994700000000059e+01 7.954442999999999930e-01 3.681439999999999824e+00 2.569872046607290758e+04 2.859083393848357873e-05
