3.147959303447272372e+00 7.355087355249698255e+00 1.225294258884672027e+00 5.203154568590291975e-09 3.700344513480932562e+01 1.549994700000000059e+01 7.954442999999999930e-01 3.681439999999999824e+00 2.455857762753789211e+04 2.218639910121478296e-03
3.147959350355521213e+00 7.355087355249698255e+00 1.225294258884672027e+00 5.203154568590291975e-09 3.700344513480932562e+01 1.549994700000000059e+01 7.954442999999999930e-01 3.681439999999999824e+00 2.455857762753789211e+04 2.218639910121478296e-03
3.147959303447272372e+00 7.355087464849040302e+00 1.225294258884672027e+00 5.203154568590291975e-09 3.700344513480932562e+01 1.549994700000000059e+01 7.954442999999999930e-01 3.681439999999999824e+00 2.455857762753789211e+04 2.218639910121478296e-03
3.147959303447272372e+00 7.355087355249698255e+00 1.225294277142979338e+00 5.203154568590291975e-09 3.700344513480932562e+01 1.549994700000000059e+01 7.954442999999999930e-01 3.681439999999999824e+00 2.455857762753789211e+04 2.218639910121478296e-03
3.147959303447272372e+00 7.355087355249698255e+00 1.225294258884672027e+00 2.010431576243794740e-08 3.700344513480932562e+01 1.549994700000000059e+01 7.954442999999999930e-01 3.681439999999999824e+00 2.455857762753789211e+04 2.218639910121478296e-03
3.147959303447272372e+00 7.355087355249698255e+00 1.225294258884672027e+00 5.203154568590291975e-09 3.700344568620362651e+01 1.549994700000000059e+01 7.954442999999999930e-01 3.681439999999999824e+00 2.455857762753789211e+04 2.218639910121478296e-03
3.147959303447272372e+00 7.355087355249698255e+00 1.225294258884672027e+00 5.203154568590291975e-09 3.700344513480932562e+01 1.549994723096720861e+01 7.954442999999999930e-01 3.681439999999999824e+00 2.455857762753789211e+04 2.218639910121478296e-03
3.147959303447272372e+00 7.355087355249698255e+00 1.225294258884672027e+00 5.203154568590291975e-09 3.700344513480932562e+01 1.549994700000000059e+01 7.954443149011611869e-01 3.681439999999999824e+00 2.455857762753789211e+04 2.218639910121478296e-03
3.147959303447272372e+00 7.355087355249698255e+00 1.225294258884672027e+00 5.203154568590291975e-09 3.700344513480932562e+01 1.549994700000000059e+01 7.954442999999999930e-01 3.681439999999999824e+00 2.455857799348921617e+04 2.218639910121478296e-03
3.147959303447272372e+00 7.355087355249698255e+00 1.225294258884672027e+00 5.203154568590291975e-09 3.700344513480932562e+01 1.549994700000000059e+01 7.954442999999999930e-01 3.681439999999999824e+00 2.455857762753789211e+04 2.218654811282672144e-03
3.555905478150495291e+00 8.525429754271469207e+00 1.223902014006421402e+00 2.350039269816297805e-09 3.549744148401146049e-04 1.564996955895653663e+01 7.932438470065574787e-01 3.681439999999999824e+00 2.442965184624077301e+04 2.199516629448939904e-03
3.219165806931767015e+00 7.738976510810044118e+00 1.220655012609517254e+00 4.307200507770937024e-09 3.058799270082353772e+01 1.599999782744106724e+01 7.881034446780564862e-01 3.681439999999999824e+00 2.412875265094979113e+04 2.154860334956733552e-03
3.150968165244228292e+00 7.511285385651038204e+00 1.225533888412826400e+00 3.774141511315049114e-09 3.700774436534567258e+01 1.599999798327828415e+01 7.875868365389909753e-01 3.681439999999999824e+00 2.438013375378482306e+04 2.250858549525150323e-03
3.152237834454874488e+00 7.480941909503851406e+00 1.228073124053861376e+00 2.174734146998271236e-09 3.700727049784452305e+01 1.571962376290496799e+01 7.864173924722283049e-01 3.681439999999999824e+00 2.455349721812361531e+04 2.322889812048644330e-03
3.150269459522367921e+00 7.415981180411150397e+00 1.226661182053221166e+00 4.681789634018605157e-09 3.700530129167328397e+01 1.554025025150769324e+01 7.901903899853408575e-01 3.681439999999999824e+00 2.455801986903255602e+04 2.258557042370111772e-03
3.149049873800056965e+00 7.372333718033884153e+00 1.225899977147635100e+00 5.103742941246143315e-09 3.700397574407218571e+01 1.550762272195952285e+01 7.930817328745273231e-01 3.681439999999999824e+00 2.455849401428158671e+04 2.207637801805496271e-03
3.148648483430195544e+00 7.358721401842854171e+00 1.225634658461453919e+00 5.182774038010326315e-09 3.700356200514791283e+01 1.550152399638482592e+01 7.940878379128957221e-01 3.681439999999999824e+00 2.455856052459353305e+04 2.192979120885347154e-03
3.148372311359012965e+00 7.355256016821368981e+00 1.225356882844683026e+00 5.201396665641987468e-09 3.700345475633949377e+01 1.550008690274836276e+01 7.948914418088581790e-01 3.681439999999999824e+00 2.455857544665468959e+04 2.198982357260671934e-03
3.148372358273416438e+00 7.355256016821368981e+00 1.225356882844683026e+00 5.201396665641987468e-09 3.700345475633949377e+01 1.550008690274836276e+01 7.948914418088581790e-01 3.681439999999999824e+00 2.455857544665468959e+04 2.198982357260671934e-03
3.148372311359012965e+00 7.355256126423224572e+00 1.225356882844683026e+00 5.201396665641987468e-09 3.700345475633949377e+01 1.550008690274836276e+01 7.948914418088581790e-01 3.681439999999999824e+00 2.455857544665468959e+04 2.198982357260671934e-03
3.148372311359012965e+00 7.355256016821368981e+00 1.225356901103923368e+00 5.201396665641987468e-09 3.700345475633949377e+01 1.550008690274836276e+01 7.948914418088581790e-01 3.681439999999999824e+00 2.455857544665468959e+04 2.198982357260671934e-03
3.148372311359012965e+00 7.355256016821368981e+00 1.225356882844683026e+00 2.010255785948964454e-08 3.700345475633949377e+01 1.550008690274836276e+01 7.948914418088581790e-01 3.681439999999999824e+00 2.455857544665468959e+04 2.198982357260671934e-03
3.148372311359012965e+00 7.355256016821368981e+00 1.225356882844683026e+00 5.201396665641987468e-09 3.700345530773393676e+01 1.550008690274836276e+01 7.948914418088581790e-01 3.681439999999999824e+00 2.455857544665468959e+04 2.198982357260671934e-03
3.148372311359012965e+00 7.355256016821368981e+00 1.225356882844683026e+00 5.201396665641987468e-09 3.700345475633949377e+01 1.550008713371765623e+01 7.948914418088581790e-01 3.681439999999999824e+00 2.455857544665468959e+04 2.198982357260671934e-03
3.148372311359012965e+00 7.355256016821368981e+00 1.225356882844683026e+00 5.201396665641987468e-09 3.700345475633949377e+01 1.550008690274836276e+01 7.948914567100193729e-01 3.681439999999999824e+00 2.455857544665468959e+04 2.198982357260671934e-03
3.148372311359012965e+00 7.355256016821368981e+00 1.225356882844683026e+00 5.201396665641987468e-09 3.700345475633949377e+01 1.550008690274836276e+01 7.948914418088581790e-01 3.681439999999999824e+00 2.455857581260598090e+04 2.198982357260671934e-03
3.148372311359012965e+00 7.355256016821368981e+00 1.225356882844683026e+00 5.201396665641987468e-09 3.700345475633949377e+01 1.550008690274836276e+01 7.948914418088581790e-01 3.681439999999999824e+00 2.455857544665468959e+04 2.198997258421865782e-03
3.148543099300849413e+00 7.355751685775708815e+00 1.225475854515876373e+00 7.487576123806079069e-05 3.700345841585004081e+01 1.550011717330815131e+01 7.948207808389233797e-01 3.681439999999999824e+00 2.455857498019221021e+04 2.193345527396822585e-03
3.148543146217797517e+00 7.355751685775708815e+00 1.225475854515876373e+00 7.487576123806079069e-05 3.700345841585004081e+01 1.550011717330815131e+01 7.948207808389233797e-01 3.681439999999999824e+00 2.455857498019221021e+04 2.193345527396822585e-03
3.148543099300849413e+00 7.355751795384950498e+00 1.225475854515876373e+00 7.487576123806079069e-05 3.700345841585004081e+01 1.550011717330815131e+01 7.948207808389233797e-01 3.681439999999999824e+00 2.455857498019221021e+04 2.193345527396822585e-03
3.148543099300849413e+00 7.355751685775708815e+00 1.225475872776889519e+00 7.487576123806079069e-05 3.700345841585004081e+01 1.550011717330815131e+01 7.948207808389233797e-01 3.681439999999999824e+00 2.455857498019221021e+04 2.193345527396822585e-03
3.148543099300849413e+00 7.355751685775708815e+00 1.225475854515876373e+00 7.489066239925463834e-05 3.700345841585004081e+01 1.550011717330815131e+01 7.948207808389233797e-01 3.681439999999999824e+00 2.455857498019221021e+04 2.193345527396822585e-03
3.148543099300849413e+00 7.355751685775708815e+00 1.225475854515876373e+00 7.487576123806079069e-05 3.700345896724454064e+01 1.550011717330815131e+01 7.948207808389233797e-01 3.681439999999999824e+00 2.455857498019221021e+04 2.193345527396822585e-03
3.148543099300849413e+00 7.355751685775708815e+00 1.225475854515876373e+00 7.487576123806079069e-05 3.700345841585004081e+01 1.550011740427789597e+01 7.948207808389233797e-01 3.681439999999999824e+00 2.455857498019221021e+04 2.193345527396822585e-03
3.148543099300849413e+00 7.355751685775708815e+00 1.225475854515876373e+00 7.487576123806079069e-05 3.700345841585004081e+01 1.550011717330815131e+01 7.948207957400845736e-01 3.681439999999999824e+00 2.455857498019221021e+04 2.193345527396822585e-03
3.148543099300849413e+00 7.355751685775708815e+00 1.225475854515876373e+00 7.487576123806079069e-05 3.700345841585004081e+01 1.550011717330815131e+01 7.948207808389233797e-01 3.681439999999999824e+00 2.455857534614349424e+04 2.193345527396822585e-03
3.148543099300849413e+00 7.355751685775708815e+00 1.225475854515876373e+00 7.487576123806079069e-05 3.700345841585004081e+01 1.550011717330815131e+01 7.948207808389233797e-01 3.681439999999999824e+00 2.455857498019221021e+04 2.193360428558016433e-03
3.148646229454843404e+00 7.356291319494125069e+00 1.225619638719927407e+00 7.483915484089452065e-05 3.700347402154328336e+01 1.550030978637405887e+01 7.946491527694550250e-01 3.681439999999999824e+00 2.455857290847633703e+04 2.189094415490673920e-03
3.148646276373328501e+00 7.356291319494125069e+00 1.225619638719927407e+00 7.483915484089452065e-05 3.700347402154328336e+01 1.550030978637405887e+01 7.946491527694550250e-01 3.681439999999999824e+00 2.455857290847633703e+04 2.189094415490673920e-03
3.148646229454843404e+00 7.356291429111407432e+00 1.225619638719927407e+00 7.483915484089452065e-05 3.700347402154328336e+01 1.550030978637405887e+01 7.946491527694550250e-01 3.681439999999999824e+00 2.455857290847633703e+04 2.189094415490673920e-03
3.148646229454843404e+00 7.356291319494125069e+00 1.225619656983083283e+00 7.483915484089452065e-05 3.700347402154328336e+01 1.550030978637405887e+01 7.946491527694550250e-01 3.681439999999999824e+00 2.455857290847633703e+04 2.189094415490673920e-03
3.148646229454843404e+00 7.356291319494125069e+00 1.225619638719927407e+00 7.485405600208836830e-05 3.700347402154328336e+01 1.550030978637405887e+01 7.946491527694550250e-01 3.681439999999999824e+00 2.455857290847633703e+04 2.189094415490673920e-03
3.148646229454843404e+00 7.356291319494125069e+00 1.225619638719927407e+00 7.483915484089452065e-05 3.700347457293801767e+01 1.550030978637405887e+01 7.946491527694550250e-01 3.681439999999999824e+00 2.455857290847633703e+04 2.189094415490673920e-03
3.148646229454843404e+00 7.356291319494125069e+00 1.225619638719927407e+00 7.483915484089452065e-05 3.700347402154328336e+01 1.550031001734667413e+01 7.946491527694550250e-01 3.681439999999999824e+00 2.455857290847633703e+04 2.189094415490673920e-03
3.148646229454843404e+00 7.356291319494125069e+00 1.225619638719927407e+00 7.483915484089452065e-05 3.700347402154328336e+01 1.550030978637405887e+01 7.946491676706162188e-01 3.681439999999999824e+00 2.455857290847633703e+04 2.189094415490673920e-03
3.148646229454843404e+00 7.356291319494125069e+00 1.225619638719927407e+00 7.483915484089452065e-05 3.700347402154328336e+01 1.550030978637405887e+01 7.946491527694550250e-01 3.681439999999999824e+00 2.455857327442759197e+04 2.189094415490673920e-03
3.148646229454843404e+00 7.356291319494125069e+00 1.225619638719927407e+00 7.483915484089452065e-05 3.700347402154328336e+01 1.550030978637405887e+01 7.946491527694550250e-01 3.681439999999999824e+00 2.455857290847633703e+04 2.189109316651867768e-03
3.148677555095320546e+00 7.357451473607643067e+00 1.225661167835611298e+00 7.476003372766116260e-05 3.700463067409251039e+01 1.550072323625275139e+01 7.945557750611033088e-01 3.681439999999999824e+00 2.455857290829938211e+04 2.190486059821142566e-03
3.148677602014272381e+00 7.357451473607643067e+00 1.225661167835611298e+00 7.476003372766116260e-05 3.700463067409251039e+01 1.550072323625275139e+01 7.945557750611033088e-01 3.681439999999999824e+00 2.455857290829938211e+04 2.190486059821142566e-03
3.148677555095320546e+00 7.357451583242213822e+00 1.225661167835611298e+00 7.476003372766116260e-05 3.700463067409251039e+01 1.550072323625275139e+01 7.945557750611033088e-01 3.681439999999999824e+00 2.455857290829938211e+04 2.190486059821142566e-03
3.148677555095320546e+00 7.357451473607643067e+00 1.225661186099386013e+00 7.476003372766116260e-05 3.700463067409251039e+01 1.550072323625275139e+01 7.945557750611033088e-01 3.681439999999999824e+00 2.455857290829938211e+04 2.190486059821142566e-03
3.148677555095320546e+00 7.357451473607643067e+00 1.225661167835611298e+00 7.477493488885501025e-05 3.700463067409251039e+01 1.550072323625275139e+01 7.945557750611033088e-01 3.681439999999999824e+00 2.455857290829938211e+04 2.190486059821142566e-03
3.148677555095320546e+00 7.357451473607643067e+00 1.225661167835611298e+00 7.476003372766116260e-05 3.700463122550447537e+01 1.550072323625275139e+01 7.945557750611033088e-01 3.681439999999999824e+00 2.455857290829938211e+04 2.190486059821142566e-03
3.148677555095320546e+00 7.357451473607643067e+00 1.225661167835611298e+00 7.476003372766116260e-05 3.700463067409251039e+01 1.550072346723152705e+01 7.945557750611033088e-01 3.681439999999999824e+00 2.455857290829938211e+04 2.190486059821142566e-03
3.148677555095320546e+00 7.357451473607643067e+00 1.225661167835611298e+00 7.476003372766116260e-05 3.700463067409251039e+01 1.550072323625275139e+01 7.945557899622645026e-01 3.681439999999999824e+00 2.455857290829938211e+04 2.190486059821142566e-03
3.148677555095320546e+00 7.357451473607643067e+00 1.225661167835611298e+00 7.476003372766116260e-05 3.700463067409251039e+01 1.550072323625275139e+01 7.945557750611033088e-01 3.681439999999999824e+00 2.455857327425063704e+04 2.190486059821142566e-03
3.148677555095320546e+00 7.357451473607643067e+00 1.225661167835611298e+00 7.476003372766116260e-05 3.700463067409251039e+01 1.550072323625275139e+01 7.945557750611033088e-01 3.681439999999999824e+00 2.455857290829938211e+04 2.190500960982336414e-03
3.148731449462464305e+00 7.359756126938439280e+00 1.225699331934442249e+00 7.459790777329463490e-05 3.700697273691773859e+01 1.550156845641100567e+01 7.943468532790209924e-01 3.681439999999999824e+00 2.455857290792575805e+04 2.193922745508695201e-03
3.148731496382219053e+00 7.359756126938439280e+00 1.225699331934442249e+00 7.459790777329463490e-05 3.700697273691773859e+01 1.550156845641100567e+01 7.943468532790209924e-01 3.681439999999999824e+00 2.455857290792575805e+04 2.193922745508695201e-03
3.148731449462464305e+00 7.359756236607351454e+00 1.225699331934442249e+00 7.459790777329463490e-05 3.700697273691773859e+01 1.550156845641100567e+01 7.943468532790209924e-01 3.681439999999999824e+00 2.455857290792575805e+04 2.193922745508695201e-03
3.148731449462464305e+00 7.359756126938439280e+00 1.225699350198785620e+00 7.459790777329463490e-05 3.700697273691773859e+01 1.550156845641100567e+01 7.943468532790209924e-01 3.681439999999999824e+00 2.455857290792575805e+04 2.193922745508695201e-03
3.148731449462464305e+00 7.359756126938439280e+00 1.225699331934442249e+00 7.461280893448848255e-05 3.700697273691773859e+01 1.550156845641100567e+01 7.943468532790209924e-01 3.681439999999999824e+00 2.455857290792575805e+04 2.193922745508695201e-03
3.148731449462464305e+00 7.359756126938439280e+00 1.225699331934442249e+00 7.459790777329463490e-05 3.700697328836460542e+01 1.550156845641100567e+01 7.943468532790209924e-01 3.681439999999999824e+00 2.455857290792575805e+04 2.193922745508695201e-03
3.148731449462464305e+00 7.359756126938439280e+00 1.225699331934442249e+00 7.459790777329463490e-05 3.700697273691773859e+01 1.550156868740237570e+01 7.943468532790209924e-01 3.681439999999999824e+00 2.455857290792575805e+04 2.193922745508695201e-03
3.148731449462464305e+00 7.359756126938439280e+00 1.225699331934442249e+00 7.459790777329463490e-05 3.700697273691773859e+01 1.550156845641100567e+01 7.943468681801821862e-01 3.681439999999999824e+00 2.455857290792575805e+04 2.193922745508695201e-03
3.148731449462464305e+00 7.359756126938439280e+00 1.225699331934442249e+00 7.459790777329463490e-05 3.700697273691773859e+01 1.550156845641100567e+01 7.943468532790209924e-01 3.681439999999999824e+00 2.455857327387701298e+04 2.193922745508695201e-03
3.148731449462464305e+00 7.359756126938439280e+00 1.225699331934442249e+00 7.459790777329463490e-05 3.700697273691773859e+01 1.550156845641100567e+01 7.943468532790209924e-01 3.681439999999999824e+00 2.455857290792575805e+04 2.193937646669889049e-03
3.149108506876286295e+00 7.373408471460797919e+00 1.225901635534729861e+00 7.444040836604156957e-05 3.700702676664410262e+01 1.550239261814121683e+01 7.939136072621263418e-01 3.681439999999999824e+00 2.455856249185431443e+04 2.213689654587545647e-03
3.149108553801659660e+00 7.373408471460797919e+00 1.225901635534729861e+00 7.444040836604156957e-05 3.700702676664410262e+01 1.550239261814121683e+01 7.939136072621263418e-01 3.681439999999999824e+00 2.455856249185431443e+04 2.213689654587545647e-03
3.149108506876286295e+00 7.373408581333146472e+00 1.225901635534729861e+00 7.444040836604156957e-05 3.700702676664410262e+01 1.550239261814121683e+01 7.939136072621263418e-01 3.681439999999999824e+00 2.455856249185431443e+04 2.213689654587545647e-03
3.149108506876286295e+00 7.373408471460797919e+00 1.225901653802087710e+00 7.444040836604156957e-05 3.700702676664410262e+01 1.550239261814121683e+01 7.939136072621263418e-01 3.681439999999999824e+00 2.455856249185431443e+04 2.213689654587545647e-03
3.149108506876286295e+00 7.373408471460797919e+00 1.225901635534729861e+00 7.445530952723541723e-05 3.700702676664410262e+01 1.550239261814121683e+01 7.939136072621263418e-01 3.681439999999999824e+00 2.455856249185431443e+04 2.213689654587545647e-03
3.149108506876286295e+00 7.373408471460797919e+00 1.225901635534729861e+00 7.444040836604156957e-05 3.700702731809177237e+01 1.550239261814121683e+01 7.939136072621263418e-01 3.681439999999999824e+00 2.455856249185431443e+04 2.213689654587545647e-03
3.149108506876286295e+00 7.373408471460797919e+00 1.225901635534729861e+00 7.444040836604156957e-05 3.700702676664410262e+01 1.550239284914486859e+01 7.939136072621263418e-01 3.681439999999999824e+00 2.455856249185431443e+04 2.213689654587545647e-03
3.149108506876286295e+00 7.373408471460797919e+00 1.225901635534729861e+00 7.444040836604156957e-05 3.700702676664410262e+01 1.550239261814121683e+01 7.939136221632875356e-01 3.681439999999999824e+00 2.455856249185431443e+04 2.213689654587545647e-03
3.149108506876286295e+00 7.373408471460797919e+00 1.225901635534729861e+00 7.444040836604156957e-05 3.700702676664410262e+01 1.550239261814121683e+01 7.939136072621263418e-01 3.681439999999999824e+00 2.455856285780541293e+04 2.213689654587545647e-03
3.149108506876286295e+00 7.373408471460797919e+00 1.225901635534729861e+00 7.444040836604156957e-05 3.700702676664410262e+01 1.550239261814121683e+01 7.939136072621263418e-01 3.681439999999999824e+00 2.455856249185431443e+04 2.213704555748739495e-03
3.149357578118467060e+00 7.382056191680870683e+00 1.226218894454909947e+00 7.290525177572592655e-05 3.701563903602114891e+01 1.550646208979643426e+01 7.930380827887224537e-01 3.681439999999999824e+00 2.455856248958536889e+04 2.225524529884892033e-03
3.149357625047552123e+00 7.382056191680870683e+00 1.226218894454909947e+00 7.290525177572592655e-05 3.701563903602114891e+01 1.550646208979643426e+01 7.930380827887224537e-01 3.681439999999999824e+00 2.455856248958536889e+04 2.225524529884892033e-03
3.149357578118467060e+00 7.382056301682079713e+00 1.226218894454909947e+00 7.290525177572592655e-05 3.701563903602114891e+01 1.550646208979643426e+01 7.930380827887224537e-01 3.681439999999999824e+00 2.455856248958536889e+04 2.225524529884892033e-03
3.149357578118467060e+00 7.382056191680870683e+00 1.226218912726995347e+00 7.290525177572592655e-05 3.701563903602114891e+01 1.550646208979643426e+01 7.930380827887224537e-01 3.681439999999999824e+00 2.455856248958536889e+04 2.225524529884892033e-03
3.149357578118467060e+00 7.382056191680870683e+00 1.226218894454909947e+00 7.292015293691977420e-05 3.701563903602114891e+01 1.550646208979643426e+01 7.930380827887224537e-01 3.681439999999999824e+00 2.455856248958536889e+04 2.225524529884892033e-03
3.149357578118467060e+00 7.382056191680870683e+00 1.226218894454909947e+00 7.290525177572592655e-05 3.701563958759714978e+01 1.550646208979643426e+01 7.930380827887224537e-01 3.681439999999999824e+00 2.455856248958536889e+04 2.225524529884892033e-03
3.149357578118467060e+00 7.382056191680870683e+00 1.226218894454909947e+00 7.290525177572592655e-05 3.701563903602114891e+01 1.550646232086072551e+01 7.930380827887224537e-01 3.681439999999999824e+00 2.455856248958536889e+04 2.225524529884892033e-03
3.149357578118467060e+00 7.382056191680870683e+00 1.226218894454909947e+00 7.290525177572592655e-05 3.701563903602114891e+01 1.550646208979643426e+01 7.930380976898836476e-01 3.681439999999999824e+00 2.455856248958536889e+04 2.225524529884892033e-03
3.149357578118467060e+00 7.382056191680870683e+00 1.226218894454909947e+00 7.290525177572592655e-05 3.701563903602114891e+01 1.550646208979643426e+01 7.930380827887224537e-01 3.681439999999999824e+00 2.455856285553646740e+04 2.225524529884892033e-03
3.149357578118467060e+00 7.382056191680870683e+00 1.226218894454909947e+00 7.290525177572592655e-05 3.701563903602114891e+01 1.550646208979643426e+01 7.930380827887224537e-01 3.681439999999999824e+00 2.455856248958536889e+04 2.225539431046085880e-03
3.149468456718065745e+00 7.390301894176641184e+00 1.226193865730553556e+00 7.202754459474335872e-05 3.702388291491492822e+01 1.551097715937048171e+01 7.929760858713880145e-01 3.681439999999999824e+00 2.455856248671536014e+04 2.238130378469533558e-03
3.149468503648802820e+00 7.390301894176641184e+00 1.226193865730553556e+00 7.202754459474335872e-05 3.702388291491492822e+01 1.551097715937048171e+01 7.929760858713880145e-01 3.681439999999999824e+00 2.455856248671536014e+04 2.238130378469533558e-03
3.149468456718065745e+00 7.390302004300720817e+00 1.226193865730553556e+00 7.202754459474335872e-05 3.702388291491492822e+01 1.551097715937048171e+01 7.929760858713880145e-01 3.681439999999999824e+00 2.455856248671536014e+04 2.238130378469533558e-03
3.149468456718065745e+00 7.390301894176641184e+00 1.226193884002265921e+00 7.202754459474335872e-05 3.702388291491492822e+01 1.551097715937048171e+01 7.929760858713880145e-01 3.681439999999999824e+00 2.455856248671536014e+04 2.238130378469533558e-03
3.149468456718065745e+00 7.390301894176641184e+00 1.226193865730553556e+00 7.204244575593720637e-05 3.702388291491492822e+01 1.551097715937048171e+01 7.929760858713880145e-01 3.681439999999999824e+00 2.455856248671536014e+04 2.238130378469533558e-03
3.149468456718065745e+00 7.390301894176641184e+00 1.226193865730553556e+00 7.202754459474335872e-05 3.702388346661377483e+01 1.551097715937048171e+01 7.929760858713880145e-01 3.681439999999999824e+00 2.455856248671536014e+04 2.238130378469533558e-03
3.149468456718065745e+00 7.390301894176641184e+00 1.226193865730553556e+00 7.202754459474335872e-05 3.702388291491492822e+01 1.551097739050205249e+01 7.929760858713880145e-01 3.681439999999999824e+00 2.455856248671536014e+04 2.238130378469533558e-03
3.149468456718065745e+00 7.390301894176641184e+00 1.226193865730553556e+00 7.202754459474335872e-05 3.702388291491492822e+01 1.551097715937048171e+01 7.929761007725492084e-01 3.681439999999999824e+00 2.455856248671536014e+04 2.238130378469533558e-03
3.149468456718065745e+00 7.390301894176641184e+00 1.226193865730553556e+00 7.202754459474335872e-05 3.702388291491492822e+01 1.551097715937048171e+01 7.929760858713880145e-01 3.681439999999999824e+00 2.455856285266645864e+04 2.238130378469533558e-03
3.149468456718065745e+00 7.390301894176641184e+00 1.226193865730553556e+00 7.202754459474335872e-05 3.702388291491492822e+01 1.551097715937048171e+01 7.929760858713880145e-01 3.681439999999999824e+00 2.455856248671536014e+04 2.238145279630727406e-03
3.149834433608512452e+00 7.405219881180068242e+00 1.226715151928132297e+00 7.006750640366947794e-05 3.703912264588323211e+01 1.552117358376949241e+01 7.918293956635620301e-01 3.681439999999999824e+00 2.455838584301540322e+04 2.258584627907482198e-03
3.149834480544702942e+00 7.405219881180068242e+00 1.226715151928132297e+00 7.006750640366947794e-05 3.703912264588323211e+01 1.552117358376949241e+01 7.918293956635620301e-01 3.681439999999999824e+00 2.455838584301540322e+04 2.258584627907482198e-03
3.149834433608512452e+00 7.405219991526442946e+00 1.226715151928132297e+00 7.006750640366947794e-05 3.703912264588323211e+01 1.552117358376949241e+01 7.918293956635620301e-01 3.681439999999999824e+00 2.455838584301540322e+04 2.258584627907482198e-03
3.149834433608512452e+00 7.405219881180068242e+00 1.226715170207612449e+00 7.006750640366947794e-05 3.703912264588323211e+01 1.552117358376949241e+01 7.918293956635620301e-01 3.681439999999999824e+00 2.455838584301540322e+04 2.258584627907482198e-03
3.149834433608512452e+00 7.405219881180068242e+00 1.226715151928132297e+00 7.008240756486332559e-05 3.703912264588323211e+01 1.552117358376949241e+01 7.918293956635620301e-01 3.681439999999999824e+00 2.455838584301540322e+04 2.258584627907482198e-03
3.149834433608512452e+00 7.405219881180068242e+00 1.226715151928132297e+00 7.006750640366947794e-05 3.703912319780916818e+01 1.552117358376949241e+01 7.918293956635620301e-01 3.681439999999999824e+00 2.455838584301540322e+04 2.258584627907482198e-03
3.149834433608512452e+00 7.405219881180068242e+00 1.226715151928132297e+00 7.006750640366947794e-05 3.703912264588323211e+01 1.552117381505300209e+01 7.918293956635620301e-01 3.681439999999999824e+00 2.455838584301540322e+04 2.258584627907482198e-03
3.149834433608512452e+00 7.405219881180068242e+00 1.226715151928132297e+00 7.006750640366947794e-05 3.703912264588323211e+01 1.552117358376949241e+01 7.918294105647232239e-01 3.681439999999999824e+00 2.455838584301540322e+04 2.258584627907482198e-03
3.149834433608512452e+00 7.405219881180068242e+00 1.226715151928132297e+00 7.006750640366947794e-05 3.703912264588323211e+01 1.552117358376949241e+01 7.918293956635620301e-01 3.681439999999999824e+00 2.455838620896386783e+04 2.258584627907482198e-03
3.149834433608512452e+00 7.405219881180068242e+00 1.226715151928132297e+00 7.006750640366947794e-05 3.703912264588323211e+01 1.552117358376949241e+01 7.918293956635620301e-01 3.681439999999999824e+00 2.455838584301540322e+04 2.258599529068676046e-03
3.149998341808469160e+00 7.416832358534419356e+00 1.226650546854022972e+00 6.783273750356732786e-05 3.705047891050082143e+01 1.553327988119722747e+01 7.916436619541420416e-01 3.681439999999999824e+00 2.455838583312548508e+04 2.276142544787234517e-03
3.149998388747102140e+00 7.416832358534419356e+00 1.226650546854022972e+00 6.783273750356732786e-05 3.705047891050082143e+01 1.553327988119722747e+01 7.916436619541420416e-01 3.681439999999999824e+00 2.455838583312548508e+04 2.276142544787234517e-03
3.149998341808469160e+00 7.416832469053834309e+00 1.226650546854022972e+00 6.783273750356732786e-05 3.705047891050082143e+01 1.553327988119722747e+01 7.916436619541420416e-01 3.681439999999999824e+00 2.455838583312548508e+04 2.276142544787234517e-03
3.149998341808469160e+00 7.416832358534419356e+00 1.226650565132540560e+00 6.783273750356732786e-05 3.705047891050082143e+01 1.553327988119722747e+01 7.916436619541420416e-01 3.681439999999999824e+00 2.455838583312548508e+04 2.276142544787234517e-03
3.149998341808469160e+00 7.416832358534419356e+00 1.226650546854022972e+00 6.784763866476117551e-05 3.705047891050082143e+01 1.553327988119722747e+01 7.916436619541420416e-01 3.681439999999999824e+00 2.455838583312548508e+04 2.276142544787234517e-03
3.149998341808469160e+00 7.416832358534419356e+00 1.226650546854022972e+00 6.783273750356732786e-05 3.705047946259598035e+01 1.553327988119722747e+01 7.916436619541420416e-01 3.681439999999999824e+00 2.455838583312548508e+04 2.276142544787234517e-03
3.149998341808469160e+00 7.416832358534419356e+00 1.226650546854022972e+00 6.783273750356732786e-05 3.705047891050082143e+01 1.553328011266113506e+01 7.916436619541420416e-01 3.681439999999999824e+00 2.455838583312548508e+04 2.276142544787234517e-03
3.149998341808469160e+00 7.416832358534419356e+00 1.226650546854022972e+00 6.783273750356732786e-05 3.705047891050082143e+01 1.553327988119722747e+01 7.916436768553032355e-01 3.681439999999999824e+00 2.455838583312548508e+04 2.276142544787234517e-03
3.149998341808469160e+00 7.416832358534419356e+00 1.226650546854022972e+00 6.783273750356732786e-05 3.705047891050082143e+01 1.553327988119722747e+01 7.916436619541420416e-01 3.681439999999999824e+00 2.455838619907394968e+04 2.276142544787234517e-03
3.149998341808469160e+00 7.416832358534419356e+00 1.226650546854022972e+00 6.783273750356732786e-05 3.705047891050082143e+01 1.553327988119722747e+01 7.916436619541420416e-01 3.681439999999999824e+00 2.455838583312548508e+04 2.276157445948428365e-03
3.150865021579485781e+00 7.446258635495001776e+00 1.227151134698743817e+00 5.684126909183932633e-05 3.705061906393392235e+01 1.556090696485962077e+01 7.906324471516962271e-01 3.681439999999999824e+00 2.455770545949478765e+04 2.314949496773525701e-03
3.150865068531033319e+00 7.446258635495001776e+00 1.227151134698743817e+00 5.684126909183932633e-05 3.705061906393392235e+01 1.556090696485962077e+01 7.906324471516962271e-01 3.681439999999999824e+00 2.455770545949478765e+04 2.314949496773525701e-03
3.150865021579485781e+00 7.446258746452902422e+00 1.227151134698743817e+00 5.684126909183932633e-05 3.705061906393392235e+01 1.556090696485962077e+01 7.906324471516962271e-01 3.681439999999999824e+00 2.455770545949478765e+04 2.314949496773525701e-03
3.150865021579485781e+00 7.446258635495001776e+00 1.227151152984720772e+00 5.684126909183932633e-05 3.705061906393392235e+01 1.556090696485962077e+01 7.906324471516962271e-01 3.681439999999999824e+00 2.455770545949478765e+04 2.314949496773525701e-03
3.150865021579485781e+00 7.446258635495001776e+00 1.227151134698743817e+00 5.685617025303317399e-05 3.705061906393392235e+01 1.556090696485962077e+01 7.906324471516962271e-01 3.681439999999999824e+00 2.455770545949478765e+04 2.314949496773525701e-03
3.150865021579485781e+00 7.446258635495001776e+00 1.227151134698743817e+00 5.684126909183932633e-05 3.705061961603117027e+01 1.556090696485962077e+01 7.906324471516962271e-01 3.681439999999999824e+00 2.455770545949478765e+04 2.314949496773525701e-03
3.150865021579485781e+00 7.446258635495001776e+00 1.227151134698743817e+00 5.684126909183932633e-05 3.705061906393392235e+01 1.556090719673520439e+01 7.906324471516962271e-01 3.681439999999999824e+00 2.455770545949478765e+04 2.314949496773525701e-03
3.150865021579485781e+00 7.446258635495001776e+00 1.227151134698743817e+00 5.684126909183932633e-05 3.705061906393392235e+01 1.556090696485962077e+01 7.906324620528574210e-01 3.681439999999999824e+00 2.455770545949478765e+04 2.314949496773525701e-03
3.150865021579485781e+00 7.446258635495001776e+00 1.227151134698743817e+00 5.684126909183932633e-05 3.705061906393392235e+01 1.556090696485962077e+01 7.906324471516962271e-01 3.681439999999999824e+00 2.455770582543311684e+04 2.314949496773525701e-03
3.150865021579485781e+00 7.446258635495001776e+00 1.227151134698743817e+00 5.684126909183932633e-05 3.705061906393392235e+01 1.556090696485962077e+01 7.906324471516962271e-01 3.681439999999999824e+00 2.455770545949478765e+04 2.314964397934719548e-03
3.150938371064187837e+00 7.446606851005123318e+00 1.227193826258422549e+00 4.914306711504177555e-05 3.705105109062230184e+01 1.558884316878303622e+01 7.903173671181038529e-01 3.681439999999999824e+00 2.455770542573295097e+04 2.315905666423425605e-03
3.150938418016828280e+00 7.446606851005123318e+00 1.227193826258422549e+00 4.914306711504177555e-05 3.705105109062230184e+01 1.558884316878303622e+01 7.903173671181038529e-01 3.681439999999999824e+00 2.455770542573295097e+04 2.315905666423425605e-03
3.150938371064187837e+00 7.446606961968212701e+00 1.227193826258422549e+00 4.914306711504177555e-05 3.705105109062230184e+01 1.558884316878303622e+01 7.903173671181038529e-01 3.681439999999999824e+00 2.455770542573295097e+04 2.315905666423425605e-03
3.150938371064187837e+00 7.446606851005123318e+00 1.227193844545035661e+00 4.914306711504177555e-05 3.705105109062230184e+01 1.558884316878303622e+01 7.903173671181038529e-01 3.681439999999999824e+00 2.455770542573295097e+04 2.315905666423425605e-03
3.150938371064187837e+00 7.446606851005123318e+00 1.227193826258422549e+00 4.915796827623562321e-05 3.705105109062230184e+01 1.558884316878303622e+01 7.903173671181038529e-01 3.681439999999999824e+00 2.455770542573295097e+04 2.315905666423425605e-03
3.150938371064187837e+00 7.446606851005123318e+00 1.227193826258422549e+00 4.914306711504177555e-05 3.705105164272598728e+01 1.558884316878303622e+01 7.903173671181038529e-01 3.681439999999999824e+00 2.455770542573295097e+04 2.315905666423425605e-03
3.150938371064187837e+00 7.446606851005123318e+00 1.227193826258422549e+00 4.914306711504177555e-05 3.705105109062230184e+01 1.558884340107490196e+01 7.903173671181038529e-01 3.681439999999999824e+00 2.455770542573295097e+04 2.315905666423425605e-03
3.150938371064187837e+00 7.446606851005123318e+00 1.227193826258422549e+00 4.914306711504177555e-05 3.705105109062230184e+01 1.558884316878303622e+01 7.903173820192650467e-01 3.681439999999999824e+00 2.455770542573295097e+04 2.315905666423425605e-03
3.150938371064187837e+00 7.446606851005123318e+00 1.227193826258422549e+00 4.914306711504177555e-05 3.705105109062230184e+01 1.558884316878303622e+01 7.903173671181038529e-01 3.681439999999999824e+00 2.455770579167127653e+04 2.315905666423425605e-03
3.150938371064187837e+00 7.446606851005123318e+00 1.227193826258422549e+00 4.914306711504177555e-05 3.705105109062230184e+01 1.558884316878303622e+01 7.903173671181038529e-01 3.681439999999999824e+00 2.455770542573295097e+04 2.315920567584619453e-03
3.150938510372886192e+00 7.446606816645727100e+00 1.227193857396682297e+00 4.914325785306400814e-05 3.705105109198543545e+01 1.558884316901972511e+01 7.903173746079348305e-01 3.681439999999999824e+00 2.455770542562716219e+04 2.317702670436439481e-03
3.150938557325528855e+00 7.446606816645727100e+00 1.227193857396682297e+00 4.914325785306400814e-05 3.705105109198543545e+01 1.558884316901972511e+01 7.903173746079348305e-01 3.681439999999999824e+00 2.455770542562716219e+04 2.317702670436439481e-03
3.150938510372886192e+00 7.446606927608815596e+00 1.227193857396682297e+00 4.914325785306400814e-05 3.705105109198543545e+01 1.558884316901972511e+01 7.903173746079348305e-01 3.681439999999999824e+00 2.455770542562716219e+04 2.317702670436439481e-03
3.150938510372886192e+00 7.446606816645727100e+00 1.227193875683295854e+00 4.914325785306400814e-05 3.705105109198543545e+01 1.558884316901972511e+01 7.903173746079348305e-01 3.681439999999999824e+00 2.455770542562716219e+04 2.317702670436439481e-03
3.150938510372886192e+00 7.446606816645727100e+00 1.227193857396682297e+00 4.915815901425785579e-05 3.705105109198543545e+01 1.558884316901972511e+01 7.903173746079348305e-01 3.681439999999999824e+00 2.455770542562716219e+04 2.317702670436439481e-03
3.150938510372886192e+00 7.446606816645727100e+00 1.227193857396682297e+00 4.914325785306400814e-05 3.705105164408912088e+01 1.558884316901972511e+01 7.903173746079348305e-01 3.681439999999999824e+00 2.455770542562716219e+04 2.317702670436439481e-03
3.150938510372886192e+00 7.446606816645727100e+00 1.227193857396682297e+00 4.914325785306400814e-05 3.705105109198543545e+01 1.558884340131159085e+01 7.903173746079348305e-01 3.681439999999999824e+00 2.455770542562716219e+04 2.317702670436439481e-03
3.150938510372886192e+00 7.446606816645727100e+00 1.227193857396682297e+00 4.914325785306400814e-05 3.705105109198543545e+01 1.558884316901972511e+01 7.903173895090960244e-01 3.681439999999999824e+00 2.455770542562716219e+04 2.317702670436439481e-03
3.150938510372886192e+00 7.446606816645727100e+00 1.227193857396682297e+00 4.914325785306400814e-05 3.705105109198543545e+01 1.558884316901972511e+01 7.903173746079348305e-01 3.681439999999999824e+00 2.455770579156548774e+04 2.317702670436439481e-03
3.150938510372886192e+00 7.446606816645727100e+00 1.227193857396682297e+00 4.914325785306400814e-05 3.705105109198543545e+01 1.558884316901972511e+01 7.903173746079348305e-01 3.681439999999999824e+00 2.455770542562716219e+04 2.317717571597633329e-03
