3.181582508781740870e+00 8.680348525100551882e+00 1.210143957474820287e+00 7.136292139026552666e-04 4.162813168728703772e+01 1.549994700000000059e+01 7.954442999999999930e-01 3.681439999999999824e+00 2.375214436886212570e+04 2.343147951891810452e-03
3.181582556191014710e+00 8.680348525100551882e+00 1.210143957474820287e+00 7.136292139026552666e-04 4.162813168728703772e+01 1.549994700000000059e+01 7.954442999999999930e-01 3.681439999999999824e+00 2.375214436886212570e+04 2.343147951891810452e-03
3.181582508781740870e+00 8.680348654447824330e+00 1.210143957474820287e+00 7.136292139026552666e-04 4.162813168728703772e+01 1.549994700000000059e+01 7.954442999999999930e-01 3.681439999999999824e+00 2.375214436886212570e+04 2.343147951891810452e-03
3.181582508781740870e+00 8.680348525100551882e+00 1.210143975507370406e+00 7.136292139026552666e-04 4.162813168728703772e+01 1.549994700000000059e+01 7.954442999999999930e-01 3.681439999999999824e+00 2.375214436886212570e+04 2.343147951891810452e-03
3.181582508781740870e+00 8.680348525100551882e+00 1.210143957474820287e+00 7.136441150638491143e-04 4.162813168728703772e+01 1.549994700000000059e+01 7.954442999999999930e-01 3.681439999999999824e+00 2.375214436886212570e+04 2.343147951891810452e-03
3.181582508781740870e+00 8.680348525100551882e+00 1.210143957474820287e+00 7.136292139026552666e-04 4.162813230759454086e+01 1.549994700000000059e+01 7.954442999999999930e-01 3.681439999999999824e+00 2.375214436886212570e+04 2.343147951891810452e-03
3.181582508781740870e+00 8.680348525100551882e+00 1.210143957474820287e+00 7.136292139026552666e-04 4.162813168728703772e+01 1.549994723096720861e+01 7.954442999999999930e-01 3.681439999999999824e+00 2.375214436886212570e+04 2.343147951891810452e-03
3.181582508781740870e+00 8.680348525100551882e+00 1.210143957474820287e+00 7.136292139026552666e-04 4.162813168728703772e+01 1.549994700000000059e+01 7.954443149011611869e-01 3.681439999999999824e+00 2.375214436886212570e+04 2.343147951891810452e-03
3.181582508781740870e+00 8.680348525100551882e+00 1.210143957474820287e+00 7.136292139026552666e-04 4.162813168728703772e+01 1.549994700000000059e+01 7.954442999999999930e-01 3.681439999999999824e+00 2.375214472279665642e+04 2.343147951891810452e-03
3.181582508781740870e+00 8.680348525100551882e+00 1.210143957474820287e+00 7.136292139026552666e-04 4.162813168728703772e+01 1.549994700000000059e+01 7.954442999999999930e-01 3.681439999999999824e+00 2.375214436886212570e+04 2.343162853053004299e-03
2.953053082356299264e+00 8.524969435603962253e+00 1.180805013001776427e+00 4.745058372575747512e-04 6.825044944251584411e+01 1.418986867732728285e+01 7.736957370187548255e-01 3.681439999999999824e+00 2.208600557040422791e+04 1.815615492748346490e-03
3.175962077748185397e+00 9.001227852238939064e+00 1.189300061682065701e+00 3.820030549630702363e-04 4.164693495115367483e+01 1.425092425598056423e+01 7.828965998349785016e-01 3.681439999999999824e+00 2.265560361681803261e+04 1.988171268108337129e-03
3.175962125073708453e+00 9.001227852238939064e+00 1.189300061682065701e+00 3.820030549630702363e-04 4.164693495115367483e+01 1.425092425598056423e+01 7.828965998349785016e-01 3.681439999999999824e+00 2.265560361681803261e+04 1.988171268108337129e-03
3.175962077748185397e+00 9.001227986367686285e+00 1.189300061682065701e+00 3.820030549630702363e-04 4.164693495115367483e+01 1.425092425598056423e+01 7.828965998349785016e-01 3.681439999999999824e+00 2.265560361681803261e+04 1.988171268108337129e-03
3.175962077748185397e+00 9.001227852238939064e+00 1.189300079404017607e+00 3.820030549630702363e-04 4.164693495115367483e+01 1.425092425598056423e+01 7.828965998349785016e-01 3.681439999999999824e+00 2.265560361681803261e+04 1.988171268108337129e-03
3.175962077748185397e+00 9.001227852238939064e+00 1.189300061682065701e+00 3.820179561242640839e-04 4.164693495115367483e+01 1.425092425598056423e+01 7.828965998349785016e-01 3.681439999999999824e+00 2.265560361681803261e+04 1.988171268108337129e-03
3.175962077748185397e+00 9.001227852238939064e+00 1.189300061682065701e+00 3.820030549630702363e-04 4.164693557174136629e+01 1.425092425598056423e+01 7.828965998349785016e-01 3.681439999999999824e+00 2.265560361681803261e+04 1.988171268108337129e-03
3.175962077748185397e+00 9.001227852238939064e+00 1.189300061682065701e+00 3.820030549630702363e-04 4.164693495115367483e+01 1.425092446833588333e+01 7.828965998349785016e-01 3.681439999999999824e+00 2.265560361681803261e+04 1.988171268108337129e-03
3.175962077748185397e+00 9.001227852238939064e+00 1.189300061682065701e+00 3.820030549630702363e-04 4.164693495115367483e+01 1.425092425598056423e+01 7.828966147361396954e-01 3.681439999999999824e+00 2.265560361681803261e+04 1.988171268108337129e-03
3.175962077748185397e+00 9.001227852238939064e+00 1.189300061682065701e+00 3.820030549630702363e-04 4.164693495115367483e+01 1.425092425598056423e+01 7.828965998349785016e-01 3.681439999999999824e+00 2.265560395441283254e+04 1.988171268108337129e-03
3.175962077748185397e+00 9.001227852238939064e+00 1.189300061682065701e+00 3.820030549630702363e-04 4.164693495115367483e+01 1.425092425598056423e+01 7.828965998349785016e-01 3.681439999999999824e+00 2.265560361681803261e+04 1.988186169269530977e-03
3.175959439053885447e+00 9.001227901965288325e+00 1.189299738147848284e+00 3.820030489430324694e-04 4.164693472154645093e+01 1.425092425602371371e+01 7.828965776899492468e-01 3.681439999999999824e+00 2.265560361681806171e+04 1.965674212713679290e-03
3.175959486379368979e+00 9.001227901965288325e+00 1.189299738147848284e+00 3.820030489430324694e-04 4.164693472154645093e+01 1.425092425602371371e+01 7.828965776899492468e-01 3.681439999999999824e+00 2.265560361681806171e+04 1.965674212713679290e-03
3.175959439053885447e+00 9.001228036094035545e+00 1.189299738147848284e+00 3.820030489430324694e-04 4.164693472154645093e+01 1.425092425602371371e+01 7.828965776899492468e-01 3.681439999999999824e+00 2.265560361681806171e+04 1.965674212713679290e-03
3.175959439053885447e+00 9.001227901965288325e+00 1.189299755869795305e+00 3.820030489430324694e-04 4.164693472154645093e+01 1.425092425602371371e+01 7.828965776899492468e-01 3.681439999999999824e+00 2.265560361681806171e+04 1.965674212713679290e-03
3.175959439053885447e+00 9.001227901965288325e+00 1.189299738147848284e+00 3.820179501042263170e-04 4.164693472154645093e+01 1.425092425602371371e+01 7.828965776899492468e-01 3.681439999999999824e+00 2.265560361681806171e+04 1.965674212713679290e-03
3.175959439053885447e+00 9.001227901965288325e+00 1.189299738147848284e+00 3.820030489430324694e-04 4.164693534213413528e+01 1.425092425602371371e+01 7.828965776899492468e-01 3.681439999999999824e+00 2.265560361681806171e+04 1.965674212713679290e-03
3.175959439053885447e+00 9.001227901965288325e+00 1.189299738147848284e+00 3.820030489430324694e-04 4.164693472154645093e+01 1.425092446837903282e+01 7.828965776899492468e-01 3.681439999999999824e+00 2.265560361681806171e+04 1.965674212713679290e-03
3.175959439053885447e+00 9.001227901965288325e+00 1.189299738147848284e+00 3.820030489430324694e-04 4.164693472154645093e+01 1.425092425602371371e+01 7.828965925911104407e-01 3.681439999999999824e+00 2.265560361681806171e+04 1.965674212713679290e-03
3.175959439053885447e+00 9.001227901965288325e+00 1.189299738147848284e+00 3.820030489430324694e-04 4.164693472154645093e+01 1.425092425602371371e+01 7.828965776899492468e-01 3.681439999999999824e+00 2.265560395441286164e+04 1.965674212713679290e-03
3.175959439053885447e+00 9.001227901965288325e+00 1.189299738147848284e+00 3.820030489430324694e-04 4.164693472154645093e+01 1.425092425602371371e+01 7.828965776899492468e-01 3.681439999999999824e+00 2.265560361681806171e+04 1.965689113874873137e-03
