3.187134957428993776e+00 8.538373332936458837e+00 1.249324285040374072e+00 3.894269902571973222e-04 4.328090872562180635e+01 1.549994700000000059e+01 7.954442999999999930e-01 3.681439999999999824e+00 2.619425108285321403e+04 4.099112032241618471e-03
3.187135004921005432e+00 8.538373332936458837e+00 1.249324285040374072e+00 3.894269902571973222e-04 4.328090872562180635e+01 1.549994700000000059e+01 7.954442999999999930e-01 3.681439999999999824e+00 2.619425108285321403e+04 4.099112032241618471e-03
3.187134957428993776e+00 8.538373460168136475e+00 1.249324285040374072e+00 3.894269902571973222e-04 4.328090872562180635e+01 1.549994700000000059e+01 7.954442999999999930e-01 3.681439999999999824e+00 2.619425108285321403e+04 4.099112032241618471e-03
3.187134957428993776e+00 8.538373332936458837e+00 1.249324303656756729e+00 3.894269902571973222e-04 4.328090872562180635e+01 1.549994700000000059e+01 7.954442999999999930e-01 3.681439999999999824e+00 2.619425108285321403e+04 4.099112032241618471e-03
3.187134957428993776e+00 8.538373332936458837e+00 1.249324285040374072e+00 3.894418914183911699e-04 4.328090872562180635e+01 1.549994700000000059e+01 7.954442999999999930e-01 3.681439999999999824e+00 2.619425108285321403e+04 4.099112032241618471e-03
3.187134957428993776e+00 8.538373332936458837e+00 1.249324285040374072e+00 3.894269902571973222e-04 4.328090937055760179e+01 1.549994700000000059e+01 7.954442999999999930e-01 3.681439999999999824e+00 2.619425108285321403e+04 4.099112032241618471e-03
3.187134957428993776e+00 8.538373332936458837e+00 1.249324285040374072e+00 3.894269902571973222e-04 4.328090872562180635e+01 1.549994723096720861e+01 7.954442999999999930e-01 3.681439999999999824e+00 2.619425108285321403e+04 4.099112032241618471e-03
3.187134957428993776e+00 8.538373332936458837e+00 1.249324285040374072e+00 3.894269902571973222e-04 4.328090872562180635e+01 1.549994700000000059e+01 7.954443149011611869e-01 3.681439999999999824e+00 2.619425108285321403e+04 4.099112032241618471e-03
3.187134957428993776e+00 8.538373332936458837e+00 1.249324285040374072e+00 3.894269902571973222e-04 4.328090872562180635e+01 1.549994700000000059e+01 7.954442999999999930e-01 3.681439999999999824e+00 2.619425147317797018e+04 4.099112032241618471e-03
3.187134957428993776e+00 8.538373332936458837e+00 1.249324285040374072e+00 3.894269902571973222e-04 4.328090872562180635e+01 1.549994700000000059e+01 7.954442999999999930e-01 3.681439999999999824e+00 2.619425108285321403e+04 4.099126933402812319e-03
3.207787501310001232e+00 8.684685525149147267e+00 1.229510987254676557e+00 2.459327058224352507e-04 4.090152825904280576e+01 1.435495687657951436e+01 7.873390583890370609e-01 3.681439999999999824e+00 2.572949702830312890e+04 3.938500302562617482e-03
3.185772413980357598e+00 8.554155670928375699e+00 1.243248908316572310e+00 1.469406619133699257e-04 4.327996145240674508e+01 1.448752299072645933e+01 7.894437152606124108e-01 3.681439999999999824e+00 2.611491075648926198e+04 4.093150744629119910e-03
3.188286050326142540e+00 8.571148310682348281e+00 1.249868010953400832e+00 2.566717342208758119e-04 4.328097378434118525e+01 1.520752340947883674e+01 7.898407317757002444e-01 3.681439999999999824e+00 2.619094016590182218e+04 4.131482843817198096e-03
3.188286097835306698e+00 8.571148310682348281e+00 1.249868010953400832e+00 2.566717342208758119e-04 4.328097378434118525e+01 1.520752340947883674e+01 7.898407317757002444e-01 3.681439999999999824e+00 2.619094016590182218e+04 4.131482843817198096e-03
3.188286050326142540e+00 8.571148438402410363e+00 1.249868010953400832e+00 2.566717342208758119e-04 4.328097378434118525e+01 1.520752340947883674e+01 7.898407317757002444e-01 3.681439999999999824e+00 2.619094016590182218e+04 4.131482843817198096e-03
3.188286050326142540e+00 8.571148310682348281e+00 1.249868029577885453e+00 2.566717342208758119e-04 4.328097378434118525e+01 1.520752340947883674e+01 7.898407317757002444e-01 3.681439999999999824e+00 2.619094016590182218e+04 4.131482843817198096e-03
3.188286050326142540e+00 8.571148310682348281e+00 1.249868010953400832e+00 2.566866353820696596e-04 4.328097378434118525e+01 1.520752340947883674e+01 7.898407317757002444e-01 3.681439999999999824e+00 2.619094016590182218e+04 4.131482843817198096e-03
3.188286050326142540e+00 8.571148310682348281e+00 1.249868010953400832e+00 2.566717342208758119e-04 4.328097442927795413e+01 1.520752340947883674e+01 7.898407317757002444e-01 3.681439999999999824e+00 2.619094016590182218e+04 4.131482843817198096e-03
3.188286050326142540e+00 8.571148310682348281e+00 1.249868010953400832e+00 2.566717342208758119e-04 4.328097378434118525e+01 1.520752363608859525e+01 7.898407317757002444e-01 3.681439999999999824e+00 2.619094016590182218e+04 4.131482843817198096e-03
3.188286050326142540e+00 8.571148310682348281e+00 1.249868010953400832e+00 2.566717342208758119e-04 4.328097378434118525e+01 1.520752340947883674e+01 7.898407466768614382e-01 3.681439999999999824e+00 2.619094016590182218e+04 4.131482843817198096e-03
3.188286050326142540e+00 8.571148310682348281e+00 1.249868010953400832e+00 2.566717342208758119e-04 4.328097378434118525e+01 1.520752340947883674e+01 7.898407317757002444e-01 3.681439999999999824e+00 2.619094055617724371e+04 4.131482843817198096e-03
3.188286050326142540e+00 8.571148310682348281e+00 1.249868010953400832e+00 2.566717342208758119e-04 4.328097378434118525e+01 1.520752340947883674e+01 7.898407317757002444e-01 3.681439999999999824e+00 2.619094016590182218e+04 4.131497744978391944e-03
3.188339991550702024e+00 8.571933928977536254e+00 1.249945795081979893e+00 3.574030153187582586e-03 4.328097738824567386e+01 1.520650918037641652e+01 7.898112716647434084e-01 3.681439999999999824e+00 2.619092182127122214e+04 4.132163744829510030e-03
3.188340039060669984e+00 8.571933928977536254e+00 1.249945795081979893e+00 3.574030153187582586e-03 4.328097738824567386e+01 1.520650918037641652e+01 7.898112716647434084e-01 3.681439999999999824e+00 2.619092182127122214e+04 4.132163744829510030e-03
3.188339991550702024e+00 8.571934056709306304e+00 1.249945795081979893e+00 3.574030153187582586e-03 4.328097738824567386e+01 1.520650918037641652e+01 7.898112716647434084e-01 3.681439999999999824e+00 2.619092182127122214e+04 4.132163744829510030e-03
3.188339991550702024e+00 8.571933928977536254e+00 1.249945813707623588e+00 3.574030153187582586e-03 4.328097738824567386e+01 1.520650918037641652e+01 7.898112716647434084e-01 3.681439999999999824e+00 2.619092182127122214e+04 4.132163744829510030e-03
3.188339991550702024e+00 8.571933928977536254e+00 1.249945795081979893e+00 3.574045054348776434e-03 4.328097738824567386e+01 1.520650918037641652e+01 7.898112716647434084e-01 3.681439999999999824e+00 2.619092182127122214e+04 4.132163744829510030e-03
3.188339991550702024e+00 8.571933928977536254e+00 1.249945795081979893e+00 3.574030153187582586e-03 4.328097803318249248e+01 1.520650918037641652e+01 7.898112716647434084e-01 3.681439999999999824e+00 2.619092182127122214e+04 4.132163744829510030e-03
3.188339991550702024e+00 8.571933928977536254e+00 1.249945795081979893e+00 3.574030153187582586e-03 4.328097738824567386e+01 1.520650940697106179e+01 7.898112716647434084e-01 3.681439999999999824e+00 2.619092182127122214e+04 4.132163744829510030e-03
3.188339991550702024e+00 8.571933928977536254e+00 1.249945795081979893e+00 3.574030153187582586e-03 4.328097738824567386e+01 1.520650918037641652e+01 7.898112865659046022e-01 3.681439999999999824e+00 2.619092182127122214e+04 4.132163744829510030e-03
3.188339991550702024e+00 8.571933928977536254e+00 1.249945795081979893e+00 3.574030153187582586e-03 4.328097738824567386e+01 1.520650918037641652e+01 7.898112716647434084e-01 3.681439999999999824e+00 2.619092221154637082e+04 4.132163744829510030e-03
3.188339991550702024e+00 8.571933928977536254e+00 1.249945795081979893e+00 3.574030153187582586e-03 4.328097738824567386e+01 1.520650918037641652e+01 7.898112716647434084e-01 3.681439999999999824e+00 2.619092182127122214e+04 4.132178645990703877e-03
3.189361784697236413e+00 8.612058675390006357e+00 1.250335767204975301e+00 4.948485129910129392e-04 4.328204419549483362e+01 1.495252055886272480e+01 7.877265860993243329e-01 3.681439999999999824e+00 2.619092156553644963e+04 4.173672738968253575e-03
3.189361832222430415e+00 8.612058675390006357e+00 1.250335767204975301e+00 4.948485129910129392e-04 4.328204419549483362e+01 1.495252055886272480e+01 7.877265860993243329e-01 3.681439999999999824e+00 2.619092156553644963e+04 4.173672738968253575e-03
3.189361784697236413e+00 8.612058803719680355e+00 1.250335767204975301e+00 4.948485129910129392e-04 4.328204419549483362e+01 1.495252055886272480e+01 7.877265860993243329e-01 3.681439999999999824e+00 2.619092156553644963e+04 4.173672738968253575e-03
3.189361784697236413e+00 8.612058675390006357e+00 1.250335785836430125e+00 4.948485129910129392e-04 4.328204419549483362e+01 1.495252055886272480e+01 7.877265860993243329e-01 3.681439999999999824e+00 2.619092156553644963e+04 4.173672738968253575e-03
3.189361784697236413e+00 8.612058675390006357e+00 1.250335767204975301e+00 4.948634141522067868e-04 4.328204419549483362e+01 1.495252055886272480e+01 7.877265860993243329e-01 3.681439999999999824e+00 2.619092156553644963e+04 4.173672738968253575e-03
3.189361784697236413e+00 8.612058675390006357e+00 1.250335767204975301e+00 4.948485129910129392e-04 4.328204484044755418e+01 1.495252055886272480e+01 7.877265860993243329e-01 3.681439999999999824e+00 2.619092156553644963e+04 4.173672738968253575e-03
3.189361784697236413e+00 8.612058675390006357e+00 1.250335767204975301e+00 4.948485129910129392e-04 4.328204419549483362e+01 1.495252078167264465e+01 7.877265860993243329e-01 3.681439999999999824e+00 2.619092156553644963e+04 4.173672738968253575e-03
3.189361784697236413e+00 8.612058675390006357e+00 1.250335767204975301e+00 4.948485129910129392e-04 4.328204419549483362e+01 1.495252055886272480e+01 7.877266010004855268e-01 3.681439999999999824e+00 2.619092156553644963e+04 4.173672738968253575e-03
3.189361784697236413e+00 8.612058675390006357e+00 1.250335767204975301e+00 4.948485129910129392e-04 4.328204419549483362e+01 1.495252055886272480e+01 7.877265860993243329e-01 3.681439999999999824e+00 2.619092195581159467e+04 4.173672738968253575e-03
3.189361784697236413e+00 8.612058675390006357e+00 1.250335767204975301e+00 4.948485129910129392e-04 4.328204419549483362e+01 1.495252055886272480e+01 7.877265860993243329e-01 3.681439999999999824e+00 2.619092156553644963e+04 4.173687640129447422e-03
3.189370628097060845e+00 8.618040317099067593e+00 1.249879330487486229e+00 4.414579181770668468e-04 4.328244620533855169e+01 1.470669046492621135e+01 7.844053671097768188e-01 3.681439999999999824e+00 2.619091922049553614e+04 4.184709408467895790e-03
3.189370675622386742e+00 8.618040317099067593e+00 1.249879330487486229e+00 4.414579181770668468e-04 4.328244620533855169e+01 1.470669046492621135e+01 7.844053671097768188e-01 3.681439999999999824e+00 2.619091922049553614e+04 4.184709408467895790e-03
3.189370628097060845e+00 8.618040445517875625e+00 1.249879330487486229e+00 4.414579181770668468e-04 4.328244620533855169e+01 1.470669046492621135e+01 7.844053671097768188e-01 3.681439999999999824e+00 2.619091922049553614e+04 4.184709408467895790e-03
3.189370628097060845e+00 8.618040317099067593e+00 1.249879349112139604e+00 4.414579181770668468e-04 4.328244620533855169e+01 1.470669046492621135e+01 7.844053671097768188e-01 3.681439999999999824e+00 2.619091922049553614e+04 4.184709408467895790e-03
3.189370628097060845e+00 8.618040317099067593e+00 1.249879330487486229e+00 4.414728193382606945e-04 4.328244620533855169e+01 1.470669046492621135e+01 7.844053671097768188e-01 3.681439999999999824e+00 2.619091922049553614e+04 4.184709408467895790e-03
3.189370628097060845e+00 8.618040317099067593e+00 1.249879330487486229e+00 4.414579181770668468e-04 4.328244685029726213e+01 1.470669046492621135e+01 7.844053671097768188e-01 3.681439999999999824e+00 2.619091922049553614e+04 4.184709408467895790e-03
3.189370628097060845e+00 8.618040317099067593e+00 1.249879330487486229e+00 4.414579181770668468e-04 4.328244620533855169e+01 1.470669068407297608e+01 7.844053671097768188e-01 3.681439999999999824e+00 2.619091922049553614e+04 4.184709408467895790e-03
3.189370628097060845e+00 8.618040317099067593e+00 1.249879330487486229e+00 4.414579181770668468e-04 4.328244620533855169e+01 1.470669046492621135e+01 7.844053820109380126e-01 3.681439999999999824e+00 2.619091922049553614e+04 4.184709408467895790e-03
3.189370628097060845e+00 8.618040317099067593e+00 1.249879330487486229e+00 4.414579181770668468e-04 4.328244620533855169e+01 1.470669046492621135e+01 7.844053671097768188e-01 3.681439999999999824e+00 2.619091961077064479e+04 4.184709408467895790e-03
3.189370628097060845e+00 8.618040317099067593e+00 1.249879330487486229e+00 4.414579181770668468e-04 4.328244620533855169e+01 1.470669046492621135e+01 7.844053671097768188e-01 3.681439999999999824e+00 2.619091922049553614e+04 4.184724309629089638e-03
3.189463831488912327e+00 8.619145574272497612e+00 1.250024086654940358e+00 1.410693314147935806e-02 4.328246859615818209e+01 1.470393068919606350e+01 7.843369552308214754e-01 3.681439999999999824e+00 2.619078646782612122e+04 4.185619667554998924e-03
3.189463879015626890e+00 8.619145574272497612e+00 1.250024086654940358e+00 1.410693314147935806e-02 4.328246859615818209e+01 1.470393068919606350e+01 7.843369552308214754e-01 3.681439999999999824e+00 2.619078646782612122e+04 4.185619667554998924e-03
3.189463831488912327e+00 8.619145702707776024e+00 1.250024086654940358e+00 1.410693314147935806e-02 4.328246859615818209e+01 1.470393068919606350e+01 7.843369552308214754e-01 3.681439999999999824e+00 2.619078646782612122e+04 4.185619667554998924e-03
3.189463831488912327e+00 8.619145574272497612e+00 1.250024105281750675e+00 1.410693314147935806e-02 4.328246859615818209e+01 1.470393068919606350e+01 7.843369552308214754e-01 3.681439999999999824e+00 2.619078646782612122e+04 4.185619667554998924e-03
3.189463831488912327e+00 8.619145574272497612e+00 1.250024086654940358e+00 1.410694804264055191e-02 4.328246859615818209e+01 1.470393068919606350e+01 7.843369552308214754e-01 3.681439999999999824e+00 2.619078646782612122e+04 4.185619667554998924e-03
3.189463831488912327e+00 8.619145574272497612e+00 1.250024086654940358e+00 1.410693314147935806e-02 4.328246924111722649e+01 1.470393068919606350e+01 7.843369552308214754e-01 3.681439999999999824e+00 2.619078646782612122e+04 4.185619667554998924e-03
3.189463831488912327e+00 8.619145574272497612e+00 1.250024086654940358e+00 1.410693314147935806e-02 4.328246859615818209e+01 1.470393090830170557e+01 7.843369552308214754e-01 3.681439999999999824e+00 2.619078646782612122e+04 4.185619667554998924e-03
3.189463831488912327e+00 8.619145574272497612e+00 1.250024086654940358e+00 1.410693314147935806e-02 4.328246859615818209e+01 1.470393068919606350e+01 7.843369701319826692e-01 3.681439999999999824e+00 2.619078646782612122e+04 4.185619667554998924e-03
3.189463831488912327e+00 8.619145574272497612e+00 1.250024086654940358e+00 1.410693314147935806e-02 4.328246859615818209e+01 1.470393068919606350e+01 7.843369552308214754e-01 3.681439999999999824e+00 2.619078685809925082e+04 4.185619667554998924e-03
3.189463831488912327e+00 8.619145574272497612e+00 1.250024086654940358e+00 1.410693314147935806e-02 4.328246859615818209e+01 1.470393068919606350e+01 7.843369552308214754e-01 3.681439999999999824e+00 2.619078646782612122e+04 4.185634568716192772e-03
3.189811399344208098e+00 8.640165018704239586e+00 1.249993199562974944e+00 8.422070312734803582e-03 4.330692572030682186e+01 1.450722315706875953e+01 7.814197557258487636e-01 3.681439999999999824e+00 2.619078616167039581e+04 4.209683659226744895e-03
3.189811446876102075e+00 8.640165018704239586e+00 1.249993199562974944e+00 8.422070312734803582e-03 4.330692572030682186e+01 1.450722315706875953e+01 7.814197557258487636e-01 3.681439999999999824e+00 2.619078616167039581e+04 4.209683659226744895e-03
3.189811399344208098e+00 8.640165147452730565e+00 1.249993199562974944e+00 8.422070312734803582e-03 4.330692572030682186e+01 1.450722315706875953e+01 7.814197557258487636e-01 3.681439999999999824e+00 2.619078616167039581e+04 4.209683659226744895e-03
3.189811399344208098e+00 8.640165018704239586e+00 1.249993218189325184e+00 8.422070312734803582e-03 4.330692572030682186e+01 1.450722315706875953e+01 7.814197557258487636e-01 3.681439999999999824e+00 2.619078616167039581e+04 4.209683659226744895e-03
3.189811399344208098e+00 8.640165018704239586e+00 1.249993199562974944e+00 8.422085213895997430e-03 4.330692572030682186e+01 1.450722315706875953e+01 7.814197557258487636e-01 3.681439999999999824e+00 2.619078616167039581e+04 4.209683659226744895e-03
3.189811399344208098e+00 8.640165018704239586e+00 1.249993199562974944e+00 8.422070312734803582e-03 4.330692636563030362e+01 1.450722315706875953e+01 7.814197557258487636e-01 3.681439999999999824e+00 2.619078616167039581e+04 4.209683659226744895e-03
3.189811399344208098e+00 8.640165018704239586e+00 1.249993199562974944e+00 8.422070312734803582e-03 4.330692572030682186e+01 1.450722337324322986e+01 7.814197557258487636e-01 3.681439999999999824e+00 2.619078616167039581e+04 4.209683659226744895e-03
3.189811399344208098e+00 8.640165018704239586e+00 1.249993199562974944e+00 8.422070312734803582e-03 4.330692572030682186e+01 1.450722315706875953e+01 7.814197706270099575e-01 3.681439999999999824e+00 2.619078616167039581e+04 4.209683659226744895e-03
3.189811399344208098e+00 8.640165018704239586e+00 1.249993199562974944e+00 8.422070312734803582e-03 4.330692572030682186e+01 1.450722315706875953e+01 7.814197557258487636e-01 3.681439999999999824e+00 2.619078655194352177e+04 4.209683659226744895e-03
3.189811399344208098e+00 8.640165018704239586e+00 1.249993199562974944e+00 8.422070312734803582e-03 4.330692572030682186e+01 1.450722315706875953e+01 7.814197557258487636e-01 3.681439999999999824e+00 2.619078616167039581e+04 4.209698560387938743e-03
3.190020560849106790e+00 8.643282314472902073e+00 1.250294663639767823e+00 4.685511368367733728e-03 4.330694296428526968e+01 1.450597394359021486e+01 7.812865085019163880e-01 3.681439999999999824e+00 2.619072654023028736e+04 4.212096826693744953e-03
3.190020608384117384e+00 8.643282314472902073e+00 1.250294663639767823e+00 4.685511368367733728e-03 4.330694296428526968e+01 1.450597394359021486e+01 7.812865085019163880e-01 3.681439999999999824e+00 2.619072654023028736e+04 4.212096826693744953e-03
3.190020560849106790e+00 8.643282443267844783e+00 1.250294663639767823e+00 4.685511368367733728e-03 4.330694296428526968e+01 1.450597394359021486e+01 7.812865085019163880e-01 3.681439999999999824e+00 2.619072654023028736e+04 4.212096826693744953e-03
3.190020560849106790e+00 8.643282314472902073e+00 1.250294682270610247e+00 4.685511368367733728e-03 4.330694296428526968e+01 1.450597394359021486e+01 7.812865085019163880e-01 3.681439999999999824e+00 2.619072654023028736e+04 4.212096826693744953e-03
3.190020560849106790e+00 8.643282314472902073e+00 1.250294663639767823e+00 4.685526269528927576e-03 4.330694296428526968e+01 1.450597394359021486e+01 7.812865085019163880e-01 3.681439999999999824e+00 2.619072654023028736e+04 4.212096826693744953e-03
3.190020560849106790e+00 8.643282314472902073e+00 1.250294663639767823e+00 4.685511368367733728e-03 4.330694360960900724e+01 1.450597394359021486e+01 7.812865085019163880e-01 3.681439999999999824e+00 2.619072654023028736e+04 4.212096826693744953e-03
3.190020560849106790e+00 8.643282314472902073e+00 1.250294663639767823e+00 4.685511368367733728e-03 4.330694296428526968e+01 1.450597415974607074e+01 7.812865085019163880e-01 3.681439999999999824e+00 2.619072654023028736e+04 4.212096826693744953e-03
3.190020560849106790e+00 8.643282314472902073e+00 1.250294663639767823e+00 4.685511368367733728e-03 4.330694296428526968e+01 1.450597394359021486e+01 7.812865234030775818e-01 3.681439999999999824e+00 2.619072654023028736e+04 4.212096826693744953e-03
3.190020560849106790e+00 8.643282314472902073e+00 1.250294663639767823e+00 4.685511368367733728e-03 4.330694296428526968e+01 1.450597394359021486e+01 7.812865085019163880e-01 3.681439999999999824e+00 2.619072693050252565e+04 4.212096826693744953e-03
3.190020560849106790e+00 8.643282314472902073e+00 1.250294663639767823e+00 4.685511368367733728e-03 4.330694296428526968e+01 1.450597394359021486e+01 7.812865085019163880e-01 3.681439999999999824e+00 2.619072654023028736e+04 4.212111727854938800e-03
3.190457365898911490e+00 8.658770115420765023e+00 1.250430093328460890e+00 2.973375983944605803e-03 4.330735953631790380e+01 1.446963302617864677e+01 7.799812787017166293e-01 3.681439999999999824e+00 2.618891113051807042e+04 4.224642462090001487e-03
3.190457413440431100e+00 8.658770115420765023e+00 1.250430093328460890e+00 2.973375983944605803e-03 4.330735953631790380e+01 1.446963302617864677e+01 7.799812787017166293e-01 3.681439999999999824e+00 2.618891113051807042e+04 4.224642462090001487e-03
3.190457365898911490e+00 8.658770244446493791e+00 1.250430093328460890e+00 2.973375983944605803e-03 4.330735953631790380e+01 1.446963302617864677e+01 7.799812787017166293e-01 3.681439999999999824e+00 2.618891113051807042e+04 4.224642462090001487e-03
3.190457365898911490e+00 8.658770115420765023e+00 1.250430111961321256e+00 2.973375983944605803e-03 4.330735953631790380e+01 1.446963302617864677e+01 7.799812787017166293e-01 3.681439999999999824e+00 2.618891113051807042e+04 4.224642462090001487e-03
3.190457365898911490e+00 8.658770115420765023e+00 1.250430093328460890e+00 2.973390885105799651e-03 4.330735953631790380e+01 1.446963302617864677e+01 7.799812787017166293e-01 3.681439999999999824e+00 2.618891113051807042e+04 4.224642462090001487e-03
3.190457365898911490e+00 8.658770115420765023e+00 1.250430093328460890e+00 2.973375983944605803e-03 4.330736018164785150e+01 1.446963302617864677e+01 7.799812787017166293e-01 3.681439999999999824e+00 2.618891113051807042e+04 4.224642462090001487e-03
3.190457365898911490e+00 8.658770115420765023e+00 1.250430093328460890e+00 2.973375983944605803e-03 4.330735953631790380e+01 1.446963324179298027e+01 7.799812787017166293e-01 3.681439999999999824e+00 2.618891113051807042e+04 4.224642462090001487e-03
3.190457365898911490e+00 8.658770115420765023e+00 1.250430093328460890e+00 2.973375983944605803e-03 4.330735953631790380e+01 1.446963302617864677e+01 7.799812936028778232e-01 3.681439999999999824e+00 2.618891113051807042e+04 4.224642462090001487e-03
3.190457365898911490e+00 8.658770115420765023e+00 1.250430093328460890e+00 2.973375983944605803e-03 4.330735953631790380e+01 1.446963302617864677e+01 7.799812787017166293e-01 3.681439999999999824e+00 2.618891152076325670e+04 4.224642462090001487e-03
3.190457365898911490e+00 8.658770115420765023e+00 1.250430093328460890e+00 2.973375983944605803e-03 4.330735953631790380e+01 1.446963302617864677e+01 7.799812787017166293e-01 3.681439999999999824e+00 2.618891113051807042e+04 4.224657363251195334e-03
3.190671228294581052e+00 8.663173343388836045e+00 1.250588890384060736e+00 3.509338826578942746e-03 4.330737745200418232e+01 1.446847168690606722e+01 7.796773892629186298e-01 3.681439999999999824e+00 2.618885252780928204e+04 4.227929327463770572e-03
3.190671275839287446e+00 8.663173343388836045e+00 1.250588890384060736e+00 3.509338826578942746e-03 4.330737745200418232e+01 1.446847168690606722e+01 7.796773892629186298e-01 3.681439999999999824e+00 2.618885252780928204e+04 4.227929327463770572e-03
3.190671228294581052e+00 8.663173472480178106e+00 1.250588890384060736e+00 3.509338826578942746e-03 4.330737745200418232e+01 1.446847168690606722e+01 7.796773892629186298e-01 3.681439999999999824e+00 2.618885252780928204e+04 4.227929327463770572e-03
3.190671228294581052e+00 8.663173343388836045e+00 1.250588909019287431e+00 3.509338826578942746e-03 4.330737745200418232e+01 1.446847168690606722e+01 7.796773892629186298e-01 3.681439999999999824e+00 2.618885252780928204e+04 4.227929327463770572e-03
3.190671228294581052e+00 8.663173343388836045e+00 1.250588890384060736e+00 3.509353727740136594e-03 4.330737745200418232e+01 1.446847168690606722e+01 7.796773892629186298e-01 3.681439999999999824e+00 2.618885252780928204e+04 4.227929327463770572e-03
3.190671228294581052e+00 8.663173343388836045e+00 1.250588890384060736e+00 3.509338826578942746e-03 4.330737809733439292e+01 1.446847168690606722e+01 7.796773892629186298e-01 3.681439999999999824e+00 2.618885252780928204e+04 4.227929327463770572e-03
3.190671228294581052e+00 8.663173343388836045e+00 1.250588890384060736e+00 3.509338826578942746e-03 4.330737745200418232e+01 1.446847190250309545e+01 7.796773892629186298e-01 3.681439999999999824e+00 2.618885252780928204e+04 4.227929327463770572e-03
3.190671228294581052e+00 8.663173343388836045e+00 1.250588890384060736e+00 3.509338826578942746e-03 4.330737745200418232e+01 1.446847168690606722e+01 7.796774041640798236e-01 3.681439999999999824e+00 2.618885252780928204e+04 4.227929327463770572e-03
3.190671228294581052e+00 8.663173343388836045e+00 1.250588890384060736e+00 3.509338826578942746e-03 4.330737745200418232e+01 1.446847168690606722e+01 7.796773892629186298e-01 3.681439999999999824e+00 2.618885291805359520e+04 4.227929327463770572e-03
3.190671228294581052e+00 8.663173343388836045e+00 1.250588890384060736e+00 3.509338826578942746e-03 4.330737745200418232e+01 1.446847168690606722e+01 7.796773892629186298e-01 3.681439999999999824e+00 2.618885252780928204e+04 4.227944228624964419e-03
3.190880565370947775e+00 8.670512062327910385e+00 1.250721025915527251e+00 3.348584132105857005e-03 4.330755025044706485e+01 1.445994971810465834e+01 7.789425655493460443e-01 3.681439999999999824e+00 2.618842998659358636e+04 4.233789634869159803e-03
3.190721239058717629e+00 8.665503057787034891e+00 1.250643700280592352e+00 3.472833252054103106e-03 4.330743201779686302e+01 1.446653854883341062e+01 7.796481363486277294e-01 3.681439999999999824e+00 2.618876337994329879e+04 4.228992666301766359e-03
3.190721286604169205e+00 8.665503057787034891e+00 1.250643700280592352e+00 3.472833252054103106e-03 4.330743201779686302e+01 1.446653854883341062e+01 7.796481363486277294e-01 3.681439999999999824e+00 2.618876337994329879e+04 4.228992666301766359e-03
3.190721239058717629e+00 8.665503186913092293e+00 1.250643700280592352e+00 3.472833252054103106e-03 4.330743201779686302e+01 1.446653854883341062e+01 7.796481363486277294e-01 3.681439999999999824e+00 2.618876337994329879e+04 4.228992666301766359e-03
3.190721239058717629e+00 8.665503057787034891e+00 1.250643718916635727e+00 3.472833252054103106e-03 4.330743201779686302e+01 1.446653854883341062e+01 7.796481363486277294e-01 3.681439999999999824e+00 2.618876337994329879e+04 4.228992666301766359e-03
3.190721239058717629e+00 8.665503057787034891e+00 1.250643700280592352e+00 3.472848153215296954e-03 4.330743201779686302e+01 1.446653854883341062e+01 7.796481363486277294e-01 3.681439999999999824e+00 2.618876337994329879e+04 4.228992666301766359e-03
3.190721239058717629e+00 8.665503057787034891e+00 1.250643700280592352e+00 3.472833252054103106e-03 4.330743266312789075e+01 1.446653854883341062e+01 7.796481363486277294e-01 3.681439999999999824e+00 2.618876337994329879e+04 4.228992666301766359e-03
3.190721239058717629e+00 8.665503057787034891e+00 1.250643700280592352e+00 3.472833252054103106e-03 4.330743201779686302e+01 1.446653876440163344e+01 7.796481363486277294e-01 3.681439999999999824e+00 2.618876337994329879e+04 4.228992666301766359e-03
3.190721239058717629e+00 8.665503057787034891e+00 1.250643700280592352e+00 3.472833252054103106e-03 4.330743201779686302e+01 1.446653854883341062e+01 7.796481512497889232e-01 3.681439999999999824e+00 2.618876337994329879e+04 4.228992666301766359e-03
3.190721239058717629e+00 8.665503057787034891e+00 1.250643700280592352e+00 3.472833252054103106e-03 4.330743201779686302e+01 1.446653854883341062e+01 7.796481363486277294e-01 3.681439999999999824e+00 2.618876377018628409e+04 4.228992666301766359e-03
3.190721239058717629e+00 8.665503057787034891e+00 1.250643700280592352e+00 3.472833252054103106e-03 4.330743201779686302e+01 1.446653854883341062e+01 7.796481363486277294e-01 3.681439999999999824e+00 2.618876337994329879e+04 4.229007567462960207e-03
3.191080262658799960e+00 8.676323266782775434e+00 1.250838396287977217e+00 3.339192587593881913e-03 4.330746580075054908e+01 1.446299307567560710e+01 7.782155797827814414e-01 3.681439999999999824e+00 2.618857730969446129e+04 4.239501217866032193e-03
3.190837997216275035e+00 8.669165599410048273e+00 1.250694833776160531e+00 3.447505546964416915e-03 4.330744299029608158e+01 1.446587438110127621e+01 7.792312610652983862e-01 3.681439999999999824e+00 2.618873030875360200e+04 4.233007922432388721e-03
3.190752483417579999e+00 8.666588692430945429e+00 1.250650268293193035e+00 3.467240260177950704e-03 4.330743520770707988e+01 1.446639163075007950e+01 7.795723285115818690e-01 3.681439999999999824e+00 2.618875629055764512e+04 4.230483759633256631e-03
3.190752530963496980e+00 8.666588692430945429e+00 1.250650268293193035e+00 3.467240260177950704e-03 4.330743520770707988e+01 1.446639163075007950e+01 7.795723285115818690e-01 3.681439999999999824e+00 2.618875629055764512e+04 4.230483759633256631e-03
3.190752483417579999e+00 8.666588821573180113e+00 1.250650268293193035e+00 3.467240260177950704e-03 4.330743520770707988e+01 1.446639163075007950e+01 7.795723285115818690e-01 3.681439999999999824e+00 2.618875629055764512e+04 4.230483759633256631e-03
3.190752483417579999e+00 8.666588692430945429e+00 1.250650286929334332e+00 3.467240260177950704e-03 4.330743520770707988e+01 1.446639163075007950e+01 7.795723285115818690e-01 3.681439999999999824e+00 2.618875629055764512e+04 4.230483759633256631e-03
3.190752483417579999e+00 8.666588692430945429e+00 1.250650268293193035e+00 3.467255161339144551e-03 4.330743520770707988e+01 1.446639163075007950e+01 7.795723285115818690e-01 3.681439999999999824e+00 2.618875629055764512e+04 4.230483759633256631e-03
3.190752483417579999e+00 8.666588692430945429e+00 1.250650268293193035e+00 3.467240260177950704e-03 4.330743585303815024e+01 1.446639163075007950e+01 7.795723285115818690e-01 3.681439999999999824e+00 2.618875629055764512e+04 4.230483759633256631e-03
3.190752483417579999e+00 8.666588692430945429e+00 1.250650268293193035e+00 3.467240260177950704e-03 4.330743520770707988e+01 1.446639184631611386e+01 7.795723285115818690e-01 3.681439999999999824e+00 2.618875629055764512e+04 4.230483759633256631e-03
3.190752483417579999e+00 8.666588692430945429e+00 1.250650268293193035e+00 3.467240260177950704e-03 4.330743520770707988e+01 1.446639163075007950e+01 7.795723434127430629e-01 3.681439999999999824e+00 2.618875629055764512e+04 4.230483759633256631e-03
3.190752483417579999e+00 8.666588692430945429e+00 1.250650268293193035e+00 3.467240260177950704e-03 4.330743520770707988e+01 1.446639163075007950e+01 7.795723285115818690e-01 3.681439999999999824e+00 2.618875668080052492e+04 4.230483759633256631e-03
3.190752483417579999e+00 8.666588692430945429e+00 1.250650268293193035e+00 3.467240260177950704e-03 4.330743520770707988e+01 1.446639163075007950e+01 7.795723285115818690e-01 3.681439999999999824e+00 2.618875629055764512e+04 4.230498660794450479e-03
3.190787117302331222e+00 8.667586837041168835e+00 1.250668104763876576e+00 3.461598144592806670e-03 4.330743805180016892e+01 1.446623653151271860e+01 7.794771765365079430e-01 3.681439999999999824e+00 2.618874905855994439e+04 4.231445269090375327e-03
3.190787164848764235e+00 8.667586837041168835e+00 1.250668104763876576e+00 3.461598144592806670e-03 4.330743805180016892e+01 1.446623653151271860e+01 7.794771765365079430e-01 3.681439999999999824e+00 2.618874905855994439e+04 4.231445269090375327e-03
3.190787117302331222e+00 8.667586966198276954e+00 1.250668104763876576e+00 3.461598144592806670e-03 4.330743805180016892e+01 1.446623653151271860e+01 7.794771765365079430e-01 3.681439999999999824e+00 2.618874905855994439e+04 4.231445269090375327e-03
3.190787117302331222e+00 8.667586837041168835e+00 1.250668123400283660e+00 3.461598144592806670e-03 4.330743805180016892e+01 1.446623653151271860e+01 7.794771765365079430e-01 3.681439999999999824e+00 2.618874905855994439e+04 4.231445269090375327e-03
3.190787117302331222e+00 8.667586837041168835e+00 1.250668104763876576e+00 3.461613045754000518e-03 4.330743805180016892e+01 1.446623653151271860e+01 7.794771765365079430e-01 3.681439999999999824e+00 2.618874905855994439e+04 4.231445269090375327e-03
3.190787117302331222e+00 8.667586837041168835e+00 1.250668104763876576e+00 3.461598144592806670e-03 4.330743869713128191e+01 1.446623653151271860e+01 7.794771765365079430e-01 3.681439999999999824e+00 2.618874905855994439e+04 4.231445269090375327e-03
3.190787117302331222e+00 8.667586837041168835e+00 1.250668104763876576e+00 3.461598144592806670e-03 4.330743805180016892e+01 1.446623674707644014e+01 7.794771765365079430e-01 3.681439999999999824e+00 2.618874905855994439e+04 4.231445269090375327e-03
3.190787117302331222e+00 8.667586837041168835e+00 1.250668104763876576e+00 3.461598144592806670e-03 4.330743805180016892e+01 1.446623653151271860e+01 7.794771914376691369e-01 3.681439999999999824e+00 2.618874905855994439e+04 4.231445269090375327e-03
3.190787117302331222e+00 8.667586837041168835e+00 1.250668104763876576e+00 3.461598144592806670e-03 4.330743805180016892e+01 1.446623653151271860e+01 7.794771765365079430e-01 3.681439999999999824e+00 2.618874944880271505e+04 4.231445269090375327e-03
3.190787117302331222e+00 8.667586837041168835e+00 1.250668104763876576e+00 3.461598144592806670e-03 4.330743805180016892e+01 1.446623653151271860e+01 7.794771765365079430e-01 3.681439999999999824e+00 2.618874905855994439e+04 4.231460170251569175e-03
3.190831664706748505e+00 8.668588531581825407e+00 1.250692881013472091e+00 3.458730508328281515e-03 4.330744123714406157e+01 1.446607940675510129e+01 7.793780696558618715e-01 3.681439999999999824e+00 2.618874168759898384e+04 4.232308934978065186e-03
3.190831712253845431e+00 8.668588531581825407e+00 1.250692881013472091e+00 3.458730508328281515e-03 4.330744123714406157e+01 1.446607940675510129e+01 7.793780696558618715e-01 3.681439999999999824e+00 2.618874168759898384e+04 4.232308934978065186e-03
3.190831664706748505e+00 8.668588660753860253e+00 1.250692881013472091e+00 3.458730508328281515e-03 4.330744123714406157e+01 1.446607940675510129e+01 7.793780696558618715e-01 3.681439999999999824e+00 2.618874168759898384e+04 4.232308934978065186e-03
3.190831664706748505e+00 8.668588531581825407e+00 1.250692899650248213e+00 3.458730508328281515e-03 4.330744123714406157e+01 1.446607940675510129e+01 7.793780696558618715e-01 3.681439999999999824e+00 2.618874168759898384e+04 4.232308934978065186e-03
3.190831664706748505e+00 8.668588531581825407e+00 1.250692881013472091e+00 3.458745409489475363e-03 4.330744123714406157e+01 1.446607940675510129e+01 7.793780696558618715e-01 3.681439999999999824e+00 2.618874168759898384e+04 4.232308934978065186e-03
3.190831664706748505e+00 8.668588531581825407e+00 1.250692881013472091e+00 3.458730508328281515e-03 4.330744188247522430e+01 1.446607940675510129e+01 7.793780696558618715e-01 3.681439999999999824e+00 2.618874168759898384e+04 4.232308934978065186e-03
3.190831664706748505e+00 8.668588531581825407e+00 1.250692881013472091e+00 3.458730508328281515e-03 4.330744123714406157e+01 1.446607962231648159e+01 7.793780696558618715e-01 3.681439999999999824e+00 2.618874168759898384e+04 4.232308934978065186e-03
3.190831664706748505e+00 8.668588531581825407e+00 1.250692881013472091e+00 3.458730508328281515e-03 4.330744123714406157e+01 1.446607940675510129e+01 7.793780845570230653e-01 3.681439999999999824e+00 2.618874168759898384e+04 4.232308934978065186e-03
3.190831664706748505e+00 8.668588531581825407e+00 1.250692881013472091e+00 3.458730508328281515e-03 4.330744123714406157e+01 1.446607940675510129e+01 7.793780696558618715e-01 3.681439999999999824e+00 2.618874207784164537e+04 4.232308934978065186e-03
3.190831664706748505e+00 8.668588531581825407e+00 1.250692881013472091e+00 3.458730508328281515e-03 4.330744123714406157e+01 1.446607940675510129e+01 7.793780696558618715e-01 3.681439999999999824e+00 2.618874168759898384e+04 4.232323836139259034e-03
3.190849631980483103e+00 8.669101820299831118e+00 1.250726098488007310e+00 3.440918384422606002e-03 4.330745273499764636e+01 1.446561198864615072e+01 7.792878456075285065e-01 3.681439999999999824e+00 2.618871946929732803e+04 4.232214466088502630e-03
3.190849679527847815e+00 8.669101820299831118e+00 1.250726098488007310e+00 3.440918384422606002e-03 4.330745273499764636e+01 1.446561198864615072e+01 7.792878456075285065e-01 3.681439999999999824e+00 2.618871946929732803e+04 4.232214466088502630e-03
3.190849631980483103e+00 8.669101949479514957e+00 1.250726098488007310e+00 3.440918384422606002e-03 4.330745273499764636e+01 1.446561198864615072e+01 7.792878456075285065e-01 3.681439999999999824e+00 2.618871946929732803e+04 4.232214466088502630e-03
3.190849631980483103e+00 8.669101820299831118e+00 1.250726117125278591e+00 3.440918384422606002e-03 4.330745273499764636e+01 1.446561198864615072e+01 7.792878456075285065e-01 3.681439999999999824e+00 2.618871946929732803e+04 4.232214466088502630e-03
3.190849631980483103e+00 8.669101820299831118e+00 1.250726098488007310e+00 3.440933285583799850e-03 4.330745273499764636e+01 1.446561198864615072e+01 7.792878456075285065e-01 3.681439999999999824e+00 2.618871946929732803e+04 4.232214466088502630e-03
3.190849631980483103e+00 8.669101820299831118e+00 1.250726098488007310e+00 3.440918384422606002e-03 4.330745338032897962e+01 1.446561198864615072e+01 7.792878456075285065e-01 3.681439999999999824e+00 2.618871946929732803e+04 4.232214466088502630e-03
3.190849631980483103e+00 8.669101820299831118e+00 1.250726098488007310e+00 3.440918384422606002e-03 4.330745273499764636e+01 1.446561220420056593e+01 7.792878456075285065e-01 3.681439999999999824e+00 2.618871946929732803e+04 4.232214466088502630e-03
3.190849631980483103e+00 8.669101820299831118e+00 1.250726098488007310e+00 3.440918384422606002e-03 4.330745273499764636e+01 1.446561198864615072e+01 7.792878605086897004e-01 3.681439999999999824e+00 2.618871946929732803e+04 4.232214466088502630e-03
3.190849631980483103e+00 8.669101820299831118e+00 1.250726098488007310e+00 3.440918384422606002e-03 4.330745273499764636e+01 1.446561198864615072e+01 7.792878456075285065e-01 3.681439999999999824e+00 2.618871985953965850e+04 4.232214466088502630e-03
3.190849631980483103e+00 8.669101820299831118e+00 1.250726098488007310e+00 3.440918384422606002e-03 4.330745273499764636e+01 1.446561198864615072e+01 7.792878456075285065e-01 3.681439999999999824e+00 2.618871946929732803e+04 4.232229367249696478e-03
3.190914245555536155e+00 8.671147846219970035e+00 1.250753093516607573e+00 3.435088902112045425e-03 4.330745883320200562e+01 1.446530513184875844e+01 7.790927740378176258e-01 3.681439999999999824e+00 2.618870419399081220e+04 4.234488209908399484e-03
3.190914293103863653e+00 8.671147846219970035e+00 1.250753093516607573e+00 3.435088902112045425e-03 4.330745883320200562e+01 1.446530513184875844e+01 7.790927740378176258e-01 3.681439999999999824e+00 2.618870419399081220e+04 4.234488209908399484e-03
3.190914245555536155e+00 8.671147975430141486e+00 1.250753093516607573e+00 3.435088902112045425e-03 4.330745883320200562e+01 1.446530513184875844e+01 7.790927740378176258e-01 3.681439999999999824e+00 2.618870419399081220e+04 4.234488209908399484e-03
3.190914245555536155e+00 8.671147846219970035e+00 1.250753112154280977e+00 3.435088902112045425e-03 4.330745883320200562e+01 1.446530513184875844e+01 7.790927740378176258e-01 3.681439999999999824e+00 2.618870419399081220e+04 4.234488209908399484e-03
3.190914245555536155e+00 8.671147846219970035e+00 1.250753093516607573e+00 3.435103803273239272e-03 4.330745883320200562e+01 1.446530513184875844e+01 7.790927740378176258e-01 3.681439999999999824e+00 2.618870419399081220e+04 4.234488209908399484e-03
3.190914245555536155e+00 8.671147846219970035e+00 1.250753093516607573e+00 3.435088902112045425e-03 4.330745947853343125e+01 1.446530513184875844e+01 7.790927740378176258e-01 3.681439999999999824e+00 2.618870419399081220e+04 4.234488209908399484e-03
3.190914245555536155e+00 8.671147846219970035e+00 1.250753093516607573e+00 3.435088902112045425e-03 4.330745883320200562e+01 1.446530534739860130e+01 7.790927740378176258e-01 3.681439999999999824e+00 2.618870419399081220e+04 4.234488209908399484e-03
3.190914245555536155e+00 8.671147846219970035e+00 1.250753093516607573e+00 3.435088902112045425e-03 4.330745883320200562e+01 1.446530513184875844e+01 7.790927889389788197e-01 3.681439999999999824e+00 2.618870419399081220e+04 4.234488209908399484e-03
3.190914245555536155e+00 8.671147846219970035e+00 1.250753093516607573e+00 3.435088902112045425e-03 4.330745883320200562e+01 1.446530513184875844e+01 7.790927740378176258e-01 3.681439999999999824e+00 2.618870458423291348e+04 4.234488209908399484e-03
3.190914245555536155e+00 8.671147846219970035e+00 1.250753093516607573e+00 3.435088902112045425e-03 4.330745883320200562e+01 1.446530513184875844e+01 7.790927740378176258e-01 3.681439999999999824e+00 2.618870419399081220e+04 4.234503111069593331e-03
3.190953244577317438e+00 8.671735725570787423e+00 1.250786732551781189e+00 3.433925953110551852e-03 4.330746089569306179e+01 1.446524100940397872e+01 7.790670320197600196e-01 3.681439999999999824e+00 2.618870122923737290e+04 4.234462252669581039e-03
3.190953292126226248e+00 8.671735725570787423e+00 1.250786732551781189e+00 3.433925953110551852e-03 4.330746089569306179e+01 1.446524100940397872e+01 7.790670320197600196e-01 3.681439999999999824e+00 2.618870122923737290e+04 4.234462252669581039e-03
3.190953244577317438e+00 8.671735854789719866e+00 1.250786732551781189e+00 3.433925953110551852e-03 4.330746089569306179e+01 1.446524100940397872e+01 7.790670320197600196e-01 3.681439999999999824e+00 2.618870122923737290e+04 4.234462252669581039e-03
3.190953244577317438e+00 8.671735725570787423e+00 1.250786751189955970e+00 3.433925953110551852e-03 4.330746089569306179e+01 1.446524100940397872e+01 7.790670320197600196e-01 3.681439999999999824e+00 2.618870122923737290e+04 4.234462252669581039e-03
3.190953244577317438e+00 8.671735725570787423e+00 1.250786732551781189e+00 3.433940854271745700e-03 4.330746089569306179e+01 1.446524100940397872e+01 7.790670320197600196e-01 3.681439999999999824e+00 2.618870122923737290e+04 4.234462252669581039e-03
3.190953244577317438e+00 8.671735725570787423e+00 1.250786732551781189e+00 3.433925953110551852e-03 4.330746154102451584e+01 1.446524100940397872e+01 7.790670320197600196e-01 3.681439999999999824e+00 2.618870122923737290e+04 4.234462252669581039e-03
3.190953244577317438e+00 8.671735725570787423e+00 1.250786732551781189e+00 3.433925953110551852e-03 4.330746089569306179e+01 1.446524122495286591e+01 7.790670320197600196e-01 3.681439999999999824e+00 2.618870122923737290e+04 4.234462252669581039e-03
3.190953244577317438e+00 8.671735725570787423e+00 1.250786732551781189e+00 3.433925953110551852e-03 4.330746089569306179e+01 1.446524100940397872e+01 7.790670469209212134e-01 3.681439999999999824e+00 2.618870122923737290e+04 4.234462252669581039e-03
3.190953244577317438e+00 8.671735725570787423e+00 1.250786732551781189e+00 3.433925953110551852e-03 4.330746089569306179e+01 1.446524100940397872e+01 7.790670320197600196e-01 3.681439999999999824e+00 2.618870161947943052e+04 4.234462252669581039e-03
3.190953244577317438e+00 8.671735725570787423e+00 1.250786732551781189e+00 3.433925953110551852e-03 4.330746089569306179e+01 1.446524100940397872e+01 7.790670320197600196e-01 3.681439999999999824e+00 2.618870122923737290e+04 4.234477153830774887e-03
3.190956599615786704e+00 8.672020263002901075e+00 1.250806225632781432e+00 3.429301227020676614e-03 4.330777338099366602e+01 1.446499657522854321e+01 7.790262062878110516e-01 3.681439999999999824e+00 2.618870122879507107e+04 4.234458324312375538e-03
3.190956647164745252e+00 8.672020263002901075e+00 1.250806225632781432e+00 3.429301227020676614e-03 4.330777338099366602e+01 1.446499657522854321e+01 7.790262062878110516e-01 3.681439999999999824e+00 2.618870122879507107e+04 4.234458324312375538e-03
3.190956599615786704e+00 8.672020392226073682e+00 1.250806225632781432e+00 3.429301227020676614e-03 4.330777338099366602e+01 1.446499657522854321e+01 7.790262062878110516e-01 3.681439999999999824e+00 2.618870122879507107e+04 4.234458324312375538e-03
3.190956599615786704e+00 8.672020263002901075e+00 1.250806244271246648e+00 3.429301227020676614e-03 4.330777338099366602e+01 1.446499657522854321e+01 7.790262062878110516e-01 3.681439999999999824e+00 2.618870122879507107e+04 4.234458324312375538e-03
3.190956599615786704e+00 8.672020263002901075e+00 1.250806225632781432e+00 3.429316128181870461e-03 4.330777338099366602e+01 1.446499657522854321e+01 7.790262062878110516e-01 3.681439999999999824e+00 2.618870122879507107e+04 4.234458324312375538e-03
3.190956599615786704e+00 8.672020263002901075e+00 1.250806225632781432e+00 3.429301227020676614e-03 4.330777402632978124e+01 1.446499657522854321e+01 7.790262062878110516e-01 3.681439999999999824e+00 2.618870122879507107e+04 4.234458324312375538e-03
3.190956599615786704e+00 8.672020263002901075e+00 1.250806225632781432e+00 3.429301227020676614e-03 4.330777338099366602e+01 1.446499679077378886e+01 7.790262062878110516e-01 3.681439999999999824e+00 2.618870122879507107e+04 4.234458324312375538e-03
3.190956599615786704e+00 8.672020263002901075e+00 1.250806225632781432e+00 3.429301227020676614e-03 4.330777338099366602e+01 1.446499657522854321e+01 7.790262211889722455e-01 3.681439999999999824e+00 2.618870122879507107e+04 4.234458324312375538e-03
3.190956599615786704e+00 8.672020263002901075e+00 1.250806225632781432e+00 3.429301227020676614e-03 4.330777338099366602e+01 1.446499657522854321e+01 7.790262062878110516e-01 3.681439999999999824e+00 2.618870161903712869e+04 4.234458324312375538e-03
3.190956599615786704e+00 8.672020263002901075e+00 1.250806225632781432e+00 3.429301227020676614e-03 4.330777338099366602e+01 1.446499657522854321e+01 7.790262062878110516e-01 3.681439999999999824e+00 2.618870122879507107e+04 4.234473225473569385e-03
3.190972168046030344e+00 8.672580330667390314e+00 1.250827245081304717e+00 3.412194946293136636e-03 4.330835216961524736e+01 1.446454315758733600e+01 7.789217307061260254e-01 3.681439999999999824e+00 2.618867954564550382e+04 4.235014800902992850e-03
3.190972215595221151e+00 8.672580330667390314e+00 1.250827245081304717e+00 3.412194946293136636e-03 4.330835216961524736e+01 1.446454315758733600e+01 7.789217307061260254e-01 3.681439999999999824e+00 2.618867954564550382e+04 4.235014800902992850e-03
3.190972168046030344e+00 8.672580459898908245e+00 1.250827245081304717e+00 3.412194946293136636e-03 4.330835216961524736e+01 1.446454315758733600e+01 7.789217307061260254e-01 3.681439999999999824e+00 2.618867954564550382e+04 4.235014800902992850e-03
3.190972168046030344e+00 8.672580330667390314e+00 1.250827263720083016e+00 3.412194946293136636e-03 4.330835216961524736e+01 1.446454315758733600e+01 7.789217307061260254e-01 3.681439999999999824e+00 2.618867954564550382e+04 4.235014800902992850e-03
3.190972168046030344e+00 8.672580330667390314e+00 1.250827245081304717e+00 3.412209847454330484e-03 4.330835216961524736e+01 1.446454315758733600e+01 7.789217307061260254e-01 3.681439999999999824e+00 2.618867954564550382e+04 4.235014800902992850e-03
3.190972168046030344e+00 8.672580330667390314e+00 1.250827245081304717e+00 3.412194946293136636e-03 4.330835281495998146e+01 1.446454315758733600e+01 7.789217307061260254e-01 3.681439999999999824e+00 2.618867954564550382e+04 4.235014800902992850e-03
3.190972168046030344e+00 8.672580330667390314e+00 1.250827245081304717e+00 3.412194946293136636e-03 4.330835216961524736e+01 1.446454337312582439e+01 7.789217307061260254e-01 3.681439999999999824e+00 2.618867954564550382e+04 4.235014800902992850e-03
3.190972168046030344e+00 8.672580330667390314e+00 1.250827245081304717e+00 3.412194946293136636e-03 4.330835216961524736e+01 1.446454315758733600e+01 7.789217456072872192e-01 3.681439999999999824e+00 2.618867954564550382e+04 4.235014800902992850e-03
3.190972168046030344e+00 8.672580330667390314e+00 1.250827245081304717e+00 3.412194946293136636e-03 4.330835216961524736e+01 1.446454315758733600e+01 7.789217307061260254e-01 3.681439999999999824e+00 2.618867993588723766e+04 4.235014800902992850e-03
3.190972168046030344e+00 8.672580330667390314e+00 1.250827245081304717e+00 3.412194946293136636e-03 4.330835216961524736e+01 1.446454315758733600e+01 7.789217307061260254e-01 3.681439999999999824e+00 2.618867954564550382e+04 4.235029702064186698e-03
3.191123532531635831e+00 8.677045593879469720e+00 1.250961468191894133e+00 3.390939391384568784e-03 4.330836564640478770e+01 1.446398220804727686e+01 7.786457297329602012e-01 3.681439999999999824e+00 2.618865126126322866e+04 4.239303577128521010e-03
3.191012979907607239e+00 8.673778869314487494e+00 1.250845407578087043e+00 3.407556181049126165e-03 4.330835575921278036e+01 1.446442056286870326e+01 7.788688599463675644e-01 3.681439999999999824e+00 2.618867356468574144e+04 4.236204125565842804e-03
3.191013027457406004e+00 8.673778869314487494e+00 1.250845407578087043e+00 3.407556181049126165e-03 4.330835575921278036e+01 1.446442056286870326e+01 7.788688599463675644e-01 3.681439999999999824e+00 2.618867356468574144e+04 4.236204125565842804e-03
3.191012979907607239e+00 8.673778998563864917e+00 1.250845407578087043e+00 3.407556181049126165e-03 4.330835575921278036e+01 1.446442056286870326e+01 7.788688599463675644e-01 3.681439999999999824e+00 2.618867356468574144e+04 4.236204125565842804e-03
3.191012979907607239e+00 8.673778869314487494e+00 1.250845426217136014e+00 3.407556181049126165e-03 4.330835575921278036e+01 1.446442056286870326e+01 7.788688599463675644e-01 3.681439999999999824e+00 2.618867356468574144e+04 4.236204125565842804e-03
3.191012979907607239e+00 8.673778869314487494e+00 1.250845407578087043e+00 3.407571082210320013e-03 4.330835575921278036e+01 1.446442056286870326e+01 7.788688599463675644e-01 3.681439999999999824e+00 2.618867356468574144e+04 4.236204125565842804e-03
3.191012979907607239e+00 8.673778869314487494e+00 1.250845407578087043e+00 3.407556181049126165e-03 4.330835640455757130e+01 1.446442056286870326e+01 7.788688599463675644e-01 3.681439999999999824e+00 2.618867356468574144e+04 4.236204125565842804e-03
3.191012979907607239e+00 8.673778869314487494e+00 1.250845407578087043e+00 3.407556181049126165e-03 4.330835575921278036e+01 1.446442077840536555e+01 7.788688599463675644e-01 3.681439999999999824e+00 2.618867356468574144e+04 4.236204125565842804e-03
3.191012979907607239e+00 8.673778869314487494e+00 1.250845407578087043e+00 3.407556181049126165e-03 4.330835575921278036e+01 1.446442056286870326e+01 7.788688748475287582e-01 3.681439999999999824e+00 2.618867356468574144e+04 4.236204125565842804e-03
3.191012979907607239e+00 8.673778869314487494e+00 1.250845407578087043e+00 3.407556181049126165e-03 4.330835575921278036e+01 1.446442056286870326e+01 7.788688599463675644e-01 3.681439999999999824e+00 2.618867395492738797e+04 4.236204125565842804e-03
3.191012979907607239e+00 8.673778869314487494e+00 1.250845407578087043e+00 3.407556181049126165e-03 4.330835575921278036e+01 1.446442056286870326e+01 7.788688599463675644e-01 3.681439999999999824e+00 2.618867356468574144e+04 4.236219026727036652e-03
3.191031366255453694e+00 8.674347522657125609e+00 1.250859433020218958e+00 3.398849232473218854e-03 4.330891970241382438e+01 1.446393639451057034e+01 7.787341916513462747e-01 3.681439999999999824e+00 2.618867356383661900e+04 4.236549039905078418e-03
3.191031413805526462e+00 8.674347522657125609e+00 1.250859433020218958e+00 3.398849232473218854e-03 4.330891970241382438e+01 1.446393639451057034e+01 7.787341916513462747e-01 3.681439999999999824e+00 2.618867356383661900e+04 4.236549039905078418e-03
3.191031366255453694e+00 8.674347651914976254e+00 1.250859433020218958e+00 3.398849232473218854e-03 4.330891970241382438e+01 1.446393639451057034e+01 7.787341916513462747e-01 3.681439999999999824e+00 2.618867356383661900e+04 4.236549039905078418e-03
3.191031366255453694e+00 8.674347522657125609e+00 1.250859451659477095e+00 3.398849232473218854e-03 4.330891970241382438e+01 1.446393639451057034e+01 7.787341916513462747e-01 3.681439999999999824e+00 2.618867356383661900e+04 4.236549039905078418e-03
3.191031366255453694e+00 8.674347522657125609e+00 1.250859433020218958e+00 3.398864133634412702e-03 4.330891970241382438e+01 1.446393639451057034e+01 7.787341916513462747e-01 3.681439999999999824e+00 2.618867356383661900e+04 4.236549039905078418e-03
3.191031366255453694e+00 8.674347522657125609e+00 1.250859433020218958e+00 3.398849232473218854e-03 4.330892034776702104e+01 1.446393639451057034e+01 7.787341916513462747e-01 3.681439999999999824e+00 2.618867356383661900e+04 4.236549039905078418e-03
3.191031366255453694e+00 8.674347522657125609e+00 1.250859433020218958e+00 3.398849232473218854e-03 4.330891970241382438e+01 1.446393661004001885e+01 7.787341916513462747e-01 3.681439999999999824e+00 2.618867356383661900e+04 4.236549039905078418e-03
3.191031366255453694e+00 8.674347522657125609e+00 1.250859433020218958e+00 3.398849232473218854e-03 4.330891970241382438e+01 1.446393639451057034e+01 7.787342065525074686e-01 3.681439999999999824e+00 2.618867356383661900e+04 4.236549039905078418e-03
3.191031366255453694e+00 8.674347522657125609e+00 1.250859433020218958e+00 3.398849232473218854e-03 4.330891970241382438e+01 1.446393639451057034e+01 7.787341916513462747e-01 3.681439999999999824e+00 2.618867395407826552e+04 4.236549039905078418e-03
3.191031366255453694e+00 8.674347522657125609e+00 1.250859433020218958e+00 3.398849232473218854e-03 4.330891970241382438e+01 1.446393639451057034e+01 7.787341916513462747e-01 3.681439999999999824e+00 2.618867356383661900e+04 4.236563941066272265e-03
3.191128853301128832e+00 8.676688482851650619e+00 1.250904523811730451e+00 3.393966131452286986e-03 4.330892711738864165e+01 1.446366941925042759e+01 7.786087323159831541e-01 3.681439999999999824e+00 2.618866090174110650e+04 4.238809670160026931e-03
3.191059185335789028e+00 8.674969324641642388e+00 1.250875281972469333e+00 3.397740806293333537e-03 4.330892168266195341e+01 1.446387552412614319e+01 7.787206785280951227e-01 3.681439999999999824e+00 2.618867074286816933e+04 4.237076777901158629e-03
3.191059232886276131e+00 8.674969324641642388e+00 1.250875281972469333e+00 3.397740806293333537e-03 4.330892168266195341e+01 1.446387552412614319e+01 7.787206785280951227e-01 3.681439999999999824e+00 2.618867074286816933e+04 4.237076777901158629e-03
3.191059185335789028e+00 8.674969453908758510e+00 1.250875281972469333e+00 3.397740806293333537e-03 4.330892168266195341e+01 1.446387552412614319e+01 7.787206785280951227e-01 3.681439999999999824e+00 2.618867074286816933e+04 4.237076777901158629e-03
3.191059185335789028e+00 8.674969324641642388e+00 1.250875300611963503e+00 3.397740806293333537e-03 4.330892168266195341e+01 1.446387552412614319e+01 7.787206785280951227e-01 3.681439999999999824e+00 2.618867074286816933e+04 4.237076777901158629e-03
3.191059185335789028e+00 8.674969324641642388e+00 1.250875281972469333e+00 3.397755707454527384e-03 4.330892168266195341e+01 1.446387552412614319e+01 7.787206785280951227e-01 3.681439999999999824e+00 2.618867074286816933e+04 4.237076777901158629e-03
3.191059185335789028e+00 8.674969324641642388e+00 1.250875281972469333e+00 3.397740806293333537e-03 4.330892232801517849e+01 1.446387552412614319e+01 7.787206785280951227e-01 3.681439999999999824e+00 2.618867074286816933e+04 4.237076777901158629e-03
3.191059185335789028e+00 8.674969324641642388e+00 1.250875281972469333e+00 3.397740806293333537e-03 4.330892168266195341e+01 1.446387573965468398e+01 7.787206785280951227e-01 3.681439999999999824e+00 2.618867074286816933e+04 4.237076777901158629e-03
3.191059185335789028e+00 8.674969324641642388e+00 1.250875281972469333e+00 3.397740806293333537e-03 4.330892168266195341e+01 1.446387552412614319e+01 7.787206934292563165e-01 3.681439999999999824e+00 2.618867074286816933e+04 4.237076777901158629e-03
3.191059185335789028e+00 8.674969324641642388e+00 1.250875281972469333e+00 3.397740806293333537e-03 4.330892168266195341e+01 1.446387552412614319e+01 7.787206785280951227e-01 3.681439999999999824e+00 2.618867113310977220e+04 4.237076777901158629e-03
3.191059185335789028e+00 8.674969324641642388e+00 1.250875281972469333e+00 3.397740806293333537e-03 4.330892168266195341e+01 1.446387552412614319e+01 7.787206785280951227e-01 3.681439999999999824e+00 2.618867074286816933e+04 4.237091679062352477e-03
3.191064472340801927e+00 8.675251019525203944e+00 1.250885087732867662e+00 3.389431884156143739e-03 4.330920291718475568e+01 1.446364507255128906e+01 7.786631822713737661e-01 3.681439999999999824e+00 2.618867074246302218e+04 4.237260833254126793e-03
3.191064519891368079e+00 8.675251019525203944e+00 1.250885087732867662e+00 3.389431884156143739e-03 4.330920291718475568e+01 1.446364507255128906e+01 7.786631822713737661e-01 3.681439999999999824e+00 2.618867074246302218e+04 4.237260833254126793e-03
3.191064472340801927e+00 8.675251148796517597e+00 1.250885087732867662e+00 3.389431884156143739e-03 4.330920291718475568e+01 1.446364507255128906e+01 7.786631822713737661e-01 3.681439999999999824e+00 2.618867074246302218e+04 4.237260833254126793e-03
3.191064472340801927e+00 8.675251019525203944e+00 1.250885106372507938e+00 3.389431884156143739e-03 4.330920291718475568e+01 1.446364507255128906e+01 7.786631822713737661e-01 3.681439999999999824e+00 2.618867074246302218e+04 4.237260833254126793e-03
3.191064472340801927e+00 8.675251019525203944e+00 1.250885087732867662e+00 3.389446785317337587e-03 4.330920291718475568e+01 1.446364507255128906e+01 7.786631822713737661e-01 3.681439999999999824e+00 2.618867074246302218e+04 4.237260833254126793e-03
3.191064472340801927e+00 8.675251019525203944e+00 1.250885087732867662e+00 3.389431884156143739e-03 4.330920356254217296e+01 1.446364507255128906e+01 7.786631822713737661e-01 3.681439999999999824e+00 2.618867074246302218e+04 4.237260833254126793e-03
3.191064472340801927e+00 8.675251019525203944e+00 1.250885087732867662e+00 3.389431884156143739e-03 4.330920291718475568e+01 1.446364528807639616e+01 7.786631822713737661e-01 3.681439999999999824e+00 2.618867074246302218e+04 4.237260833254126793e-03
3.191064472340801927e+00 8.675251019525203944e+00 1.250885087732867662e+00 3.389431884156143739e-03 4.330920291718475568e+01 1.446364507255128906e+01 7.786631971725349599e-01 3.681439999999999824e+00 2.618867074246302218e+04 4.237260833254126793e-03
3.191064472340801927e+00 8.675251019525203944e+00 1.250885087732867662e+00 3.389431884156143739e-03 4.330920291718475568e+01 1.446364507255128906e+01 7.786631822713737661e-01 3.681439999999999824e+00 2.618867113270462505e+04 4.237260833254126793e-03
3.191064472340801927e+00 8.675251019525203944e+00 1.250885087732867662e+00 3.389431884156143739e-03 4.330920291718475568e+01 1.446364507255128906e+01 7.786631822713737661e-01 3.681439999999999824e+00 2.618867074246302218e+04 4.237275734415320641e-03
3.191138870514151016e+00 8.677545787172542546e+00 1.250923555957702327e+00 3.379865666136919189e-03 4.330920963477827001e+01 1.446338090776748686e+01 7.785271226530929845e-01 3.681439999999999824e+00 2.618865816504188842e+04 4.239561335987201800e-03
3.191138918065825614e+00 8.677545787172542546e+00 1.250923555957702327e+00 3.379865666136919189e-03 4.330920963477827001e+01 1.446338090776748686e+01 7.785271226530929845e-01 3.681439999999999824e+00 2.618865816504188842e+04 4.239561335987201800e-03
3.191138870514151016e+00 8.677545916478051069e+00 1.250923555957702327e+00 3.379865666136919189e-03 4.330920963477827001e+01 1.446338090776748686e+01 7.785271226530929845e-01 3.681439999999999824e+00 2.618865816504188842e+04 4.239561335987201800e-03
3.191138870514151016e+00 8.677545787172542546e+00 1.250923574597915922e+00 3.379865666136919189e-03 4.330920963477827001e+01 1.446338090776748686e+01 7.785271226530929845e-01 3.681439999999999824e+00 2.618865816504188842e+04 4.239561335987201800e-03
3.191138870514151016e+00 8.677545787172542546e+00 1.250923555957702327e+00 3.379880567298113037e-03 4.330920963477827001e+01 1.446338090776748686e+01 7.785271226530929845e-01 3.681439999999999824e+00 2.618865816504188842e+04 4.239561335987201800e-03
3.191138870514151016e+00 8.677545787172542546e+00 1.250923555957702327e+00 3.379865666136919189e-03 4.330921028013578677e+01 1.446338090776748686e+01 7.785271226530929845e-01 3.681439999999999824e+00 2.618865816504188842e+04 4.239561335987201800e-03
3.191138870514151016e+00 8.677545787172542546e+00 1.250923555957702327e+00 3.379865666136919189e-03 4.330920963477827001e+01 1.446338112328865755e+01 7.785271226530929845e-01 3.681439999999999824e+00 2.618865816504188842e+04 4.239561335987201800e-03
3.191138870514151016e+00 8.677545787172542546e+00 1.250923555957702327e+00 3.379865666136919189e-03 4.330920963477827001e+01 1.446338090776748686e+01 7.785271375542541783e-01 3.681439999999999824e+00 2.618865816504188842e+04 4.239561335987201800e-03
3.191138870514151016e+00 8.677545787172542546e+00 1.250923555957702327e+00 3.379865666136919189e-03 4.330920963477827001e+01 1.446338090776748686e+01 7.785271226530929845e-01 3.681439999999999824e+00 2.618865855528330576e+04 4.239561335987201800e-03
3.191138870514151016e+00 8.677545787172542546e+00 1.250923555957702327e+00 3.379865666136919189e-03 4.330920963477827001e+01 1.446338090776748686e+01 7.785271226530929845e-01 3.681439999999999824e+00 2.618865816504188842e+04 4.239576237148395647e-03
3.191178094283732225e+00 8.678730738098730413e+00 1.251001794024259262e+00 3.361930235514151970e-03 4.331042130526275713e+01 1.446242790215186425e+01 7.783834831048130898e-01 3.681439999999999824e+00 2.618865816324795378e+04 4.240329490113662475e-03
3.191155710613809315e+00 8.677842042021183033e+00 1.250961437777601271e+00 3.375492536359679229e-03 4.330951333495082878e+01 1.446314905434364917e+01 7.784506271154084667e-01 3.681439999999999824e+00 2.618865816460827409e+04 4.239482371673122113e-03
3.191155758165734824e+00 8.677842042021183033e+00 1.250961437777601271e+00 3.375492536359679229e-03 4.330951333495082878e+01 1.446314905434364917e+01 7.784506271154084667e-01 3.681439999999999824e+00 2.618865816460827409e+04 4.239482371673122113e-03
3.191155710613809315e+00 8.677842171331105803e+00 1.250961437777601271e+00 3.375492536359679229e-03 4.330951333495082878e+01 1.446314905434364917e+01 7.784506271154084667e-01 3.681439999999999824e+00 2.618865816460827409e+04 4.239482371673122113e-03
3.191155710613809315e+00 8.677842042021183033e+00 1.250961456418379303e+00 3.375492536359679229e-03 4.330951333495082878e+01 1.446314905434364917e+01 7.784506271154084667e-01 3.681439999999999824e+00 2.618865816460827409e+04 4.239482371673122113e-03
3.191155710613809315e+00 8.677842042021183033e+00 1.250961437777601271e+00 3.375507437520873077e-03 4.330951333495082878e+01 1.446314905434364917e+01 7.784506271154084667e-01 3.681439999999999824e+00 2.618865816460827409e+04 4.239482371673122113e-03
3.191155710613809315e+00 8.677842042021183033e+00 1.250961437777601271e+00 3.375492536359679229e-03 4.330951398031287169e+01 1.446314905434364917e+01 7.784506271154084667e-01 3.681439999999999824e+00 2.618865816460827409e+04 4.239482371673122113e-03
3.191155710613809315e+00 8.677842042021183033e+00 1.250961437777601271e+00 3.375492536359679229e-03 4.330951333495082878e+01 1.446314926986136484e+01 7.784506271154084667e-01 3.681439999999999824e+00 2.618865816460827409e+04 4.239482371673122113e-03
3.191155710613809315e+00 8.677842042021183033e+00 1.250961437777601271e+00 3.375492536359679229e-03 4.330951333495082878e+01 1.446314905434364917e+01 7.784506420165696605e-01 3.681439999999999824e+00 2.618865816460827409e+04 4.239482371673122113e-03
3.191155710613809315e+00 8.677842042021183033e+00 1.250961437777601271e+00 3.375492536359679229e-03 4.330951333495082878e+01 1.446314905434364917e+01 7.784506271154084667e-01 3.681439999999999824e+00 2.618865855484969143e+04 4.239482371673122113e-03
3.191155710613809315e+00 8.677842042021183033e+00 1.250961437777601271e+00 3.375492536359679229e-03 4.330951333495082878e+01 1.446314905434364917e+01 7.784506271154084667e-01 3.681439999999999824e+00 2.618865816460827409e+04 4.239497272834315961e-03
3.191154446934182154e+00 8.677905588398267867e+00 1.250950376983940293e+00 3.373533546402343684e-03 4.330957869940822746e+01 1.446309490400111564e+01 7.784105183929320715e-01 3.681439999999999824e+00 2.618865816451119463e+04 4.239628679648670302e-03
3.191154494486089011e+00 8.677905588398267867e+00 1.250950376983940293e+00 3.373533546402343684e-03 4.330957869940822746e+01 1.446309490400111564e+01 7.784105183929320715e-01 3.681439999999999824e+00 2.618865816451119463e+04 4.239628679648670302e-03
3.191154446934182154e+00 8.677905717709137434e+00 1.250950376983940293e+00 3.373533546402343684e-03 4.330957869940822746e+01 1.446309490400111564e+01 7.784105183929320715e-01 3.681439999999999824e+00 2.618865816451119463e+04 4.239628679648670302e-03
3.191154446934182154e+00 8.677905588398267867e+00 1.250950395624553568e+00 3.373533546402343684e-03 4.330957869940822746e+01 1.446309490400111564e+01 7.784105183929320715e-01 3.681439999999999824e+00 2.618865816451119463e+04 4.239628679648670302e-03
3.191154446934182154e+00 8.677905588398267867e+00 1.250950376983940293e+00 3.373548447563537531e-03 4.330957869940822746e+01 1.446309490400111564e+01 7.784105183929320715e-01 3.681439999999999824e+00 2.618865816451119463e+04 4.239628679648670302e-03
3.191154446934182154e+00 8.677905588398267867e+00 1.250950376983940293e+00 3.373533546402343684e-03 4.330957934477124383e+01 1.446309490400111564e+01 7.784105183929320715e-01 3.681439999999999824e+00 2.618865816451119463e+04 4.239628679648670302e-03
3.191154446934182154e+00 8.677905588398267867e+00 1.250950376983940293e+00 3.373533546402343684e-03 4.330957869940822746e+01 1.446309511951802484e+01 7.784105183929320715e-01 3.681439999999999824e+00 2.618865816451119463e+04 4.239628679648670302e-03
3.191154446934182154e+00 8.677905588398267867e+00 1.250950376983940293e+00 3.373533546402343684e-03 4.330957869940822746e+01 1.446309490400111564e+01 7.784105332940932653e-01 3.681439999999999824e+00 2.618865816451119463e+04 4.239628679648670302e-03
3.191154446934182154e+00 8.677905588398267867e+00 1.250950376983940293e+00 3.373533546402343684e-03 4.330957869940822746e+01 1.446309490400111564e+01 7.784105183929320715e-01 3.681439999999999824e+00 2.618865855475261196e+04 4.239628679648670302e-03
3.191154446934182154e+00 8.677905588398267867e+00 1.250950376983940293e+00 3.373533546402343684e-03 4.330957869940822746e+01 1.446309490400111564e+01 7.784105183929320715e-01 3.681439999999999824e+00 2.618865816451119463e+04 4.239643580809864150e-03
