3.205843000000000220e+00 7.511125999999999969e+00 1.235333999999999932e+00 1.528337999999999867e-05 3.753042800000000057e+01 1.549994700000000059e+01 7.954442999999999930e-01 3.681439999999999824e+00 2.571453499999999985e+04 0.000000000000000000e+00
3.205843047770783549e+00 7.511125999999999969e+00 1.235333999999999932e+00 1.528337999999999867e-05 3.753042800000000057e+01 1.549994700000000059e+01 7.954442999999999930e-01 3.681439999999999824e+00 2.571453499999999985e+04 0.000000000000000000e+00
3.205843000000000220e+00 7.511126111924498971e+00 1.235333999999999932e+00 1.528337999999999867e-05 3.753042800000000057e+01 1.549994700000000059e+01 7.954442999999999930e-01 3.681439999999999824e+00 2.571453499999999985e+04 0.000000000000000000e+00
3.205843000000000220e+00 7.511125999999999969e+00 1.235334018407910905e+00 1.528337999999999867e-05 3.753042800000000057e+01 1.549994700000000059e+01 7.954442999999999930e-01 3.681439999999999824e+00 2.571453499999999985e+04 0.000000000000000000e+00
3.205843000000000220e+00 7.511125999999999969e+00 1.235333999999999932e+00 1.529828116119384633e-05 3.753042800000000057e+01 1.549994700000000059e+01 7.954442999999999930e-01 3.681439999999999824e+00 2.571453499999999985e+04 0.000000000000000000e+00
3.205843000000000220e+00 7.511125999999999969e+00 1.235333999999999932e+00 1.528337999999999867e-05 3.753042855924695687e+01 1.549994700000000059e+01 7.954442999999999930e-01 3.681439999999999824e+00 2.571453499999999985e+04 0.000000000000000000e+00
3.205843000000000220e+00 7.511125999999999969e+00 1.235333999999999932e+00 1.528337999999999867e-05 3.753042800000000057e+01 1.549994700000000059e+01 7.954442999999999930e-01 3.681439999999999824e+00 2.571453538317642960e+04 0.000000000000000000e+00
3.205843000000000220e+00 7.511125999999999969e+00 1.235333999999999932e+00 1.528337999999999867e-05 3.753042800000000057e+01 1.549994700000000059e+01 7.954442999999999930e-01 3.681439999999999824e+00 2.571453499999999985e+04 1.490116119384765625e-08
3.182367723104179813e+00 7.511125875921607964e+00 1.256589803358449275e+00 1.003841375829975791e+00 4.108152463600958271e+01 1.549994700000000059e+01 7.954442999999999930e-01 3.681439999999999824e+00 2.571083918143582923e+04 2.912503678060543899e-04
3.182367770525154071e+00 7.511125875921607964e+00 1.256589803358449275e+00 1.003841375829975791e+00 4.108152463600958271e+01 1.549994700000000059e+01 7.954442999999999930e-01 3.681439999999999824e+00 2.571083918143582923e+04 2.912503678060543899e-04
3.182367723104179813e+00 7.511125987846105190e+00 1.256589803358449275e+00 1.003841375829975791e+00 4.108152463600958271e+01 1.549994700000000059e+01 7.954442999999999930e-01 3.681439999999999824e+00 2.571083918143582923e+04 2.912503678060543899e-04
3.182367723104179813e+00 7.511125875921607964e+00 1.256589822083096442e+00 1.003841375829975791e+00 4.108152463600958271e+01 1.549994700000000059e+01 7.954442999999999930e-01 3.681439999999999824e+00 2.571083918143582923e+04 2.912503678060543899e-04
3.182367723104179813e+00 7.511125875921607964e+00 1.256589803358449275e+00 1.003841390788377863e+00 4.108152463600958271e+01 1.549994700000000059e+01 7.954442999999999930e-01 3.681439999999999824e+00 2.571083918143582923e+04 2.912503678060543899e-04
3.182367723104179813e+00 7.511125875921607964e+00 1.256589803358449275e+00 1.003841375829975791e+00 4.108152524817200657e+01 1.549994700000000059e+01 7.954442999999999930e-01 3.681439999999999824e+00 2.571083918143582923e+04 2.912503678060543899e-04
3.182367723104179813e+00 7.511125875921607964e+00 1.256589803358449275e+00 1.003841375829975791e+00 4.108152463600958271e+01 1.549994700000000059e+01 7.954442999999999930e-01 3.681439999999999824e+00 2.571083956455718726e+04 2.912503678060543899e-04
3.182367723104179813e+00 7.511125875921607964e+00 1.256589803358449275e+00 1.003841375829975791e+00 4.108152463600958271e+01 1.549994700000000059e+01 7.954442999999999930e-01 3.681439999999999824e+00 2.571083918143582923e+04 2.912652689672482376e-04
3.182399840700364191e+00 7.511114424649946386e+00 1.256602500751541562e+00 1.003841655631627416e+00 4.108152490123521972e+01 1.549994700000000059e+01 7.954442999999999930e-01 3.681439999999999824e+00 2.571083915957913268e+04 9.049062039623487728e-04
3.182399888121817177e+00 7.511114424649946386e+00 1.256602500751541562e+00 1.003841655631627416e+00 4.108152490123521972e+01 1.549994700000000059e+01 7.954442999999999930e-01 3.681439999999999824e+00 2.571083915957913268e+04 9.049062039623487728e-04
3.182399840700364191e+00 7.511114536574273082e+00 1.256602500751541562e+00 1.003841655631627416e+00 4.108152490123521972e+01 1.549994700000000059e+01 7.954442999999999930e-01 3.681439999999999824e+00 2.571083915957913268e+04 9.049062039623487728e-04
3.182399840700364191e+00 7.511114424649946386e+00 1.256602519476377910e+00 1.003841655631627416e+00 4.108152490123521972e+01 1.549994700000000059e+01 7.954442999999999930e-01 3.681439999999999824e+00 2.571083915957913268e+04 9.049062039623487728e-04
3.182399840700364191e+00 7.511114424649946386e+00 1.256602500751541562e+00 1.003841670590033708e+00 4.108152490123521972e+01 1.549994700000000059e+01 7.954442999999999930e-01 3.681439999999999824e+00 2.571083915957913268e+04 9.049062039623487728e-04
3.182399840700364191e+00 7.511114424649946386e+00 1.256602500751541562e+00 1.003841655631627416e+00 4.108152551339764358e+01 1.549994700000000059e+01 7.954442999999999930e-01 3.681439999999999824e+00 2.571083915957913268e+04 9.049062039623487728e-04
3.182399840700364191e+00 7.511114424649946386e+00 1.256602500751541562e+00 1.003841655631627416e+00 4.108152490123521972e+01 1.549994700000000059e+01 7.954442999999999930e-01 3.681439999999999824e+00 2.571083954270049071e+04 9.049062039623487728e-04
3.182399840700364191e+00 7.511114424649946386e+00 1.256602500751541562e+00 1.003841655631627416e+00 4.108152490123521972e+01 1.549994700000000059e+01 7.954442999999999930e-01 3.681439999999999824e+00 2.571083915957913268e+04 9.049211051235426205e-04
3.188667762559826091e+00 8.256101489449594766e+00 1.233604655626813873e+00 9.800724107141565167e-01 4.121829300310361077e+01 1.549994700000000059e+01 7.954442999999999930e-01 3.681439999999999824e+00 2.554609139428679919e+04 3.221694165875034401e-03
3.188667810074678588e+00 8.256101489449594766e+00 1.233604655626813873e+00 9.800724107141565167e-01 4.121829300310361077e+01 1.549994700000000059e+01 7.954442999999999930e-01 3.681439999999999824e+00 2.554609139428679919e+04 3.221694165875034401e-03
3.188667762559826091e+00 8.256101612475093887e+00 1.233604655626813873e+00 9.800724107141565167e-01 4.121829300310361077e+01 1.549994700000000059e+01 7.954442999999999930e-01 3.681439999999999824e+00 2.554609139428679919e+04 3.221694165875034401e-03
3.188667762559826091e+00 8.256101489449594766e+00 1.233604674008955682e+00 9.800724107141565167e-01 4.121829300310361077e+01 1.549994700000000059e+01 7.954442999999999930e-01 3.681439999999999824e+00 2.554609139428679919e+04 3.221694165875034401e-03
3.188667762559826091e+00 8.256101489449594766e+00 1.233604655626813873e+00 9.800724256153177105e-01 4.121829300310361077e+01 1.549994700000000059e+01 7.954442999999999930e-01 3.681439999999999824e+00 2.554609139428679919e+04 3.221694165875034401e-03
3.188667762559826091e+00 8.256101489449594766e+00 1.233604655626813873e+00 9.800724107141565167e-01 4.121829361730404173e+01 1.549994700000000059e+01 7.954442999999999930e-01 3.681439999999999824e+00 2.554609139428679919e+04 3.221694165875034401e-03
3.188667762559826091e+00 8.256101489449594766e+00 1.233604655626813873e+00 9.800724107141565167e-01 4.121829300310361077e+01 1.549994700000000059e+01 7.954442999999999930e-01 3.681439999999999824e+00 2.554609177495322365e+04 3.221694165875034401e-03
3.188667762559826091e+00 8.256101489449594766e+00 1.233604655626813873e+00 9.800724107141565167e-01 4.121829300310361077e+01 1.549994700000000059e+01 7.954442999999999930e-01 3.681439999999999824e+00 2.554609139428679919e+04 3.221709067036228249e-03
3.188287062085441104e+00 8.399667632060713984e+00 1.226274967814361183e+00 9.706013680092344664e-01 4.122707246199943398e+01 1.549994700000000059e+01 7.954442999999999930e-01 3.681439999999999824e+00 2.538134200314060945e+04 3.055897210872178353e-03
3.188287109594620361e+00 8.399667632060713984e+00 1.226274967814361183e+00 9.706013680092344664e-01 4.122707246199943398e+01 1.549994700000000059e+01 7.954442999999999930e-01 3.681439999999999824e+00 2.538134200314060945e+04 3.055897210872178353e-03
3.188287062085441104e+00 8.399667757225515174e+00 1.226274967814361183e+00 9.706013680092344664e-01 4.122707246199943398e+01 1.549994700000000059e+01 7.954442999999999930e-01 3.681439999999999824e+00 2.538134200314060945e+04 3.055897210872178353e-03
3.188287062085441104e+00 8.399667632060713984e+00 1.226274986087282137e+00 9.706013680092344664e-01 4.122707246199943398e+01 1.549994700000000059e+01 7.954442999999999930e-01 3.681439999999999824e+00 2.538134200314060945e+04 3.055897210872178353e-03
3.188287062085441104e+00 8.399667632060713984e+00 1.226274967814361183e+00 9.706013829103956603e-01 4.122707246199943398e+01 1.549994700000000059e+01 7.954442999999999930e-01 3.681439999999999824e+00 2.538134200314060945e+04 3.055897210872178353e-03
3.188287062085441104e+00 8.399667632060713984e+00 1.226274967814361183e+00 9.706013680092344664e-01 4.122707307633068297e+01 1.549994700000000059e+01 7.954442999999999930e-01 3.681439999999999824e+00 2.538134200314060945e+04 3.055897210872178353e-03
3.188287062085441104e+00 8.399667632060713984e+00 1.226274967814361183e+00 9.706013680092344664e-01 4.122707246199943398e+01 1.549994700000000059e+01 7.954442999999999930e-01 3.681439999999999824e+00 2.538134238135207852e+04 3.055897210872178353e-03
3.188287062085441104e+00 8.399667632060713984e+00 1.226274967814361183e+00 9.706013680092344664e-01 4.122707246199943398e+01 1.549994700000000059e+01 7.954442999999999930e-01 3.681439999999999824e+00 2.538134200314060945e+04 3.055912112033372201e-03
3.187030865058644746e+00 8.399664809887037009e+00 1.234830643033210773e+00 7.011542178177321283e-02 4.188031379675870625e+01 1.549994700000000059e+01 7.954442999999999930e-01 3.681439999999999824e+00 2.532985305459183655e+04 3.040343122441135828e-03
3.190407442120143156e+00 8.409118863721676718e+00 1.228211412849943063e+00 7.201138244334419625e-01 4.123689869863589053e+01 1.549994700000000059e+01 7.954442999999999930e-01 3.681439999999999824e+00 2.535824218601066968e+04 3.050221115007599459e-03
3.190407489660918916e+00 8.409118863721676718e+00 1.228211412849943063e+00 7.201138244334419625e-01 4.123689869863589053e+01 1.549994700000000059e+01 7.954442999999999930e-01 3.681439999999999824e+00 2.535824218601066968e+04 3.050221115007599459e-03
3.190407442120143156e+00 8.409118989027312807e+00 1.228211412849943063e+00 7.201138244334419625e-01 4.123689869863589053e+01 1.549994700000000059e+01 7.954442999999999930e-01 3.681439999999999824e+00 2.535824218601066968e+04 3.050221115007599459e-03
3.190407442120143156e+00 8.409118863721676718e+00 1.228211431151719379e+00 7.201138244334419625e-01 4.123689869863589053e+01 1.549994700000000059e+01 7.954442999999999930e-01 3.681439999999999824e+00 2.535824218601066968e+04 3.050221115007599459e-03
3.190407442120143156e+00 8.409118863721676718e+00 1.228211412849943063e+00 7.201138393346031563e-01 4.123689869863589053e+01 1.549994700000000059e+01 7.954442999999999930e-01 3.681439999999999824e+00 2.535824218601066968e+04 3.050221115007599459e-03
3.190407442120143156e+00 8.409118863721676718e+00 1.228211412849943063e+00 7.201138244334419625e-01 4.123689931311356816e+01 1.549994700000000059e+01 7.954442999999999930e-01 3.681439999999999824e+00 2.535824218601066968e+04 3.050221115007599459e-03
3.190407442120143156e+00 8.409118863721676718e+00 1.228211412849943063e+00 7.201138244334419625e-01 4.123689869863589053e+01 1.549994700000000059e+01 7.954442999999999930e-01 3.681439999999999824e+00 2.535824256387792411e+04 3.050221115007599459e-03
3.190407442120143156e+00 8.409118863721676718e+00 1.228211412849943063e+00 7.201138244334419625e-01 4.123689869863589053e+01 1.549994700000000059e+01 7.954442999999999930e-01 3.681439999999999824e+00 2.535824218601066968e+04 3.050236016168793307e-03
3.191741600966814918e+00 8.412285936829436039e+00 1.230480966421241940e+00 6.508751622002992843e-01 4.123785032714240373e+01 1.549994700000000059e+01 7.954442999999999930e-01 3.681439999999999824e+00 2.535490319307185564e+04 3.051033986083526335e-03
3.191741648527471220e+00 8.412285936829436039e+00 1.230480966421241940e+00 6.508751622002992843e-01 4.123785032714240373e+01 1.549994700000000059e+01 7.954442999999999930e-01 3.681439999999999824e+00 2.535490319307185564e+04 3.051033986083526335e-03
3.191741600966814918e+00 8.412286062182264601e+00 1.230480966421241940e+00 6.508751622002992843e-01 4.123785032714240373e+01 1.549994700000000059e+01 7.954442999999999930e-01 3.681439999999999824e+00 2.535490319307185564e+04 3.051033986083526335e-03
3.191741600966814918e+00 8.412285936829436039e+00 1.230480984756837204e+00 6.508751622002992843e-01 4.123785032714240373e+01 1.549994700000000059e+01 7.954442999999999930e-01 3.681439999999999824e+00 2.535490319307185564e+04 3.051033986083526335e-03
3.191741600966814918e+00 8.412285936829436039e+00 1.230480966421241940e+00 6.508751771014604781e-01 4.123785032714240373e+01 1.549994700000000059e+01 7.954442999999999930e-01 3.681439999999999824e+00 2.535490319307185564e+04 3.051033986083526335e-03
3.191741600966814918e+00 8.412285936829436039e+00 1.230480966421241940e+00 6.508751622002992843e-01 4.123785094163425669e+01 1.549994700000000059e+01 7.954442999999999930e-01 3.681439999999999824e+00 2.535490319307185564e+04 3.051033986083526335e-03
3.191741600966814918e+00 8.412285936829436039e+00 1.230480966421241940e+00 6.508751622002992843e-01 4.123785032714240373e+01 1.549994700000000059e+01 7.954442999999999930e-01 3.681439999999999824e+00 2.535490357088935343e+04 3.051033986083526335e-03
3.191741600966814918e+00 8.412285936829436039e+00 1.230480966421241940e+00 6.508751622002992843e-01 4.123785032714240373e+01 1.549994700000000059e+01 7.954442999999999930e-01 3.681439999999999824e+00 2.535490319307185564e+04 3.051048887244720183e-03
3.191257204597535591e+00 8.409881258087180456e+00 1.233998701635478756e+00 5.362332072028430652e-01 4.141437430234788764e+01 1.549994700000000059e+01 7.954442999999999930e-01 3.681439999999999824e+00 2.535490060689685197e+04 3.052584422114447242e-03
3.191763152450082686e+00 8.412535363689501722e+00 1.230961344310407046e+00 6.218436108669953555e-01 4.126312205392795107e+01 1.549994700000000059e+01 7.954442999999999930e-01 3.681439999999999824e+00 2.535490308160325003e+04 3.051940295658236123e-03
3.191763200011060064e+00 8.412535363689501722e+00 1.230961344310407046e+00 6.218436108669953555e-01 4.126312205392795107e+01 1.549994700000000059e+01 7.954442999999999930e-01 3.681439999999999824e+00 2.535490308160325003e+04 3.051940295658236123e-03
3.191763152450082686e+00 8.412535489046046422e+00 1.230961344310407046e+00 6.218436108669953555e-01 4.126312205392795107e+01 1.549994700000000059e+01 7.954442999999999930e-01 3.681439999999999824e+00 2.535490308160325003e+04 3.051940295658236123e-03
3.191763152450082686e+00 8.412535363689501722e+00 1.230961362653160363e+00 6.218436108669953555e-01 4.126312205392795107e+01 1.549994700000000059e+01 7.954442999999999930e-01 3.681439999999999824e+00 2.535490308160325003e+04 3.051940295658236123e-03
3.191763152450082686e+00 8.412535363689501722e+00 1.230961344310407046e+00 6.218436257681565493e-01 4.126312205392795107e+01 1.549994700000000059e+01 7.954442999999999930e-01 3.681439999999999824e+00 2.535490308160325003e+04 3.051940295658236123e-03
3.191763152450082686e+00 8.412535363689501722e+00 1.230961344310407046e+00 6.218436108669953555e-01 4.126312266879638457e+01 1.549994700000000059e+01 7.954442999999999930e-01 3.681439999999999824e+00 2.535490308160325003e+04 3.051940295658236123e-03
3.191763152450082686e+00 8.412535363689501722e+00 1.230961344310407046e+00 6.218436108669953555e-01 4.126312205392795107e+01 1.549994700000000059e+01 7.954442999999999930e-01 3.681439999999999824e+00 2.535490345942074782e+04 3.051940295658236123e-03
3.191763152450082686e+00 8.412535363689501722e+00 1.230961344310407046e+00 6.218436108669953555e-01 4.126312205392795107e+01 1.549994700000000059e+01 7.954442999999999930e-01 3.681439999999999824e+00 2.535490308160325003e+04 3.051955196819429970e-03
3.191720986981951835e+00 8.412505816392544133e+00 1.230735805320984477e+00 6.147412225965918076e-01 4.126869818553287672e+01 1.549994700000000059e+01 7.954442999999999930e-01 3.681439999999999824e+00 2.535490305741354314e+04 3.052134765718431553e-03
3.191721034542300828e+00 8.412505816392544133e+00 1.230735805320984477e+00 6.147412225965918076e-01 4.126869818553287672e+01 1.549994700000000059e+01 7.954442999999999930e-01 3.681439999999999824e+00 2.535490305741354314e+04 3.052134765718431553e-03
3.191720986981951835e+00 8.412505941748650073e+00 1.230735805320984477e+00 6.147412225965918076e-01 4.126869818553287672e+01 1.549994700000000059e+01 7.954442999999999930e-01 3.681439999999999824e+00 2.535490305741354314e+04 3.052134765718431553e-03
3.191720986981951835e+00 8.412505816392544133e+00 1.230735823660377148e+00 6.147412225965918076e-01 4.126869818553287672e+01 1.549994700000000059e+01 7.954442999999999930e-01 3.681439999999999824e+00 2.535490305741354314e+04 3.052134765718431553e-03
3.191720986981951835e+00 8.412505816392544133e+00 1.230735805320984477e+00 6.147412374977530014e-01 4.126869818553287672e+01 1.549994700000000059e+01 7.954442999999999930e-01 3.681439999999999824e+00 2.535490305741354314e+04 3.052134765718431553e-03
3.191720986981951835e+00 8.412505816392544133e+00 1.230735805320984477e+00 6.147412225965918076e-01 4.126869880048440109e+01 1.549994700000000059e+01 7.954442999999999930e-01 3.681439999999999824e+00 2.535490305741354314e+04 3.052134765718431553e-03
3.191720986981951835e+00 8.412505816392544133e+00 1.230735805320984477e+00 6.147412225965918076e-01 4.126869818553287672e+01 1.549994700000000059e+01 7.954442999999999930e-01 3.681439999999999824e+00 2.535490343523104093e+04 3.052134765718431553e-03
3.191720986981951835e+00 8.412505816392544133e+00 1.230735805320984477e+00 6.147412225965918076e-01 4.126869818553287672e+01 1.549994700000000059e+01 7.954442999999999930e-01 3.681439999999999824e+00 2.535490305741354314e+04 3.052149666879625401e-03
3.191728674321562931e+00 8.412549938915825365e+00 1.231068446410411132e+00 6.016824781485736739e-01 4.127875114557772207e+01 1.549994700000000059e+01 7.954442999999999930e-01 3.681439999999999824e+00 2.535380304111907026e+04 3.051692854325699974e-03
3.191728721882026498e+00 8.412549938915825365e+00 1.231068446410411132e+00 6.016824781485736739e-01 4.127875114557772207e+01 1.549994700000000059e+01 7.954442999999999930e-01 3.681439999999999824e+00 2.535380304111907026e+04 3.051692854325699974e-03
3.191728674321562931e+00 8.412550064272588557e+00 1.231068446410411132e+00 6.016824781485736739e-01 4.127875114557772207e+01 1.549994700000000059e+01 7.954442999999999930e-01 3.681439999999999824e+00 2.535380304111907026e+04 3.051692854325699974e-03
3.191728674321562931e+00 8.412549938915825365e+00 1.231068464754760505e+00 6.016824781485736739e-01 4.127875114557772207e+01 1.549994700000000059e+01 7.954442999999999930e-01 3.681439999999999824e+00 2.535380304111907026e+04 3.051692854325699974e-03
3.191728674321562931e+00 8.412549938915825365e+00 1.231068446410411132e+00 6.016824930497348678e-01 4.127875114557772207e+01 1.549994700000000059e+01 7.954442999999999930e-01 3.681439999999999824e+00 2.535380304111907026e+04 3.051692854325699974e-03
3.191728674321562931e+00 8.412549938915825365e+00 1.231068446410411132e+00 6.016824781485736739e-01 4.127875176067905016e+01 1.549994700000000059e+01 7.954442999999999930e-01 3.681439999999999824e+00 2.535380304111907026e+04 3.051692854325699974e-03
3.191728674321562931e+00 8.412549938915825365e+00 1.231068446410411132e+00 6.016824781485736739e-01 4.127875114557772207e+01 1.549994700000000059e+01 7.954442999999999930e-01 3.681439999999999824e+00 2.535380341892017532e+04 3.051692854325699974e-03
3.191728674321562931e+00 8.412549938915825365e+00 1.231068446410411132e+00 6.016824781485736739e-01 4.127875114557772207e+01 1.549994700000000059e+01 7.954442999999999930e-01 3.681439999999999824e+00 2.535380304111907026e+04 3.051707755486893821e-03
3.191672391430328215e+00 8.412495367169961824e+00 1.230723423549440199e+00 5.982340145709195145e-01 4.128378390590416558e+01 1.549994700000000059e+01 7.954442999999999930e-01 3.681439999999999824e+00 2.535380301824631533e+04 3.051848499018447458e-03
3.191672438989952898e+00 8.412495367169961824e+00 1.230723423549440199e+00 5.982340145709195145e-01 4.128378390590416558e+01 1.549994700000000059e+01 7.954442999999999930e-01 3.681439999999999824e+00 2.535380301824631533e+04 3.051848499018447458e-03
3.191672391430328215e+00 8.412495492525911445e+00 1.230723423549440199e+00 5.982340145709195145e-01 4.128378390590416558e+01 1.549994700000000059e+01 7.954442999999999930e-01 3.681439999999999824e+00 2.535380301824631533e+04 3.051848499018447458e-03
3.191672391430328215e+00 8.412495367169961824e+00 1.230723441888648351e+00 5.982340145709195145e-01 4.128378390590416558e+01 1.549994700000000059e+01 7.954442999999999930e-01 3.681439999999999824e+00 2.535380301824631533e+04 3.051848499018447458e-03
3.191672391430328215e+00 8.412495367169961824e+00 1.230723423549440199e+00 5.982340294720807083e-01 4.128378390590416558e+01 1.549994700000000059e+01 7.954442999999999930e-01 3.681439999999999824e+00 2.535380301824631533e+04 3.051848499018447458e-03
3.191672391430328215e+00 8.412495367169961824e+00 1.230723423549440199e+00 5.982340145709195145e-01 4.128378452108048435e+01 1.549994700000000059e+01 7.954442999999999930e-01 3.681439999999999824e+00 2.535380301824631533e+04 3.051848499018447458e-03
3.191672391430328215e+00 8.412495367169961824e+00 1.230723423549440199e+00 5.982340145709195145e-01 4.128378390590416558e+01 1.549994700000000059e+01 7.954442999999999930e-01 3.681439999999999824e+00 2.535380339604742039e+04 3.051848499018447458e-03
3.191672391430328215e+00 8.412495367169961824e+00 1.230723423549440199e+00 5.982340145709195145e-01 4.128378390590416558e+01 1.549994700000000059e+01 7.954442999999999930e-01 3.681439999999999824e+00 2.535380301824631533e+04 3.051863400179641306e-03
3.191748700676322770e+00 8.412608459859145071e+00 1.231034640804312241e+00 5.895994204976159336e-01 4.128387722527702408e+01 1.549994700000000059e+01 7.954442999999999930e-01 3.681439999999999824e+00 2.535337434977040903e+04 3.051599618254638782e-03
3.191748748237084765e+00 8.412608459859145071e+00 1.231034640804312241e+00 5.895994204976159336e-01 4.128387722527702408e+01 1.549994700000000059e+01 7.954442999999999930e-01 3.681439999999999824e+00 2.535337434977040903e+04 3.051599618254638782e-03
3.191748700676322770e+00 8.412608585216780455e+00 1.231034640804312241e+00 5.895994204976159336e-01 4.128387722527702408e+01 1.549994700000000059e+01 7.954442999999999930e-01 3.681439999999999824e+00 2.535337434977040903e+04 3.051599618254638782e-03
3.191748700676322770e+00 8.412608459859145071e+00 1.231034659148157795e+00 5.895994204976159336e-01 4.128387722527702408e+01 1.549994700000000059e+01 7.954442999999999930e-01 3.681439999999999824e+00 2.535337434977040903e+04 3.051599618254638782e-03
3.191748700676322770e+00 8.412608459859145071e+00 1.231034640804312241e+00 5.895994353987771275e-01 4.128387722527702408e+01 1.549994700000000059e+01 7.954442999999999930e-01 3.681439999999999824e+00 2.535337434977040903e+04 3.051599618254638782e-03
3.191748700676322770e+00 8.412608459859145071e+00 1.231034640804312241e+00 5.895994204976159336e-01 4.128387784045473552e+01 1.549994700000000059e+01 7.954442999999999930e-01 3.681439999999999824e+00 2.535337434977040903e+04 3.051599618254638782e-03
3.191748700676322770e+00 8.412608459859145071e+00 1.231034640804312241e+00 5.895994204976159336e-01 4.128387722527702408e+01 1.549994700000000059e+01 7.954442999999999930e-01 3.681439999999999824e+00 2.535337472756512580e+04 3.051599618254638782e-03
3.191748700676322770e+00 8.412608459859145071e+00 1.231034640804312241e+00 5.895994204976159336e-01 4.128387722527702408e+01 1.549994700000000059e+01 7.954442999999999930e-01 3.681439999999999824e+00 2.535337434977040903e+04 3.051614519415832630e-03
3.191763760506822312e+00 8.412709033246906998e+00 1.231216399527119032e+00 5.768339510927144032e-01 4.129364633509225513e+01 1.549994700000000059e+01 7.954442999999999930e-01 3.681439999999999824e+00 2.535226052853680449e+04 3.051242215850995948e-03
3.191763808067808572e+00 8.412709033246906998e+00 1.231216399527119032e+00 5.768339510927144032e-01 4.129364633509225513e+01 1.549994700000000059e+01 7.954442999999999930e-01 3.681439999999999824e+00 2.535226052853680449e+04 3.051242215850995948e-03
3.191763760506822312e+00 8.412709158606039850e+00 1.231216399527119032e+00 5.768339510927144032e-01 4.129364633509225513e+01 1.549994700000000059e+01 7.954442999999999930e-01 3.681439999999999824e+00 2.535226052853680449e+04 3.051242215850995948e-03
3.191763760506822312e+00 8.412709033246906998e+00 1.231216417873673086e+00 5.768339510927144032e-01 4.129364633509225513e+01 1.549994700000000059e+01 7.954442999999999930e-01 3.681439999999999824e+00 2.535226052853680449e+04 3.051242215850995948e-03
3.191763760506822312e+00 8.412709033246906998e+00 1.231216399527119032e+00 5.768339659938755970e-01 4.129364633509225513e+01 1.549994700000000059e+01 7.954442999999999930e-01 3.681439999999999824e+00 2.535226052853680449e+04 3.051242215850995948e-03
3.191763760506822312e+00 8.412709033246906998e+00 1.231216399527119032e+00 5.768339510927144032e-01 4.129364695041553546e+01 1.549994700000000059e+01 7.954442999999999930e-01 3.681439999999999824e+00 2.535226052853680449e+04 3.051242215850995948e-03
3.191763760506822312e+00 8.412709033246906998e+00 1.231216399527119032e+00 5.768339510927144032e-01 4.129364633509225513e+01 1.549994700000000059e+01 7.954442999999999930e-01 3.681439999999999824e+00 2.535226090631492480e+04 3.051242215850995948e-03
3.191763760506822312e+00 8.412709033246906998e+00 1.231216399527119032e+00 5.768339510927144032e-01 4.129364633509225513e+01 1.549994700000000059e+01 7.954442999999999930e-01 3.681439999999999824e+00 2.535226052853680449e+04 3.051257117012189796e-03
3.191762197784149269e+00 8.412827078606678555e+00 1.231367869268892301e+00 5.642702063025190062e-01 4.130342932171144810e+01 1.549994700000000059e+01 7.954442999999999930e-01 3.681439999999999824e+00 2.535111597458288088e+04 3.050913626063413500e-03
3.191762245345112436e+00 8.412827078606678555e+00 1.231367869268892301e+00 5.642702063025190062e-01 4.130342932171144810e+01 1.549994700000000059e+01 7.954442999999999930e-01 3.681439999999999824e+00 2.535111597458288088e+04 3.050913626063413500e-03
3.191762197784149269e+00 8.412827203967571776e+00 1.231367869268892301e+00 5.642702063025190062e-01 4.130342932171144810e+01 1.549994700000000059e+01 7.954442999999999930e-01 3.681439999999999824e+00 2.535111597458288088e+04 3.050913626063413500e-03
3.191762197784149269e+00 8.412827078606678555e+00 1.231367887617703438e+00 5.642702063025190062e-01 4.130342932171144810e+01 1.549994700000000059e+01 7.954442999999999930e-01 3.681439999999999824e+00 2.535111597458288088e+04 3.050913626063413500e-03
3.191762197784149269e+00 8.412827078606678555e+00 1.231367869268892301e+00 5.642702212036802001e-01 4.130342932171144810e+01 1.549994700000000059e+01 7.954442999999999930e-01 3.681439999999999824e+00 2.535111597458288088e+04 3.050913626063413500e-03
3.191762197784149269e+00 8.412827078606678555e+00 1.231367869268892301e+00 5.642702063025190062e-01 4.130342993718050337e+01 1.549994700000000059e+01 7.954442999999999930e-01 3.681439999999999824e+00 2.535111597458288088e+04 3.050913626063413500e-03
3.191762197784149269e+00 8.412827078606678555e+00 1.231367869268892301e+00 5.642702063025190062e-01 4.130342932171144810e+01 1.549994700000000059e+01 7.954442999999999930e-01 3.681439999999999824e+00 2.535111635234394635e+04 3.050913626063413500e-03
3.191762197784149269e+00 8.412827078606678555e+00 1.231367869268892301e+00 5.642702063025190062e-01 4.130342932171144810e+01 1.549994700000000059e+01 7.954442999999999930e-01 3.681439999999999824e+00 2.535111597458288088e+04 3.050928527224607348e-03
3.191634866621202882e+00 8.412889881801101311e+00 1.231372950783608422e+00 5.541324649250708445e-01 4.131914269595946365e+01 1.549994700000000059e+01 7.954442999999999930e-01 3.681439999999999824e+00 2.534923512148100417e+04 3.050331157106893776e-03
3.191634914180268456e+00 8.412889881801101311e+00 1.231372950783608422e+00 5.541324649250708445e-01 4.131914269595946365e+01 1.549994700000000059e+01 7.954442999999999930e-01 3.681439999999999824e+00 2.534923512148100417e+04 3.050331157106893776e-03
3.191634866621202882e+00 8.412890007162928896e+00 1.231372950783608422e+00 5.541324649250708445e-01 4.131914269595946365e+01 1.549994700000000059e+01 7.954442999999999930e-01 3.681439999999999824e+00 2.534923512148100417e+04 3.050331157106893776e-03
3.191634866621202882e+00 8.412889881801101311e+00 1.231372969132495276e+00 5.541324649250708445e-01 4.131914269595946365e+01 1.549994700000000059e+01 7.954442999999999930e-01 3.681439999999999824e+00 2.534923512148100417e+04 3.050331157106893776e-03
3.191634866621202882e+00 8.412889881801101311e+00 1.231372950783608422e+00 5.541324798262320384e-01 4.131914269595946365e+01 1.549994700000000059e+01 7.954442999999999930e-01 3.681439999999999824e+00 2.534923512148100417e+04 3.050331157106893776e-03
3.191634866621202882e+00 8.412889881801101311e+00 1.231372950783608422e+00 5.541324649250708445e-01 4.131914331166267118e+01 1.549994700000000059e+01 7.954442999999999930e-01 3.681439999999999824e+00 2.534923512148100417e+04 3.050331157106893776e-03
3.191634866621202882e+00 8.412889881801101311e+00 1.231372950783608422e+00 5.541324649250708445e-01 4.131914269595946365e+01 1.549994700000000059e+01 7.954442999999999930e-01 3.681439999999999824e+00 2.534923549921404265e+04 3.050331157106893776e-03
3.191634866621202882e+00 8.412889881801101311e+00 1.231372950783608422e+00 5.541324649250708445e-01 4.131914269595946365e+01 1.549994700000000059e+01 7.954442999999999930e-01 3.681439999999999824e+00 2.534923512148100417e+04 3.050346058268087624e-03
3.191914900806092525e+00 8.413592986366918325e+00 1.231819936723650644e+00 5.293433323839398241e-01 4.131959416204615110e+01 1.549994700000000059e+01 7.954442999999999930e-01 3.681439999999999824e+00 2.534697682477397029e+04 3.049670887714431029e-03
3.191914948369330762e+00 8.413592986366918325e+00 1.231819936723650644e+00 5.293433323839398241e-01 4.131959416204615110e+01 1.549994700000000059e+01 7.954442999999999930e-01 3.681439999999999824e+00 2.534697682477397029e+04 3.049670887714431029e-03
3.191914900806092525e+00 8.413593111739222863e+00 1.231819936723650644e+00 5.293433323839398241e-01 4.131959416204615110e+01 1.549994700000000059e+01 7.954442999999999930e-01 3.681439999999999824e+00 2.534697682477397029e+04 3.049670887714431029e-03
3.191914900806092525e+00 8.413592986366918325e+00 1.231819955079198170e+00 5.293433323839398241e-01 4.131959416204615110e+01 1.549994700000000059e+01 7.954442999999999930e-01 3.681439999999999824e+00 2.534697682477397029e+04 3.049670887714431029e-03
3.191914900806092525e+00 8.413592986366918325e+00 1.231819936723650644e+00 5.293433472851010180e-01 4.131959416204615110e+01 1.549994700000000059e+01 7.954442999999999930e-01 3.681439999999999824e+00 2.534697682477397029e+04 3.049670887714431029e-03
3.191914900806092525e+00 8.413592986366918325e+00 1.231819936723650644e+00 5.293433323839398241e-01 4.131959477775608747e+01 1.549994700000000059e+01 7.954442999999999930e-01 3.681439999999999824e+00 2.534697682477397029e+04 3.049670887714431029e-03
3.191914900806092525e+00 8.413592986366918325e+00 1.231819936723650644e+00 5.293433323839398241e-01 4.131959416204615110e+01 1.549994700000000059e+01 7.954442999999999930e-01 3.681439999999999824e+00 2.534697720247335747e+04 3.049670887714431029e-03
3.191914900806092525e+00 8.413592986366918325e+00 1.231819936723650644e+00 5.293433323839398241e-01 4.131959416204615110e+01 1.549994700000000059e+01 7.954442999999999930e-01 3.681439999999999824e+00 2.534697682477397029e+04 3.049685788875624876e-03
3.191873710405928488e+00 8.413415177483361873e+00 1.232180430182646669e+00 5.031266364595562424e-01 4.134194084813123027e+01 1.549994700000000059e+01 7.954442999999999930e-01 3.681439999999999824e+00 2.534697669817047426e+04 3.049949294035302766e-03
3.191873757968552994e+00 8.413415177483361873e+00 1.232180430182646669e+00 5.031266364595562424e-01 4.134194084813123027e+01 1.549994700000000059e+01 7.954442999999999930e-01 3.681439999999999824e+00 2.534697669817047426e+04 3.049949294035302766e-03
3.191873710405928488e+00 8.413415302853017863e+00 1.232180430182646669e+00 5.031266364595562424e-01 4.134194084813123027e+01 1.549994700000000059e+01 7.954442999999999930e-01 3.681439999999999824e+00 2.534697669817047426e+04 3.049949294035302766e-03
3.191873710405928488e+00 8.413415177483361873e+00 1.232180448543565898e+00 5.031266364595562424e-01 4.134194084813123027e+01 1.549994700000000059e+01 7.954442999999999930e-01 3.681439999999999824e+00 2.534697669817047426e+04 3.049949294035302766e-03
3.191873710405928488e+00 8.413415177483361873e+00 1.232180430182646669e+00 5.031266513607174362e-01 4.134194084813123027e+01 1.549994700000000059e+01 7.954442999999999930e-01 3.681439999999999824e+00 2.534697669817047426e+04 3.049949294035302766e-03
3.191873710405928488e+00 8.413415177483361873e+00 1.232180430182646669e+00 5.031266364595562424e-01 4.134194146417415539e+01 1.549994700000000059e+01 7.954442999999999930e-01 3.681439999999999824e+00 2.534697669817047426e+04 3.049949294035302766e-03
3.191873710405928488e+00 8.413415177483361873e+00 1.232180430182646669e+00 5.031266364595562424e-01 4.134194084813123027e+01 1.549994700000000059e+01 7.954442999999999930e-01 3.681439999999999824e+00 2.534697707586986144e+04 3.049949294035302766e-03
3.191873710405928488e+00 8.413415177483361873e+00 1.232180430182646669e+00 5.031266364595562424e-01 4.134194084813123027e+01 1.549994700000000059e+01 7.954442999999999930e-01 3.681439999999999824e+00 2.534697669817047426e+04 3.049964195196496614e-03
3.191605761703579347e+00 8.412626809462215860e+00 1.232300717217417407e+00 4.778114571000020572e-01 4.138062692362105821e+01 1.549994700000000059e+01 7.954442999999999930e-01 3.681439999999999824e+00 2.534697645113930776e+04 3.050107663853094710e-03
3.191605809262211491e+00 8.412626809462215860e+00 1.232300717217417407e+00 4.778114571000020572e-01 4.138062692362105821e+01 1.549994700000000059e+01 7.954442999999999930e-01 3.681439999999999824e+00 2.534697645113930776e+04 3.050107663853094710e-03
3.191605761703579347e+00 8.412626934820124802e+00 1.232300717217417407e+00 4.778114571000020572e-01 4.138062692362105821e+01 1.549994700000000059e+01 7.954442999999999930e-01 3.681439999999999824e+00 2.534697645113930776e+04 3.050107663853094710e-03
3.191605761703579347e+00 8.412626809462215860e+00 1.232300735580128981e+00 4.778114571000020572e-01 4.138062692362105821e+01 1.549994700000000059e+01 7.954442999999999930e-01 3.681439999999999824e+00 2.534697645113930776e+04 3.050107663853094710e-03
3.191605761703579347e+00 8.412626809462215860e+00 1.232300717217417407e+00 4.778114720011632510e-01 4.138062692362105821e+01 1.549994700000000059e+01 7.954442999999999930e-01 3.681439999999999824e+00 2.534697645113930776e+04 3.050107663853094710e-03
3.191605761703579347e+00 8.412626809462215860e+00 1.232300717217417407e+00 4.778114571000020572e-01 4.138062754024045375e+01 1.549994700000000059e+01 7.954442999999999930e-01 3.681439999999999824e+00 2.534697645113930776e+04 3.050107663853094710e-03
3.191605761703579347e+00 8.412626809462215860e+00 1.232300717217417407e+00 4.778114571000020572e-01 4.138062692362105821e+01 1.549994700000000059e+01 7.954442999999999930e-01 3.681439999999999824e+00 2.534697682883869129e+04 3.050107663853094710e-03
3.191605761703579347e+00 8.412626809462215860e+00 1.232300717217417407e+00 4.778114571000020572e-01 4.138062692362105821e+01 1.549994700000000059e+01 7.954442999999999930e-01 3.681439999999999824e+00 2.534697645113930776e+04 3.050122565014288557e-03
3.191876592414942593e+00 8.414218069756760343e+00 1.232853922415406922e+00 4.166736284246523869e-01 4.138168883124803443e+01 1.549994700000000059e+01 7.954442999999999930e-01 3.681439999999999824e+00 2.534080414401614689e+04 3.047920722693459733e-03
3.191876639977610175e+00 8.414218069756760343e+00 1.232853922415406922e+00 4.166736284246523869e-01 4.138168883124803443e+01 1.549994700000000059e+01 7.954442999999999930e-01 3.681439999999999824e+00 2.534080414401614689e+04 3.047920722693459733e-03
3.191876592414942593e+00 8.414218195138380096e+00 1.232853922415406922e+00 4.166736284246523869e-01 4.138168883124803443e+01 1.549994700000000059e+01 7.954442999999999930e-01 3.681439999999999824e+00 2.534080414401614689e+04 3.047920722693459733e-03
3.191876592414942593e+00 8.414218069756760343e+00 1.232853940786361902e+00 4.166736284246523869e-01 4.138168883124803443e+01 1.549994700000000059e+01 7.954442999999999930e-01 3.681439999999999824e+00 2.534080414401614689e+04 3.047920722693459733e-03
3.191876592414942593e+00 8.414218069756760343e+00 1.232853922415406922e+00 4.166736433258135808e-01 4.138168883124803443e+01 1.549994700000000059e+01 7.954442999999999930e-01 3.681439999999999824e+00 2.534080414401614689e+04 3.047920722693459733e-03
3.191876592414942593e+00 8.414218069756760343e+00 1.232853922415406922e+00 4.166736284246523869e-01 4.138168944788324666e+01 1.549994700000000059e+01 7.954442999999999930e-01 3.681439999999999824e+00 2.534080414401614689e+04 3.047920722693459733e-03
3.191876592414942593e+00 8.414218069756760343e+00 1.232853922415406922e+00 4.166736284246523869e-01 4.138168883124803443e+01 1.549994700000000059e+01 7.954442999999999930e-01 3.681439999999999824e+00 2.534080452162355505e+04 3.047920722693459733e-03
3.191876592414942593e+00 8.414218069756760343e+00 1.232853922415406922e+00 4.166736284246523869e-01 4.138168883124803443e+01 1.549994700000000059e+01 7.954442999999999930e-01 3.681439999999999824e+00 2.534080414401614689e+04 3.047935623854653581e-03
3.192100383709271849e+00 8.414781521311974544e+00 1.233236282392431216e+00 4.014337390926136506e-01 4.138192229050008564e+01 1.549994700000000059e+01 7.954442999999999930e-01 3.681439999999999824e+00 2.533925155515104780e+04 3.047600252220320719e-03
3.192100431275274097e+00 8.414781521311974544e+00 1.233236282392431216e+00 4.014337390926136506e-01 4.138192229050008564e+01 1.549994700000000059e+01 7.954442999999999930e-01 3.681439999999999824e+00 2.533925155515104780e+04 3.047600252220320719e-03
3.192100383709271849e+00 8.414781646701991136e+00 1.233236282392431216e+00 4.014337390926136506e-01 4.138192229050008564e+01 1.549994700000000059e+01 7.954442999999999930e-01 3.681439999999999824e+00 2.533925155515104780e+04 3.047600252220320719e-03
3.192100383709271849e+00 8.414781521311974544e+00 1.233236300769083860e+00 4.014337390926136506e-01 4.138192229050008564e+01 1.549994700000000059e+01 7.954442999999999930e-01 3.681439999999999824e+00 2.533925155515104780e+04 3.047600252220320719e-03
3.192100383709271849e+00 8.414781521311974544e+00 1.233236282392431216e+00 4.014337539937748445e-01 4.138192229050008564e+01 1.549994700000000059e+01 7.954442999999999930e-01 3.681439999999999824e+00 2.533925155515104780e+04 3.047600252220320719e-03
3.192100383709271849e+00 8.414781521311974544e+00 1.233236282392431216e+00 4.014337390926136506e-01 4.138192290713877952e+01 1.549994700000000059e+01 7.954442999999999930e-01 3.681439999999999824e+00 2.533925155515104780e+04 3.047600252220320719e-03
3.192100383709271849e+00 8.414781521311974544e+00 1.233236282392431216e+00 4.014337390926136506e-01 4.138192229050008564e+01 1.549994700000000059e+01 7.954442999999999930e-01 3.681439999999999824e+00 2.533925193273531841e+04 3.047600252220320719e-03
3.192100383709271849e+00 8.414781521311974544e+00 1.233236282392431216e+00 4.014337390926136506e-01 4.138192229050008564e+01 1.549994700000000059e+01 7.954442999999999930e-01 3.681439999999999824e+00 2.533925155515104780e+04 3.047615153381514567e-03
3.192269449820271721e+00 8.415635696513815489e+00 1.233528954653489329e+00 3.710168330937945735e-01 4.138237594217437731e+01 1.549994700000000059e+01 7.954442999999999930e-01 3.681439999999999824e+00 2.533612785674093175e+04 3.046651594394074371e-03
3.192269497388793287e+00 8.415635696513815489e+00 1.233528954653489329e+00 3.710168330937945735e-01 4.138237594217437731e+01 1.549994700000000059e+01 7.954442999999999930e-01 3.681439999999999824e+00 2.533612785674093175e+04 3.046651594394074371e-03
3.192269449820271721e+00 8.415635821916559678e+00 1.233528954653489329e+00 3.710168330937945735e-01 4.138237594217437731e+01 1.549994700000000059e+01 7.954442999999999930e-01 3.681439999999999824e+00 2.533612785674093175e+04 3.046651594394074371e-03
3.192269449820271721e+00 8.415635696513815489e+00 1.233528973034503151e+00 3.710168330937945735e-01 4.138237594217437731e+01 1.549994700000000059e+01 7.954442999999999930e-01 3.681439999999999824e+00 2.533612785674093175e+04 3.046651594394074371e-03
3.192269449820271721e+00 8.415635696513815489e+00 1.233528954653489329e+00 3.710168479949557674e-01 4.138237594217437731e+01 1.549994700000000059e+01 7.954442999999999930e-01 3.681439999999999824e+00 2.533612785674093175e+04 3.046651594394074371e-03
3.192269449820271721e+00 8.415635696513815489e+00 1.233528954653489329e+00 3.710168330937945735e-01 4.138237655881982846e+01 1.549994700000000059e+01 7.954442999999999930e-01 3.681439999999999824e+00 2.533612785674093175e+04 3.046651594394074371e-03
3.192269449820271721e+00 8.415635696513815489e+00 1.233528954653489329e+00 3.710168330937945735e-01 4.138237594217437731e+01 1.549994700000000059e+01 7.954442999999999930e-01 3.681439999999999824e+00 2.533612823427865806e+04 3.046651594394074371e-03
3.192269449820271721e+00 8.415635696513815489e+00 1.233528954653489329e+00 3.710168330937945735e-01 4.138237594217437731e+01 1.549994700000000059e+01 7.954442999999999930e-01 3.681439999999999824e+00 2.533612785674093175e+04 3.046666495555268219e-03
3.192652530220454921e+00 8.416541370814865530e+00 1.234250746467689508e+00 3.365903061481645975e-01 4.138261541351266004e+01 1.549994700000000059e+01 7.954442999999999930e-01 3.681439999999999824e+00 2.533435066175116299e+04 3.046267691467189134e-03
3.192652577794684809e+00 8.416541370814865530e+00 1.234250746467689508e+00 3.365903061481645975e-01 4.138261541351266004e+01 1.549994700000000059e+01 7.954442999999999930e-01 3.681439999999999824e+00 2.533435066175116299e+04 3.046267691467189134e-03
3.192652530220454921e+00 8.416541496231104702e+00 1.234250746467689508e+00 3.365903061481645975e-01 4.138261541351266004e+01 1.549994700000000059e+01 7.954442999999999930e-01 3.681439999999999824e+00 2.533435066175116299e+04 3.046267691467189134e-03
3.192652530220454921e+00 8.416541370814865530e+00 1.234250764859458727e+00 3.365903061481645975e-01 4.138261541351266004e+01 1.549994700000000059e+01 7.954442999999999930e-01 3.681439999999999824e+00 2.533435066175116299e+04 3.046267691467189134e-03
3.192652530220454921e+00 8.416541370814865530e+00 1.234250746467689508e+00 3.365903210493257913e-01 4.138261541351266004e+01 1.549994700000000059e+01 7.954442999999999930e-01 3.681439999999999824e+00 2.533435066175116299e+04 3.046267691467189134e-03
3.192652530220454921e+00 8.416541370814865530e+00 1.234250746467689508e+00 3.365903061481645975e-01 4.138261603016168522e+01 1.549994700000000059e+01 7.954442999999999930e-01 3.681439999999999824e+00 2.533435066175116299e+04 3.046267691467189134e-03
3.192652530220454921e+00 8.416541370814865530e+00 1.234250746467689508e+00 3.365903061481645975e-01 4.138261541351266004e+01 1.549994700000000059e+01 7.954442999999999930e-01 3.681439999999999824e+00 2.533435103926240481e+04 3.046267691467189134e-03
3.192652530220454921e+00 8.416541370814865530e+00 1.234250746467689508e+00 3.365903061481645975e-01 4.138261541351266004e+01 1.549994700000000059e+01 7.954442999999999930e-01 3.681439999999999824e+00 2.533435066175116299e+04 3.046282592628382982e-03
3.192427752211014269e+00 8.415952454757848145e+00 1.234335215742390801e+00 3.157912645112991301e-01 4.141474860763957366e+01 1.549994700000000059e+01 7.954442999999999930e-01 3.681439999999999824e+00 2.533435033438384198e+04 3.046536224870184401e-03
3.192427799781894837e+00 8.415952454757848145e+00 1.234335215742390801e+00 3.157912645112991301e-01 4.141474860763957366e+01 1.549994700000000059e+01 7.954442999999999930e-01 3.681439999999999824e+00 2.533435033438384198e+04 3.046536224870184401e-03
3.192427752211014269e+00 8.415952580165312114e+00 1.234335215742390801e+00 3.157912645112991301e-01 4.141474860763957366e+01 1.549994700000000059e+01 7.954442999999999930e-01 3.681439999999999824e+00 2.533435033438384198e+04 3.046536224870184401e-03
3.192427752211014269e+00 8.415952454757848145e+00 1.234335234135418791e+00 3.157912645112991301e-01 4.141474860763957366e+01 1.549994700000000059e+01 7.954442999999999930e-01 3.681439999999999824e+00 2.533435033438384198e+04 3.046536224870184401e-03
3.192427752211014269e+00 8.415952454757848145e+00 1.234335215742390801e+00 3.157912794124603240e-01 4.141474860763957366e+01 1.549994700000000059e+01 7.954442999999999930e-01 3.681439999999999824e+00 2.533435033438384198e+04 3.046536224870184401e-03
3.192427752211014269e+00 8.415952454757848145e+00 1.234335215742390801e+00 3.157912645112991301e-01 4.141474922476741938e+01 1.549994700000000059e+01 7.954442999999999930e-01 3.681439999999999824e+00 2.533435033438384198e+04 3.046536224870184401e-03
3.192427752211014269e+00 8.415952454757848145e+00 1.234335215742390801e+00 3.157912645112991301e-01 4.141474860763957366e+01 1.549994700000000059e+01 7.954442999999999930e-01 3.681439999999999824e+00 2.533435071189508017e+04 3.046536224870184401e-03
3.192427752211014269e+00 8.415952454757848145e+00 1.234335215742390801e+00 3.157912645112991301e-01 4.141474860763957366e+01 1.549994700000000059e+01 7.954442999999999930e-01 3.681439999999999824e+00 2.533435033438384198e+04 3.046551126031378249e-03
3.193065075382491624e+00 8.417342786350285877e+00 1.236760346439640612e+00 2.470687342505279993e-01 4.141514708567959957e+01 1.549994700000000059e+01 7.954442999999999930e-01 3.681439999999999824e+00 2.533074451239054542e+04 3.045539582413680103e-03
3.192619964989708681e+00 8.416314062035709753e+00 1.235000045498822363e+00 2.986039442989108506e-01 4.141484841762680702e+01 1.549994700000000059e+01 7.954442999999999930e-01 3.681439999999999824e+00 2.533345334496638679e+04 3.046250997768133219e-03
3.192509883415055594e+00 8.416059238469909332e+00 1.234553185633738170e+00 3.114967446343783752e-01 4.141477387508439989e+01 1.549994700000000059e+01 7.954442999999999930e-01 3.681439999999999824e+00 2.533412636254740937e+04 3.046424769096348507e-03
3.192509930987160072e+00 8.416059238469909332e+00 1.234553185633738170e+00 3.114967446343783752e-01 4.141477387508439989e+01 1.549994700000000059e+01 7.954442999999999930e-01 3.681439999999999824e+00 2.533412636254740937e+04 3.046424769096348507e-03
3.192509883415055594e+00 8.416059363878964916e+00 1.234553185633738170e+00 3.114967446343783752e-01 4.141477387508439989e+01 1.549994700000000059e+01 7.954442999999999930e-01 3.681439999999999824e+00 2.533412636254740937e+04 3.046424769096348507e-03
3.192509883415055594e+00 8.416059238469909332e+00 1.234553204030014228e+00 3.114967446343783752e-01 4.141477387508439989e+01 1.549994700000000059e+01 7.954442999999999930e-01 3.681439999999999824e+00 2.533412636254740937e+04 3.046424769096348507e-03
3.192509883415055594e+00 8.416059238469909332e+00 1.234553185633738170e+00 3.114967595355395691e-01 4.141477387508439989e+01 1.549994700000000059e+01 7.954442999999999930e-01 3.681439999999999824e+00 2.533412636254740937e+04 3.046424769096348507e-03
3.192509883415055594e+00 8.416059238469909332e+00 1.234553185633738170e+00 3.114967446343783752e-01 4.141477449221262219e+01 1.549994700000000059e+01 7.954442999999999930e-01 3.681439999999999824e+00 2.533412636254740937e+04 3.046424769096348507e-03
3.192509883415055594e+00 8.416059238469909332e+00 1.234553185633738170e+00 3.114967446343783752e-01 4.141477387508439989e+01 1.549994700000000059e+01 7.954442999999999930e-01 3.681439999999999824e+00 2.533412674005531153e+04 3.046424769096348507e-03
3.192509883415055594e+00 8.416059238469909332e+00 1.234553185633738170e+00 3.114967446343783752e-01 4.141477387508439989e+01 1.549994700000000059e+01 7.954442999999999930e-01 3.681439999999999824e+00 2.533412636254740937e+04 3.046439670257542354e-03
3.192508017185063274e+00 8.416056569678719512e+00 1.234435052489234463e+00 3.089770740385139325e-01 4.141666336818500582e+01 1.549994700000000059e+01 7.954442999999999930e-01 3.681439999999999824e+00 2.533412634562218591e+04 3.046490567618869664e-03
3.192508064757139774e+00 8.416056569678719512e+00 1.234435052489234463e+00 3.089770740385139325e-01 4.141666336818500582e+01 1.549994700000000059e+01 7.954442999999999930e-01 3.681439999999999824e+00 2.533412634562218591e+04 3.046490567618869664e-03
3.192508017185063274e+00 8.416056695087734241e+00 1.234435052489234463e+00 3.089770740385139325e-01 4.141666336818500582e+01 1.549994700000000059e+01 7.954442999999999930e-01 3.681439999999999824e+00 2.533412634562218591e+04 3.046490567618869664e-03
3.192508017185063274e+00 8.416056569678719512e+00 1.234435070883750152e+00 3.089770740385139325e-01 4.141666336818500582e+01 1.549994700000000059e+01 7.954442999999999930e-01 3.681439999999999824e+00 2.533412634562218591e+04 3.046490567618869664e-03
3.192508017185063274e+00 8.416056569678719512e+00 1.234435052489234463e+00 3.089770889396751263e-01 4.141666336818500582e+01 1.549994700000000059e+01 7.954442999999999930e-01 3.681439999999999824e+00 2.533412634562218591e+04 3.046490567618869664e-03
3.192508017185063274e+00 8.416056569678719512e+00 1.234435052489234463e+00 3.089770740385139325e-01 4.141666398534137983e+01 1.549994700000000059e+01 7.954442999999999930e-01 3.681439999999999824e+00 2.533412634562218591e+04 3.046490567618869664e-03
3.192508017185063274e+00 8.416056569678719512e+00 1.234435052489234463e+00 3.089770740385139325e-01 4.141666336818500582e+01 1.549994700000000059e+01 7.954442999999999930e-01 3.681439999999999824e+00 2.533412672313008807e+04 3.046490567618869664e-03
3.192508017185063274e+00 8.416056569678719512e+00 1.234435052489234463e+00 3.089770740385139325e-01 4.141666336818500582e+01 1.549994700000000059e+01 7.954442999999999930e-01 3.681439999999999824e+00 2.533412634562218591e+04 3.046505468780063512e-03
3.192541984291711543e+00 8.416214950791413685e+00 1.234539315117825886e+00 3.046479182781305917e-01 4.141674336533360901e+01 1.549994700000000059e+01 7.954442999999999930e-01 3.681439999999999824e+00 2.533339282032167102e+04 3.046217264492740145e-03
3.192542031864294305e+00 8.416214950791413685e+00 1.234539315117825886e+00 3.046479182781305917e-01 4.141674336533360901e+01 1.549994700000000059e+01 7.954442999999999930e-01 3.681439999999999824e+00 2.533339282032167102e+04 3.046217264492740145e-03
3.192541984291711543e+00 8.416215076202789191e+00 1.234539315117825886e+00 3.046479182781305917e-01 4.141674336533360901e+01 1.549994700000000059e+01 7.954442999999999930e-01 3.681439999999999824e+00 2.533339282032167102e+04 3.046217264492740145e-03
3.192541984291711543e+00 8.416214950791413685e+00 1.234539333513895221e+00 3.046479182781305917e-01 4.141674336533360901e+01 1.549994700000000059e+01 7.954442999999999930e-01 3.681439999999999824e+00 2.533339282032167102e+04 3.046217264492740145e-03
3.192541984291711543e+00 8.416214950791413685e+00 1.234539315117825886e+00 3.046479331792917855e-01 4.141674336533360901e+01 1.549994700000000059e+01 7.954442999999999930e-01 3.681439999999999824e+00 2.533339282032167102e+04 3.046217264492740145e-03
3.192541984291711543e+00 8.416214950791413685e+00 1.234539315117825886e+00 3.046479182781305917e-01 4.141674398249117672e+01 1.549994700000000059e+01 7.954442999999999930e-01 3.681439999999999824e+00 2.533339282032167102e+04 3.046217264492740145e-03
3.192541984291711543e+00 8.416214950791413685e+00 1.234539315117825886e+00 3.046479182781305917e-01 4.141674336533360901e+01 1.549994700000000059e+01 7.954442999999999930e-01 3.681439999999999824e+00 2.533339319781864106e+04 3.046217264492740145e-03
3.192541984291711543e+00 8.416214950791413685e+00 1.234539315117825886e+00 3.046479182781305917e-01 4.141674336533360901e+01 1.549994700000000059e+01 7.954442999999999930e-01 3.681439999999999824e+00 2.533339282032167102e+04 3.046232165653933992e-03
3.192460281810633127e+00 8.416418378561031588e+00 1.234544282588325936e+00 2.983577300262289511e-01 4.142645309423201638e+01 1.549994700000000059e+01 7.954442999999999930e-01 3.681439999999999824e+00 2.533116752181988340e+04 3.045380848642110887e-03
3.192460329381998196e+00 8.416418378561031588e+00 1.234544282588325936e+00 2.983577300262289511e-01 4.142645309423201638e+01 1.549994700000000059e+01 7.954442999999999930e-01 3.681439999999999824e+00 2.533116752181988340e+04 3.045380848642110887e-03
3.192460281810633127e+00 8.416418503975439336e+00 1.234544282588325936e+00 2.983577300262289511e-01 4.142645309423201638e+01 1.549994700000000059e+01 7.954442999999999930e-01 3.681439999999999824e+00 2.533116752181988340e+04 3.045380848642110887e-03
3.192460281810633127e+00 8.416418378561031588e+00 1.234544300984469212e+00 2.983577300262289511e-01 4.142645309423201638e+01 1.549994700000000059e+01 7.954442999999999930e-01 3.681439999999999824e+00 2.533116752181988340e+04 3.045380848642110887e-03
3.192460281810633127e+00 8.416418378561031588e+00 1.234544282588325936e+00 2.983577449273901450e-01 4.142645309423201638e+01 1.549994700000000059e+01 7.954442999999999930e-01 3.681439999999999824e+00 2.533116752181988340e+04 3.045380848642110887e-03
3.192460281810633127e+00 8.416418378561031588e+00 1.234544282588325936e+00 2.983577300262289511e-01 4.142645371153427192e+01 1.549994700000000059e+01 7.954442999999999930e-01 3.681439999999999824e+00 2.533116752181988340e+04 3.045380848642110887e-03
3.192460281810633127e+00 8.416418378561031588e+00 1.234544282588325936e+00 2.983577300262289511e-01 4.142645309423201638e+01 1.549994700000000059e+01 7.954442999999999930e-01 3.681439999999999824e+00 2.533116789928369326e+04 3.045380848642110887e-03
3.192460281810633127e+00 8.416418378561031588e+00 1.234544282588325936e+00 2.983577300262289511e-01 4.142645309423201638e+01 1.549994700000000059e+01 7.954442999999999930e-01 3.681439999999999824e+00 2.533116752181988340e+04 3.045395749803304734e-03
3.192495313105845778e+00 8.417432248148378093e+00 1.234602210769429664e+00 2.858447664143453637e-01 4.142692517413773601e+01 1.549994700000000059e+01 7.954442999999999930e-01 3.681439999999999824e+00 2.532670675326936907e+04 3.043867868591868149e-03
3.192495360677733096e+00 8.417432248148378093e+00 1.234602210769429664e+00 2.858447664143453637e-01 4.142692517413773601e+01 1.549994700000000059e+01 7.954442999999999930e-01 3.681439999999999824e+00 2.532670675326936907e+04 3.043867868591868149e-03
3.192495313105845778e+00 8.417432373577891980e+00 1.234602210769429664e+00 2.858447664143453637e-01 4.142692517413773601e+01 1.549994700000000059e+01 7.954442999999999930e-01 3.681439999999999824e+00 2.532670675326936907e+04 3.043867868591868149e-03
3.192495313105845778e+00 8.417432248148378093e+00 1.234602229166436249e+00 2.858447664143453637e-01 4.142692517413773601e+01 1.549994700000000059e+01 7.954442999999999930e-01 3.681439999999999824e+00 2.532670675326936907e+04 3.043867868591868149e-03
3.192495313105845778e+00 8.417432248148378093e+00 1.234602210769429664e+00 2.858447813155065576e-01 4.142692517413773601e+01 1.549994700000000059e+01 7.954442999999999930e-01 3.681439999999999824e+00 2.532670675326936907e+04 3.043867868591868149e-03
3.192495313105845778e+00 8.417432248148378093e+00 1.234602210769429664e+00 2.858447664143453637e-01 4.142692579144702592e+01 1.549994700000000059e+01 7.954442999999999930e-01 3.681439999999999824e+00 2.532670675326936907e+04 3.043867868591868149e-03
3.192495313105845778e+00 8.417432248148378093e+00 1.234602210769429664e+00 2.858447664143453637e-01 4.142692517413773601e+01 1.549994700000000059e+01 7.954442999999999930e-01 3.681439999999999824e+00 2.532670713066670942e+04 3.043867868591868149e-03
3.192495313105845778e+00 8.417432248148378093e+00 1.234602210769429664e+00 2.858447664143453637e-01 4.142692517413773601e+01 1.549994700000000059e+01 7.954442999999999930e-01 3.681439999999999824e+00 2.532670675326936907e+04 3.043882769753061997e-03
3.192755501815543351e+00 8.419041212824675213e+00 1.235091194020282890e+00 2.252945541877701408e-01 4.142756644794376086e+01 1.549994700000000059e+01 7.954442999999999930e-01 3.681439999999999824e+00 2.532039028791242163e+04 3.041785403036604933e-03
3.192584191845598163e+00 8.417846337501018184e+00 1.234765431888158904e+00 2.707047817711540905e-01 4.142708543584718939e+01 1.549994700000000059e+01 7.954442999999999930e-01 3.681439999999999824e+00 2.532512835978105068e+04 3.043387928907243488e-03
3.192584239418809755e+00 8.417846337501018184e+00 1.234765431888158904e+00 2.707047817711540905e-01 4.142708543584718939e+01 1.549994700000000059e+01 7.954442999999999930e-01 3.681439999999999824e+00 2.532512835978105068e+04 3.043387928907243488e-03
3.192584191845598163e+00 8.417846462936703134e+00 1.234765431888158904e+00 2.707047817711540905e-01 4.142708543584718939e+01 1.549994700000000059e+01 7.954442999999999930e-01 3.681439999999999824e+00 2.532512835978105068e+04 3.043387928907243488e-03
3.192584191845598163e+00 8.417846337501018184e+00 1.234765450287597544e+00 2.707047817711540905e-01 4.142708543584718939e+01 1.549994700000000059e+01 7.954442999999999930e-01 3.681439999999999824e+00 2.532512835978105068e+04 3.043387928907243488e-03
3.192584191845598163e+00 8.417846337501018184e+00 1.234765431888158904e+00 2.707047966723152843e-01 4.142708543584718939e+01 1.549994700000000059e+01 7.954442999999999930e-01 3.681439999999999824e+00 2.532512835978105068e+04 3.043387928907243488e-03
3.192584191845598163e+00 8.417846337501018184e+00 1.234765431888158904e+00 2.707047817711540905e-01 4.142708605315886672e+01 1.549994700000000059e+01 7.954442999999999930e-01 3.681439999999999824e+00 2.532512835978105068e+04 3.043387928907243488e-03
3.192584191845598163e+00 8.417846337501018184e+00 1.234765431888158904e+00 2.707047817711540905e-01 4.142708543584718939e+01 1.549994700000000059e+01 7.954442999999999930e-01 3.681439999999999824e+00 2.532512873715487149e+04 3.043387928907243488e-03
3.192584191845598163e+00 8.417846337501018184e+00 1.234765431888158904e+00 2.707047817711540905e-01 4.142708543584718939e+01 1.549994700000000059e+01 7.954442999999999930e-01 3.681439999999999824e+00 2.532512835978105068e+04 3.043402830068437336e-03
3.192925455230701370e+00 8.418637526243379909e+00 1.235419728551577556e+00 2.363035951788972078e-01 4.142725499205636908e+01 1.549994700000000059e+01 7.954442999999999930e-01 3.681439999999999824e+00 2.532333792702480787e+04 3.042957273546313852e-03
3.192925502808998228e+00 8.418637526243379909e+00 1.235419728551577556e+00 2.363035951788972078e-01 4.142725499205636908e+01 1.549994700000000059e+01 7.954442999999999930e-01 3.681439999999999824e+00 2.532333792702480787e+04 3.042957273546313852e-03
3.192925455230701370e+00 8.418637651690854540e+00 1.235419728551577556e+00 2.363035951788972078e-01 4.142725499205636908e+01 1.549994700000000059e+01 7.954442999999999930e-01 3.681439999999999824e+00 2.532333792702480787e+04 3.042957273546313852e-03
3.192925455230701370e+00 8.418637526243379909e+00 1.235419746960766174e+00 2.363035951788972078e-01 4.142725499205636908e+01 1.549994700000000059e+01 7.954442999999999930e-01 3.681439999999999824e+00 2.532333792702480787e+04 3.042957273546313852e-03
3.192925455230701370e+00 8.418637526243379909e+00 1.235419728551577556e+00 2.363036100800584016e-01 4.142725499205636908e+01 1.549994700000000059e+01 7.954442999999999930e-01 3.681439999999999824e+00 2.532333792702480787e+04 3.042957273546313852e-03
3.192925455230701370e+00 8.418637526243379909e+00 1.235419728551577556e+00 2.363035951788972078e-01 4.142725560937057594e+01 1.549994700000000059e+01 7.954442999999999930e-01 3.681439999999999824e+00 2.532333792702480787e+04 3.042957273546313852e-03
3.192925455230701370e+00 8.418637526243379909e+00 1.235419728551577556e+00 2.363035951788972078e-01 4.142725499205636908e+01 1.549994700000000059e+01 7.954442999999999930e-01 3.681439999999999824e+00 2.532333830437194774e+04 3.042957273546313852e-03
3.192925455230701370e+00 8.418637526243379909e+00 1.235419728551577556e+00 2.363035951788972078e-01 4.142725499205636908e+01 1.549994700000000059e+01 7.954442999999999930e-01 3.681439999999999824e+00 2.532333792702480787e+04 3.042972174707507700e-03
3.192676703286952744e+00 8.418083462475909329e+00 1.235430493440263566e+00 2.188262158873703345e-01 4.145418563145575774e+01 1.549994700000000059e+01 7.954442999999999930e-01 3.681439999999999824e+00 2.532333750060479724e+04 3.043163151807677311e-03
3.192676750861542789e+00 8.418083462475909329e+00 1.235430493440263566e+00 2.188262158873703345e-01 4.145418563145575774e+01 1.549994700000000059e+01 7.954442999999999930e-01 3.681439999999999824e+00 2.532333750060479724e+04 3.043163151807677311e-03
3.192676703286952744e+00 8.418083587915127453e+00 1.235430493440263566e+00 2.188262158873703345e-01 4.145418563145575774e+01 1.549994700000000059e+01 7.954442999999999930e-01 3.681439999999999824e+00 2.532333750060479724e+04 3.043163151807677311e-03
3.192676703286952744e+00 8.418083462475909329e+00 1.235430511849612500e+00 2.188262158873703345e-01 4.145418563145575774e+01 1.549994700000000059e+01 7.954442999999999930e-01 3.681439999999999824e+00 2.532333750060479724e+04 3.043163151807677311e-03
3.192676703286952744e+00 8.418083462475909329e+00 1.235430493440263566e+00 2.188262307885315283e-01 4.145418563145575774e+01 1.549994700000000059e+01 7.954442999999999930e-01 3.681439999999999824e+00 2.532333750060479724e+04 3.043163151807677311e-03
3.192676703286952744e+00 8.418083462475909329e+00 1.235430493440263566e+00 2.188262158873703345e-01 4.145418624917125783e+01 1.549994700000000059e+01 7.954442999999999930e-01 3.681439999999999824e+00 2.532333750060479724e+04 3.043163151807677311e-03
3.192676703286952744e+00 8.418083462475909329e+00 1.235430493440263566e+00 2.188262158873703345e-01 4.145418563145575774e+01 1.549994700000000059e+01 7.954442999999999930e-01 3.681439999999999824e+00 2.532333787795192984e+04 3.043163151807677311e-03
3.192676703286952744e+00 8.418083462475909329e+00 1.235430493440263566e+00 2.188262158873703345e-01 4.145418563145575774e+01 1.549994700000000059e+01 7.954442999999999930e-01 3.681439999999999824e+00 2.532333750060479724e+04 3.043178052968871158e-03
3.192869326550716647e+00 8.418863667731104172e+00 1.235723134259007816e+00 1.886025166920912433e-01 4.145442848053530582e+01 1.549994700000000059e+01 7.954442999999999930e-01 3.681439999999999824e+00 2.532016702371763313e+04 3.042045986893343254e-03
3.192869374128177284e+00 8.418863667731104172e+00 1.235723134259007816e+00 1.886025166920912433e-01 4.145442848053530582e+01 1.549994700000000059e+01 7.954442999999999930e-01 3.681439999999999824e+00 2.532016702371763313e+04 3.042045986893343254e-03
3.192869326550716647e+00 8.418863793181948552e+00 1.235723134259007816e+00 1.886025166920912433e-01 4.145442848053530582e+01 1.549994700000000059e+01 7.954442999999999930e-01 3.681439999999999824e+00 2.532016702371763313e+04 3.042045986893343254e-03
3.192869326550716647e+00 8.418863667731104172e+00 1.235723152672717484e+00 1.886025166920912433e-01 4.145442848053530582e+01 1.549994700000000059e+01 7.954442999999999930e-01 3.681439999999999824e+00 2.532016702371763313e+04 3.042045986893343254e-03
3.192869326550716647e+00 8.418863667731104172e+00 1.235723134259007816e+00 1.886025315932524371e-01 4.145442848053530582e+01 1.549994700000000059e+01 7.954442999999999930e-01 3.681439999999999824e+00 2.532016702371763313e+04 3.042045986893343254e-03
3.192869326550716647e+00 8.418863667731104172e+00 1.235723134259007816e+00 1.886025166920912433e-01 4.145442909825442968e+01 1.549994700000000059e+01 7.954442999999999930e-01 3.681439999999999824e+00 2.532016702371763313e+04 3.042045986893343254e-03
3.192869326550716647e+00 8.418863667731104172e+00 1.235723134259007816e+00 1.886025166920912433e-01 4.145442848053530582e+01 1.549994700000000059e+01 7.954442999999999930e-01 3.681439999999999824e+00 2.532016740101752293e+04 3.042045986893343254e-03
3.192869326550716647e+00 8.418863667731104172e+00 1.235723134259007816e+00 1.886025166920912433e-01 4.145442848053530582e+01 1.549994700000000059e+01 7.954442999999999930e-01 3.681439999999999824e+00 2.532016702371763313e+04 3.042060888054537102e-03
3.193119263733596114e+00 8.419836614187563129e+00 1.236074969247263899e+00 1.584375670379097323e-01 4.145464462355357682e+01 1.549994700000000059e+01 7.954442999999999930e-01 3.681439999999999824e+00 2.531698297247525625e+04 3.041061150149485144e-03
3.193119311314780884e+00 8.419836614187563129e+00 1.236074969247263899e+00 1.584375670379097323e-01 4.145464462355357682e+01 1.549994700000000059e+01 7.954442999999999930e-01 3.681439999999999824e+00 2.531698297247525625e+04 3.041061150149485144e-03
3.193119263733596114e+00 8.419836739652906132e+00 1.236074969247263899e+00 1.584375670379097323e-01 4.145464462355357682e+01 1.549994700000000059e+01 7.954442999999999930e-01 3.681439999999999824e+00 2.531698297247525625e+04 3.041061150149485144e-03
3.193119263733596114e+00 8.419836614187563129e+00 1.236074987666216263e+00 1.584375670379097323e-01 4.145464462355357682e+01 1.549994700000000059e+01 7.954442999999999930e-01 3.681439999999999824e+00 2.531698297247525625e+04 3.041061150149485144e-03
3.193119263733596114e+00 8.419836614187563129e+00 1.236074969247263899e+00 1.584375819390709261e-01 4.145464462355357682e+01 1.549994700000000059e+01 7.954442999999999930e-01 3.681439999999999824e+00 2.531698297247525625e+04 3.041061150149485144e-03
3.193119263733596114e+00 8.419836614187563129e+00 1.236074969247263899e+00 1.584375670379097323e-01 4.145464524127591943e+01 1.549994700000000059e+01 7.954442999999999930e-01 3.681439999999999824e+00 2.531698297247525625e+04 3.041061150149485144e-03
3.193119263733596114e+00 8.419836614187563129e+00 1.236074969247263899e+00 1.584375670379097323e-01 4.145464462355357682e+01 1.549994700000000059e+01 7.954442999999999930e-01 3.681439999999999824e+00 2.531698334972769953e+04 3.041061150149485144e-03
3.193119263733596114e+00 8.419836614187563129e+00 1.236074969247263899e+00 1.584375670379097323e-01 4.145464462355357682e+01 1.549994700000000059e+01 7.954442999999999930e-01 3.681439999999999824e+00 2.531698297247525625e+04 3.041076051310678992e-03
3.193387988758633611e+00 8.421443562390034998e+00 1.236641382612952533e+00 9.827163327764722178e-02 4.145500785489253559e+01 1.549994700000000059e+01 7.954442999999999930e-01 3.681439999999999824e+00 2.531057502851942991e+04 3.039031498202710187e-03
3.193388036343822733e+00 8.421443562390034998e+00 1.236641382612952533e+00 9.827163327764722178e-02 4.145500785489253559e+01 1.549994700000000059e+01 7.954442999999999930e-01 3.681439999999999824e+00 2.531057502851942991e+04 3.039031498202710187e-03
3.193387988758633611e+00 8.421443687879323292e+00 1.236641382612952533e+00 9.827163327764722178e-02 4.145500785489253559e+01 1.549994700000000059e+01 7.954442999999999930e-01 3.681439999999999824e+00 2.531057502851942991e+04 3.039031498202710187e-03
3.193387988758633611e+00 8.421443562390034998e+00 1.236641401040345034e+00 9.827163327764722178e-02 4.145500785489253559e+01 1.549994700000000059e+01 7.954442999999999930e-01 3.681439999999999824e+00 2.531057502851942991e+04 3.039031498202710187e-03
3.193387988758633611e+00 8.421443562390034998e+00 1.236641382612952533e+00 9.827164817880841563e-02 4.145500785489253559e+01 1.549994700000000059e+01 7.954442999999999930e-01 3.681439999999999824e+00 2.531057502851942991e+04 3.039031498202710187e-03
3.193387988758633611e+00 8.421443562390034998e+00 1.236641382612952533e+00 9.827163327764722178e-02 4.145500847262029254e+01 1.549994700000000059e+01 7.954442999999999930e-01 3.681439999999999824e+00 2.531057502851942991e+04 3.039031498202710187e-03
3.193387988758633611e+00 8.421443562390034998e+00 1.236641382612952533e+00 9.827163327764722178e-02 4.145500785489253559e+01 1.549994700000000059e+01 7.954442999999999930e-01 3.681439999999999824e+00 2.531057540567638716e+04 3.039031498202710187e-03
3.193387988758633611e+00 8.421443562390034998e+00 1.236641382612952533e+00 9.827163327764722178e-02 4.145500785489253559e+01 1.549994700000000059e+01 7.954442999999999930e-01 3.681439999999999824e+00 2.531057502851942991e+04 3.039046399363904034e-03
3.193701907611081303e+00 8.422082171402394124e+00 1.237203395674302930e+00 8.111690375650348894e-02 4.145504248969381678e+01 1.549994700000000059e+01 7.954442999999999930e-01 3.681439999999999824e+00 2.530966223817244099e+04 3.038933410580035854e-03
3.193701955200948017e+00 8.422082171402394124e+00 1.237203395674302930e+00 8.111690375650348894e-02 4.145504248969381678e+01 1.549994700000000059e+01 7.954442999999999930e-01 3.681439999999999824e+00 2.530966223817244099e+04 3.038933410580035854e-03
3.193701907611081303e+00 8.422082296901198362e+00 1.237203395674302930e+00 8.111690375650348894e-02 4.145504248969381678e+01 1.549994700000000059e+01 7.954442999999999930e-01 3.681439999999999824e+00 2.530966223817244099e+04 3.038933410580035854e-03
3.193701907611081303e+00 8.422082171402394124e+00 1.237203414110070065e+00 8.111690375650348894e-02 4.145504248969381678e+01 1.549994700000000059e+01 7.954442999999999930e-01 3.681439999999999824e+00 2.530966223817244099e+04 3.038933410580035854e-03
3.193701907611081303e+00 8.422082171402394124e+00 1.237203395674302930e+00 8.111691865766468279e-02 4.145504248969381678e+01 1.549994700000000059e+01 7.954442999999999930e-01 3.681439999999999824e+00 2.530966223817244099e+04 3.038933410580035854e-03
3.193701907611081303e+00 8.422082171402394124e+00 1.237203395674302930e+00 8.111690375650348894e-02 4.145504310742208531e+01 1.549994700000000059e+01 7.954442999999999930e-01 3.681439999999999824e+00 2.530966223817244099e+04 3.038933410580035854e-03
3.193701907611081303e+00 8.422082171402394124e+00 1.237203395674302930e+00 8.111690375650348894e-02 4.145504248969381678e+01 1.549994700000000059e+01 7.954442999999999930e-01 3.681439999999999824e+00 2.530966261531579948e+04 3.038933410580035854e-03
3.193701907611081303e+00 8.422082171402394124e+00 1.237203395674302930e+00 8.111690375650348894e-02 4.145504248969381678e+01 1.549994700000000059e+01 7.954442999999999930e-01 3.681439999999999824e+00 2.530966223817244099e+04 3.038948311741229702e-03
3.193663247726919341e+00 8.422899563784261190e+00 1.237129719146659701e+00 7.511836425872360501e-02 4.146097586709500149e+01 1.549994700000000059e+01 7.954442999999999930e-01 3.681439999999999824e+00 2.530498174611759896e+04 3.037267671233780542e-03
3.193663295316210071e+00 8.422899563784261190e+00 1.237129719146659701e+00 7.511836425872360501e-02 4.146097586709500149e+01 1.549994700000000059e+01 7.954442999999999930e-01 3.681439999999999824e+00 2.530498174611759896e+04 3.037267671233780542e-03
3.193663247726919341e+00 8.422899689295245906e+00 1.237129719146659701e+00 7.511836425872360501e-02 4.146097586709500149e+01 1.549994700000000059e+01 7.954442999999999930e-01 3.681439999999999824e+00 2.530498174611759896e+04 3.037267671233780542e-03
3.193663247726919341e+00 8.422899563784261190e+00 1.237129737581329048e+00 7.511836425872360501e-02 4.146097586709500149e+01 1.549994700000000059e+01 7.954442999999999930e-01 3.681439999999999824e+00 2.530498174611759896e+04 3.037267671233780542e-03
3.193663247726919341e+00 8.422899563784261190e+00 1.237129719146659701e+00 7.511837915988479886e-02 4.146097586709500149e+01 1.549994700000000059e+01 7.954442999999999930e-01 3.681439999999999824e+00 2.530498174611759896e+04 3.037267671233780542e-03
3.193663247726919341e+00 8.422899563784261190e+00 1.237129719146659701e+00 7.511836425872360501e-02 4.146097648491168286e+01 1.549994700000000059e+01 7.954442999999999930e-01 3.681439999999999824e+00 2.530498174611759896e+04 3.037267671233780542e-03
3.193663247726919341e+00 8.422899563784261190e+00 1.237129719146659701e+00 7.511836425872360501e-02 4.146097586709500149e+01 1.549994700000000059e+01 7.954442999999999930e-01 3.681439999999999824e+00 2.530498212319121012e+04 3.037267671233780542e-03
3.193663247726919341e+00 8.422899563784261190e+00 1.237129719146659701e+00 7.511836425872360501e-02 4.146097586709500149e+01 1.549994700000000059e+01 7.954442999999999930e-01 3.681439999999999824e+00 2.530498174611759896e+04 3.037282572394974390e-03
3.193592716517978491e+00 8.424578149592583998e+00 1.237161917842287684e+00 6.428669833831122948e-02 4.147175353563115152e+01 1.549994700000000059e+01 7.954442999999999930e-01 3.681439999999999824e+00 2.529533806799507511e+04 3.033827936634632058e-03
3.193592764106218507e+00 8.424578149592583998e+00 1.237161917842287684e+00 6.428669833831122948e-02 4.147175353563115152e+01 1.549994700000000059e+01 7.954442999999999930e-01 3.681439999999999824e+00 2.529533806799507511e+04 3.033827936634632058e-03
3.193592716517978491e+00 8.424578275128581595e+00 1.237161917842287684e+00 6.428669833831122948e-02 4.147175353563115152e+01 1.549994700000000059e+01 7.954442999999999930e-01 3.681439999999999824e+00 2.529533806799507511e+04 3.033827936634632058e-03
3.193592716517978491e+00 8.424578149592583998e+00 1.237161936277436869e+00 6.428669833831122948e-02 4.147175353563115152e+01 1.549994700000000059e+01 7.954442999999999930e-01 3.681439999999999824e+00 2.529533806799507511e+04 3.033827936634632058e-03
3.193592716517978491e+00 8.424578149592583998e+00 1.237161917842287684e+00 6.428671323947242333e-02 4.147175353563115152e+01 1.549994700000000059e+01 7.954442999999999930e-01 3.681439999999999824e+00 2.529533806799507511e+04 3.033827936634632058e-03
3.193592716517978491e+00 8.424578149592583998e+00 1.237161917842287684e+00 6.428669833831122948e-02 4.147175415360843687e+01 1.549994700000000059e+01 7.954442999999999930e-01 3.681439999999999824e+00 2.529533806799507511e+04 3.033827936634632058e-03
3.193592716517978491e+00 8.424578149592583998e+00 1.237161917842287684e+00 6.428669833831122948e-02 4.147175353563115152e+01 1.549994700000000059e+01 7.954442999999999930e-01 3.681439999999999824e+00 2.529533844492498611e+04 3.033827936634632058e-03
3.193592716517978491e+00 8.424578149592583998e+00 1.237161917842287684e+00 6.428669833831122948e-02 4.147175353563115152e+01 1.549994700000000059e+01 7.954442999999999930e-01 3.681439999999999824e+00 2.529533806799507511e+04 3.033842837795825906e-03
3.193092938333261355e+00 8.423550141344465558e+00 1.237345216954590210e+00 3.797021964356572105e-02 4.152910750850728760e+01 1.549994700000000059e+01 7.954442999999999930e-01 3.681439999999999824e+00 2.529523748330312083e+04 3.034054194452445469e-03
3.193454060670593453e+00 8.424423886864163435e+00 1.237192408695642953e+00 5.512860348278598305e-02 4.148639947795798122e+01 1.549994700000000059e+01 7.954442999999999930e-01 3.681439999999999824e+00 2.529533715647302597e+04 3.034048459657412520e-03
3.193454108256767121e+00 8.424423886864163435e+00 1.237192408695642953e+00 5.512860348278598305e-02 4.148639947795798122e+01 1.549994700000000059e+01 7.954442999999999930e-01 3.681439999999999824e+00 2.529533715647302597e+04 3.034048459657412520e-03
3.193454060670593453e+00 8.424424012397862427e+00 1.237192408695642953e+00 5.512860348278598305e-02 4.148639947795798122e+01 1.549994700000000059e+01 7.954442999999999930e-01 3.681439999999999824e+00 2.529533715647302597e+04 3.034048459657412520e-03
3.193454060670593453e+00 8.424423886864163435e+00 1.237192427131246442e+00 5.512860348278598305e-02 4.148639947795798122e+01 1.549994700000000059e+01 7.954442999999999930e-01 3.681439999999999824e+00 2.529533715647302597e+04 3.034048459657412520e-03
3.193454060670593453e+00 8.424423886864163435e+00 1.237192408695642953e+00 5.512861838394717690e-02 4.148639947795798122e+01 1.549994700000000059e+01 7.954442999999999930e-01 3.681439999999999824e+00 2.529533715647302597e+04 3.034048459657412520e-03
3.193454060670593453e+00 8.424423886864163435e+00 1.237192408695642953e+00 5.512860348278598305e-02 4.148640009615350976e+01 1.549994700000000059e+01 7.954442999999999930e-01 3.681439999999999824e+00 2.529533715647302597e+04 3.034048459657412520e-03
3.193454060670593453e+00 8.424423886864163435e+00 1.237192408695642953e+00 5.512860348278598305e-02 4.148639947795798122e+01 1.549994700000000059e+01 7.954442999999999930e-01 3.681439999999999824e+00 2.529533753340292242e+04 3.034048459657412520e-03
3.193454060670593453e+00 8.424423886864163435e+00 1.237192408695642953e+00 5.512860348278598305e-02 4.148639947795798122e+01 1.549994700000000059e+01 7.954442999999999930e-01 3.681439999999999824e+00 2.529533715647302597e+04 3.034063360818606368e-03
3.193965759754388678e+00 8.425632965322629175e+00 1.238168006155423440e+00 1.311010668338108420e-06 4.148646572339558958e+01 1.549994700000000059e+01 7.954442999999999930e-01 3.681439999999999824e+00 2.529238002246114411e+04 3.033242388988432840e-03
3.193965807348187358e+00 8.425632965322629175e+00 1.238168006155423440e+00 1.311010668338108420e-06 4.148646572339558958e+01 1.549994700000000059e+01 7.954442999999999930e-01 3.681439999999999824e+00 2.529238002246114411e+04 3.033242388988432840e-03
3.193965759754388678e+00 8.425633090874343978e+00 1.238168006155423440e+00 1.311010668338108420e-06 4.148646572339558958e+01 1.549994700000000059e+01 7.954442999999999930e-01 3.681439999999999824e+00 2.529238002246114411e+04 3.033242388988432840e-03
3.193965759754388678e+00 8.425632965322629175e+00 1.238168024605564410e+00 1.311010668338108420e-06 4.148646572339558958e+01 1.549994700000000059e+01 7.954442999999999930e-01 3.681439999999999824e+00 2.529238002246114411e+04 3.033242388988432840e-03
3.193965759754388678e+00 8.425632965322629175e+00 1.238168006155423440e+00 1.325911829531956077e-06 4.148646572339558958e+01 1.549994700000000059e+01 7.954442999999999930e-01 3.681439999999999824e+00 2.529238002246114411e+04 3.033242388988432840e-03
3.193965759754388678e+00 8.425632965322629175e+00 1.238168006155423440e+00 1.311010668338108420e-06 4.148646634159210578e+01 1.549994700000000059e+01 7.954442999999999930e-01 3.681439999999999824e+00 2.529238002246114411e+04 3.033242388988432840e-03
3.193965759754388678e+00 8.425632965322629175e+00 1.238168006155423440e+00 1.311010668338108420e-06 4.148646572339558958e+01 1.549994700000000059e+01 7.954442999999999930e-01 3.681439999999999824e+00 2.529238039934697736e+04 3.033242388988432840e-03
3.193965759754388678e+00 8.425632965322629175e+00 1.238168006155423440e+00 1.311010668338108420e-06 4.148646572339558958e+01 1.549994700000000059e+01 7.954442999999999930e-01 3.681439999999999824e+00 2.529238002246114411e+04 3.033257290149626688e-03
3.193911123672629859e+00 8.425658331578706139e+00 1.237715660200114920e+00 1.071342138310352008e-06 4.148469998625935773e+01 1.549994700000000059e+01 7.954442999999999930e-01 3.681439999999999824e+00 2.529230761810611148e+04 3.033341359197559012e-03
3.193911171265614524e+00 8.425658331578706139e+00 1.237715660200114920e+00 1.071342138310352008e-06 4.148469998625935773e+01 1.549994700000000059e+01 7.954442999999999930e-01 3.681439999999999824e+00 2.529230761810611148e+04 3.033341359197559012e-03
3.193911123672629859e+00 8.425658457130799306e+00 1.237715660200114920e+00 1.071342138310352008e-06 4.148469998625935773e+01 1.549994700000000059e+01 7.954442999999999930e-01 3.681439999999999824e+00 2.529230761810611148e+04 3.033341359197559012e-03
3.193911123672629859e+00 8.425658331578706139e+00 1.237715678643515504e+00 1.071342138310352008e-06 4.148469998625935773e+01 1.549994700000000059e+01 7.954442999999999930e-01 3.681439999999999824e+00 2.529230761810611148e+04 3.033341359197559012e-03
3.193911123672629859e+00 8.425658331578706139e+00 1.237715660200114920e+00 1.086243299504199664e-06 4.148469998625935773e+01 1.549994700000000059e+01 7.954442999999999930e-01 3.681439999999999824e+00 2.529230761810611148e+04 3.033341359197559012e-03
3.193911123672629859e+00 8.425658331578706139e+00 1.237715660200114920e+00 1.071342138310352008e-06 4.148470060442956253e+01 1.549994700000000059e+01 7.954442999999999930e-01 3.681439999999999824e+00 2.529230761810611148e+04 3.033341359197559012e-03
3.193911123672629859e+00 8.425658331578706139e+00 1.237715660200114920e+00 1.071342138310352008e-06 4.148469998625935773e+01 1.549994700000000059e+01 7.954442999999999930e-01 3.681439999999999824e+00 2.529230799499086424e+04 3.033341359197559012e-03
3.193911123672629859e+00 8.425658331578706139e+00 1.237715660200114920e+00 1.071342138310352008e-06 4.148469998625935773e+01 1.549994700000000059e+01 7.954442999999999930e-01 3.681439999999999824e+00 2.529230761810611148e+04 3.033356260358752859e-03
3.193911453161751179e+00 8.425658240014502809e+00 1.237715791519820474e+00 1.074057632810955124e-06 4.148469998883773258e+01 1.549994700000000059e+01 7.954442999999999930e-01 3.681439999999999824e+00 2.529230761776978397e+04 3.037521849592565194e-03
3.193911500754740729e+00 8.425658240014502809e+00 1.237715791519820474e+00 1.074057632810955124e-06 4.148469998883773258e+01 1.549994700000000059e+01 7.954442999999999930e-01 3.681439999999999824e+00 2.529230761776978397e+04 3.037521849592565194e-03
3.193911453161751179e+00 8.425658365566594199e+00 1.237715791519820474e+00 1.074057632810955124e-06 4.148469998883773258e+01 1.549994700000000059e+01 7.954442999999999930e-01 3.681439999999999824e+00 2.529230761776978397e+04 3.037521849592565194e-03
3.193911453161751179e+00 8.425658240014502809e+00 1.237715809963223057e+00 1.074057632810955124e-06 4.148469998883773258e+01 1.549994700000000059e+01 7.954442999999999930e-01 3.681439999999999824e+00 2.529230761776978397e+04 3.037521849592565194e-03
3.193911453161751179e+00 8.425658240014502809e+00 1.237715791519820474e+00 1.088958794004802780e-06 4.148469998883773258e+01 1.549994700000000059e+01 7.954442999999999930e-01 3.681439999999999824e+00 2.529230761776978397e+04 3.037521849592565194e-03
3.193911453161751179e+00 8.425658240014502809e+00 1.237715791519820474e+00 1.074057632810955124e-06 4.148470060700793738e+01 1.549994700000000059e+01 7.954442999999999930e-01 3.681439999999999824e+00 2.529230761776978397e+04 3.037521849592565194e-03
3.193911453161751179e+00 8.425658240014502809e+00 1.237715791519820474e+00 1.074057632810955124e-06 4.148469998883773258e+01 1.549994700000000059e+01 7.954442999999999930e-01 3.681439999999999824e+00 2.529230799465453674e+04 3.037521849592565194e-03
3.193911453161751179e+00 8.425658240014502809e+00 1.237715791519820474e+00 1.074057632810955124e-06 4.148469998883773258e+01 1.549994700000000059e+01 7.954442999999999930e-01 3.681439999999999824e+00 2.529230761776978397e+04 3.037536750753759042e-03
