3.202134324321765035e+00 7.505153546927573416e+00 1.419462892818488697e+00 3.315804097175104048e-01 3.687110496978667129e+01 1.549994700000000059e+01 7.954442999999999930e-01 3.681439999999999824e+00 2.571451244857257188e+04 -2.989758869625391033e-04
3.202134372037284571e+00 7.505153546927573416e+00 1.419462892818488697e+00 3.315804097175104048e-01 3.687110496978667129e+01 1.549994700000000059e+01 7.954442999999999930e-01 3.681439999999999824e+00 2.571451244857257188e+04 -2.989758869625391033e-04
3.202134324321765035e+00 7.505153658763076052e+00 1.419462892818488697e+00 3.315804097175104048e-01 3.687110496978667129e+01 1.549994700000000059e+01 7.954442999999999930e-01 3.681439999999999824e+00 2.571451244857257188e+04 -2.989758869625391033e-04
3.202134324321765035e+00 7.505153546927573416e+00 1.419462913970134021e+00 3.315804097175104048e-01 3.687110496978667129e+01 1.549994700000000059e+01 7.954442999999999930e-01 3.681439999999999824e+00 2.571451244857257188e+04 -2.989758869625391033e-04
3.202134324321765035e+00 7.505153546927573416e+00 1.419462892818488697e+00 3.315804246186715987e-01 3.687110496978667129e+01 1.549994700000000059e+01 7.954442999999999930e-01 3.681439999999999824e+00 2.571451244857257188e+04 -2.989758869625391033e-04
3.202134324321765035e+00 7.505153546927573416e+00 1.419462892818488697e+00 3.315804097175104048e-01 3.687110551920895318e+01 1.549994700000000059e+01 7.954442999999999930e-01 3.681439999999999824e+00 2.571451244857257188e+04 -2.989758869625391033e-04
3.202134324321765035e+00 7.505153546927573416e+00 1.419462892818488697e+00 3.315804097175104048e-01 3.687110496978667129e+01 1.549994723096720861e+01 7.954442999999999930e-01 3.681439999999999824e+00 2.571451244857257188e+04 -2.989758869625391033e-04
3.202134324321765035e+00 7.505153546927573416e+00 1.419462892818488697e+00 3.315804097175104048e-01 3.687110496978667129e+01 1.549994700000000059e+01 7.954443149011611869e-01 3.681439999999999824e+00 2.571451244857257188e+04 -2.989758869625391033e-04
3.202134324321765035e+00 7.505153546927573416e+00 1.419462892818488697e+00 3.315804097175104048e-01 3.687110496978667129e+01 1.549994700000000059e+01 7.954442999999999930e-01 3.681439999999999824e+00 2.571451283174866694e+04 -2.989758869625391033e-04
3.202134324321765035e+00 7.505153546927573416e+00 1.419462892818488697e+00 3.315804097175104048e-01 3.687110496978667129e+01 1.549994700000000059e+01 7.954442999999999930e-01 3.681439999999999824e+00 2.571451244857257188e+04 -2.989907881237329509e-04
3.231415504172268527e+00 6.732508834796142594e+00 1.491051503983546356e+00 3.322607880451201590e-01 3.726566233974133269e+01 1.546207950092794725e+01 8.269100661644288586e-01 3.681439999999999824e+00 3.061852846011042493e+04 1.181013536684500081e-03
3.210905877103389816e+00 7.129077992136711117e+00 1.411594430960867452e+00 3.179349893064090660e-01 3.701147276825024335e+01 1.546809396837660877e+01 8.244105376079119418e-01 3.681439999999999824e+00 2.694051640757240602e+04 -2.813045570087437238e-04
3.205778477007010796e+00 7.228220476257781080e+00 1.391730162251106462e+00 3.143535440205010856e-01 3.694792538363982715e+01 1.546959765268593223e+01 8.237856330219863743e-01 3.681439999999999824e+00 2.602101332080278371e+04 -6.468838095282064115e-04
3.204496653666341732e+00 7.253006876436588257e+00 1.386764093257760955e+00 3.134582002944385493e-01 3.693203857053587313e+01 1.546997384355114669e+01 8.236293170877211356e-01 3.681439999999999824e+00 2.579113725457146211e+04 -7.382775390330554612e-04
3.204176304575719225e+00 7.259206593366704929e+00 1.385522568746904160e+00 3.132344347525682360e-01 3.692806699946784477e+01 1.547006897049364582e+01 8.235898789181845814e-01 3.681439999999999824e+00 2.573366705983223801e+04 -7.611216364554844720e-04
3.204096644914944392e+00 7.260769029896712468e+00 1.385212161194134817e+00 3.131787768353828105e-01 3.692707463252371269e+01 1.547009707849904814e+01 8.235785779899493786e-01 3.681439999999999824e+00 2.571929479477369387e+04 -7.668152533526305511e-04
3.204078494196629823e+00 7.261211039360108366e+00 1.385134442961155399e+00 3.131660242198373578e-01 3.692682874841810303e+01 1.547012190935152987e+01 8.235698256863556166e-01 3.681439999999999824e+00 2.571568259155830310e+04 -7.681670103720926630e-04
3.204088927662983366e+00 7.261820367356554229e+00 1.385124206023589544e+00 3.131778534074710074e-01 3.692677563059239532e+01 1.547028822686760030e+01 8.235094337328580094e-01 3.681439999999999824e+00 2.571467273911955272e+04 -7.677442640457467476e-04
3.210961409673730227e+00 7.438878634786595612e+00 1.386214253338294622e+00 3.218482292057621708e-01 3.691447499527953369e+01 1.549745329811163508e+01 8.020461367465161473e-01 3.681439999999999824e+00 2.571451256482274403e+04 -4.832274966674582730e-04
3.209998748479307551e+00 7.504160397863250509e+00 1.397990870692219056e+00 3.313732341826460814e-01 3.687222347196132688e+01 1.549994629964363746e+01 7.935125561998066512e-01 3.681439999999999824e+00 2.571451244969804611e+04 -3.632026245690850590e-04
3.204167195046481176e+00 7.504931278682294149e+00 1.414224717412176258e+00 3.315513720722056967e-01 3.687120201265473440e+01 1.549995196436627154e+01 7.944675695220031475e-01 3.681439999999999824e+00 2.571451244871729068e+04 -3.200267888749090835e-04
3.202645711003798912e+00 7.505095232765830460e+00 1.418165676303840383e+00 3.315736899702730334e-01 3.687112187656974527e+01 1.549994846984237995e+01 7.951675407171979737e-01 3.681439999999999824e+00 2.571451244860515726e+04 -3.052427764970647834e-04
3.202262495700845868e+00 7.505138774084905151e+00 1.419139448983707030e+00 3.315787588776261119e-01 3.687110877815229770e+01 1.549994738112433446e+01 7.953730795752739224e-01 3.681439999999999824e+00 2.571451244858052087e+04 -3.012771476435827122e-04
3.202262543418275431e+00 7.505138774084905151e+00 1.419139448983707030e+00 3.315787588776261119e-01 3.687110877815229770e+01 1.549994738112433446e+01 7.953730795752739224e-01 3.681439999999999824e+00 2.571451244858052087e+04 -3.012771476435827122e-04
3.202262495700845868e+00 7.505138885920187519e+00 1.419139448983707030e+00 3.315787588776261119e-01 3.687110877815229770e+01 1.549994738112433446e+01 7.953730795752739224e-01 3.681439999999999824e+00 2.571451244858052087e+04 -3.012771476435827122e-04
3.202262495700845868e+00 7.505138774084905151e+00 1.419139470130532654e+00 3.315787588776261119e-01 3.687110877815229770e+01 1.549994738112433446e+01 7.953730795752739224e-01 3.681439999999999824e+00 2.571451244858052087e+04 -3.012771476435827122e-04
3.202262495700845868e+00 7.505138774084905151e+00 1.419139448983707030e+00 3.315787737787873057e-01 3.687110877815229770e+01 1.549994738112433446e+01 7.953730795752739224e-01 3.681439999999999824e+00 2.571451244858052087e+04 -3.012771476435827122e-04
3.202262495700845868e+00 7.505138774084905151e+00 1.419139448983707030e+00 3.315787588776261119e-01 3.687110932757463644e+01 1.549994738112433446e+01 7.953730795752739224e-01 3.681439999999999824e+00 2.571451244858052087e+04 -3.012771476435827122e-04
3.202262495700845868e+00 7.505138774084905151e+00 1.419139448983707030e+00 3.315787588776261119e-01 3.687110877815229770e+01 1.549994761209154959e+01 7.953730795752739224e-01 3.681439999999999824e+00 2.571451244858052087e+04 -3.012771476435827122e-04
3.202262495700845868e+00 7.505138774084905151e+00 1.419139448983707030e+00 3.315787588776261119e-01 3.687110877815229770e+01 1.549994738112433446e+01 7.953730944764351163e-01 3.681439999999999824e+00 2.571451244858052087e+04 -3.012771476435827122e-04
3.202262495700845868e+00 7.505138774084905151e+00 1.419139448983707030e+00 3.315787588776261119e-01 3.687110877815229770e+01 1.549994738112433446e+01 7.953730795752739224e-01 3.681439999999999824e+00 2.571451283175661592e+04 -3.012771476435827122e-04
3.202262495700845868e+00 7.505138774084905151e+00 1.419139448983707030e+00 3.315787588776261119e-01 3.687110877815229770e+01 1.549994738112433446e+01 7.953730795752739224e-01 3.681439999999999824e+00 2.571451244858052087e+04 -3.012920488047765599e-04
3.202501759634433842e+00 7.504811935751724228e+00 1.418626147784111335e+00 3.315678264681359289e-01 3.687111112866589480e+01 1.549994937502104442e+01 7.953361527222321259e-01 3.681439999999999824e+00 2.571451289678505782e+04 -3.033134110322121602e-04
3.202501807355428998e+00 7.504811935751724228e+00 1.418626147784111335e+00 3.315678264681359289e-01 3.687111112866589480e+01 1.549994937502104442e+01 7.953361527222321259e-01 3.681439999999999824e+00 2.571451289678505782e+04 -3.033134110322121602e-04
3.202501759634433842e+00 7.504812047582136714e+00 1.418626147784111335e+00 3.315678264681359289e-01 3.687111112866589480e+01 1.549994937502104442e+01 7.953361527222321259e-01 3.681439999999999824e+00 2.571451289678505782e+04 -3.033134110322121602e-04
3.202501759634433842e+00 7.504811935751724228e+00 1.418626168923288189e+00 3.315678264681359289e-01 3.687111112866589480e+01 1.549994937502104442e+01 7.953361527222321259e-01 3.681439999999999824e+00 2.571451289678505782e+04 -3.033134110322121602e-04
3.202501759634433842e+00 7.504811935751724228e+00 1.418626147784111335e+00 3.315678413692971227e-01 3.687111112866589480e+01 1.549994937502104442e+01 7.953361527222321259e-01 3.681439999999999824e+00 2.571451289678505782e+04 -3.033134110322121602e-04
3.202501759634433842e+00 7.504811935751724228e+00 1.418626147784111335e+00 3.315678264681359289e-01 3.687111167808826195e+01 1.549994937502104442e+01 7.953361527222321259e-01 3.681439999999999824e+00 2.571451289678505782e+04 -3.033134110322121602e-04
3.202501759634433842e+00 7.504811935751724228e+00 1.418626147784111335e+00 3.315678264681359289e-01 3.687111112866589480e+01 1.549994960598828797e+01 7.953361527222321259e-01 3.681439999999999824e+00 2.571451289678505782e+04 -3.033134110322121602e-04
3.202501759634433842e+00 7.504811935751724228e+00 1.418626147784111335e+00 3.315678264681359289e-01 3.687111112866589480e+01 1.549994937502104442e+01 7.953361676233933197e-01 3.681439999999999824e+00 2.571451289678505782e+04 -3.033134110322121602e-04
3.202501759634433842e+00 7.504811935751724228e+00 1.418626147784111335e+00 3.315678264681359289e-01 3.687111112866589480e+01 1.549994937502104442e+01 7.953361527222321259e-01 3.681439999999999824e+00 2.571451327996116015e+04 -3.033134110322121602e-04
3.202501759634433842e+00 7.504811935751724228e+00 1.418626147784111335e+00 3.315678264681359289e-01 3.687111112866589480e+01 1.549994937502104442e+01 7.953361527222321259e-01 3.681439999999999824e+00 2.571451289678505782e+04 -3.033283121934060079e-04
3.202796923415858199e+00 7.504785935566151700e+00 1.418035063491253966e+00 3.315647974847540369e-01 3.687112734736157904e+01 1.549994998213136022e+01 7.951044080133710112e-01 3.681439999999999824e+00 2.571451289680009359e+04 -3.096139219575787271e-04
3.202796971141251614e+00 7.504785935566151700e+00 1.418035063491253966e+00 3.315647974847540369e-01 3.687112734736157904e+01 1.549994998213136022e+01 7.951044080133710112e-01 3.681439999999999824e+00 2.571451289680009359e+04 -3.096139219575787271e-04
3.202796923415858199e+00 7.504786047396176940e+00 1.418035063491253966e+00 3.315647974847540369e-01 3.687112734736157904e+01 1.549994998213136022e+01 7.951044080133710112e-01 3.681439999999999824e+00 2.571451289680009359e+04 -3.096139219575787271e-04
3.202796923415858199e+00 7.504785935566151700e+00 1.418035084621622977e+00 3.315647974847540369e-01 3.687112734736157904e+01 1.549994998213136022e+01 7.951044080133710112e-01 3.681439999999999824e+00 2.571451289680009359e+04 -3.096139219575787271e-04
3.202796923415858199e+00 7.504785935566151700e+00 1.418035063491253966e+00 3.315648123859152308e-01 3.687112734736157904e+01 1.549994998213136022e+01 7.951044080133710112e-01 3.681439999999999824e+00 2.571451289680009359e+04 -3.096139219575787271e-04
3.202796923415858199e+00 7.504785935566151700e+00 1.418035063491253966e+00 3.315647974847540369e-01 3.687112789678418778e+01 1.549994998213136022e+01 7.951044080133710112e-01 3.681439999999999824e+00 2.571451289680009359e+04 -3.096139219575787271e-04
3.202796923415858199e+00 7.504785935566151700e+00 1.418035063491253966e+00 3.315647974847540369e-01 3.687112734736157904e+01 1.549995021309861265e+01 7.951044080133710112e-01 3.681439999999999824e+00 2.571451289680009359e+04 -3.096139219575787271e-04
3.202796923415858199e+00 7.504785935566151700e+00 1.418035063491253966e+00 3.315647974847540369e-01 3.687112734736157904e+01 1.549994998213136022e+01 7.951044229145322051e-01 3.681439999999999824e+00 2.571451289680009359e+04 -3.096139219575787271e-04
3.202796923415858199e+00 7.504785935566151700e+00 1.418035063491253966e+00 3.315647974847540369e-01 3.687112734736157904e+01 1.549994998213136022e+01 7.951044080133710112e-01 3.681439999999999824e+00 2.571451327997619592e+04 -3.096139219575787271e-04
3.202796923415858199e+00 7.504785935566151700e+00 1.418035063491253966e+00 3.315647974847540369e-01 3.687112734736157904e+01 1.549994998213136022e+01 7.951044080133710112e-01 3.681439999999999824e+00 2.571451289680009359e+04 -3.096288231187725747e-04
3.203176961161446901e+00 7.504246542587218016e+00 1.416959599339450149e+00 3.315409804099109792e-01 3.687112988148982851e+01 1.549995420849783656e+01 7.950305893499328702e-01 3.681439999999999824e+00 2.571451389692269004e+04 -3.126838866811217695e-04
3.203177008892503341e+00 7.504246542587218016e+00 1.416959599339450149e+00 3.315409804099109792e-01 3.687112988148982851e+01 1.549995420849783656e+01 7.950305893499328702e-01 3.681439999999999824e+00 2.571451389692269004e+04 -3.126838866811217695e-04
3.203176961161446901e+00 7.504246654409205242e+00 1.416959599339450149e+00 3.315409804099109792e-01 3.687112988148982851e+01 1.549995420849783656e+01 7.950305893499328702e-01 3.681439999999999824e+00 2.571451389692269004e+04 -3.126838866811217695e-04
3.203176961161446901e+00 7.504246542587218016e+00 1.416959620453793534e+00 3.315409804099109792e-01 3.687112988148982851e+01 1.549995420849783656e+01 7.950305893499328702e-01 3.681439999999999824e+00 2.571451389692269004e+04 -3.126838866811217695e-04
3.203176961161446901e+00 7.504246542587218016e+00 1.416959599339450149e+00 3.315409953110721730e-01 3.687112988148982851e+01 1.549995420849783656e+01 7.950305893499328702e-01 3.681439999999999824e+00 2.571451389692269004e+04 -3.126838866811217695e-04
3.203176961161446901e+00 7.504246542587218016e+00 1.416959599339450149e+00 3.315409804099109792e-01 3.687113043091247988e+01 1.549995420849783656e+01 7.950305893499328702e-01 3.681439999999999824e+00 2.571451389692269004e+04 -3.126838866811217695e-04
3.203176961161446901e+00 7.504246542587218016e+00 1.416959599339450149e+00 3.315409804099109792e-01 3.687112988148982851e+01 1.549995443946515294e+01 7.950305893499328702e-01 3.681439999999999824e+00 2.571451389692269004e+04 -3.126838866811217695e-04
3.203176961161446901e+00 7.504246542587218016e+00 1.416959599339450149e+00 3.315409804099109792e-01 3.687112988148982851e+01 1.549995420849783656e+01 7.950306042510940641e-01 3.681439999999999824e+00 2.571451389692269004e+04 -3.126838866811217695e-04
3.203176961161446901e+00 7.504246542587218016e+00 1.416959599339450149e+00 3.315409804099109792e-01 3.687112988148982851e+01 1.549995420849783656e+01 7.950305893499328702e-01 3.681439999999999824e+00 2.571451428009880692e+04 -3.126838866811217695e-04
3.203176961161446901e+00 7.504246542587218016e+00 1.416959599339450149e+00 3.315409804099109792e-01 3.687112988148982851e+01 1.549995420849783656e+01 7.950305893499328702e-01 3.681439999999999824e+00 2.571451389692269004e+04 -3.126987878423156172e-04
3.203602309854170826e+00 7.503708282943700958e+00 1.415900364329915506e+00 3.314932339755488622e-01 3.687113292053793856e+01 1.549995801165955100e+01 7.949616598076414409e-01 3.681439999999999824e+00 2.571451490531181844e+04 -3.173511775146565703e-04
3.203602357591565308e+00 7.503708282943700958e+00 1.415900364329915506e+00 3.314932339755488622e-01 3.687113292053793856e+01 1.549995801165955100e+01 7.949616598076414409e-01 3.681439999999999824e+00 2.571451490531181844e+04 -3.173511775146565703e-04
3.203602309854170826e+00 7.503708394757667932e+00 1.415900364329915506e+00 3.314932339755488622e-01 3.687113292053793856e+01 1.549995801165955100e+01 7.949616598076414409e-01 3.681439999999999824e+00 2.571451490531181844e+04 -3.173511775146565703e-04
3.203602309854170826e+00 7.503708282943700958e+00 1.415900385428475072e+00 3.314932339755488622e-01 3.687113292053793856e+01 1.549995801165955100e+01 7.949616598076414409e-01 3.681439999999999824e+00 2.571451490531181844e+04 -3.173511775146565703e-04
3.203602309854170826e+00 7.503708282943700958e+00 1.415900364329915506e+00 3.314932488767100560e-01 3.687113292053793856e+01 1.549995801165955100e+01 7.949616598076414409e-01 3.681439999999999824e+00 2.571451490531181844e+04 -3.173511775146565703e-04
3.203602309854170826e+00 7.503708282943700958e+00 1.415900364329915506e+00 3.314932339755488622e-01 3.687113346996063257e+01 1.549995801165955100e+01 7.949616598076414409e-01 3.681439999999999824e+00 2.571451490531181844e+04 -3.173511775146565703e-04
3.203602309854170826e+00 7.503708282943700958e+00 1.415900364329915506e+00 3.314932339755488622e-01 3.687113292053793856e+01 1.549995824262692423e+01 7.949616598076414409e-01 3.681439999999999824e+00 2.571451490531181844e+04 -3.173511775146565703e-04
3.203602309854170826e+00 7.503708282943700958e+00 1.415900364329915506e+00 3.314932339755488622e-01 3.687113292053793856e+01 1.549995801165955100e+01 7.949616747088026347e-01 3.681439999999999824e+00 2.571451490531181844e+04 -3.173511775146565703e-04
3.203602309854170826e+00 7.503708282943700958e+00 1.415900364329915506e+00 3.314932339755488622e-01 3.687113292053793856e+01 1.549995801165955100e+01 7.949616598076414409e-01 3.681439999999999824e+00 2.571451528848794987e+04 -3.173511775146565703e-04
3.203602309854170826e+00 7.503708282943700958e+00 1.415900364329915506e+00 3.314932339755488622e-01 3.687113292053793856e+01 1.549995801165955100e+01 7.949616598076414409e-01 3.681439999999999824e+00 2.571451490531181844e+04 -3.173660786758504180e-04
3.204173108491168875e+00 7.503294143817056394e+00 1.414894887821075198e+00 3.314632192932046584e-01 3.687113791664324225e+01 1.549995947973071075e+01 7.949253370545634745e-01 3.681439999999999824e+00 2.571451555087040833e+04 -3.217745508800774344e-04
3.203764350314907361e+00 7.503602797527397783e+00 1.415660979277060472e+00 3.314862908084652005e-01 3.687113437343288069e+01 1.549995831452167749e+01 7.949532680924716876e-01 3.681439999999999824e+00 2.571451505412132974e+04 -3.181520259158263824e-04
3.203764398054716356e+00 7.503602797527397783e+00 1.415660979277060472e+00 3.314862908084652005e-01 3.687113437343288069e+01 1.549995831452167749e+01 7.949532680924716876e-01 3.681439999999999824e+00 2.571451505412132974e+04 -3.181520259158263824e-04
3.203764350314907361e+00 7.503602909339792681e+00 1.415660979277060472e+00 3.314862908084652005e-01 3.687113437343288069e+01 1.549995831452167749e+01 7.949532680924716876e-01 3.681439999999999824e+00 2.571451505412132974e+04 -3.181520259158263824e-04
3.203764350314907361e+00 7.503602797527397783e+00 1.415661000372052891e+00 3.314862908084652005e-01 3.687113437343288069e+01 1.549995831452167749e+01 7.949532680924716876e-01 3.681439999999999824e+00 2.571451505412132974e+04 -3.181520259158263824e-04
3.203764350314907361e+00 7.503602797527397783e+00 1.415660979277060472e+00 3.314863057096263943e-01 3.687113437343288069e+01 1.549995831452167749e+01 7.949532680924716876e-01 3.681439999999999824e+00 2.571451505412132974e+04 -3.181520259158263824e-04
3.203764350314907361e+00 7.503602797527397783e+00 1.415660979277060472e+00 3.314862908084652005e-01 3.687113492285559602e+01 1.549995831452167749e+01 7.949532680924716876e-01 3.681439999999999824e+00 2.571451505412132974e+04 -3.181520259158263824e-04
3.203764350314907361e+00 7.503602797527397783e+00 1.415660979277060472e+00 3.314862908084652005e-01 3.687113437343288069e+01 1.549995854548905427e+01 7.949532680924716876e-01 3.681439999999999824e+00 2.571451505412132974e+04 -3.181520259158263824e-04
3.203764350314907361e+00 7.503602797527397783e+00 1.415660979277060472e+00 3.314862908084652005e-01 3.687113437343288069e+01 1.549995831452167749e+01 7.949532829936328815e-01 3.681439999999999824e+00 2.571451505412132974e+04 -3.181520259158263824e-04
3.203764350314907361e+00 7.503602797527397783e+00 1.415660979277060472e+00 3.314862908084652005e-01 3.687113437343288069e+01 1.549995831452167749e+01 7.949532680924716876e-01 3.681439999999999824e+00 2.571451543729746481e+04 -3.181520259158263824e-04
3.203764350314907361e+00 7.503602797527397783e+00 1.415660979277060472e+00 3.314862908084652005e-01 3.687113437343288069e+01 1.549995831452167749e+01 7.949532680924716876e-01 3.681439999999999824e+00 2.571451505412132974e+04 -3.181669270770202300e-04
3.203882038313021763e+00 7.503588852633426676e+00 1.415332783281773477e+00 3.314827184615972144e-01 3.687113797754105349e+01 1.549995864932233580e+01 7.948915453153041488e-01 3.681439999999999824e+00 2.571451505413022096e+04 -3.203915306015317900e-04
3.203882086054584466e+00 7.503588852633426676e+00 1.415332783281773477e+00 3.314827184615972144e-01 3.687113797754105349e+01 1.549995864932233580e+01 7.948915453153041488e-01 3.681439999999999824e+00 2.571451505413022096e+04 -3.203915306015317900e-04
3.203882038313021763e+00 7.503588964445613740e+00 1.415332783281773477e+00 3.314827184615972144e-01 3.687113797754105349e+01 1.549995864932233580e+01 7.948915453153041488e-01 3.681439999999999824e+00 2.571451505413022096e+04 -3.203915306015317900e-04
3.203882038313021763e+00 7.503588852633426676e+00 1.415332804371875364e+00 3.314827184615972144e-01 3.687113797754105349e+01 1.549995864932233580e+01 7.948915453153041488e-01 3.681439999999999824e+00 2.571451505413022096e+04 -3.203915306015317900e-04
3.203882038313021763e+00 7.503588852633426676e+00 1.415332783281773477e+00 3.314827333627584083e-01 3.687113797754105349e+01 1.549995864932233580e+01 7.948915453153041488e-01 3.681439999999999824e+00 2.571451505413022096e+04 -3.203915306015317900e-04
3.203882038313021763e+00 7.503588852633426676e+00 1.415332783281773477e+00 3.314827184615972144e-01 3.687113852696382565e+01 1.549995864932233580e+01 7.948915453153041488e-01 3.681439999999999824e+00 2.571451505413022096e+04 -3.203915306015317900e-04
3.203882038313021763e+00 7.503588852633426676e+00 1.415332783281773477e+00 3.314827184615972144e-01 3.687113797754105349e+01 1.549995888028971791e+01 7.948915453153041488e-01 3.681439999999999824e+00 2.571451505413022096e+04 -3.203915306015317900e-04
3.203882038313021763e+00 7.503588852633426676e+00 1.415332783281773477e+00 3.314827184615972144e-01 3.687113797754105349e+01 1.549995864932233580e+01 7.948915602164653427e-01 3.681439999999999824e+00 2.571451505413022096e+04 -3.203915306015317900e-04
3.203882038313021763e+00 7.503588852633426676e+00 1.415332783281773477e+00 3.314827184615972144e-01 3.687113797754105349e+01 1.549995864932233580e+01 7.948915453153041488e-01 3.681439999999999824e+00 2.571451543730635603e+04 -3.203915306015317900e-04
3.203882038313021763e+00 7.503588852633426676e+00 1.415332783281773477e+00 3.314827184615972144e-01 3.687113797754105349e+01 1.549995864932233580e+01 7.948915453153041488e-01 3.681439999999999824e+00 2.571451505413022096e+04 -3.204064317627256376e-04
3.204086237693483774e+00 7.503321925620771715e+00 1.414798950608563644e+00 3.314704491244125362e-01 3.687113942117250787e+01 1.549996046785145509e+01 7.948581970004882091e-01 3.681439999999999824e+00 2.571451557993915776e+04 -3.224768830707615145e-04
3.204086285438089376e+00 7.503321925620771715e+00 1.414798950608563644e+00 3.314704491244125362e-01 3.687113942117250787e+01 1.549996046785145509e+01 7.948581970004882091e-01 3.681439999999999824e+00 2.571451557993915776e+04 -3.224768830707615145e-04
3.204086237693483774e+00 7.503322037428981517e+00 1.414798950608563644e+00 3.314704491244125362e-01 3.687113942117250787e+01 1.549996046785145509e+01 7.948581970004882091e-01 3.681439999999999824e+00 2.571451557993915776e+04 -3.224768830707615145e-04
3.204086237693483774e+00 7.503321925620771715e+00 1.414798971690710783e+00 3.314704491244125362e-01 3.687113942117250787e+01 1.549996046785145509e+01 7.948581970004882091e-01 3.681439999999999824e+00 2.571451557993915776e+04 -3.224768830707615145e-04
3.204086237693483774e+00 7.503321925620771715e+00 1.414798950608563644e+00 3.314704640255737300e-01 3.687113942117250787e+01 1.549996046785145509e+01 7.948581970004882091e-01 3.681439999999999824e+00 2.571451557993915776e+04 -3.224768830707615145e-04
3.204086237693483774e+00 7.503321925620771715e+00 1.414798950608563644e+00 3.314704491244125362e-01 3.687113997059530135e+01 1.549996046785145509e+01 7.948581970004882091e-01 3.681439999999999824e+00 2.571451557993915776e+04 -3.224768830707615145e-04
3.204086237693483774e+00 7.503321925620771715e+00 1.414798950608563644e+00 3.314704491244125362e-01 3.687113942117250787e+01 1.549996069881886385e+01 7.948581970004882091e-01 3.681439999999999824e+00 2.571451557993915776e+04 -3.224768830707615145e-04
3.204086237693483774e+00 7.503321925620771715e+00 1.414798950608563644e+00 3.314704491244125362e-01 3.687113942117250787e+01 1.549996046785145509e+01 7.948582119016494030e-01 3.681439999999999824e+00 2.571451557993915776e+04 -3.224768830707615145e-04
3.204086237693483774e+00 7.503321925620771715e+00 1.414798950608563644e+00 3.314704491244125362e-01 3.687113942117250787e+01 1.549996046785145509e+01 7.948581970004882091e-01 3.681439999999999824e+00 2.571451596311530011e+04 -3.224768830707615145e-04
3.204086237693483774e+00 7.503321925620771715e+00 1.414798950608563644e+00 3.314704491244125362e-01 3.687113942117250787e+01 1.549996046785145509e+01 7.948581970004882091e-01 3.681439999999999824e+00 2.571451557993915776e+04 -3.224917842319553621e-04
3.204299421861744435e+00 7.503055330910726184e+00 1.414268287898259313e+00 3.314581302881619007e-01 3.687114096627754378e+01 1.549996217776986818e+01 7.948259555539282095e-01 3.681439999999999824e+00 2.571451610956189688e+04 -3.247801903916853724e-04
3.204299469609526607e+00 7.503055330910726184e+00 1.414268287898259313e+00 3.314581302881619007e-01 3.687114096627754378e+01 1.549996217776986818e+01 7.948259555539282095e-01 3.681439999999999824e+00 2.571451610956189688e+04 -3.247801903916853724e-04
3.204299421861744435e+00 7.503055442714963164e+00 1.414268287898259313e+00 3.314581302881619007e-01 3.687114096627754378e+01 1.549996217776986818e+01 7.948259555539282095e-01 3.681439999999999824e+00 2.571451610956189688e+04 -3.247801903916853724e-04
3.204299421861744435e+00 7.503055330910726184e+00 1.414268308972499000e+00 3.314581302881619007e-01 3.687114096627754378e+01 1.549996217776986818e+01 7.948259555539282095e-01 3.681439999999999824e+00 2.571451610956189688e+04 -3.247801903916853724e-04
3.204299421861744435e+00 7.503055330910726184e+00 1.414268287898259313e+00 3.314581451893230946e-01 3.687114096627754378e+01 1.549996217776986818e+01 7.948259555539282095e-01 3.681439999999999824e+00 2.571451610956189688e+04 -3.247801903916853724e-04
3.204299421861744435e+00 7.503055330910726184e+00 1.414268287898259313e+00 3.314581302881619007e-01 3.687114151570035858e+01 1.549996217776986818e+01 7.948259555539282095e-01 3.681439999999999824e+00 2.571451610956189688e+04 -3.247801903916853724e-04
3.204299421861744435e+00 7.503055330910726184e+00 1.414268287898259313e+00 3.314581302881619007e-01 3.687114096627754378e+01 1.549996240873730358e+01 7.948259555539282095e-01 3.681439999999999824e+00 2.571451610956189688e+04 -3.247801903916853724e-04
3.204299421861744435e+00 7.503055330910726184e+00 1.414268287898259313e+00 3.314581302881619007e-01 3.687114096627754378e+01 1.549996217776986818e+01 7.948259704550894034e-01 3.681439999999999824e+00 2.571451610956189688e+04 -3.247801903916853724e-04
3.204299421861744435e+00 7.503055330910726184e+00 1.414268287898259313e+00 3.314581302881619007e-01 3.687114096627754378e+01 1.549996217776986818e+01 7.948259555539282095e-01 3.681439999999999824e+00 2.571451649273804651e+04 -3.247801903916853724e-04
3.204299421861744435e+00 7.503055330910726184e+00 1.414268287898259313e+00 3.314581302881619007e-01 3.687114096627754378e+01 1.549996217776986818e+01 7.948259555539282095e-01 3.681439999999999824e+00 2.571451610956189688e+04 -3.247950915528792200e-04
3.204513461610554614e+00 7.502789817596126731e+00 1.413738121295085470e+00 3.314330934978839682e-01 3.687114252542129833e+01 1.549996383521581578e+01 7.947944787494074514e-01 3.681439999999999824e+00 2.571451664666811484e+04 -3.270950145505702330e-04
3.204513509361526236e+00 7.502789817596126731e+00 1.413738121295085470e+00 3.314330934978839682e-01 3.687114252542129833e+01 1.549996383521581578e+01 7.947944787494074514e-01 3.681439999999999824e+00 2.571451664666811484e+04 -3.270950145505702330e-04
3.204513461610554614e+00 7.502789929396406876e+00 1.413738121295085470e+00 3.314330934978839682e-01 3.687114252542129833e+01 1.549996383521581578e+01 7.947944787494074514e-01 3.681439999999999824e+00 2.571451664666811484e+04 -3.270950145505702330e-04
3.204513461610554614e+00 7.502789817596126731e+00 1.413738142361425032e+00 3.314330934978839682e-01 3.687114252542129833e+01 1.549996383521581578e+01 7.947944787494074514e-01 3.681439999999999824e+00 2.571451664666811484e+04 -3.270950145505702330e-04
3.204513461610554614e+00 7.502789817596126731e+00 1.413738121295085470e+00 3.314331083990451621e-01 3.687114252542129833e+01 1.549996383521581578e+01 7.947944787494074514e-01 3.681439999999999824e+00 2.571451664666811484e+04 -3.270950145505702330e-04
3.204513461610554614e+00 7.502789817596126731e+00 1.413738121295085470e+00 3.314330934978839682e-01 3.687114307484413445e+01 1.549996383521581578e+01 7.947944787494074514e-01 3.681439999999999824e+00 2.571451664666811484e+04 -3.270950145505702330e-04
3.204513461610554614e+00 7.502789817596126731e+00 1.413738121295085470e+00 3.314330934978839682e-01 3.687114252542129833e+01 1.549996406618327605e+01 7.947944787494074514e-01 3.681439999999999824e+00 2.571451664666811484e+04 -3.270950145505702330e-04
3.204513461610554614e+00 7.502789817596126731e+00 1.413738121295085470e+00 3.314330934978839682e-01 3.687114252542129833e+01 1.549996383521581578e+01 7.947944936505686453e-01 3.681439999999999824e+00 2.571451664666811484e+04 -3.270950145505702330e-04
3.204513461610554614e+00 7.502789817596126731e+00 1.413738121295085470e+00 3.314330934978839682e-01 3.687114252542129833e+01 1.549996383521581578e+01 7.947944787494074514e-01 3.681439999999999824e+00 2.571451702984427175e+04 -3.270950145505702330e-04
3.204513461610554614e+00 7.502789817596126731e+00 1.413738121295085470e+00 3.314330934978839682e-01 3.687114252542129833e+01 1.549996383521581578e+01 7.947944787494074514e-01 3.681439999999999824e+00 2.571451664666811484e+04 -3.271099157117640806e-04
3.204727461372685937e+00 7.502525157754737606e+00 1.413207708659574235e+00 3.314076176211203095e-01 3.687114406054894999e+01 1.549996541866170041e+01 7.947636785803865456e-01 3.681439999999999824e+00 2.571451719184386457e+04 -3.294014291968532415e-04
3.204727509126846563e+00 7.502525157754737606e+00 1.413207708659574235e+00 3.314076176211203095e-01 3.687114406054894999e+01 1.549996541866170041e+01 7.947636785803865456e-01 3.681439999999999824e+00 2.571451719184386457e+04 -3.294014291968532415e-04
3.204727461372685937e+00 7.502525269551074238e+00 1.413207708659574235e+00 3.314076176211203095e-01 3.687114406054894999e+01 1.549996541866170041e+01 7.947636785803865456e-01 3.681439999999999824e+00 2.571451719184386457e+04 -3.294014291968532415e-04
3.204727461372685937e+00 7.502525157754737606e+00 1.413207729718010119e+00 3.314076176211203095e-01 3.687114406054894999e+01 1.549996541866170041e+01 7.947636785803865456e-01 3.681439999999999824e+00 2.571451719184386457e+04 -3.294014291968532415e-04
3.204727461372685937e+00 7.502525157754737606e+00 1.413207708659574235e+00 3.314076325222815034e-01 3.687114406054894999e+01 1.549996541866170041e+01 7.947636785803865456e-01 3.681439999999999824e+00 2.571451719184386457e+04 -3.294014291968532415e-04
3.204727461372685937e+00 7.502525157754737606e+00 1.413207708659574235e+00 3.314076176211203095e-01 3.687114460997181453e+01 1.549996541866170041e+01 7.947636785803865456e-01 3.681439999999999824e+00 2.571451719184386457e+04 -3.294014291968532415e-04
3.204727461372685937e+00 7.502525157754737606e+00 1.413207708659574235e+00 3.314076176211203095e-01 3.687114406054894999e+01 1.549996564962918377e+01 7.947636785803865456e-01 3.681439999999999824e+00 2.571451719184386457e+04 -3.294014291968532415e-04
3.204727461372685937e+00 7.502525157754737606e+00 1.413207708659574235e+00 3.314076176211203095e-01 3.687114406054894999e+01 1.549996541866170041e+01 7.947636934815477394e-01 3.681439999999999824e+00 2.571451719184386457e+04 -3.294014291968532415e-04
3.204727461372685937e+00 7.502525157754737606e+00 1.413207708659574235e+00 3.314076176211203095e-01 3.687114406054894999e+01 1.549996541866170041e+01 7.947636785803865456e-01 3.681439999999999824e+00 2.571451757502002874e+04 -3.294014291968532415e-04
3.204727461372685937e+00 7.502525157754737606e+00 1.413207708659574235e+00 3.314076176211203095e-01 3.687114406054894999e+01 1.549996541866170041e+01 7.947636785803865456e-01 3.681439999999999824e+00 2.571451719184386457e+04 -3.294163303580470892e-04
3.204941352864080883e+00 7.502261419870568382e+00 1.412676531764945231e+00 3.313948454958924872e-01 3.687114563291675040e+01 1.549996695840492578e+01 7.947336005544894943e-01 3.681439999999999824e+00 2.571451774673251930e+04 -3.316979271080353541e-04
3.204941400621428738e+00 7.502261419870568382e+00 1.412676531764945231e+00 3.313948454958924872e-01 3.687114563291675040e+01 1.549996695840492578e+01 7.947336005544894943e-01 3.681439999999999824e+00 2.571451774673251930e+04 -3.316979271080353541e-04
3.204941352864080883e+00 7.502261531662974825e+00 1.412676531764945231e+00 3.313948454958924872e-01 3.687114563291675040e+01 1.549996695840492578e+01 7.947336005544894943e-01 3.681439999999999824e+00 2.571451774673251930e+04 -3.316979271080353541e-04
3.204941352864080883e+00 7.502261419870568382e+00 1.412676552815465891e+00 3.313948454958924872e-01 3.687114563291675040e+01 1.549996695840492578e+01 7.947336005544894943e-01 3.681439999999999824e+00 2.571451774673251930e+04 -3.316979271080353541e-04
3.204941352864080883e+00 7.502261419870568382e+00 1.412676531764945231e+00 3.313948603970536810e-01 3.687114563291675040e+01 1.549996695840492578e+01 7.947336005544894943e-01 3.681439999999999824e+00 2.571451774673251930e+04 -3.316979271080353541e-04
3.204941352864080883e+00 7.502261419870568382e+00 1.412676531764945231e+00 3.313948454958924872e-01 3.687114618233963625e+01 1.549996695840492578e+01 7.947336005544894943e-01 3.681439999999999824e+00 2.571451774673251930e+04 -3.316979271080353541e-04
3.204941352864080883e+00 7.502261419870568382e+00 1.412676531764945231e+00 3.313948454958924872e-01 3.687114563291675040e+01 1.549996718937243223e+01 7.947336005544894943e-01 3.681439999999999824e+00 2.571451774673251930e+04 -3.316979271080353541e-04
3.204941352864080883e+00 7.502261419870568382e+00 1.412676531764945231e+00 3.313948454958924872e-01 3.687114563291675040e+01 1.549996695840492578e+01 7.947336154556506882e-01 3.681439999999999824e+00 2.571451774673251930e+04 -3.316979271080353541e-04
3.204941352864080883e+00 7.502261419870568382e+00 1.412676531764945231e+00 3.313948454958924872e-01 3.687114563291675040e+01 1.549996695840492578e+01 7.947336005544894943e-01 3.681439999999999824e+00 2.571451812990869439e+04 -3.316979271080353541e-04
3.204941352864080883e+00 7.502261419870568382e+00 1.412676531764945231e+00 3.313948454958924872e-01 3.687114563291675040e+01 1.549996695840492578e+01 7.947336005544894943e-01 3.681439999999999824e+00 2.571451774673251930e+04 -3.317128282692292018e-04
3.205167291359923620e+00 7.502005081764766992e+00 1.412159630409592026e+00 3.313821445315851544e-01 3.687114736305419171e+01 1.549996829174975055e+01 7.946788894636412914e-01 3.681439999999999824e+00 2.571451829626927429e+04 -3.346277071044419953e-04
3.205167339120638115e+00 7.502005081764766992e+00 1.412159630409592026e+00 3.313821445315851544e-01 3.687114736305419171e+01 1.549996829174975055e+01 7.946788894636412914e-01 3.681439999999999824e+00 2.571451829626927429e+04 -3.346277071044419953e-04
3.205167291359923620e+00 7.502005193553354268e+00 1.412159630409592026e+00 3.313821445315851544e-01 3.687114736305419171e+01 1.549996829174975055e+01 7.946788894636412914e-01 3.681439999999999824e+00 2.571451829626927429e+04 -3.346277071044419953e-04
3.205167291359923620e+00 7.502005081764766992e+00 1.412159651452410403e+00 3.313821445315851544e-01 3.687114736305419171e+01 1.549996829174975055e+01 7.946788894636412914e-01 3.681439999999999824e+00 2.571451829626927429e+04 -3.346277071044419953e-04
3.205167291359923620e+00 7.502005081764766992e+00 1.412159630409592026e+00 3.313821594327463482e-01 3.687114736305419171e+01 1.549996829174975055e+01 7.946788894636412914e-01 3.681439999999999824e+00 2.571451829626927429e+04 -3.346277071044419953e-04
3.205167291359923620e+00 7.502005081764766992e+00 1.412159630409592026e+00 3.313821445315851544e-01 3.687114791247709888e+01 1.549996829174975055e+01 7.946788894636412914e-01 3.681439999999999824e+00 2.571451829626927429e+04 -3.346277071044419953e-04
3.205167291359923620e+00 7.502005081764766992e+00 1.412159630409592026e+00 3.313821445315851544e-01 3.687114736305419171e+01 1.549996852271727654e+01 7.946788894636412914e-01 3.681439999999999824e+00 2.571451829626927429e+04 -3.346277071044419953e-04
3.205167291359923620e+00 7.502005081764766992e+00 1.412159630409592026e+00 3.313821445315851544e-01 3.687114736305419171e+01 1.549996829174975055e+01 7.946789043648024853e-01 3.681439999999999824e+00 2.571451829626927429e+04 -3.346277071044419953e-04
3.205167291359923620e+00 7.502005081764766992e+00 1.412159630409592026e+00 3.313821445315851544e-01 3.687114736305419171e+01 1.549996829174975055e+01 7.946788894636412914e-01 3.681439999999999824e+00 2.571451867944545666e+04 -3.346277071044419953e-04
3.205167291359923620e+00 7.502005081764766992e+00 1.412159630409592026e+00 3.313821445315851544e-01 3.687114736305419171e+01 1.549996829174975055e+01 7.946788894636412914e-01 3.681439999999999824e+00 2.571451829626927429e+04 -3.346426082656358430e-04
3.205569265479634389e+00 7.501491387250307952e+00 1.411086335910902712e+00 3.313280218716998515e-01 3.687115028517229121e+01 1.549997102488658562e+01 7.946228099942507228e-01 3.681439999999999824e+00 2.571451946978663182e+04 -3.386430280239686877e-04
3.205569313246338758e+00 7.501491387250307952e+00 1.411086335910902712e+00 3.313280218716998515e-01 3.687115028517229121e+01 1.549997102488658562e+01 7.946228099942507228e-01 3.681439999999999824e+00 2.571451946978663182e+04 -3.386430280239686877e-04
3.205569265479634389e+00 7.501491499031240018e+00 1.411086335910902712e+00 3.313280218716998515e-01 3.687115028517229121e+01 1.549997102488658562e+01 7.946228099942507228e-01 3.681439999999999824e+00 2.571451946978663182e+04 -3.386430280239686877e-04
3.205569265479634389e+00 7.501491387250307952e+00 1.411086356937727659e+00 3.313280218716998515e-01 3.687115028517229121e+01 1.549997102488658562e+01 7.946228099942507228e-01 3.681439999999999824e+00 2.571451946978663182e+04 -3.386430280239686877e-04
3.205569265479634389e+00 7.501491387250307952e+00 1.411086335910902712e+00 3.313280367728610454e-01 3.687115028517229121e+01 1.549997102488658562e+01 7.946228099942507228e-01 3.681439999999999824e+00 2.571451946978663182e+04 -3.386430280239686877e-04
3.205569265479634389e+00 7.501491387250307952e+00 1.411086335910902712e+00 3.313280218716998515e-01 3.687115083459524811e+01 1.549997102488658562e+01 7.946228099942507228e-01 3.681439999999999824e+00 2.571451946978663182e+04 -3.386430280239686877e-04
3.205569265479634389e+00 7.501491387250307952e+00 1.411086335910902712e+00 3.313280218716998515e-01 3.687115028517229121e+01 1.549997125585415247e+01 7.946228099942507228e-01 3.681439999999999824e+00 2.571451946978663182e+04 -3.386430280239686877e-04
3.205569265479634389e+00 7.501491387250307952e+00 1.411086335910902712e+00 3.313280218716998515e-01 3.687115028517229121e+01 1.549997102488658562e+01 7.946228248954119167e-01 3.681439999999999824e+00 2.571451946978663182e+04 -3.386430280239686877e-04
3.205569265479634389e+00 7.501491387250307952e+00 1.411086335910902712e+00 3.313280218716998515e-01 3.687115028517229121e+01 1.549997102488658562e+01 7.946228099942507228e-01 3.681439999999999824e+00 2.571451985296283237e+04 -3.386430280239686877e-04
3.205569265479634389e+00 7.501491387250307952e+00 1.411086335910902712e+00 3.313280218716998515e-01 3.687115028517229121e+01 1.549997102488658562e+01 7.946228099942507228e-01 3.681439999999999824e+00 2.571451946978663182e+04 -3.386579291851625354e-04
3.205723159882958306e+00 7.501350998048598839e+00 1.410844507996427133e+00 3.313157959325943591e-01 3.687115195073685925e+01 1.549997132207786699e+01 7.946127473290425236e-01 3.681439999999999824e+00 2.571451973752673803e+04 -3.395513327052511552e-04
3.205723207651955953e+00 7.501350998048598839e+00 1.410844507996427133e+00 3.313157959325943591e-01 3.687115195073685925e+01 1.549997132207786699e+01 7.946127473290425236e-01 3.681439999999999824e+00 2.571451973752673803e+04 -3.395513327052511552e-04
3.205723159882958306e+00 7.501351109827439245e+00 1.410844507996427133e+00 3.313157959325943591e-01 3.687115195073685925e+01 1.549997132207786699e+01 7.946127473290425236e-01 3.681439999999999824e+00 2.571451973752673803e+04 -3.395513327052511552e-04
3.205723159882958306e+00 7.501350998048598839e+00 1.410844529019648519e+00 3.313157959325943591e-01 3.687115195073685925e+01 1.549997132207786699e+01 7.946127473290425236e-01 3.681439999999999824e+00 2.571451973752673803e+04 -3.395513327052511552e-04
3.205723159882958306e+00 7.501350998048598839e+00 1.410844507996427133e+00 3.313158108337555530e-01 3.687115195073685925e+01 1.549997132207786699e+01 7.946127473290425236e-01 3.681439999999999824e+00 2.571451973752673803e+04 -3.395513327052511552e-04
3.205723159882958306e+00 7.501350998048598839e+00 1.410844507996427133e+00 3.313157959325943591e-01 3.687115250015983747e+01 1.549997132207786699e+01 7.946127473290425236e-01 3.681439999999999824e+00 2.571451973752673803e+04 -3.395513327052511552e-04
3.205723159882958306e+00 7.501350998048598839e+00 1.410844507996427133e+00 3.313157959325943591e-01 3.687115195073685925e+01 1.549997155304543739e+01 7.946127473290425236e-01 3.681439999999999824e+00 2.571451973752673803e+04 -3.395513327052511552e-04
3.205723159882958306e+00 7.501350998048598839e+00 1.410844507996427133e+00 3.313157959325943591e-01 3.687115195073685925e+01 1.549997132207786699e+01 7.946127622302037175e-01 3.681439999999999824e+00 2.571451973752673803e+04 -3.395513327052511552e-04
3.205723159882958306e+00 7.501350998048598839e+00 1.410844507996427133e+00 3.313157959325943591e-01 3.687115195073685925e+01 1.549997132207786699e+01 7.946127473290425236e-01 3.681439999999999824e+00 2.571452012070294222e+04 -3.395513327052511552e-04
3.205723159882958306e+00 7.501350998048598839e+00 1.410844507996427133e+00 3.313157959325943591e-01 3.687115195073685925e+01 1.549997132207786699e+01 7.946127473290425236e-01 3.681439999999999824e+00 2.571451973752673803e+04 -3.395662338664450029e-04
3.205972463500810665e+00 7.501324180401873321e+00 1.410183848960679498e+00 3.313117757748804681e-01 3.687116302680116320e+01 1.549997178205525472e+01 7.945141890227210846e-01 3.681439999999999824e+00 2.571451973754743449e+04 -3.426932002456644852e-04
3.205972511273523118e+00 7.501324180401873321e+00 1.410183848960679498e+00 3.313117757748804681e-01 3.687116302680116320e+01 1.549997178205525472e+01 7.945141890227210846e-01 3.681439999999999824e+00 2.571451973754743449e+04 -3.426932002456644852e-04
3.205972463500810665e+00 7.501324292180314046e+00 1.410183848960679498e+00 3.313117757748804681e-01 3.687116302680116320e+01 1.549997178205525472e+01 7.945141890227210846e-01 3.681439999999999824e+00 2.571451973754743449e+04 -3.426932002456644852e-04
3.205972463500810665e+00 7.501324180401873321e+00 1.410183869974056314e+00 3.313117757748804681e-01 3.687116302680116320e+01 1.549997178205525472e+01 7.945141890227210846e-01 3.681439999999999824e+00 2.571451973754743449e+04 -3.426932002456644852e-04
3.205972463500810665e+00 7.501324180401873321e+00 1.410183848960679498e+00 3.313117906760416620e-01 3.687116302680116320e+01 1.549997178205525472e+01 7.945141890227210846e-01 3.681439999999999824e+00 2.571451973754743449e+04 -3.426932002456644852e-04
3.205972463500810665e+00 7.501324180401873321e+00 1.410183848960679498e+00 3.313117757748804681e-01 3.687116357622430485e+01 1.549997178205525472e+01 7.945141890227210846e-01 3.681439999999999824e+00 2.571451973754743449e+04 -3.426932002456644852e-04
3.205972463500810665e+00 7.501324180401873321e+00 1.410183848960679498e+00 3.313117757748804681e-01 3.687116302680116320e+01 1.549997201302283223e+01 7.945141890227210846e-01 3.681439999999999824e+00 2.571451973754743449e+04 -3.426932002456644852e-04
3.205972463500810665e+00 7.501324180401873321e+00 1.410183848960679498e+00 3.313117757748804681e-01 3.687116302680116320e+01 1.549997178205525472e+01 7.945142039238822784e-01 3.681439999999999824e+00 2.571451973754743449e+04 -3.426932002456644852e-04
3.205972463500810665e+00 7.501324180401873321e+00 1.410183848960679498e+00 3.313117757748804681e-01 3.687116302680116320e+01 1.549997178205525472e+01 7.945141890227210846e-01 3.681439999999999824e+00 2.571452012072363868e+04 -3.426932002456644852e-04
3.205972463500810665e+00 7.501324180401873321e+00 1.410183848960679498e+00 3.313117757748804681e-01 3.687116302680116320e+01 1.549997178205525472e+01 7.945141890227210846e-01 3.681439999999999824e+00 2.571451973754743449e+04 -3.427081014068583328e-04
3.206192487680497472e+00 7.501069388223466028e+00 1.409653188737161056e+00 3.312978379769441206e-01 3.687116471533077089e+01 1.549997282792240938e+01 7.944898639153721298e-01 3.681439999999999824e+00 2.571452034989216190e+04 -3.449071919149459403e-04
3.206192535456488635e+00 7.501069388223466028e+00 1.409653188737161056e+00 3.312978379769441206e-01 3.687116471533077089e+01 1.549997282792240938e+01 7.944898639153721298e-01 3.681439999999999824e+00 2.571452034989216190e+04 -3.449071919149459403e-04
3.206192487680497472e+00 7.501069499998109791e+00 1.409653188737161056e+00 3.312978379769441206e-01 3.687116471533077089e+01 1.549997282792240938e+01 7.944898639153721298e-01 3.681439999999999824e+00 2.571452034989216190e+04 -3.449071919149459403e-04
3.206192487680497472e+00 7.501069388223466028e+00 1.409653209742630420e+00 3.312978379769441206e-01 3.687116471533077089e+01 1.549997282792240938e+01 7.944898639153721298e-01 3.681439999999999824e+00 2.571452034989216190e+04 -3.449071919149459403e-04
3.206192487680497472e+00 7.501069388223466028e+00 1.409653188737161056e+00 3.312978528781053145e-01 3.687116471533077089e+01 1.549997282792240938e+01 7.944898639153721298e-01 3.681439999999999824e+00 2.571452034989216190e+04 -3.449071919149459403e-04
3.206192487680497472e+00 7.501069388223466028e+00 1.409653188737161056e+00 3.312978379769441206e-01 3.687116526475394096e+01 1.549997282792240938e+01 7.944898639153721298e-01 3.681439999999999824e+00 2.571452034989216190e+04 -3.449071919149459403e-04
3.206192487680497472e+00 7.501069388223466028e+00 1.409653188737161056e+00 3.312978379769441206e-01 3.687116471533077089e+01 1.549997305889000287e+01 7.944898639153721298e-01 3.681439999999999824e+00 2.571452034989216190e+04 -3.449071919149459403e-04
3.206192487680497472e+00 7.501069388223466028e+00 1.409653188737161056e+00 3.312978379769441206e-01 3.687116471533077089e+01 1.549997282792240938e+01 7.944898788165333237e-01 3.681439999999999824e+00 2.571452034989216190e+04 -3.449071919149459403e-04
3.206192487680497472e+00 7.501069388223466028e+00 1.409653188737161056e+00 3.312978379769441206e-01 3.687116471533077089e+01 1.549997282792240938e+01 7.944898639153721298e-01 3.681439999999999824e+00 2.571452073306837337e+04 -3.449071919149459403e-04
3.206192487680497472e+00 7.501069388223466028e+00 1.409653188737161056e+00 3.312978379769441206e-01 3.687116471533077089e+01 1.549997282792240938e+01 7.944898639153721298e-01 3.681439999999999824e+00 2.571452034989216190e+04 -3.449220930761397880e-04
3.206417144466575664e+00 7.500820712267072032e+00 1.409130449550598962e+00 3.312839775707234202e-01 3.687116644614818028e+01 1.549997370771773220e+01 7.944455085588052468e-01 3.681439999999999824e+00 2.571452096601327139e+04 -3.476422015917438437e-04
3.206417192245914372e+00 7.500820712267072032e+00 1.409130449550598962e+00 3.312839775707234202e-01 3.687116644614818028e+01 1.549997370771773220e+01 7.944455085588052468e-01 3.681439999999999824e+00 2.571452096601327139e+04 -3.476422015917438437e-04
3.206417144466575664e+00 7.500820824038010315e+00 1.409130449550598962e+00 3.312839775707234202e-01 3.687116644614818028e+01 1.549997370771773220e+01 7.944455085588052468e-01 3.681439999999999824e+00 2.571452096601327139e+04 -3.476422015917438437e-04
3.206417144466575664e+00 7.500820712267072032e+00 1.409130470548279002e+00 3.312839775707234202e-01 3.687116644614818028e+01 1.549997370771773220e+01 7.944455085588052468e-01 3.681439999999999824e+00 2.571452096601327139e+04 -3.476422015917438437e-04
3.206417144466575664e+00 7.500820712267072032e+00 1.409130449550598962e+00 3.312839924718846141e-01 3.687116644614818028e+01 1.549997370771773220e+01 7.944455085588052468e-01 3.681439999999999824e+00 2.571452096601327139e+04 -3.476422015917438437e-04
3.206417144466575664e+00 7.500820712267072032e+00 1.409130449550598962e+00 3.312839775707234202e-01 3.687116699557137167e+01 1.549997370771773220e+01 7.944455085588052468e-01 3.681439999999999824e+00 2.571452096601327139e+04 -3.476422015917438437e-04
3.206417144466575664e+00 7.500820712267072032e+00 1.409130449550598962e+00 3.312839775707234202e-01 3.687116644614818028e+01 1.549997393868533813e+01 7.944455085588052468e-01 3.681439999999999824e+00 2.571452096601327139e+04 -3.476422015917438437e-04
3.206417144466575664e+00 7.500820712267072032e+00 1.409130449550598962e+00 3.312839775707234202e-01 3.687116644614818028e+01 1.549997370771773220e+01 7.944455234599664406e-01 3.681439999999999824e+00 2.571452096601327139e+04 -3.476422015917438437e-04
3.206417144466575664e+00 7.500820712267072032e+00 1.409130449550598962e+00 3.312839775707234202e-01 3.687116644614818028e+01 1.549997370771773220e+01 7.944455085588052468e-01 3.681439999999999824e+00 2.571452134918949378e+04 -3.476422015917438437e-04
3.206417144466575664e+00 7.500820712267072032e+00 1.409130449550598962e+00 3.312839775707234202e-01 3.687116644614818028e+01 1.549997370771773220e+01 7.944455085588052468e-01 3.681439999999999824e+00 2.571452096601327139e+04 -3.476571027529376913e-04
3.206625724637650610e+00 7.500569973387133160e+00 1.408594618691102474e+00 3.312694663827030483e-01 3.687116803085220340e+01 1.549997463716573343e+01 7.944227189538172196e-01 3.681439999999999824e+00 2.571452160831319270e+04 -3.495515011501871866e-04
3.206625772420097498e+00 7.500569973387133160e+00 1.408594618691102474e+00 3.312694663827030483e-01 3.687116803085220340e+01 1.549997463716573343e+01 7.944227189538172196e-01 3.681439999999999824e+00 2.571452160831319270e+04 -3.495515011501871866e-04
3.206625724637650610e+00 7.500570085154335764e+00 1.408594618691102474e+00 3.312694663827030483e-01 3.687116803085220340e+01 1.549997463716573343e+01 7.944227189538172196e-01 3.681439999999999824e+00 2.571452160831319270e+04 -3.495515011501871866e-04
3.206625724637650610e+00 7.500569973387133160e+00 1.408594639680798011e+00 3.312694663827030483e-01 3.687116803085220340e+01 1.549997463716573343e+01 7.944227189538172196e-01 3.681439999999999824e+00 2.571452160831319270e+04 -3.495515011501871866e-04
3.206625724637650610e+00 7.500569973387133160e+00 1.408594618691102474e+00 3.312694812838642422e-01 3.687116803085220340e+01 1.549997463716573343e+01 7.944227189538172196e-01 3.681439999999999824e+00 2.571452160831319270e+04 -3.495515011501871866e-04
3.206625724637650610e+00 7.500569973387133160e+00 1.408594618691102474e+00 3.312694663827030483e-01 3.687116858027542321e+01 1.549997463716573343e+01 7.944227189538172196e-01 3.681439999999999824e+00 2.571452160831319270e+04 -3.495515011501871866e-04
3.206625724637650610e+00 7.500569973387133160e+00 1.408594618691102474e+00 3.312694663827030483e-01 3.687116803085220340e+01 1.549997486813335357e+01 7.944227189538172196e-01 3.681439999999999824e+00 2.571452160831319270e+04 -3.495515011501871866e-04
3.206625724637650610e+00 7.500569973387133160e+00 1.408594618691102474e+00 3.312694663827030483e-01 3.687116803085220340e+01 1.549997463716573343e+01 7.944227338549784134e-01 3.681439999999999824e+00 2.571452160831319270e+04 -3.495515011501871866e-04
3.206625724637650610e+00 7.500569973387133160e+00 1.408594618691102474e+00 3.312694663827030483e-01 3.687116803085220340e+01 1.549997463716573343e+01 7.944227189538172196e-01 3.681439999999999824e+00 2.571452199148942600e+04 -3.495515011501871866e-04
3.206625724637650610e+00 7.500569973387133160e+00 1.408594618691102474e+00 3.312694663827030483e-01 3.687116803085220340e+01 1.549997463716573343e+01 7.944227189538172196e-01 3.681439999999999824e+00 2.571452160831319270e+04 -3.495664023113810343e-04
3.206838632826932489e+00 7.500297889041061872e+00 1.408061639218940231e+00 3.312548456701968069e-01 3.687116967063271034e+01 1.549997544113507963e+01 7.944011802463610827e-01 3.681439999999999824e+00 2.571452226029537269e+04 -3.518258098374454218e-04
3.206838680612551951e+00 7.500297889041061872e+00 1.408061639218940231e+00 3.312548456701968069e-01 3.687116967063271034e+01 1.549997544113507963e+01 7.944011802463610827e-01 3.681439999999999824e+00 2.571452226029537269e+04 -3.518258098374454218e-04
3.206838632826932489e+00 7.500298000804209941e+00 1.408061639218940231e+00 3.312548456701968069e-01 3.687116967063271034e+01 1.549997544113507963e+01 7.944011802463610827e-01 3.681439999999999824e+00 2.571452226029537269e+04 -3.518258098374454218e-04
3.206838632826932489e+00 7.500297889041061872e+00 1.408061660200693677e+00 3.312548456701968069e-01 3.687116967063271034e+01 1.549997544113507963e+01 7.944011802463610827e-01 3.681439999999999824e+00 2.571452226029537269e+04 -3.518258098374454218e-04
3.206838632826932489e+00 7.500297889041061872e+00 1.408061639218940231e+00 3.312548605713580008e-01 3.687116967063271034e+01 1.549997544113507963e+01 7.944011802463610827e-01 3.681439999999999824e+00 2.571452226029537269e+04 -3.518258098374454218e-04
3.206838632826932489e+00 7.500297889041061872e+00 1.408061639218940231e+00 3.312548456701968069e-01 3.687117022005595146e+01 1.549997544113507963e+01 7.944011802463610827e-01 3.681439999999999824e+00 2.571452226029537269e+04 -3.518258098374454218e-04
3.206838632826932489e+00 7.500297889041061872e+00 1.408061639218940231e+00 3.312548456701968069e-01 3.687116967063271034e+01 1.549997567210271221e+01 7.944011802463610827e-01 3.681439999999999824e+00 2.571452226029537269e+04 -3.518258098374454218e-04
3.206838632826932489e+00 7.500297889041061872e+00 1.408061639218940231e+00 3.312548456701968069e-01 3.687116967063271034e+01 1.549997544113507963e+01 7.944011951475222766e-01 3.681439999999999824e+00 2.571452226029537269e+04 -3.518258098374454218e-04
3.206838632826932489e+00 7.500297889041061872e+00 1.408061639218940231e+00 3.312548456701968069e-01 3.687116967063271034e+01 1.549997544113507963e+01 7.944011802463610827e-01 3.681439999999999824e+00 2.571452264347161326e+04 -3.518258098374454218e-04
3.206838632826932489e+00 7.500297889041061872e+00 1.408061639218940231e+00 3.312548456701968069e-01 3.687116967063271034e+01 1.549997544113507963e+01 7.944011802463610827e-01 3.681439999999999824e+00 2.571452226029537269e+04 -3.518407109986392695e-04
3.207061986579875512e+00 7.500052481719869490e+00 1.407535917769962230e+00 3.312400320849827051e-01 3.687117144103372368e+01 1.549997606082624912e+01 7.943626614821169829e-01 3.681439999999999824e+00 2.571452291822653933e+04 -3.543638552491574188e-04
3.207062034368822978e+00 7.500052481719869490e+00 1.407535917769962230e+00 3.312400320849827051e-01 3.687117144103372368e+01 1.549997606082624912e+01 7.943626614821169829e-01 3.681439999999999824e+00 2.571452291822653933e+04 -3.543638552491574188e-04
3.207061986579875512e+00 7.500052593479360041e+00 1.407535917769962230e+00 3.312400320849827051e-01 3.687117144103372368e+01 1.549997606082624912e+01 7.943626614821169829e-01 3.681439999999999824e+00 2.571452291822653933e+04 -3.543638552491574188e-04
3.207061986579875512e+00 7.500052481719869490e+00 1.407535938743881720e+00 3.312400320849827051e-01 3.687117144103372368e+01 1.549997606082624912e+01 7.943626614821169829e-01 3.681439999999999824e+00 2.571452291822653933e+04 -3.543638552491574188e-04
3.207061986579875512e+00 7.500052481719869490e+00 1.407535917769962230e+00 3.312400469861438990e-01 3.687117144103372368e+01 1.549997606082624912e+01 7.943626614821169829e-01 3.681439999999999824e+00 2.571452291822653933e+04 -3.543638552491574188e-04
3.207061986579875512e+00 7.500052481719869490e+00 1.407535917769962230e+00 3.312400320849827051e-01 3.687117199045699323e+01 1.549997606082624912e+01 7.943626614821169829e-01 3.681439999999999824e+00 2.571452291822653933e+04 -3.543638552491574188e-04
3.207061986579875512e+00 7.500052481719869490e+00 1.407535917769962230e+00 3.312400320849827051e-01 3.687117144103372368e+01 1.549997629179389058e+01 7.943626614821169829e-01 3.681439999999999824e+00 2.571452291822653933e+04 -3.543638552491574188e-04
3.207061986579875512e+00 7.500052481719869490e+00 1.407535917769962230e+00 3.312400320849827051e-01 3.687117144103372368e+01 1.549997606082624912e+01 7.943626763832781768e-01 3.681439999999999824e+00 2.571452291822653933e+04 -3.543638552491574188e-04
3.207061986579875512e+00 7.500052481719869490e+00 1.407535917769962230e+00 3.312400320849827051e-01 3.687117144103372368e+01 1.549997606082624912e+01 7.943626614821169829e-01 3.681439999999999824e+00 2.571452330140279082e+04 -3.543638552491574188e-04
3.207061986579875512e+00 7.500052481719869490e+00 1.407535917769962230e+00 3.312400320849827051e-01 3.687117144103372368e+01 1.549997606082624912e+01 7.943626614821169829e-01 3.681439999999999824e+00 2.571452291822653933e+04 -3.543787564103512665e-04
3.207318790386721741e+00 7.499791655166090365e+00 1.407024400836679012e+00 3.312108685902650507e-01 3.687117423524919957e+01 1.549997619847449748e+01 7.943332225264261304e-01 3.681439999999999824e+00 2.571452357698369451e+04 -3.563747213556196195e-04
3.207133602156118535e+00 7.499985695717879430e+00 1.407412048416974093e+00 3.312330323895003037e-01 3.687117223489232032e+01 1.549997607712372449e+01 7.943556014379353769e-01 3.681439999999999824e+00 2.571452307608681076e+04 -3.545406849368123764e-04
3.207133649946133147e+00 7.499985695717879430e+00 1.407412048416974093e+00 3.312330323895003037e-01 3.687117223489232032e+01 1.549997607712372449e+01 7.943556014379353769e-01 3.681439999999999824e+00 2.571452307608681076e+04 -3.545406849368123764e-04
3.207133602156118535e+00 7.499985807476375221e+00 1.407412048416974093e+00 3.312330323895003037e-01 3.687117223489232032e+01 1.549997607712372449e+01 7.943556014379353769e-01 3.681439999999999824e+00 2.571452307608681076e+04 -3.545406849368123764e-04
3.207133602156118535e+00 7.499985695717879430e+00 1.407412069389047948e+00 3.312330323895003037e-01 3.687117223489232032e+01 1.549997607712372449e+01 7.943556014379353769e-01 3.681439999999999824e+00 2.571452307608681076e+04 -3.545406849368123764e-04
3.207133602156118535e+00 7.499985695717879430e+00 1.407412048416974093e+00 3.312330472906614975e-01 3.687117223489232032e+01 1.549997607712372449e+01 7.943556014379353769e-01 3.681439999999999824e+00 2.571452307608681076e+04 -3.545406849368123764e-04
3.207133602156118535e+00 7.499985695717879430e+00 1.407412048416974093e+00 3.312330323895003037e-01 3.687117278431560408e+01 1.549997607712372449e+01 7.943556014379353769e-01 3.681439999999999824e+00 2.571452307608681076e+04 -3.545406849368123764e-04
3.207133602156118535e+00 7.499985695717879430e+00 1.407412048416974093e+00 3.312330323895003037e-01 3.687117223489232032e+01 1.549997630809136595e+01 7.943556014379353769e-01 3.681439999999999824e+00 2.571452307608681076e+04 -3.545406849368123764e-04
3.207133602156118535e+00 7.499985695717879430e+00 1.407412048416974093e+00 3.312330323895003037e-01 3.687117223489232032e+01 1.549997607712372449e+01 7.943556163390965708e-01 3.681439999999999824e+00 2.571452307608681076e+04 -3.545406849368123764e-04
3.207133602156118535e+00 7.499985695717879430e+00 1.407412048416974093e+00 3.312330323895003037e-01 3.687117223489232032e+01 1.549997607712372449e+01 7.943556014379353769e-01 3.681439999999999824e+00 2.571452345926306589e+04 -3.545406849368123764e-04
3.207133602156118535e+00 7.499985695717879430e+00 1.407412048416974093e+00 3.312330323895003037e-01 3.687117223489232032e+01 1.549997607712372449e+01 7.943556014379353769e-01 3.681439999999999824e+00 2.571452307608681076e+04 -3.545555860980062241e-04
